Archivo Usado: p43.atsp
Tamaño de la Poblacion: 100
Reemplazo por Generacion: 5
Tamaño de los Torneos: 7
Cantidad de ciudades: 43
Probabilidad de cruce: 75000
Probabilidad mutacion simple: 18000
Probabilidad mutacion compleja: 10000
Cruces minimos de la mutacion compleja: 4
Iteraciones ejecutadas: 10000
Largo del cruce PMX: 6
Operador de Cruce: 0
Metodo seleccion de Padres: 0
Operador de Mutacion: 0
Metodo seleccion de Supervivientes: 1
Cantidad de threads a usar: 16
19, 16, 15, 33, 34, 13, 12, 14, 11, 31, 32, 9, 10, 8, 6, 5, 7, 30, 29, 28, 27, 2, 3, 1, 36, 37, 38, 39, 41, 42, 40, 26, 24, 25, 21, 23, 22, 35, 0, 4, 17, 18, 20, 
28, 27, 2, 3, 1, 36, 37, 38, 39, 41, 42, 40, 26, 24, 25, 21, 23, 22, 35, 0, 4, 17, 18, 20, 19, 16, 15, 33, 34, 13, 12, 14, 11, 31, 32, 9, 10, 8, 6, 5, 7, 30, 29, 
36, 37, 38, 39, 41, 42, 40, 26, 24, 25, 21, 23, 22, 35, 0, 4, 17, 18, 20, 19, 16, 15, 33, 34, 13, 12, 14, 11, 31, 32, 9, 10, 8, 6, 5, 7, 30, 29, 28, 27, 1, 3, 2, 
16, 15, 33, 34, 13, 12, 14, 11, 31, 32, 9, 10, 8, 6, 5, 7, 30, 29, 28, 27, 2, 3, 1, 36, 37, 38, 39, 41, 40, 42, 26, 24, 25, 21, 23, 22, 35, 0, 4, 17, 18, 20, 19, 
24, 25, 21, 23, 22, 35, 0, 4, 17, 18, 20, 19, 16, 15, 33, 34, 13, 12, 14, 11, 31, 32, 9, 10, 8, 6, 5, 7, 30, 29, 28, 27, 2, 3, 1, 36, 37, 38, 39, 41, 42, 40, 26, 
13, 33, 34, 32, 31, 11, 9, 10, 8, 6, 5, 7, 30, 29, 28, 27, 1, 3, 2, 36, 37, 38, 39, 41, 42, 40, 26, 24, 25, 21, 23, 22, 35, 0, 4, 17, 18, 20, 19, 16, 15, 12, 14, 
40, 26, 24, 25, 21, 23, 22, 35, 0, 4, 17, 18, 20, 19, 16, 15, 33, 34, 13, 12, 14, 11, 31, 32, 9, 10, 8, 6, 5, 7, 30, 29, 28, 27, 1, 3, 2, 36, 37, 38, 39, 41, 42, 
28, 27, 2, 3, 1, 36, 37, 38, 39, 41, 42, 40, 26, 24, 25, 21, 23, 22, 35, 0, 4, 17, 18, 20, 19, 16, 15, 33, 34, 13, 12, 14, 11, 31, 32, 9, 10, 8, 6, 5, 7, 30, 29, 
23, 22, 35, 0, 4, 17, 18, 20, 19, 16, 15, 33, 34, 13, 12, 14, 11, 31, 32, 9, 10, 8, 6, 5, 7, 30, 29, 28, 27, 1, 3, 2, 36, 37, 38, 39, 41, 42, 40, 26, 24, 25, 21, 
21, 23, 22, 35, 0, 4, 17, 18, 20, 19, 16, 15, 33, 34, 13, 12, 14, 11, 31, 32, 9, 10, 8, 6, 5, 7, 30, 29, 28, 27, 1, 3, 2, 36, 37, 38, 39, 41, 42, 40, 26, 24, 25, 
36, 37, 38, 39, 41, 42, 40, 26, 24, 25, 21, 23, 22, 35, 0, 4, 17, 18, 20, 19, 16, 15, 33, 34, 13, 12, 14, 11, 31, 32, 9, 10, 8, 6, 5, 7, 30, 29, 28, 27, 2, 3, 1, 
40, 26, 24, 25, 21, 23, 22, 35, 0, 4, 17, 18, 20, 19, 16, 15, 33, 34, 13, 12, 14, 11, 31, 32, 10, 9, 8, 6, 5, 7, 30, 29, 28, 27, 2, 3, 1, 36, 37, 38, 39, 41, 42, 
27, 2, 3, 1, 36, 37, 38, 39, 42, 41, 40, 26, 24, 25, 21, 23, 22, 35, 0, 4, 17, 18, 20, 19, 16, 15, 33, 34, 13, 12, 14, 11, 31, 32, 10, 9, 8, 6, 5, 7, 30, 29, 28, 
7, 30, 29, 28, 27, 2, 3, 1, 36, 37, 38, 39, 41, 42, 40, 26, 24, 25, 21, 23, 22, 35, 0, 4, 16, 18, 20, 19, 17, 15, 33, 34, 13, 12, 14, 32, 31, 11, 9, 10, 8, 6, 5, 
36, 37, 38, 39, 41, 42, 40, 26, 24, 25, 21, 23, 22, 35, 0, 4, 17, 18, 20, 19, 16, 15, 33, 34, 13, 12, 14, 11, 31, 32, 9, 10, 8, 6, 5, 7, 30, 29, 28, 27, 1, 3, 2, 
27, 1, 3, 2, 36, 37, 38, 39, 41, 42, 40, 26, 24, 25, 21, 23, 22, 35, 0, 4, 17, 18, 20, 19, 16, 15, 33, 34, 13, 12, 14, 11, 31, 32, 9, 10, 8, 6, 5, 30, 7, 29, 28, 
27, 2, 3, 1, 36, 37, 38, 39, 41, 42, 40, 26, 24, 25, 21, 23, 22, 35, 0, 4, 17, 18, 20, 19, 16, 15, 33, 12, 13, 34, 14, 11, 31, 32, 10, 9, 8, 6, 5, 7, 30, 29, 28, 
16, 18, 20, 19, 17, 15, 33, 34, 32, 31, 11, 9, 10, 8, 6, 5, 7, 30, 29, 28, 27, 1, 3, 2, 36, 37, 38, 39, 41, 42, 40, 26, 24, 25, 21, 23, 22, 35, 0, 4, 12, 13, 14, 
5, 7, 30, 29, 28, 27, 1, 3, 2, 36, 37, 38, 39, 41, 42, 40, 26, 24, 25, 21, 23, 22, 35, 0, 4, 16, 18, 20, 19, 17, 15, 33, 34, 13, 12, 14, 32, 31, 6, 8, 10, 9, 11, 
30, 29, 28, 27, 1, 3, 2, 36, 37, 38, 39, 41, 42, 40, 26, 24, 25, 21, 23, 22, 35, 0, 4, 17, 19, 20, 18, 16, 15, 33, 34, 13, 12, 14, 11, 31, 6, 8, 10, 9, 32, 7, 5, 
4, 0, 35, 22, 23, 21, 25, 24, 26, 40, 42, 41, 39, 38, 37, 36, 2, 3, 1, 27, 28, 29, 30, 7, 5, 6, 8, 10, 9, 11, 31, 32, 34, 33, 13, 12, 14, 15, 16, 19, 20, 18, 17, 
34, 33, 15, 16, 19, 20, 18, 17, 4, 0, 35, 22, 23, 21, 25, 24, 26, 42, 40, 41, 39, 38, 37, 36, 1, 3, 2, 27, 28, 29, 30, 7, 5, 6, 8, 9, 10, 32, 31, 11, 14, 12, 13, 
25, 24, 26, 40, 42, 41, 39, 38, 37, 36, 1, 3, 2, 27, 28, 29, 30, 7, 5, 6, 8, 10, 9, 32, 31, 11, 14, 12, 13, 34, 33, 15, 16, 19, 20, 18, 17, 4, 0, 35, 22, 23, 21, 
33, 15, 16, 19, 20, 18, 17, 4, 0, 35, 22, 23, 21, 25, 24, 26, 40, 42, 41, 39, 38, 37, 36, 1, 3, 2, 27, 28, 29, 30, 7, 5, 6, 8, 10, 9, 32, 31, 11, 14, 12, 13, 34, 
0, 35, 22, 23, 21, 25, 24, 26, 40, 42, 41, 39, 38, 37, 36, 1, 3, 2, 27, 28, 29, 30, 7, 5, 6, 8, 9, 10, 32, 31, 11, 14, 12, 13, 34, 33, 15, 16, 19, 20, 18, 17, 4, 
15, 16, 19, 20, 18, 17, 4, 0, 35, 22, 23, 21, 25, 24, 26, 42, 40, 41, 39, 38, 37, 36, 1, 3, 2, 27, 28, 29, 30, 7, 5, 6, 8, 10, 9, 32, 31, 11, 14, 12, 13, 34, 33, 
17, 18, 20, 19, 16, 15, 33, 34, 13, 12, 14, 11, 31, 6, 5, 7, 30, 29, 28, 27, 1, 3, 2, 36, 37, 38, 39, 41, 42, 40, 26, 24, 25, 21, 23, 22, 35, 0, 4, 8, 10, 9, 32, 
26, 40, 42, 41, 39, 38, 37, 36, 1, 3, 2, 27, 28, 29, 30, 7, 5, 6, 8, 10, 9, 32, 31, 11, 14, 12, 13, 34, 33, 15, 16, 18, 20, 19, 17, 4, 0, 35, 22, 23, 21, 25, 24, 
39, 38, 37, 36, 2, 3, 1, 27, 28, 29, 30, 7, 5, 6, 8, 10, 9, 32, 31, 11, 14, 12, 13, 34, 33, 15, 16, 19, 20, 18, 17, 4, 0, 35, 22, 23, 21, 25, 24, 26, 40, 42, 41, 
9, 10, 32, 31, 11, 14, 12, 13, 34, 33, 15, 16, 19, 20, 18, 17, 4, 0, 35, 22, 23, 21, 25, 24, 26, 40, 42, 41, 39, 38, 37, 36, 2, 3, 1, 27, 28, 29, 30, 7, 5, 6, 8, 
7, 5, 6, 8, 10, 9, 32, 31, 11, 14, 12, 13, 34, 33, 15, 16, 19, 20, 18, 17, 4, 0, 35, 22, 23, 21, 25, 24, 26, 40, 42, 41, 39, 38, 37, 36, 1, 3, 2, 27, 28, 29, 30, 
10, 9, 32, 31, 11, 14, 12, 13, 34, 33, 15, 16, 19, 20, 18, 17, 4, 0, 35, 22, 23, 21, 25, 24, 26, 40, 42, 41, 39, 38, 37, 36, 2, 3, 1, 27, 28, 29, 30, 7, 5, 6, 8, 
21, 25, 24, 26, 40, 42, 41, 39, 38, 37, 36, 2, 3, 1, 27, 28, 29, 30, 7, 5, 6, 8, 10, 9, 32, 31, 11, 14, 12, 13, 34, 33, 15, 17, 19, 20, 18, 16, 4, 0, 35, 22, 23, 
39, 38, 37, 36, 1, 3, 2, 27, 28, 29, 30, 7, 5, 6, 8, 10, 9, 32, 31, 11, 14, 12, 13, 34, 33, 15, 16, 19, 20, 18, 17, 4, 0, 35, 22, 23, 21, 25, 24, 26, 40, 42, 41, 
2, 3, 1, 27, 28, 29, 30, 7, 5, 6, 8, 10, 9, 32, 31, 11, 14, 12, 13, 34, 33, 15, 16, 19, 20, 18, 17, 4, 0, 35, 22, 23, 21, 25, 24, 26, 40, 42, 41, 39, 38, 37, 36, 
9, 32, 31, 11, 14, 12, 13, 34, 33, 15, 16, 19, 20, 18, 17, 4, 0, 35, 22, 23, 21, 25, 24, 26, 42, 40, 41, 39, 38, 37, 36, 1, 3, 2, 27, 28, 29, 30, 7, 5, 6, 8, 10, 
9, 32, 31, 11, 14, 12, 13, 34, 33, 15, 17, 19, 20, 18, 16, 4, 0, 35, 22, 23, 21, 25, 24, 26, 40, 42, 41, 39, 38, 37, 36, 2, 3, 1, 27, 28, 29, 30, 7, 5, 6, 8, 10, 
19, 17, 4, 0, 35, 22, 23, 21, 25, 24, 26, 40, 42, 41, 39, 38, 37, 36, 1, 3, 2, 27, 28, 29, 30, 7, 5, 6, 8, 10, 9, 32, 31, 11, 14, 12, 13, 34, 33, 15, 16, 18, 20, 
16, 19, 20, 18, 17, 4, 0, 35, 22, 23, 21, 25, 24, 26, 40, 42, 41, 39, 38, 37, 36, 1, 3, 2, 27, 28, 29, 30, 7, 5, 6, 8, 10, 9, 32, 31, 11, 14, 12, 13, 34, 33, 15, 
4, 0, 35, 22, 23, 21, 25, 24, 26, 40, 42, 41, 39, 38, 37, 36, 1, 3, 2, 27, 28, 29, 30, 7, 5, 6, 8, 10, 9, 32, 31, 11, 14, 12, 13, 34, 33, 15, 16, 19, 20, 18, 17, 
9, 10, 8, 6, 5, 7, 30, 29, 28, 27, 2, 3, 1, 36, 37, 38, 39, 41, 42, 40, 26, 24, 25, 21, 23, 22, 35, 0, 4, 17, 18, 20, 19, 16, 15, 33, 34, 32, 31, 11, 14, 12, 13, 
10, 8, 6, 5, 7, 30, 29, 28, 27, 1, 3, 2, 36, 37, 38, 39, 41, 42, 40, 26, 24, 25, 21, 23, 22, 35, 0, 4, 17, 18, 20, 19, 16, 15, 33, 34, 32, 31, 11, 9, 12, 13, 14, 
16, 15, 33, 34, 13, 12, 7, 11, 31, 32, 9, 10, 8, 6, 5, 14, 30, 29, 28, 27, 2, 3, 1, 36, 37, 38, 39, 41, 40, 42, 26, 24, 25, 21, 23, 22, 35, 0, 4, 17, 18, 20, 19, 
13, 33, 34, 32, 10, 9, 8, 6, 5, 7, 30, 29, 28, 27, 2, 3, 1, 36, 37, 38, 39, 42, 41, 40, 26, 24, 25, 21, 23, 22, 35, 0, 4, 17, 18, 20, 19, 16, 15, 12, 14, 11, 31, 
2, 36, 37, 38, 39, 41, 42, 40, 26, 24, 25, 21, 23, 22, 35, 0, 4, 17, 18, 20, 19, 16, 15, 33, 34, 13, 12, 14, 11, 9, 32, 31, 6, 5, 7, 30, 29, 28, 27, 1, 3, 8, 10, 
5, 6, 8, 10, 9, 32, 31, 11, 14, 12, 13, 34, 33, 15, 16, 19, 20, 18, 17, 4, 0, 35, 22, 23, 21, 25, 24, 26, 40, 42, 41, 39, 38, 37, 36, 1, 27, 28, 29, 30, 7, 3, 2, 
6, 8, 10, 9, 32, 31, 11, 14, 12, 13, 34, 33, 15, 16, 18, 20, 19, 17, 4, 0, 35, 22, 23, 21, 25, 24, 26, 40, 42, 41, 39, 38, 37, 36, 1, 27, 28, 29, 30, 7, 5, 2, 3, 
33, 34, 13, 12, 14, 11, 31, 32, 9, 10, 8, 1, 5, 7, 30, 29, 28, 27, 6, 3, 2, 36, 37, 38, 39, 41, 42, 40, 26, 24, 25, 21, 23, 22, 35, 0, 4, 17, 18, 20, 19, 16, 15, 
30, 2, 36, 37, 38, 39, 41, 42, 40, 26, 24, 25, 21, 23, 22, 35, 0, 4, 17, 18, 20, 19, 16, 15, 33, 34, 13, 12, 14, 11, 31, 32, 9, 10, 8, 6, 5, 7, 3, 29, 28, 27, 1, 
36, 1, 3, 2, 27, 28, 29, 30, 7, 5, 6, 8, 10, 9, 32, 14, 11, 31, 12, 13, 34, 33, 15, 16, 19, 20, 18, 17, 4, 0, 35, 22, 23, 21, 25, 24, 26, 40, 42, 41, 39, 38, 37, 
15, 33, 34, 13, 12, 14, 11, 31, 6, 5, 7, 30, 29, 28, 27, 1, 3, 2, 36, 37, 38, 39, 41, 42, 40, 26, 24, 25, 21, 23, 22, 35, 0, 4, 17, 18, 20, 19, 16, 32, 8, 10, 9, 
32, 31, 11, 14, 12, 13, 15, 33, 34, 16, 19, 20, 18, 17, 4, 0, 35, 22, 23, 21, 25, 24, 26, 40, 42, 41, 39, 38, 37, 36, 1, 3, 2, 27, 28, 29, 30, 7, 5, 6, 8, 10, 9, 
42, 41, 39, 38, 37, 36, 1, 3, 2, 27, 28, 34, 30, 7, 5, 6, 8, 10, 9, 32, 31, 11, 14, 12, 13, 29, 33, 15, 16, 19, 20, 18, 17, 4, 0, 35, 22, 23, 21, 25, 24, 26, 40, 
20, 19, 16, 15, 33, 34, 13, 12, 14, 11, 31, 32, 9, 10, 8, 6, 5, 7, 30, 37, 28, 27, 2, 3, 1, 36, 29, 38, 39, 41, 42, 40, 26, 24, 25, 21, 23, 22, 35, 0, 4, 17, 18, 
20, 19, 16, 18, 17, 4, 0, 35, 22, 23, 21, 25, 24, 26, 40, 42, 41, 39, 38, 37, 36, 1, 3, 2, 27, 28, 29, 30, 7, 5, 6, 8, 10, 9, 32, 31, 11, 14, 12, 13, 34, 33, 15, 
37, 36, 1, 27, 28, 29, 30, 7, 5, 6, 8, 10, 9, 32, 31, 11, 15, 12, 13, 34, 33, 14, 16, 19, 20, 18, 17, 4, 0, 35, 22, 23, 21, 25, 24, 26, 40, 42, 41, 39, 38, 3, 2, 
32, 2, 36, 37, 38, 39, 41, 42, 40, 26, 24, 25, 21, 23, 22, 35, 0, 4, 17, 18, 20, 19, 16, 15, 33, 34, 13, 12, 14, 11, 31, 3, 9, 10, 8, 6, 5, 7, 30, 29, 28, 27, 1, 
22, 23, 21, 25, 24, 26, 40, 42, 41, 39, 38, 37, 36, 30, 3, 2, 27, 28, 29, 1, 7, 5, 6, 8, 10, 9, 32, 31, 11, 14, 12, 13, 34, 33, 15, 16, 19, 20, 18, 17, 4, 0, 35, 
36, 37, 38, 39, 41, 42, 40, 26, 24, 25, 21, 23, 22, 35, 0, 4, 17, 18, 20, 19, 16, 13, 33, 34, 15, 12, 14, 11, 31, 6, 5, 7, 30, 29, 28, 27, 1, 3, 2, 32, 8, 10, 9, 
16, 20, 33, 34, 13, 12, 14, 11, 31, 32, 9, 10, 8, 6, 5, 7, 30, 29, 28, 27, 2, 3, 1, 36, 37, 38, 39, 41, 40, 42, 26, 24, 25, 21, 23, 22, 35, 0, 4, 17, 18, 15, 19, 
28, 27, 2, 3, 22, 36, 37, 38, 39, 41, 42, 40, 26, 24, 25, 21, 23, 1, 35, 0, 4, 17, 18, 20, 19, 16, 15, 33, 34, 13, 12, 14, 11, 31, 32, 9, 10, 8, 6, 5, 7, 30, 29, 
15, 16, 19, 20, 18, 17, 4, 0, 35, 22, 23, 21, 25, 24, 26, 40, 42, 41, 39, 38, 37, 36, 1, 27, 9, 29, 30, 7, 5, 6, 8, 10, 28, 32, 31, 11, 14, 12, 13, 34, 33, 2, 3, 
20, 19, 16, 15, 33, 34, 32, 31, 6, 5, 7, 30, 29, 28, 27, 1, 3, 2, 36, 37, 38, 39, 41, 42, 40, 26, 24, 25, 21, 23, 22, 35, 0, 4, 17, 18, 8, 10, 9, 11, 14, 12, 13, 
9, 15, 33, 34, 13, 12, 14, 11, 31, 32, 16, 10, 8, 6, 5, 7, 30, 29, 28, 27, 2, 3, 1, 36, 37, 38, 39, 41, 40, 42, 26, 24, 25, 21, 23, 22, 35, 0, 4, 17, 18, 20, 19, 
5, 6, 8, 10, 9, 32, 31, 11, 14, 12, 13, 34, 33, 15, 16, 18, 17, 4, 0, 35, 22, 23, 21, 25, 24, 26, 40, 42, 41, 39, 38, 37, 36, 1, 3, 2, 27, 28, 29, 30, 7, 19, 20, 
2, 27, 28, 29, 30, 7, 5, 6, 8, 10, 9, 32, 31, 11, 14, 12, 16, 34, 33, 15, 13, 19, 20, 18, 17, 4, 0, 35, 22, 23, 21, 25, 24, 26, 40, 42, 41, 39, 38, 37, 36, 1, 3, 
31, 11, 14, 12, 13, 34, 33, 15, 16, 18, 17, 4, 0, 35, 22, 23, 21, 25, 24, 26, 42, 40, 41, 39, 38, 37, 36, 1, 3, 2, 27, 28, 29, 30, 7, 5, 6, 8, 10, 9, 32, 19, 20, 
10, 9, 32, 31, 11, 14, 12, 13, 34, 33, 15, 16, 19, 20, 18, 17, 37, 0, 35, 22, 23, 21, 25, 24, 26, 40, 42, 41, 39, 38, 4, 36, 1, 3, 2, 27, 28, 29, 30, 7, 5, 6, 8, 
8, 10, 9, 11, 14, 12, 13, 34, 33, 15, 16, 19, 20, 18, 17, 4, 0, 35, 22, 23, 21, 36, 24, 26, 40, 42, 41, 39, 38, 37, 25, 2, 3, 1, 27, 28, 29, 30, 7, 5, 6, 31, 32, 
20, 19, 16, 15, 33, 34, 13, 12, 14, 11, 31, 32, 9, 10, 8, 6, 5, 7, 24, 29, 28, 27, 2, 3, 1, 36, 37, 38, 39, 41, 42, 40, 26, 30, 25, 21, 23, 22, 35, 0, 4, 17, 18, 
3, 2, 36, 37, 38, 39, 41, 42, 40, 26, 24, 25, 21, 23, 22, 35, 0, 4, 17, 7, 20, 19, 16, 15, 33, 34, 13, 12, 14, 11, 31, 32, 9, 10, 8, 6, 5, 18, 30, 29, 28, 27, 1, 
27, 2, 3, 1, 36, 37, 38, 39, 41, 42, 40, 26, 24, 25, 21, 23, 22, 35, 0, 4, 17, 18, 20, 9, 16, 15, 33, 34, 13, 12, 14, 11, 31, 32, 10, 19, 8, 6, 5, 7, 30, 29, 28, 
5, 7, 30, 29, 28, 27, 2, 3, 1, 36, 37, 38, 39, 41, 42, 40, 26, 24, 25, 21, 23, 22, 35, 0, 4, 17, 10, 20, 18, 16, 15, 33, 34, 13, 12, 14, 11, 31, 32, 9, 19, 8, 6, 
36, 37, 38, 39, 41, 42, 40, 31, 24, 25, 21, 23, 22, 35, 0, 4, 17, 18, 20, 19, 16, 15, 33, 34, 13, 12, 14, 11, 26, 32, 9, 10, 8, 6, 5, 7, 30, 29, 28, 27, 1, 3, 2, 
27, 2, 3, 1, 36, 37, 38, 39, 41, 42, 40, 26, 11, 25, 21, 23, 22, 35, 0, 4, 17, 18, 20, 19, 16, 15, 33, 34, 13, 12, 14, 24, 31, 32, 10, 9, 8, 6, 5, 7, 30, 29, 28, 
41, 39, 38, 37, 36, 1, 3, 2, 27, 28, 29, 30, 7, 5, 6, 8, 9, 10, 32, 31, 11, 14, 12, 13, 18, 33, 15, 16, 19, 20, 34, 17, 4, 0, 35, 22, 23, 21, 25, 24, 26, 40, 42, 
2, 27, 28, 29, 30, 7, 5, 6, 8, 10, 9, 32, 31, 11, 14, 12, 13, 34, 33, 15, 16, 19, 20, 18, 17, 4, 0, 35, 22, 23, 1, 25, 24, 26, 40, 42, 41, 39, 38, 37, 36, 21, 3, 
28, 27, 2, 3, 1, 36, 37, 38, 39, 41, 42, 40, 26, 10, 25, 21, 23, 22, 35, 0, 4, 17, 18, 20, 19, 16, 15, 33, 34, 13, 12, 14, 11, 31, 32, 9, 24, 8, 6, 5, 7, 30, 29, 
11, 14, 12, 13, 34, 33, 15, 16, 18, 20, 19, 17, 4, 0, 35, 22, 23, 21, 25, 24, 31, 40, 42, 41, 39, 38, 37, 36, 1, 3, 2, 27, 28, 29, 30, 7, 5, 6, 8, 10, 9, 32, 26, 
33, 34, 13, 12, 14, 11, 31, 32, 9, 10, 8, 6, 5, 7, 30, 29, 28, 27, 1, 3, 2, 36, 37, 38, 39, 41, 42, 40, 26, 22, 25, 21, 23, 24, 35, 0, 4, 17, 18, 20, 19, 16, 15, 
16, 19, 20, 18, 3, 4, 0, 35, 22, 23, 21, 25, 24, 26, 40, 42, 41, 39, 38, 37, 36, 2, 17, 1, 27, 28, 5, 6, 8, 10, 9, 32, 31, 11, 14, 12, 13, 34, 33, 15, 30, 7, 29, 
18, 17, 4, 0, 35, 22, 23, 21, 25, 24, 26, 40, 42, 41, 39, 38, 37, 36, 2, 3, 1, 27, 16, 19, 20, 14, 12, 13, 34, 33, 15, 31, 11, 9, 32, 29, 30, 7, 5, 6, 8, 10, 28, 
13, 34, 14, 15, 16, 19, 10, 9, 32, 31, 11, 33, 12, 26, 40, 42, 41, 39, 38, 37, 36, 1, 3, 2, 27, 28, 29, 30, 7, 5, 6, 8, 4, 0, 35, 22, 23, 21, 25, 24, 20, 18, 17, 
30, 7, 5, 6, 11, 10, 9, 32, 31, 8, 14, 12, 13, 19, 33, 26, 16, 18, 17, 4, 0, 35, 22, 23, 21, 25, 24, 15, 42, 40, 41, 39, 38, 37, 36, 1, 3, 2, 27, 28, 29, 20, 34, 
17, 4, 0, 35, 22, 23, 24, 1, 21, 26, 40, 42, 41, 39, 38, 37, 36, 25, 3, 2, 27, 28, 29, 30, 7, 5, 6, 8, 10, 9, 16, 31, 11, 14, 12, 13, 34, 33, 15, 32, 19, 20, 18, 
5, 6, 8, 10, 9, 32, 31, 11, 14, 12, 13, 34, 33, 15, 16, 19, 26, 18, 17, 4, 0, 35, 22, 23, 21, 25, 24, 20, 40, 42, 41, 39, 38, 37, 36, 1, 3, 2, 27, 28, 29, 30, 7, 
27, 1, 3, 2, 36, 37, 38, 39, 41, 42, 40, 26, 24, 25, 21, 23, 22, 32, 0, 4, 17, 18, 20, 19, 16, 15, 33, 34, 13, 12, 14, 11, 31, 35, 9, 10, 8, 6, 5, 7, 30, 29, 28, 
25, 24, 26, 40, 42, 41, 39, 38, 37, 36, 2, 3, 1, 27, 28, 29, 30, 7, 5, 6, 8, 22, 9, 32, 31, 11, 14, 12, 13, 34, 33, 15, 16, 19, 20, 18, 17, 4, 0, 35, 10, 23, 21, 
19, 16, 15, 14, 34, 0, 12, 33, 11, 31, 32, 9, 10, 8, 6, 5, 7, 30, 29, 28, 27, 2, 3, 1, 36, 37, 38, 39, 41, 42, 40, 26, 24, 25, 21, 23, 22, 35, 13, 4, 17, 18, 20, 
32, 31, 11, 14, 12, 13, 34, 33, 15, 16, 24, 20, 18, 17, 4, 0, 35, 22, 23, 21, 25, 19, 26, 40, 42, 41, 39, 38, 37, 36, 1, 3, 2, 27, 28, 29, 30, 7, 5, 6, 8, 10, 9, 
22, 23, 21, 25, 24, 26, 40, 42, 41, 39, 38, 37, 36, 1, 3, 2, 27, 28, 29, 30, 7, 5, 6, 8, 10, 9, 32, 31, 11, 14, 12, 13, 34, 33, 15, 16, 18, 17, 4, 0, 35, 19, 20, 
24, 25, 21, 13, 22, 35, 0, 4, 17, 18, 20, 19, 16, 15, 33, 34, 23, 12, 14, 11, 31, 32, 9, 10, 8, 6, 5, 7, 30, 29, 28, 27, 2, 3, 1, 36, 37, 38, 39, 41, 42, 40, 26, 
2, 27, 28, 29, 10, 7, 5, 6, 8, 30, 9, 32, 31, 11, 14, 12, 13, 34, 33, 15, 16, 19, 35, 18, 17, 4, 0, 20, 22, 23, 21, 25, 24, 26, 40, 42, 41, 39, 38, 37, 36, 1, 3, 
42, 41, 40, 26, 24, 25, 21, 23, 22, 35, 0, 4, 16, 18, 20, 19, 17, 15, 33, 34, 13, 12, 14, 32, 10, 9, 8, 6, 5, 7, 30, 29, 28, 27, 2, 3, 1, 36, 37, 38, 39, 31, 11, 
13, 12, 14, 11, 31, 32, 10, 9, 8, 6, 5, 7, 30, 29, 28, 27, 2, 3, 1, 36, 37, 38, 39, 41, 40, 26, 24, 25, 21, 23, 22, 35, 0, 4, 17, 18, 20, 19, 16, 15, 33, 34, 42, 
39, 38, 37, 36, 1, 27, 28, 29, 30, 7, 5, 6, 8, 10, 9, 32, 31, 11, 14, 12, 13, 34, 33, 15, 16, 19, 20, 18, 17, 4, 0, 35, 22, 23, 21, 25, 24, 26, 40, 42, 41, 3, 2, 
38, 37, 36, 1, 27, 28, 29, 30, 7, 5, 6, 8, 10, 9, 32, 31, 11, 14, 12, 13, 34, 33, 15, 16, 18, 20, 19, 17, 4, 0, 35, 22, 23, 21, 25, 24, 26, 40, 42, 41, 39, 3, 2, 
32, 31, 11, 14, 12, 13, 34, 40, 15, 16, 19, 20, 18, 17, 4, 0, 35, 22, 23, 21, 25, 24, 26, 33, 42, 41, 39, 38, 37, 36, 1, 3, 2, 27, 28, 29, 30, 7, 5, 6, 8, 10, 9, 
42, 41, 39, 38, 37, 36, 1, 3, 2, 27, 28, 29, 30, 7, 5, 6, 8, 10, 9, 32, 31, 11, 14, 12, 13, 34, 33, 15, 16, 18, 17, 4, 0, 35, 22, 23, 21, 25, 24, 26, 40, 19, 20, 
28, 27, 40, 3, 1, 36, 37, 38, 39, 41, 42, 2, 26, 24, 25, 21, 23, 22, 35, 0, 4, 17, 18, 20, 19, 16, 15, 33, 34, 13, 12, 14, 11, 31, 32, 9, 10, 8, 6, 5, 7, 30, 29, 
Tiempo de ejecucion (total): 20.068
Best fitness a lo largo del tiempo: 
17199, 11897, 6502, 6417, 6329, 6193, 6179, 6134, 6064, 6027, 6022, 5965, 5965, 5948, 5946, 5911, 5911, 5892, 5892, 5881, 5879, 5863, 5863, 5863, 5848, 5848, 5838, 5828, 5823, 5812, 5803, 5803, 5797, 5771, 5771, 5767, 5734, 5734, 5734, 5732, 5722, 5722, 5714, 5714, 5708, 5708, 5708, 5706, 5698, 5698, 5698, 5691, 5691, 5691, 5691, 5691, 5691, 5691, 5689, 5689, 5686, 5683, 5683, 5680, 5674, 5674, 5674, 5668, 5656, 5656, 5656, 5656, 5644, 5642, 5642, 5642, 5642, 5642, 5642, 5642, 5642, 5642, 5642, 5642, 5642, 5642, 5642, 5642, 5642, 5642, 5642, 5642, 5642, 5642, 5642, 5642, 5642, 5641, 5641, 5641, 5641, 5641, 5641, 5641, 5641, 5641, 5641, 5641, 5641, 5641, 5641, 5641, 5641, 5641, 5641, 5641, 5641, 5641, 5641, 5641, 5641, 5641, 5641, 5641, 5641, 5641, 5641, 5641, 5641, 5641, 5641, 5641, 5641, 5641, 5641, 5641, 5641, 5639, 5635, 5635, 5635, 5635, 5635, 5635, 5635, 5635, 5635, 5635, 5635, 5635, 5635, 5635, 5635, 5635, 5633, 5633, 5633, 5633, 5633, 5633, 5633, 5633, 5633, 5633, 5633, 5633, 5633, 5633, 5633, 5633, 5629, 5629, 5629, 5629, 5629, 5629, 5628, 5628, 5628, 5628, 5628, 5628, 5628, 5628, 5628, 5628, 5628, 5628, 5628, 5628, 5628, 5628, 5628, 5628, 5628, 5628, 5628, 5628, 5628, 5628, 5628, 5628, 5628, 5628, 5628, 5628, 5628, 5628, 5628, 5628, 5628, 5628, 5628, 5628, 5628, 5628, 5628, 5628, 5628, 5628, 5628, 5628, 5628, 5628, 5628, 5628, 5628, 5628, 5628, 5628, 5628, 5628, 5628, 5628, 5628, 5628, 5628, 5628, 5628, 5628, 5628, 5628, 5628, 5628, 5628, 5628, 5628, 5628, 5628, 5628, 5628, 5628, 5628, 5628, 5628, 5628, 5628, 5628, 5628, 5628, 5628, 5628, 5628, 5628, 5628, 5628, 5628, 5628, 5628, 5628, 5628, 5628, 5628, 5628, 5628, 5628, 5628, 5628, 5628, 5628, 5628, 5628, 5628, 5628, 5628, 5628, 5628, 5628, 5628, 5628, 5628, 5628, 5628, 5628, 5628, 5628, 5628, 5628, 5628, 5628, 5628, 5628, 5628, 5628, 5628, 5628, 5628, 5628, 5628, 5628, 5628, 5628, 5628, 5628, 5628, 5628, 5628, 5628, 5628, 5628, 5628, 5628, 5628, 5628, 5628, 5628, 5628, 5628, 5628, 5628, 5628, 5628, 5628, 5628, 5628, 5628, 5628, 5628, 5628, 5628, 5628, 5628, 5628, 5628, 5628, 5628, 5628, 5628, 5628, 5628, 5628, 5628, 5628, 5628, 5628, 5628, 5628, 5628, 5628, 5628, 5628, 5628, 5628, 5628, 5628, 5628, 5628, 5628, 5628, 5628, 5628, 5628, 5628, 5628, 5628, 5628, 5628, 5628, 5628, 5628, 5628, 5628, 5628, 5628, 5628, 5628, 5628, 5628, 5628, 5628, 5628, 5628, 5628, 5628, 5628, 5628, 5628, 5628, 5628, 5628, 5628, 5628, 5628, 5628, 5628, 5628, 5628, 5628, 5628, 5628, 5628, 5628, 5628, 5628, 5628, 5628, 5628, 5628, 5628, 5628, 5628, 5628, 5628, 5628, 5628, 5628, 5628, 5628, 5628, 5628, 5628, 5628, 5628, 5628, 5628, 5628, 5628, 5628, 5628, 5628, 5628, 5628, 5628, 5628, 5628, 5628, 5628, 5628, 5628, 5628, 5628, 5628, 5628, 5628, 5628, 5628, 5628, 5628, 5628, 5628, 5628, 5628, 5628, 5628, 5628, 5628, 5628, 5628, 5628, 5628, 5628, 5628, 5628, 5628, 5628, 5628, 5628, 5628, 5628, 5628, 5628, 5628, 5628, 5628, 5628, 5628, 5628, 5628, 5628, 5628, 5628, 5628, 5628, 5628, 5628, 5628, 5628, 5628, 5628, 5628, 5628, 5628, 5628, 5628, 5628, 5628, 5628, 5628, 5628, 5628, 5628, 5628, 5628, 5628, 5628, 5628, 5628, 5628, 5628, 5628, 5628, 5628, 5628, 5628, 5628, 5628, 5628, 5628, 5628, 5628, 5628, 5628, 5628, 5628, 5628, 5628, 5628, 5628, 5628, 5628, 5628, 5628, 5628, 5628, 5628, 5628, 5628, 5628, 5628, 5628, 5628, 5628, 5628, 5628, 5628, 5628, 5628, 5628, 5628, 5628, 5628, 5628, 5628, 5628, 5628, 5628, 5628, 5628, 5628, 5628, 5628, 5628, 5628, 5628, 5628, 5628, 5628, 5628, 5628, 5628, 5628, 5628, 5628, 5628, 5628, 5628, 5628, 5628, 5628, 5628, 5628, 5628, 5628, 5628, 5628, 5628, 5628, 5628, 5628, 5628, 5628, 5628, 5628, 5628, 5628, 5628, 5628, 5628, 5628, 5628, 5628, 5628, 5628, 5628, 5628, 5628, 5628, 5628, 5628, 5628, 5628, 5628, 5628, 5628, 5628, 5628, 5628, 5628, 5628, 5628, 5628, 5628, 5628, 5628, 5628, 5628, 5628, 5628, 5628, 5628, 5628, 5628, 5628, 5628, 5628, 5628, 5628, 5628, 5628, 5628, 5628, 5628, 5628, 5628, 5628, 5628, 5628, 5628, 5628, 5628, 5628, 5628, 5628, 5628, 5628, 5628, 5628, 5628, 5628, 5628, 5628, 5628, 5628, 5628, 5628, 5628, 5628, 5628, 5628, 5628, 5628, 5628, 5628, 5628, 5628, 5628, 5628, 5628, 5628, 5628, 5628, 5628, 5628, 5628, 5628, 5628, 5628, 5628, 5628, 5628, 5628, 5628, 5628, 5628, 5628, 5628, 5628, 5628, 5628, 5628, 5628, 5628, 5628, 5628, 5628, 5626, 5626, 5626, 5626, 5626, 5626, 5626, 5626, 5626, 5626, 5626, 5626, 5626, 5626, 5626, 5626, 5626, 5626, 5626, 5626, 5626, 5626, 5626, 5626, 5626, 5626, 5626, 5626, 5626, 5626, 5626, 5626, 5626, 5626, 5626, 5626, 5626, 5626, 5626, 5626, 5626, 5626, 5626, 5626, 5626, 5626, 5626, 5626, 5626, 5626, 5626, 5626, 5626, 5626, 5626, 5626, 5626, 5626, 5626, 5626, 5626, 5626, 5626, 5626, 5626, 5626, 5626, 5626, 5626, 5626, 5626, 5626, 5626, 5626, 5626, 5626, 5626, 5626, 5626, 5626, 5626, 5626, 5626, 5626, 5626, 5626, 5626, 5626, 5626, 5626, 5626, 5626, 5626, 5626, 5626, 5626, 5626, 5626, 5626, 5626, 5626, 5626, 5626, 5626, 5626, 5626, 5626, 5626, 5626, 5626, 5626, 5626, 5626, 5626, 5626, 5626, 5626, 5626, 5626, 5626, 5626, 5626, 5626, 5626, 5626, 5626, 5626, 5626, 5626, 5626, 5626, 5626, 5626, 5626, 5626, 5626, 5626, 5626, 5626, 5626, 5626, 5626, 5626, 5626, 5626, 5626, 5626, 5626, 5626, 5626, 5626, 5626, 5626, 5626, 5626, 5626, 5626, 5626, 5626, 5626, 5626, 5626, 5626, 5626, 5626, 5626, 5626, 5626, 5626, 5626, 5626, 5626, 5626, 5626, 5626, 5626, 5626, 5626, 5626, 5626, 5626, 5626, 5626, 5626, 5626, 5626, 5626, 5626, 5626, 5626, 5626, 5626, 5626, 5626, 5626, 5626, 5626, 5626, 5626, 5626, 5626, 5626, 5626, 5626, 5626, 5626, 5626, 5626, 5626, 5626, 5626, 5626, 5626, 5626, 5626, 5626, 5626, 5626, 5626, 5626, 5626, 5626, 5626, 5626, 5626, 5626, 5626, 5626, 5626, 5626, 5626, 5626, 5626, 5626, 5626, 5626, 5626, 5626, 5626, 5626, 5626, 5626, 5626, 5626, 5626, 5626, 5626, 5626, 5626, 5626, 5626, 5626, 5626, 5626, 5626, 5626, 5626, 5626, 5626, 5626, 5626, 5626, 5626, 5626, 5626, 5626, 5626, 5626, 5626, 5626, 5626, 5626, 5626, 5626, 5626, 5626, 5626, 5626, 5626, 5626, 5626, 5626, 5626, 5626, 5626, 5626, 5626, 5626, 5626, 5626, 5626, 5624, 5624, 5624, 5624, 5624, 5624, 5624, 5624, 5624, 5624, 5624, 5624, 5624, 5624, 5624, 5624, 5624, 5624, 5624, 5622, 5622, 5622, 5622, 5622, 5622, 5622, 5622, 5622, 5622, 5622, 5622, 5622, 5622, 5622, 5622, 5622, 5622, 5622, 5622, 5622, 5622, 5622, 5622, 5622, 5622, 5622, 5622, 5622, 5622, 5622, 5622, 5622, 5622, 5622, 5622, 5622, 5622, 5622, 5622, 5622, 5622, 5622, 5622, 5622, 5622, 5622, 5622, 5622, 5622, 5622, 5622, 5622, 5622, 5622, 5622, 5622, 5622, 5622, 5622, 5622, 5622, 5622, 5622, 5622, 5622, 5622, 5622, 5622, 5622, 5622, 5622, 5622, 5622, 5622, 5622, 5622, 5622, 5622, 5622, 5622, 5622, 5622, 5622, 5622, 5622, 5622, 5622, 5622, 5622, 5622, 5622, 5622, 5622, 5622, 5622, 5622, 5622, 5622, 5622, 5622, 5622, 5622, 5622, 5622, 5622, 5622, 5622, 5622, 5622, 5622, 5622, 5622, 5622, 5622, 5622, 5622, 5622, 5622, 5622, 5622, 5622, 5622, 5622, 5622, 5622, 5622, 5622, 5622, 5622, 5622, 5622, 5622, 5622, 5622, 5622, 5622, 5622, 5622, 5622, 5622, 5622, 5622, 5622, 5622, 5622, 5622, 5622, 5622, 5622, 5622, 5622, 5622, 5622, 5622, 5622, 5622, 5622, 5622, 5622, 5622, 5622, 5622, 5622, 5622, 5622, 5622, 5622, 5622, 5622, 5622, 5622, 5622, 5622, 5622, 5622, 5622, 5622, 5622, 5622, 5622, 5622, 5622, 5622, 5622, 5622, 5622, 5622, 5622, 5622, 5622, 5622, 5622, 5622, 5622, 5622, 5622, 5622, 5622, 5622, 5622, 5622, 5622, 5622, 5622, 5622, 5622, 5622, 5622, 5622, 5622, 5622, 5622, 5622, 5622, 5622, 5622, 5622, 5622, 5622, 5622, 5622, 5622, 5622, 5622, 5622, 5622, 5622, 5622, 5622, 5622, 5622, 5622, 5622, 5622, 5622, 5622, 5622, 5622, 5622, 5622, 5622, 5622, 5622, 5622, 5622, 5622, 5622, 5622, 5622, 5622, 5622, 5622, 5622, 5622, 5622, 5622, 5622, 5622, 5622, 5622, 5622, 5622, 5622, 5622, 5622, 5622, 5622, 5622, 5622, 5622, 5622, 5622, 5622, 5622, 5622, 5622, 5622, 5622, 5622, 5622, 5622, 5622, 5622, 5622, 5622, 5622, 5622, 5622, 5622, 5622, 5622, 5622, 5622, 5622, 5622, 5622, 5622, 5622, 5622, 5622, 5622, 5622, 5622, 5622, 5622, 5622, 5622, 5622, 5622, 5622, 5622, 5622, 5622, 5622, 5622, 5622, 5622, 5622, 5622, 5622, 5622, 5622, 5622, 5622, 5622, 5622, 5622, 5622, 5622, 5622, 5622, 5622, 5622, 5622, 5622, 5622, 5622, 5622, 5622, 5622, 5622, 5622, 5622, 5622, 5622, 5622, 5622, 5622, 5622, 5622, 5622, 5622, 5622, 5622, 5622, 5622, 5622, 5622, 5622, 5622, 5622, 5622, 5622, 5622, 5622, 5622, 5622, 5622, 5622, 5622, 5622, 5622, 5622, 5622, 5622, 5622, 5622, 5622, 5622, 5622, 5622, 5622, 5622, 5622, 5622, 5622, 5622, 5622, 5622, 5622, 5622, 5622, 5622, 5622, 5622, 5622, 5622, 5622, 5622, 5622, 5622, 5622, 5622, 5622, 5622, 5622, 5622, 5622, 5622, 5622, 5622, 5622, 5622, 5622, 5622, 5622, 5622, 5622, 5622, 5622, 5622, 5622, 5622, 5622, 5622, 5622, 5622, 5622, 5622, 5622, 5622, 5622, 5622, 5622, 5622, 5622, 5622, 5622, 5622, 5622, 5622, 5622, 5622, 5622, 5622, 5622, 5622, 5622, 5622, 5622, 5622, 5622, 5622, 5622, 5622, 5622, 5622, 5622, 5622, 5622, 5622, 5622, 5622, 5622, 5622, 5622, 5622, 5622, 5622, 5622, 5622, 5622, 5622, 5622, 5622, 5622, 5622, 5622, 5622, 5622, 5622, 5622, 5622, 5622, 5622, 5622, 5622, 5622, 5622, 5622, 5622, 5622, 5622, 5622, 5622, 5622, 5622, 5622, 5622, 5622, 5622, 5622, 5622, 5622, 5622, 5622, 5622, 5622, 5622, 5622, 5622, 5622, 5622, 5622, 5622, 5622, 5622, 5622, 5622, 5622, 5622, 5622, 5622, 5622, 5622, 5622, 5622, 5622, 5622, 5622, 5622, 5622, 5622, 5622, 5622, 5622, 5622, 5622, 5622, 5622, 5622, 5622, 5622, 5622, 5622, 5622, 5622, 5622, 5622, 5622, 5622, 5622, 5622, 5622, 5622, 5622, 5622, 5622, 5622, 5622, 5622, 5622, 5622, 5622, 5622, 5622, 5622, 5622, 5622, 5622, 5622, 5622, 5622, 5622, 5622, 5622, 5622, 5622, 5622, 5622, 5622, 5622, 5622, 5622, 5622, 5622, 5622, 5622, 5622, 5622, 5622, 5622, 5622, 5622, 5622, 5622, 5622, 5622, 5622, 5622, 5622, 5622, 5622, 5622, 5622, 5622, 5622, 5622, 5622, 5622, 5622, 5622, 5622, 5622, 5622, 5622, 5622, 5622, 5622, 5622, 5622, 5622, 5622, 5622, 5622, 5622, 5622, 5622, 5622, 5622, 5622, 5622, 5622, 5622, 5622, 5622, 5622, 5622, 5622, 5622, 5622, 5622, 5622, 5622, 5622, 5622, 5622, 5622, 5622, 5622, 5622, 5622, 5622, 5622, 5622, 5622, 5622, 5622, 5622, 5622, 5622, 5622, 5622, 5622, 5622, 5622, 5622, 5622, 5622, 5622, 5622, 5622, 5622, 5622, 5622, 5622, 5622, 5622, 5622, 5622, 5622, 5622, 5622, 5622, 5622, 5622, 5622, 5622, 5622, 5622, 5622, 5622, 5622, 5622, 5622, 5622, 5622, 5622, 5622, 5622, 5622, 5622, 5622, 5622, 5622, 5622, 5622, 5622, 5622, 5622, 5622, 5622, 5622, 5622, 5622, 5622, 5622, 5622, 5622, 5622, 5622, 5622, 5622, 5622, 5622, 5622, 5622, 5622, 5622, 5622, 5622, 5622, 5622, 5622, 5622, 5622, 5622, 5622, 5622, 5622, 5622, 5622, 5622, 5622, 5622, 5622, 5622, 5622, 5622, 5622, 5622, 5622, 5622, 5622, 5622, 5622, 5622, 5622, 5622, 5622, 5622, 5622, 5622, 5622, 5622, 5622, 5622, 5622, 5622, 5622, 5622, 5622, 5622, 5622, 5622, 5622, 5622, 5622, 5622, 5622, 5622, 5622, 5622, 5622, 5622, 5622, 5622, 5622, 5622, 5622, 5622, 5622, 5622, 5622, 5622, 5622, 5622, 5622, 5622, 5622, 5622, 5622, 5622, 5622, 5622, 5622, 5622, 5622, 5622, 5622, 5622, 5622, 5622, 5622, 5622, 5622, 5622, 5622, 5622, 5622, 5622, 5622, 5622, 5622, 5622, 5622, 5622, 5622, 5622, 5622, 5622, 5622, 5622, 5622, 5622, 5622, 5622, 5622, 5622, 5622, 5622, 5622, 5622, 5622, 5622, 5622, 5622, 5622, 5622, 5622, 5622, 5622, 5622, 5622, 5622, 5622, 5622, 5622, 5622, 5622, 5622, 5622, 5622, 5622, 5622, 5622, 5622, 5622, 5622, 5622, 5622, 5622, 5622, 5622, 5622, 5622, 5622, 5622, 5622, 5622, 5622, 5622, 5622, 5622, 5622, 5622, 5622, 5622, 5622, 5622, 5622, 5622, 5622, 5622, 5622, 5622, 5622, 5622, 5622, 5622, 5622, 5622, 5622, 5622, 5622, 5622, 5622, 5622, 5622, 5622, 5622, 5622, 5622, 5622, 5622, 5622, 5622, 5622, 5622, 5622, 5622, 5622, 5622, 5622, 5622, 5622, 5622, 5622, 5622, 5622, 5622, 5622, 5622, 5622, 5622, 5622, 5622, 5622, 5622, 5622, 5622, 5622, 5622, 5622, 5622, 5622, 5622, 5622, 5622, 5622, 5622, 5622, 5622, 5622, 5622, 5622, 5622, 5622, 5622, 5622, 5622, 5622, 5622, 5622, 5622, 5622, 5622, 5622, 5622, 5622, 5622, 5622, 5622, 5622, 5622, 5622, 5622, 5622, 5622, 5622, 5622, 5622, 5622, 5622, 5622, 5622, 5622, 5622, 5622, 5622, 5622, 5622, 5622, 5622, 5622, 5622, 5622, 5622, 5622, 5622, 5622, 5622, 5622, 5622, 5622, 5622, 5622, 5622, 5622, 5622, 5622, 5622, 5622, 5622, 5622, 5622, 5622, 5622, 5622, 5622, 5622, 5622, 5622, 5622, 5622, 5622, 5622, 5622, 5622, 5622, 5622, 5622, 5622, 5622, 5622, 5622, 5622, 5622, 5622, 5622, 5622, 5622, 5622, 5622, 5622, 5622, 5622, 5622, 5622, 5622, 5622, 5622, 5622, 5622, 5622, 5622, 5622, 5622, 5622, 5622, 5622, 5622, 5622, 5622, 5622, 5622, 5622, 5622, 5622, 5622, 5622, 5622, 5622, 5622, 5622, 5622, 5622, 5622, 5622, 5622, 5622, 5622, 5622, 5622, 5622, 5622, 5622, 5622, 5622, 5622, 5622, 5622, 5622, 5622, 5622, 5622, 5622, 5622, 5622, 5622, 5622, 5622, 5622, 5622, 5622, 5622, 5622, 5622, 5622, 5622, 5622, 5622, 5622, 5622, 5622, 5622, 5622, 5622, 5622, 5622, 5622, 5622, 5622, 5622, 5622, 5622, 5622, 5622, 5622, 5622, 5622, 5622, 5622, 5622, 5622, 5622, 5622, 5622, 5622, 5622, 5622, 5622, 5622, 5622, 5622, 5622, 5622, 5622, 5622, 5622, 5622, 5622, 5622, 5622, 5622, 5622, 5622, 5622, 5622, 5622, 5622, 5622, 5622, 5622, 5622, 5622, 5622, 5622, 5622, 5622, 5622, 5622, 5622, 5622, 5622, 5622, 5622, 5622, 5622, 5622, 5622, 5622, 5622, 5622, 5622, 5622, 5622, 5622, 5622, 5622, 5622, 5622, 5622, 5622, 5622, 5622, 5622, 5622, 5622, 5622, 5622, 5622, 5622, 5622, 5622, 5622, 5622, 5622, 5622, 5622, 5622, 5622, 5622, 5622, 5622, 5622, 5622, 5622, 5622, 5622, 5622, 5622, 5622, 5622, 5622, 5622, 5622, 5622, 5622, 5622, 5622, 5622, 5622, 5622, 5622, 5622, 5622, 5622, 5622, 5622, 5622, 5622, 5622, 5622, 5622, 5622, 5622, 5622, 5622, 5622, 5622, 5622, 5622, 5622, 5622, 5622, 5622, 5622, 5622, 5622, 5622, 5622, 5622, 5622, 5622, 5622, 5622, 5622, 5622, 5622, 5622, 5622, 5622, 5622, 5622, 5622, 5622, 5622, 5622, 5622, 5622, 5622, 5622, 5622, 5622, 5622, 5622, 5622, 5622, 5622, 5622, 5622, 5622, 5622, 5622, 5622, 5622, 5622, 5622, 5622, 5622, 5622, 5622, 5622, 5622, 5622, 5622, 5622, 5622, 5622, 5622, 5622, 5622, 5622, 5622, 5622, 5622, 5622, 5622, 5622, 5622, 5622, 5622, 5622, 5622, 5622, 5622, 5622, 5622, 5622, 5622, 5622, 5622, 5622, 5622, 5622, 5622, 5622, 5622, 5622, 5622, 5622, 5622, 5622, 5622, 5622, 5622, 5622, 5622, 5622, 5622, 5622, 5622, 5622, 5622, 5622, 5622, 5622, 5622, 5622, 5622, 5622, 5622, 5622, 5622, 5622, 5622, 5622, 5622, 5622, 5622, 5622, 5622, 5622, 5622, 5622, 5622, 5622, 5622, 5622, 5622, 5622, 5622, 5622, 5622, 5622, 5622, 5622, 5622, 5622, 5622, 5622, 5622, 5622, 5622, 5622, 5622, 5622, 5622, 5622, 5622, 5622, 5622, 5622, 5622, 5622, 5622, 5622, 5622, 5622, 5622, 5622, 5622, 5622, 5622, 5622, 5622, 5622, 5622, 5622, 5622, 5622, 5622, 5622, 5622, 5622, 5622, 5622, 5622, 5622, 5622, 5622, 5622, 5622, 5622, 5622, 5622, 5622, 5622, 5622, 5622, 5622, 5622, 5622, 5622, 5622, 5622, 5622, 5622, 5622, 5622, 5622, 5622, 5622, 5622, 5622, 5622, 5622, 5622, 5622, 5622, 5622, 5622, 5622, 5622, 5622, 5622, 5622, 5622, 5622, 5622, 5622, 5622, 5622, 5622, 5622, 5622, 5622, 5622, 5622, 5622, 5622, 5622, 5622, 5622, 5622, 5622, 5622, 5622, 5622, 5622, 5622, 5622, 5622, 5622, 5622, 5622, 5622, 5622, 5622, 5622, 5622, 5622, 5622, 5622, 5622, 5622, 5622, 5622, 5622, 5622, 5622, 5622, 5622, 5622, 5622, 5622, 5622, 5622, 5622, 5622, 5622, 5622, 5622, 5622, 5622, 5622, 5622, 5622, 5622, 5622, 5622, 5622, 5622, 5622, 5622, 5622, 5622, 5622, 5622, 5622, 5622, 5622, 5622, 5622, 5622, 5622, 5622, 5622, 5622, 5622, 5622, 5622, 5622, 5622, 5622, 5622, 5622, 5622, 5622, 5622, 5622, 5622, 5622, 5622, 5622, 5622, 5622, 5622, 5622, 5622, 5622, 5622, 5622, 5622, 5622, 5622, 5622, 5622, 5622, 5622, 5622, 5622, 5622, 5622, 5622, 5622, 5622, 5622, 5622, 5622, 5622, 5622, 5622, 5622, 5622, 5622, 5622, 5622, 5622, 5622, 5622, 5622, 5622, 5622, 5622, 5622, 5622, 5622, 5622, 5622, 5622, 5622, 5622, 5622, 5622, 5622, 5622, 5622, 5622, 5622, 5622, 5622, 5622, 5622, 5622, 5622, 5622, 5622, 5622, 5622, 5622, 5622, 5622, 5622, 5622, 5622, 5622, 5622, 5622, 5622, 5622, 5622, 5622, 5622, 5622, 5622, 5622, 5622, 5622, 5622, 5622, 5622, 5622, 5622, 5622, 5622, 5622, 5622, 5622, 5622, 5622, 5622, 5622, 5622, 5622, 5622, 5622, 5622, 5622, 5622, 5622, 5622, 5622, 5622, 5622, 5622, 5622, 5622, 5622, 5622, 5622, 5622, 5622, 5622, 5622, 5622, 5622, 5622, 5622, 5622, 5622, 5622, 5622, 5622, 5622, 5622, 5622, 5622, 5622, 5622, 5622, 5622, 5622, 5622, 5622, 5622, 5622, 5622, 5622, 5622, 5622, 5622, 5622, 5622, 5622, 5622, 5622, 5622, 5622, 5622, 5622, 5622, 5622, 5622, 5622, 5622, 5622, 5622, 5622, 5622, 5622, 5622, 5622, 5622, 5622, 5622, 5622, 5622, 5622, 5622, 5622, 5622, 5622, 5622, 5622, 5622, 5622, 5622, 5622, 5622, 5622, 5622, 5622, 5622, 5622, 5622, 5622, 5622, 5622, 5622, 5622, 5622, 5622, 5622, 5622, 5622, 5622, 5622, 5622, 5622, 5622, 5622, 5622, 5622, 5622, 5622, 5622, 5622, 5622, 5622, 5622, 5622, 5622, 5622, 5622, 5622, 5622, 5622, 5622, 5622, 5622, 5622, 5622, 5622, 5622, 5622, 5622, 5622, 5622, 5622, 5622, 5622, 5622, 5622, 5622, 5622, 5622, 5622, 5622, 5622, 5622, 5622, 5622, 5622, 5622, 5622, 5622, 5622, 5622, 5622, 5622, 5622, 5622, 5622, 5622, 5622, 5622, 5622, 5622, 5622, 5622, 5622, 5622, 5622, 5622, 5622, 5622, 5622, 5622, 5622, 5622, 5622, 5622, 5622, 5622, 5622, 5622, 5622, 5622, 5622, 5622, 5622, 5622, 5622, 5622, 5622, 5622, 5622, 5622, 5622, 5622, 5622, 5622, 5622, 5622, 5622, 5622, 5622, 5622, 5622, 5622, 5622, 5622, 5622, 5622, 5622, 5622, 5622, 5622, 5622, 5622, 5622, 5622, 5622, 5622, 5622, 5622, 5622, 5622, 5622, 5622, 5622, 5622, 5622, 5622, 5622, 5622, 5622, 5622, 5622, 5622, 5622, 5622, 5622, 5622, 5622, 5622, 5622, 5622, 5622, 5622, 5622, 5622, 5622, 5622, 5622, 5622, 5622, 5622, 5622, 5622, 5622, 5622, 5622, 5622, 5622, 5622, 5622, 5622, 5622, 5622, 5622, 5622, 5622, 5622, 5622, 5622, 5622, 5622, 5622, 5622, 5622, 5622, 5622, 5622, 5622, 5622, 5622, 5622, 5622, 5622, 5622, 5622, 5622, 5622, 5622, 5622, 5622, 5622, 5622, 5622, 5622, 5622, 5622, 5622, 5622, 5622, 5622, 5622, 5622, 5622, 5622, 5622, 5622, 5622, 5622, 5622, 5622, 5622, 5622, 5622, 5622, 5622, 5622, 5622, 5622, 5622, 5622, 5622, 5622, 5622, 5622, 5622, 5622, 5622, 5622, 5622, 5622, 5622, 5622, 5622, 5622, 5622, 5622, 5622, 5622, 5622, 5622, 5622, 5622, 5622, 5622, 5622, 5622, 5622, 5622, 5622, 5622, 5622, 5622, 5622, 5622, 5622, 5622, 5622, 5622, 5622, 5622, 5622, 5622, 5622, 5622, 5622, 5622, 5622, 5622, 5622, 5622, 5622, 5622, 5622, 5622, 5622, 5622, 5622, 5622, 5622, 5622, 5622, 5622, 5622, 5622, 5622, 5622, 5622, 5622, 5622, 5622, 5622, 5622, 5622, 5622, 5622, 5622, 5622, 5622, 5622, 5622, 5622, 5622, 5622, 5622, 5622, 5622, 5622, 5622, 5622, 5622, 5622, 5622, 5622, 5622, 5622, 5622, 5622, 5622, 5622, 5622, 5622, 5622, 5622, 5622, 5622, 5622, 5622, 5622, 5622, 5622, 5622, 5622, 5622, 5622, 5622, 5622, 5622, 5622, 5622, 5622, 5622, 5622, 5622, 5622, 5622, 5622, 5622, 5622, 5622, 5622, 5622, 5622, 5622, 5622, 5622, 5622, 5622, 5622, 5622, 5622, 5622, 5622, 5622, 5622, 5622, 5622, 5622, 5622, 5622, 5622, 5622, 5622, 5622, 5622, 5622, 5622, 5622, 5622, 5622, 5622, 5622, 5622, 5622, 5622, 5622, 5622, 5622, 5622, 5622, 5622, 5622, 5622, 5622, 5622, 5622, 5622, 5622, 5622, 5622, 5622, 5622, 5622, 5622, 5622, 5622, 5622, 5622, 5622, 5622, 5622, 5622, 5622, 5622, 5622, 5622, 5622, 5622, 5622, 5622, 5622, 5622, 5622, 5622, 5622, 5622, 5622, 5622, 5622, 5622, 5622, 5622, 5622, 5622, 5622, 5622, 5622, 5622, 5622, 5622, 5622, 5622, 5622, 5622, 5622, 5622, 5622, 5622, 5622, 5622, 5622, 5622, 5622, 5622, 5622, 5622, 5622, 5622, 5622, 5622, 5622, 5622, 5622, 5622, 5622, 5622, 5622, 5622, 5622, 5622, 5622, 5622, 5622, 5622, 5622, 5622, 5622, 5622, 5622, 5622, 5622, 5622, 5622, 5622, 5622, 5622, 5622, 5622, 5622, 5622, 5622, 5622, 5622, 5622, 5622, 5622, 5622, 5622, 5622, 5622, 5622, 5622, 5622, 5622, 5622, 5622, 5622, 5622, 5622, 5622, 5622, 5622, 5622, 5622, 5622, 5622, 5622, 5622, 5622, 5622, 5622, 5622, 5622, 5622, 5622, 5622, 5622, 5622, 5622, 5622, 5622, 5622, 5622, 5622, 5622, 5622, 5622, 5622, 5622, 5622, 5622, 5622, 5622, 5622, 5622, 5622, 5622, 5622, 5622, 5622, 5622, 5622, 5622, 5622, 5622, 5622, 5622, 5622, 5622, 5622, 5622, 5622, 5622, 5622, 5622, 5622, 5622, 5622, 5622, 5622, 5622, 5622, 5622, 5622, 5622, 5622, 5622, 5622, 5622, 5622, 5622, 5622, 5622, 5622, 5622, 5622, 5622, 5622, 5622, 5622, 5622, 5622, 5622, 5622, 5622, 5622, 5622, 5622, 5622, 5622, 5622, 5622, 5622, 5622, 5622, 5622, 5622, 5622, 5622, 5622, 5622, 5622, 5622, 5622, 5622, 5622, 5622, 5622, 5622, 5622, 5622, 5622, 5622, 5622, 5622, 5622, 5622, 5622, 5622, 5622, 5622, 5622, 5622, 5622, 5622, 5622, 5622, 5622, 5622, 5622, 5622, 5622, 5622, 5622, 5622, 5622, 5622, 5622, 5622, 5622, 5622, 5622, 5622, 5622, 5622, 5622, 5622, 5622, 5622, 5622, 5622, 5622, 5622, 5622, 5622, 5622, 5622, 5622, 5622, 5622, 5622, 5622, 5622, 5622, 5622, 5622, 5622, 5622, 5622, 5622, 5622, 5622, 5622, 5622, 5622, 5622, 5622, 5622, 5622, 5622, 5622, 5622, 5622, 5622, 5622, 5622, 5622, 5622, 5622, 5622, 5622, 5622, 5622, 5622, 5622, 5622, 5622, 5622, 5622, 5622, 5622, 5622, 5622, 5622, 5622, 5622, 5622, 5622, 5622, 5622, 5622, 5622, 5622, 5622, 5622, 5622, 5622, 5622, 5622, 5622, 5622, 5622, 5622, 5622, 5622, 5622, 5622, 5622, 5622, 5622, 5622, 5622, 5622, 5622, 5622, 5622, 5622, 5622, 5622, 5622, 5622, 5622, 5622, 5622, 5622, 5622, 5622, 5622, 5622, 5622, 5622, 5622, 5622, 5622, 5622, 5622, 5622, 5622, 5622, 5622, 5622, 5622, 5622, 5622, 5622, 5622, 5622, 5622, 5622, 5622, 5622, 5622, 5622, 5622, 5622, 5622, 5622, 5622, 5622, 5622, 5622, 5622, 5622, 5622, 5622, 5622, 5622, 5622, 5622, 5622, 5622, 5622, 5622, 5622, 5622, 5622, 5622, 5622, 5622, 5622, 5622, 5622, 5622, 5622, 5622, 5622, 5622, 5622, 5622, 5622, 5622, 5622, 5622, 5622, 5622, 5622, 5622, 5622, 5622, 5622, 5622, 5622, 5622, 5622, 5622, 5622, 5622, 5622, 5622, 5622, 5622, 5622, 5622, 5622, 5622, 5622, 5622, 5622, 5622, 5622, 5622, 5622, 5622, 5622, 5622, 5622, 5622, 5622, 5622, 5622, 5622, 5622, 5622, 5622, 5622, 5622, 5622, 5622, 5622, 5622, 5622, 5622, 5622, 5622, 5622, 5622, 5622, 5622, 5622, 5622, 5622, 5622, 5622, 5622, 5622, 5622, 5622, 5622, 5622, 5622, 5622, 5622, 5622, 5622, 5622, 5622, 5622, 5622, 5622, 5622, 5622, 5622, 5622, 5622, 5622, 5622, 5622, 5622, 5622, 5622, 5622, 5622, 5622, 5622, 5622, 5622, 5622, 5622, 5622, 5622, 5622, 5622, 5622, 5622, 5622, 5622, 5622, 5622, 5622, 5622, 5622, 5622, 5622, 5622, 5622, 5622, 5622, 5622, 5622, 5622, 5622, 5622, 5622, 5622, 5622, 5622, 5622, 5622, 5622, 5622, 5622, 5622, 5622, 5622, 5622, 5622, 5622, 5622, 5622, 5622, 5622, 5622, 5622, 5622, 5622, 5622, 5622, 5622, 5622, 5622, 5622, 5622, 5622, 5622, 5622, 5622, 5622, 5622, 5622, 5622, 5622, 5622, 5622, 5622, 5622, 5622, 5622, 5622, 5622, 5622, 5622, 5622, 5622, 5622, 5622, 5622, 5622, 5622, 5622, 5622, 5622, 5622, 5622, 5622, 5622, 5622, 5622, 5622, 5622, 5622, 5622, 5622, 5622, 5622, 5622, 5622, 5622, 5622, 5622, 5622, 5622, 5622, 5622, 5622, 5622, 5622, 5622, 5622, 5622, 5622, 5622, 5622, 5622, 5622, 5622, 5622, 5622, 5622, 5622, 5622, 5622, 5622, 5622, 5622, 5622, 5622, 5622, 5622, 5622, 5622, 5622, 5622, 5622, 5622, 5622, 5622, 5622, 5622, 5622, 5622, 5622, 5622, 5622, 5622, 5622, 5622, 5622, 5622, 5622, 5622, 5622, 5622, 5622, 5622, 5622, 5622, 5622, 5622, 5622, 5622, 5622, 5622, 5622, 5622, 5622, 5622, 5622, 5622, 5622, 5622, 5622, 5622, 5622, 5622, 5622, 5622, 5622, 5622, 5622, 5622, 5622, 5622, 5622, 5622, 5622, 5622, 5622, 5622, 5622, 5622, 5622, 5622, 5622, 5622, 5622, 5622, 5622, 5622, 5622, 5622, 5622, 5622, 5622, 5622, 5622, 5622, 5622, 5622, 5622, 5622, 5622, 5622, 5622, 5622, 5622, 5622, 5622, 5622, 5622, 5622, 5622, 5622, 5622, 5622, 5622, 5622, 5622, 5622, 5622, 5622, 5622, 5622, 5622, 5622, 5622, 5622, 5622, 5622, 5622, 5622, 5622, 5622, 5622, 5622, 5622, 5622, 5622, 5622, 5622, 5622, 5622, 5622, 5622, 5622, 5622, 5622, 5622, 5622, 5622, 5622, 5622, 5622, 5622, 5622, 5622, 5622, 5622, 5622, 5622, 5622, 5622, 5622, 5622, 5622, 5622, 5622, 5622, 5622, 5622, 5622, 5622, 5622, 5622, 5622, 5622, 5622, 5622, 5622, 5622, 5622, 5622, 5622, 5622, 5622, 5622, 5622, 5622, 5622, 5622, 5622, 5622, 5622, 5622, 5622, 5622, 5622, 5622, 5622, 5622, 5622, 5622, 5622, 5622, 5622, 5622, 5622, 5622, 5622, 5622, 5622, 5622, 5622, 5622, 5622, 5622, 5622, 5622, 5622, 5622, 5622, 5622, 5622, 5622, 5622, 5622, 5622, 5622, 5622, 5622, 5622, 5622, 5622, 5622, 5622, 5622, 5622, 5622, 5622, 5622, 5622, 5622, 5622, 5622, 5622, 5622, 5622, 5622, 5622, 5622, 5622, 5622, 5622, 5622, 5622, 5622, 5622, 5622, 5622, 5622, 5622, 5622, 5622, 5622, 5622, 5622, 5622, 5622, 5622, 5622, 5622, 5622, 5622, 5622, 5622, 5622, 5622, 5622, 5622, 5622, 5622, 5622, 5622, 5622, 5622, 5622, 5622, 5622, 5622, 5622, 5622, 5622, 5622, 5622, 5622, 5622, 5622, 5622, 5622, 5622, 5622, 5622, 5622, 5622, 5622, 5622, 5622, 5622, 5622, 5622, 5622, 5622, 5622, 5622, 5622, 5622, 5622, 5622, 5622, 5622, 5622, 5622, 5622, 5622, 5622, 5622, 5622, 5622, 5622, 5622, 5622, 5622, 5622, 5622, 5622, 5622, 5622, 5622, 5622, 5622, 5622, 5622, 5622, 5622, 5622, 5622, 5622, 5622, 5622, 5622, 5622, 5622, 5622, 5622, 5622, 5622, 5622, 5622, 5622, 5622, 5622, 5622, 5622, 5622, 5622, 5622, 5622, 5622, 5622, 5622, 5622, 5622, 5622, 5622, 5622, 5622, 5622, 5622, 5622, 5622, 5622, 5622, 5622, 5622, 5622, 5622, 5622, 5622, 5622, 5622, 5622, 5622, 5622, 5622, 5622, 5622, 5622, 5622, 5622, 5622, 5622, 5622, 5622, 5622, 5622, 5622, 5622, 5622, 5622, 5622, 5622, 5622, 5622, 5622, 5622, 5622, 5622, 5622, 5622, 5622, 5622, 5622, 5622, 5622, 5622, 5622, 5622, 5622, 5622, 5622, 5622, 5622, 5622, 5622, 5622, 5622, 5622, 5622, 5622, 5622, 5622, 5622, 5622, 5622, 5622, 5622, 5622, 5622, 5622, 5622, 5622, 5622, 5622, 5622, 5622, 5622, 5622, 5622, 5622, 5622, 5622, 5622, 5622, 5622, 5622, 5622, 5622, 5622, 5622, 5622, 5622, 5622, 5622, 5622, 5622, 5622, 5622, 5622, 5622, 5622, 5622, 5622, 5622, 5622, 5622, 5622, 5622, 5622, 5622, 5622, 5622, 5622, 5622, 5622, 5622, 5622, 5622, 5622, 5622, 5622, 5622, 5622, 5622, 5622, 5622, 5622, 5622, 5622, 5622, 5622, 5622, 5622, 5622, 5622, 5622, 5622, 5622, 5622, 5622, 5622, 5622, 5622, 5622, 5622, 5622, 5622, 5622, 5622, 5622, 5622, 5622, 5622, 5622, 5622, 5622, 5622, 5622, 5622, 5622, 5622, 5622, 5622, 5622, 5622, 5622, 5622, 5622, 5622, 5622, 5622, 5622, 5622, 5622, 5622, 5622, 5622, 5622, 5622, 5622, 5622, 5622, 5622, 5622, 5622, 5622, 5622, 5622, 5622, 5622, 5622, 5622, 5622, 5622, 5622, 5622, 5622, 5622, 5622, 5622, 5622, 5622, 5622, 5622, 5622, 5622, 5622, 5622, 5622, 5622, 5622, 5622, 5622, 5622, 5622, 5622, 5622, 5622, 5622, 5622, 5622, 5622, 5622, 5622, 5622, 5622, 5622, 5622, 5622, 5622, 5622, 5622, 5622, 5622, 5622, 5622, 5622, 5622, 5622, 5622, 5622, 5622, 5622, 5622, 5622, 5622, 5622, 5622, 5622, 5622, 5622, 5622, 5622, 5622, 5622, 5622, 5622, 5622, 5622, 5622, 5622, 5622, 5622, 5622, 5622, 5622, 5622, 5622, 5622, 5622, 5622, 5622, 5622, 5622, 5622, 5622, 5622, 5622, 5622, 5622, 5622, 5622, 5622, 5622, 5622, 5622, 5622, 5622, 5622, 5622, 5622, 5622, 5622, 5622, 5622, 5622, 5622, 5622, 5622, 5622, 5622, 5622, 5622, 5622, 5622, 5622, 5622, 5622, 5622, 5622, 5622, 5622, 5622, 5622, 5622, 5622, 5622, 5622, 5622, 5622, 5622, 5622, 5622, 5622, 5622, 5622, 5622, 5622, 5622, 5622, 5622, 5622, 5622, 5622, 5622, 5622, 5622, 5622, 5622, 5622, 5622, 5622, 5622, 5622, 5622, 5622, 5622, 5622, 5622, 5622, 5622, 5622, 5622, 5622, 5622, 5622, 5622, 5622, 5622, 5622, 5622, 5622, 5622, 5622, 5622, 5620, 
Fitness promedio a lo largo del tiempo: 
20457, 17606, 13496, 10426, 7513, 7164, 7594, 6504, 7424, 7265, 6673, 8278, 7124, 6084, 6453, 6290, 6270, 6360, 7348, 6883, 6305, 6997, 6668, 7260, 7443, 7186, 6315, 6051, 6377, 6884, 7151, 6582, 6001, 6477, 6015, 6167, 6758, 6321, 6277, 6792, 7398, 6682, 6552, 6013, 6377, 6390, 7163, 5734, 5965, 6242, 5815, 5760, 6415, 6150, 7059, 6294, 5867, 5929, 6451, 5759, 6617, 6352, 6251, 6565, 6997, 6290, 5959, 5948, 6716, 6067, 6449, 6573, 6552, 7292, 6825, 5726, 5683, 6154, 6026, 5699, 6091, 5683, 5693, 5883, 6086, 6291, 5682, 6199, 5881, 5916, 5701, 5886, 5668, 5689, 6212, 5906, 6567, 6833, 6088, 5922, 5963, 5877, 6153, 7118, 6238, 6791, 6910, 5928, 5786, 6481, 5875, 6310, 6249, 5983, 6296, 6100, 5695, 6077, 5708, 6406, 6284, 5816, 6243, 7556, 6243, 6079, 6777, 5965, 6297, 5976, 6669, 6288, 6175, 6632, 6583, 5840, 6317, 5688, 6508, 5700, 6430, 5660, 6322, 5790, 5680, 6108, 6403, 5887, 6031, 5745, 5668, 6199, 6217, 5665, 6078, 6298, 7205, 5691, 5971, 6598, 5710, 6123, 5850, 6350, 5675, 6039, 6765, 6307, 5917, 6266, 6300, 6517, 5780, 5696, 6080, 6301, 6051, 6098, 5671, 5909, 5673, 5851, 6052, 6655, 6202, 5654, 6109, 5742, 5668, 5667, 5782, 5674, 6235, 6644, 6268, 5733, 5914, 6434, 5939, 5791, 6654, 5858, 5676, 6243, 5687, 6217, 5665, 5788, 6112, 5653, 5946, 6236, 5977, 6004, 6662, 5906, 5659, 5846, 5671, 6072, 5672, 5765, 5670, 6125, 5691, 6052, 5670, 5696, 5678, 6009, 5663, 5676, 6446, 6222, 5903, 5748, 5941, 6168, 6388, 6282, 5659, 6126, 6016, 5789, 5687, 6072, 5738, 5677, 5909, 6005, 5675, 5694, 5739, 5886, 6229, 5674, 5912, 5853, 6167, 6000, 6670, 5931, 6295, 5693, 5658, 6179, 6284, 6828, 5680, 6180, 6606, 6035, 5975, 5698, 5677, 5699, 6190, 6302, 6395, 6006, 5689, 6015, 6360, 6338, 5903, 6547, 6069, 6010, 6114, 6220, 5653, 5682, 6277, 5914, 6315, 6136, 5860, 5834, 5701, 5684, 5668, 6136, 5947, 5683, 6405, 6229, 5690, 6461, 6216, 6021, 6237, 5959, 5853, 6217, 5686, 5744, 6120, 6061, 6047, 5691, 6042, 5840, 5843, 6663, 5668, 5672, 6120, 5671, 5794, 6072, 5784, 6024, 6323, 5932, 5807, 5657, 5727, 5673, 5916, 5964, 5740, 6304, 6021, 6380, 5678, 5674, 5900, 5751, 6064, 5750, 5837, 5856, 5687, 6269, 5912, 5672, 5693, 5973, 6507, 5681, 6386, 5702, 5681, 5696, 5686, 6059, 5842, 6132, 6486, 6219, 5795, 6000, 5679, 5853, 6398, 5656, 6434, 6158, 5686, 6238, 6129, 5681, 6291, 5952, 5913, 5751, 5796, 6060, 6705, 5848, 6117, 5675, 5788, 5676, 5686, 6041, 6398, 6172, 6163, 6388, 6191, 5753, 5681, 6009, 5676, 5693, 5673, 6121, 6344, 5893, 5670, 5902, 5786, 6498, 6387, 6170, 5949, 6543, 6335, 6105, 5684, 5677, 5896, 6011, 5672, 6042, 6019, 6060, 6339, 5685, 5845, 5655, 6333, 5801, 6059, 6350, 6018, 5675, 5944, 5685, 5671, 5804, 5674, 5734, 5780, 5666, 7137, 6502, 6132, 6218, 6669, 5906, 5912, 6012, 6230, 6000, 5685, 6401, 5675, 5794, 6003, 5672, 5893, 5867, 6275, 6167, 5910, 6450, 5672, 5983, 6389, 6543, 5808, 5660, 6292, 6172, 5867, 6015, 6189, 7136, 6199, 6382, 6211, 5661, 5669, 5996, 6178, 5837, 5790, 5796, 6392, 5905, 5957, 5724, 6396, 6027, 5687, 6060, 5841, 6126, 6275, 6277, 5808, 5656, 6081, 5961, 6027, 5686, 6652, 5753, 5725, 6318, 6446, 6285, 6059, 5973, 5674, 5663, 5686, 5895, 5976, 5668, 6250, 6130, 5818, 6428, 6009, 5676, 5683, 6019, 5798, 6116, 5869, 6490, 5681, 6283, 5960, 6223, 6590, 6042, 5897, 6767, 5874, 5949, 6444, 6907, 6094, 5746, 5922, 5667, 5674, 6331, 5784, 5801, 5664, 5780, 6028, 5858, 5685, 5745, 5686, 6133, 6062, 6178, 6316, 6216, 6317, 6602, 5945, 6715, 6241, 6281, 6521, 6702, 6822, 5793, 5890, 6191, 5707, 6331, 6114, 5798, 5845, 5680, 5958, 5879, 5951, 6017, 5668, 5914, 5755, 6381, 6978, 5752, 5845, 5849, 6438, 5793, 6321, 5831, 5671, 6337, 5914, 5679, 6013, 5664, 5806, 6201, 5888, 6108, 5687, 5681, 5973, 5734, 5680, 6016, 6164, 6600, 5815, 6188, 5978, 5806, 5661, 6837, 5942, 6276, 5749, 6577, 6281, 5755, 5671, 5683, 6105, 6022, 6135, 5909, 5739, 5917, 6044, 5691, 6074, 5966, 5954, 5674, 5943, 5669, 6551, 6221, 5674, 5664, 6064, 6125, 5672, 5691, 5672, 5834, 5847, 5945, 6062, 5688, 5957, 6197, 6130, 6298, 6507, 5681, 5959, 5741, 5950, 5845, 6225, 6059, 5735, 6278, 6486, 5690, 6441, 5674, 6005, 5703, 5971, 6619, 5659, 6036, 5916, 5836, 5755, 6264, 6030, 5771, 6074, 5860, 5684, 5844, 6026, 5843, 6648, 6233, 6075, 6115, 5674, 6387, 5799, 5943, 6115, 6555, 5840, 5850, 5706, 5657, 6383, 6436, 6430, 5898, 5698, 6515, 5688, 7150, 6420, 6411, 7070, 6788, 6836, 6264, 5981, 6342, 5699, 6200, 5744, 6063, 5666, 5966, 5667, 5960, 6109, 5683, 5659, 5913, 6505, 5672, 6381, 5830, 5904, 6708, 6407, 6188, 5860, 5672, 6293, 5923, 6068, 6294, 5673, 5679, 5670, 5851, 5671, 6380, 5668, 5671, 5939, 5660, 5666, 5902, 5668, 5677, 5665, 6770, 5853, 6064, 5793, 5700, 5703, 6391, 6549, 6407, 5690, 6185, 5657, 5657, 5803, 5680, 6300, 5905, 5850, 6281, 5691, 5727, 5896, 5738, 5788, 5690, 6067, 6124, 6766, 5676, 5901, 5740, 6432, 6396, 6226, 6160, 5715, 6112, 6250, 5873, 6232, 6436, 5915, 5787, 5797, 5945, 5843, 6005, 6438, 6123, 6925, 5700, 6762, 5891, 5795, 6058, 5947, 5668, 6001, 6197, 6274, 5851, 5978, 6084, 5800, 5689, 6448, 5660, 5689, 5922, 6026, 6452, 6497, 5767, 6334, 5648, 5964, 5690, 5692, 5692, 6078, 5663, 6273, 5697, 6348, 5903, 5905, 5682, 6165, 5664, 5687, 5689, 6289, 5862, 5921, 5950, 6345, 5848, 6227, 6022, 5850, 5927, 5678, 5800, 6294, 6008, 5662, 6437, 5957, 6713, 6275, 5684, 5672, 5948, 5883, 5674, 5683, 5663, 6056, 6059, 5734, 5684, 6046, 6218, 6178, 5891, 6199, 5884, 6275, 5679, 5681, 6269, 5670, 6064, 5660, 5976, 5675, 5985, 5686, 6005, 6032, 5688, 5658, 6196, 5869, 5703, 5679, 6166, 5666, 6166, 6433, 5680, 5957, 6445, 5695, 5972, 5905, 6553, 6865, 5914, 5722, 6292, 6028, 6007, 5690, 5745, 5850, 5949, 5782, 6443, 5916, 5956, 5843, 5956, 6159, 5696, 6270, 6104, 5733, 6000, 5661, 6071, 6396, 5888, 5674, 6339, 6234, 5686, 5684, 6398, 5943, 6168, 6015, 5799, 6429, 6267, 6364, 5953, 6123, 5671, 5841, 6456, 6244, 6119, 5660, 6073, 6022, 5971, 5663, 6121, 6061, 6014, 5786, 6064, 6121, 5786, 5689, 6499, 5671, 5853, 5972, 5688, 5675, 6726, 6174, 6291, 5977, 5969, 5892, 6094, 6294, 6131, 5848, 5942, 5864, 5678, 5690, 6138, 6019, 6228, 6020, 6230, 5682, 6665, 6289, 6028, 5698, 6412, 6822, 6021, 6598, 5699, 6330, 6291, 6279, 5861, 5664, 5956, 6695, 6005, 5697, 6449, 5801, 6205, 6072, 5899, 6125, 5771, 5659, 5946, 5650, 6052, 5881, 6263, 5653, 5886, 5881, 6149, 5945, 5886, 6216, 6226, 5951, 5882, 5835, 6058, 5686, 6649, 6188, 6328, 5657, 6483, 5663, 7032, 5696, 5676, 5746, 5802, 5849, 6060, 5946, 5682, 5996, 6836, 6271, 5728, 6465, 5826, 6108, 5652, 6092, 5795, 5681, 6382, 6119, 5723, 5974, 6071, 5839, 6392, 5673, 7157, 6004, 6073, 5854, 6603, 6384, 5789, 5964, 5944, 6661, 5673, 6002, 6828, 6404, 5680, 5852, 6931, 5998, 5686, 6057, 6457, 5907, 5808, 6565, 6047, 5677, 6172, 5674, 5901, 5845, 5665, 5886, 5944, 6146, 5686, 5859, 5650, 6161, 6074, 6049, 6077, 5956, 6814, 5994, 5954, 5987, 5656, 5792, 5993, 5903, 6156, 5668, 6115, 5900, 5893, 5877, 6376, 5893, 6000, 6294, 5662, 6780, 5883, 5778, 5901, 5740, 5998, 6265, 5731, 6356, 5680, 5682, 5669, 5911, 6594, 6221, 6771, 6182, 6167, 6271, 5654, 5653, 6057, 6215, 5681, 6125, 6277, 6184, 6015, 5664, 6113, 5683, 5803, 5945, 6165, 6069, 5663, 6163, 6499, 5899, 5754, 6172, 6090, 5732, 5723, 5648, 6167, 5998, 5672, 5671, 5660, 7083, 6155, 5950, 6117, 5684, 6537, 5684, 5737, 5661, 5675, 6526, 5907, 6059, 6136, 5731, 6499, 6210, 5741, 6545, 5683, 5676, 6070, 5664, 5738, 6216, 6215, 5663, 6698, 5784, 6280, 5679, 6164, 5902, 6820, 6170, 6769, 5681, 6398, 6643, 5907, 5679, 5673, 5787, 5661, 6327, 5995, 5695, 6001, 6492, 6107, 6067, 5654, 5906, 5664, 6427, 5662, 6397, 5693, 5723, 5684, 5778, 6151, 6455, 5992, 6427, 7349, 6160, 5683, 6272, 5673, 6227, 5753, 6698, 6169, 6980, 5684, 5913, 5795, 5793, 5724, 5903, 5681, 5653, 5655, 5680, 6017, 6181, 6051, 6177, 5694, 5906, 5851, 6002, 6153, 6041, 5825, 6793, 5828, 5680, 5729, 5847, 6334, 5668, 5906, 5901, 6725, 5783, 6283, 6111, 5925, 6349, 5887, 6333, 6068, 5849, 5934, 5993, 5658, 6532, 6266, 5673, 5660, 6180, 5995, 5993, 5705, 5769, 5673, 5652, 6561, 5898, 6013, 5959, 6117, 5945, 5705, 6189, 5841, 6104, 5678, 5688, 6138, 6070, 6416, 6449, 6330, 5672, 5702, 6101, 6104, 5738, 5685, 5690, 6476, 6117, 6178, 6915, 5670, 6108, 6108, 5777, 5952, 6284, 6341, 5677, 5650, 6168, 6227, 5878, 5956, 5657, 5835, 6052, 5791, 5999, 6060, 5649, 5653, 6123, 5916, 6557, 6432, 5733, 6106, 6259, 5896, 6116, 6553, 5867, 5847, 5683, 6590, 6325, 5769, 6490, 5745, 5680, 5894, 6065, 6170, 5679, 5782, 5662, 6102, 5855, 6046, 6489, 5661, 6218, 6166, 5844, 6383, 6156, 6319, 5987, 6284, 5949, 5670, 6270, 6337, 5652, 5682, 5853, 5687, 5676, 5664, 5861, 6968, 5996, 5701, 5960, 6640, 5734, 6103, 6698, 5903, 5675, 5649, 6001, 6225, 5680, 6145, 5792, 6882, 5995, 6174, 5673, 6435, 5680, 6269, 5908, 6381, 5950, 5665, 6654, 6149, 6035, 5684, 5722, 6054, 6491, 6392, 6005, 6227, 6489, 5678, 6547, 5667, 6204, 5888, 5681, 5673, 5792, 5681, 6587, 5875, 5660, 6007, 5897, 5665, 5745, 5899, 6167, 6482, 5682, 6430, 6267, 6016, 5842, 5843, 5673, 6330, 5840, 6169, 6002, 6872, 5948, 6216, 5666, 5675, 6384, 6327, 5938, 5671, 5797, 6005, 6393, 5726, 5960, 5940, 5833, 6117, 5851, 5674, 6864, 6012, 5804, 5652, 5829, 6110, 6216, 5784, 5694, 6419, 6120, 6104, 5686, 5738, 6550, 5873, 5659, 5859, 5982, 5912, 5867, 5948, 6206, 6058, 6485, 5659, 5777, 6107, 6455, 5736, 6484, 5686, 5950, 5689, 5668, 6230, 6055, 5700, 5738, 6094, 5937, 6270, 6057, 5894, 5649, 6391, 5687, 5756, 5692, 6057, 5678, 5663, 6066, 5664, 6170, 6167, 5954, 6277, 6262, 6004, 6065, 6482, 6603, 6070, 6661, 6383, 5660, 6385, 5685, 6054, 5840, 5656, 5801, 6296, 5932, 6502, 6172, 5858, 5681, 6383, 6072, 6686, 5736, 5661, 5675, 5841, 5730, 5995, 5893, 5735, 6245, 5671, 5734, 5903, 6118, 6091, 6117, 6109, 5893, 6362, 5674, 5947, 5683, 5950, 5679, 5683, 6173, 5667, 6125, 5742, 5751, 5792, 6291, 6199, 5733, 6054, 5734, 6096, 6330, 5903, 5787, 5680, 6496, 6548, 6164, 5664, 6112, 6513, 6596, 5840, 5789, 6330, 5943, 6205, 5930, 6209, 6154, 5949, 6165, 5839, 6159, 6386, 5843, 6794, 6126, 6401, 6912, 6508, 6010, 5673, 5784, 6660, 6080, 5678, 5655, 5844, 6230, 6933, 5934, 6074, 6748, 5668, 5998, 6287, 5676, 5687, 5859, 6333, 6277, 5740, 5662, 5932, 6319, 5659, 5887, 6044, 6000, 6181, 6700, 6356, 6471, 5884, 6773, 5647, 5660, 5941, 5655, 5957, 5693, 5932, 5661, 6063, 6012, 6215, 5697, 6106, 5987, 6447, 5974, 5895, 5683, 5684, 5685, 5889, 5977, 5777, 6592, 5784, 5938, 5903, 6059, 5678, 5661, 6000, 5666, 6226, 6113, 6536, 5676, 6318, 5666, 6268, 5670, 6176, 6391, 6062, 5764, 5651, 6104, 5902, 5793, 5695, 5658, 6000, 6710, 6866, 6195, 6394, 5674, 6432, 6273, 5684, 5955, 5724, 5781, 5666, 6283, 5672, 5950, 6126, 5734, 5945, 5873, 5686, 6077, 6173, 5678, 5701, 5667, 5956, 6530, 6489, 5655, 6163, 5663, 5964, 5899, 5653, 5672, 6070, 6081, 5681, 6190, 6058, 6372, 6100, 6979, 6229, 6174, 6099, 5675, 5661, 6296, 6227, 5942, 5665, 5664, 6061, 5887, 5945, 6105, 5997, 6158, 6123, 5858, 5826, 5828, 6157, 6108, 5654, 5665, 5890, 6392, 6433, 5677, 5708, 5899, 6322, 6262, 6440, 5692, 5948, 6002, 5940, 6172, 6699, 5949, 5974, 5790, 6387, 6171, 6490, 5842, 5680, 5653, 5772, 5998, 5749, 5744, 5676, 5741, 5670, 6661, 5660, 5662, 6272, 6058, 6005, 5663, 5661, 5686, 6117, 6136, 5839, 6275, 5720, 6457, 6482, 5838, 6469, 6872, 5965, 6114, 5645, 6806, 6014, 5942, 6166, 5747, 6272, 6377, 5829, 6119, 5677, 5857, 5959, 6076, 5758, 5798, 6060, 5686, 6625, 6060, 5790, 6379, 5673, 5855, 6748, 6511, 5955, 5687, 7019, 5681, 6203, 5924, 5840, 5944, 5654, 5776, 5777, 6391, 5902, 6239, 5899, 5776, 5793, 6490, 5802, 6126, 5901, 6492, 6056, 5922, 6501, 5842, 5736, 6632, 5686, 5997, 6334, 5682, 6806, 5740, 5660, 6612, 5797, 5671, 6151, 5954, 6221, 5894, 5996, 5653, 6259, 5742, 6271, 5717, 5780, 6026, 6216, 5668, 6401, 6435, 5950, 5670, 6445, 6079, 6157, 5671, 6442, 6000, 5790, 6015, 6554, 6075, 5655, 5739, 5724, 6287, 5697, 6331, 5942, 6429, 5696, 5809, 5647, 5998, 6116, 6166, 6193, 6867, 5731, 6291, 5672, 6387, 6068, 5902, 6022, 5842, 5736, 6440, 5950, 6311, 5646, 5666, 5953, 6863, 6708, 5784, 6756, 5679, 6108, 5894, 5780, 6216, 6279, 5667, 6010, 5685, 5662, 6543, 5988, 5792, 5663, 5679, 5672, 6334, 5737, 5788, 5666, 6064, 6243, 5742, 5793, 6219, 6284, 5679, 6232, 5672, 5846, 5732, 5792, 5739, 6440, 6245, 5665, 5664, 5681, 5794, 5679, 6520, 5936, 6690, 5732, 6017, 6333, 6387, 5685, 5756, 5843, 5828, 5746, 5662, 6519, 5695, 5675, 6172, 6378, 5945, 5651, 5987, 5996, 6326, 5947, 6874, 5885, 6005, 5669, 5960, 6035, 5653, 5678, 6182, 6220, 5955, 6021, 6295, 6103, 5794, 6486, 5957, 5662, 6213, 6427, 5665, 5661, 6284, 6268, 5731, 5804, 6443, 6674, 5920, 5895, 5659, 5723, 6068, 6060, 5682, 5841, 6055, 6113, 5666, 5842, 5951, 6186, 5694, 6541, 5665, 5660, 6105, 6322, 6486, 5664, 6215, 6330, 6751, 5668, 6135, 6260, 5686, 5995, 6495, 5841, 6152, 5670, 5892, 5769, 5655, 5694, 5987, 6272, 5721, 5668, 6357, 5698, 5708, 5996, 6376, 5743, 6338, 5775, 6020, 5645, 5683, 6060, 5845, 6197, 6065, 5851, 6105, 5859, 5856, 6195, 6078, 5843, 6052, 5774, 6057, 5742, 6544, 5683, 5959, 6779, 6227, 6652, 5663, 5643, 6001, 5817, 5684, 5781, 5850, 5856, 5952, 5994, 5685, 5887, 6003, 6101, 6112, 6379, 5659, 5787, 6467, 6326, 5956, 6335, 5785, 6059, 6540, 6036, 6060, 5943, 5942, 6821, 6639, 6257, 5733, 5782, 6461, 5736, 6973, 6436, 5663, 6811, 5659, 5675, 6333, 5681, 6292, 6004, 5892, 6595, 5853, 5685, 5684, 5651, 5995, 5672, 5902, 6324, 6004, 6539, 5843, 6062, 6101, 5683, 6129, 5837, 5738, 6759, 6198, 6106, 6936, 6008, 5954, 6431, 6392, 5712, 6113, 6174, 6450, 5891, 5886, 6422, 5646, 6052, 5939, 6052, 6002, 5689, 6094, 5863, 5662, 6113, 5902, 5660, 7229, 6568, 6175, 5778, 5669, 6753, 6324, 6174, 5909, 6216, 5740, 5658, 6156, 5935, 5672, 6225, 5665, 6169, 5795, 6179, 6326, 5880, 5794, 6178, 5905, 5767, 6471, 5976, 5684, 6125, 6371, 5662, 5844, 6053, 6591, 6260, 6281, 6000, 5666, 5948, 6101, 5883, 5653, 5676, 6469, 5841, 5888, 5845, 5800, 6225, 6982, 6656, 6594, 6003, 6282, 5675, 5891, 5742, 5680, 5785, 6228, 6052, 5793, 6000, 6319, 5955, 5674, 6253, 5661, 5748, 6483, 5674, 5786, 5683, 6157, 6167, 6950, 5692, 5667, 6799, 5667, 5913, 6439, 6061, 5686, 6003, 6541, 5727, 5744, 6024, 5910, 6005, 6397, 5661, 5895, 5652, 5999, 6170, 5780, 5989, 6127, 6053, 6332, 5809, 6478, 5744, 5684, 5848, 6741, 6601, 6686, 5900, 5892, 6053, 6049, 5680, 6263, 6282, 6052, 5991, 5930, 6017, 5656, 6758, 5734, 5666, 6110, 5684, 5660, 5791, 6644, 6165, 5932, 5669, 6724, 6438, 6042, 6144, 5775, 6169, 6154, 5677, 5734, 6065, 6718, 6120, 5658, 6956, 6435, 5730, 5655, 5666, 6378, 5844, 5655, 6072, 5673, 5854, 6764, 6996, 5737, 6116, 6372, 5657, 5667, 6043, 6356, 5948, 5696, 6674, 5891, 6312, 5679, 6491, 5740, 5998, 5881, 5944, 5666, 6001, 5839, 5673, 6744, 6684, 5665, 5886, 5659, 5704, 5669, 6525, 5680, 6035, 6488, 5673, 5686, 6169, 5661, 5662, 6328, 6377, 5679, 5666, 5672, 6015, 6164, 5678, 5897, 6809, 6730, 6556, 6550, 6189, 6162, 5685, 6293, 5659, 5675, 6433, 6288, 5843, 5693, 5906, 5958, 5950, 5676, 5982, 5669, 5662, 6068, 6062, 6152, 5659, 5959, 5781, 5908, 6164, 5962, 5832, 5779, 5832, 5839, 5844, 5658, 5669, 6101, 5664, 5792, 5673, 5753, 6492, 6436, 5996, 5674, 6576, 6651, 6164, 5683, 6072, 5747, 6415, 5651, 5884, 5810, 6121, 6497, 6054, 6648, 6668, 5683, 5667, 6019, 5900, 6793, 6338, 5720, 7255, 5942, 6052, 6422, 6068, 5671, 6187, 6428, 6889, 6070, 5947, 5793, 6388, 6701, 6220, 6221, 5653, 5885, 6378, 5904, 5730, 6007, 5940, 5949, 5999, 6018, 6231, 7140, 5951, 6162, 5899, 5680, 5998, 6222, 5659, 5804, 5844, 6306, 5678, 5694, 5685, 5663, 6001, 6756, 5841, 5713, 6165, 5905, 6865, 5698, 5898, 5881, 6281, 5857, 6003, 6475, 6312, 5997, 5665, 6214, 6019, 6011, 5642, 5665, 6160, 5946, 6548, 5898, 6217, 5962, 6215, 6114, 5664, 6326, 5952, 5801, 6054, 5726, 5665, 5662, 5830, 5658, 5767, 5664, 5651, 5688, 6064, 6216, 6271, 5651, 6381, 6697, 6262, 5675, 6435, 6275, 5959, 6178, 5954, 5803, 5838, 6648, 5781, 6117, 5661, 5744, 5789, 6335, 6391, 5742, 6153, 7575, 5919, 6176, 6208, 5788, 6171, 5880, 5897, 5834, 6044, 5685, 5685, 5905, 6101, 5673, 5784, 6165, 5680, 5737, 5897, 5756, 5997, 5792, 5792, 5892, 5647, 6726, 5669, 5913, 6211, 6117, 6448, 5878, 5841, 6066, 6223, 5939, 5892, 6056, 5663, 6429, 5687, 6137, 5738, 5882, 5677, 5955, 5951, 6421, 5679, 5683, 5668, 6282, 6716, 5797, 5843, 5666, 6411, 6433, 6074, 6975, 6266, 5686, 5834, 6537, 6321, 6275, 5728, 6229, 6224, 5754, 5891, 6066, 6105, 6605, 5690, 6842, 5787, 5785, 5676, 6057, 6641, 5698, 6069, 6440, 6011, 5890, 5841, 6125, 6108, 5790, 6102, 6591, 5687, 6227, 5903, 6075, 6061, 6172, 5668, 5918, 5661, 5687, 6274, 5937, 6612, 5668, 6273, 5897, 5799, 5659, 5899, 5668, 5948, 6268, 6389, 6025, 6137, 5677, 6097, 6012, 6495, 6283, 5680, 5662, 5676, 6378, 5679, 5671, 5673, 6516, 5669, 6303, 6137, 5662, 6223, 5679, 5693, 5680, 6109, 5843, 6096, 5659, 5651, 5672, 5674, 5956, 5670, 5832, 5890, 5688, 6212, 5833, 6154, 5692, 5906, 5893, 5667, 5998, 5669, 5800, 5715, 5997, 5681, 6285, 6494, 6347, 6187, 6099, 6345, 5840, 5892, 6066, 5673, 5660, 5685, 6275, 5672, 5662, 6369, 6325, 5883, 5907, 6048, 6617, 5997, 6314, 6119, 5723, 6650, 5671, 5951, 5911, 5666, 5945, 5942, 6008, 6223, 5858, 5652, 5853, 6370, 5672, 5794, 5694, 6799, 6044, 6552, 5674, 5946, 5808, 6228, 6178, 6654, 5734, 6018, 5924, 5675, 6118, 5840, 5894, 6009, 6330, 5687, 6336, 6121, 5905, 5689, 5680, 6499, 6055, 6006, 6084, 6017, 6219, 5659, 5678, 5805, 6493, 6166, 5832, 6585, 6119, 6402, 5679, 6267, 5923, 6223, 5783, 6553, 5782, 6411, 6286, 5672, 5890, 5677, 6161, 6206, 6120, 5945, 5722, 5750, 5670, 5979, 6863, 6542, 5686, 6009, 5668, 5674, 6343, 6167, 6010, 5946, 6217, 5677, 5834, 6451, 5671, 5892, 5926, 5685, 5740, 5680, 6069, 6167, 6537, 5881, 6241, 6019, 5680, 5852, 5953, 6120, 6164, 5652, 5859, 5692, 6329, 5655, 5655, 6435, 5819, 5890, 6116, 6150, 5661, 6213, 5830, 6073, 6190, 5667, 6107, 6392, 6208, 5847, 6270, 5833, 6059, 5741, 6551, 5679, 5692, 6085, 6022, 5685, 5662, 6105, 6226, 5774, 5665, 5675, 5893, 6201, 6385, 6263, 5669, 6226, 5896, 6062, 6408, 5832, 5782, 6008, 5681, 5689, 5851, 6832, 5964, 5643, 6670, 5658, 6493, 5791, 6112, 6158, 6428, 6004, 5869, 6948, 5843, 6046, 5833, 6010, 5997, 5826, 5646, 6104, 5957, 6343, 6207, 5731, 5900, 5919, 6393, 6427, 6008, 5662, 5708, 5903, 5669, 6224, 5665, 6207, 5868, 5703, 5685, 5785, 5893, 5684, 5800, 5686, 5664, 6047, 5664, 6224, 5702, 5725, 6546, 5664, 5677, 5671, 5754, 6499, 5910, 6163, 6488, 5749, 5673, 6444, 6067, 6391, 5850, 6518, 5664, 6130, 5663, 5941, 7026, 6006, 6083, 5677, 6813, 5798, 5801, 5935, 6495, 6399, 5960, 6319, 5738, 5670, 6438, 6222, 6058, 6202, 5998, 5682, 6370, 6596, 5664, 5649, 6175, 5667, 5654, 5789, 5658, 5692, 6504, 6058, 5827, 5658, 6646, 6496, 6497, 5676, 5678, 5949, 6205, 6384, 6429, 6035, 5665, 5689, 5789, 6153, 6389, 5678, 5650, 6874, 5665, 5670, 5853, 5903, 5903, 5861, 5686, 6167, 6043, 5788, 5688, 6402, 5783, 5939, 6271, 6433, 5664, 5659, 5839, 6425, 6611, 5676, 5787, 5996, 5677, 6602, 6980, 6264, 5859, 6659, 5681, 6643, 5848, 6224, 6116, 6180, 5853, 5916, 6392, 6355, 6050, 6175, 6107, 6217, 5847, 5888, 6181, 5659, 5930, 5738, 6327, 5681, 5679, 5913, 6316, 5898, 6073, 6165, 6281, 6270, 6880, 5794, 5676, 6048, 7017, 6756, 6761, 5906, 6133, 6575, 6216, 5651, 5791, 6262, 5673, 5895, 5670, 5950, 5662, 5671, 6316, 5649, 6162, 6117, 6222, 5903, 6162, 6225, 5661, 5673, 5837, 5745, 6064, 5673, 5664, 6607, 5875, 6050, 6179, 6601, 6254, 6209, 6011, 6650, 5668, 5784, 5672, 5666, 5662, 6382, 6561, 5678, 5666, 6000, 6427, 5655, 5941, 6581, 6051, 6042, 6163, 5663, 6329, 5887, 6704, 6232, 6612, 6120, 6642, 6502, 6050, 5657, 6704, 6006, 5963, 6371, 5685, 5955, 5888, 5840, 5659, 5675, 6064, 6106, 6321, 6558, 6267, 6056, 6061, 6888, 5892, 5946, 6247, 5677, 6221, 6544, 6076, 6058, 5944, 6437, 6606, 6528, 6320, 5853, 6019, 6062, 5671, 6004, 6213, 5904, 5704, 6041, 5859, 5669, 5947, 6380, 6241, 6130, 5915, 6662, 5733, 6327, 6002, 5932, 5888, 5669, 6107, 5902, 5793, 6004, 6218, 6337, 6264, 5851, 5786, 5867, 6416, 5768, 6318, 5661, 6172, 6385, 7305, 6116, 5668, 6048, 5892, 6486, 5663, 6277, 6026, 5806, 5888, 6102, 6645, 5738, 6798, 6006, 5946, 5662, 5663, 6339, 5687, 6844, 5752, 5842, 6109, 6058, 5962, 5890, 5936, 6447, 6480, 5796, 6487, 5656, 6328, 5743, 5893, 6333, 6169, 6239, 5952, 6013, 6192, 5683, 7087, 6696, 5795, 5944, 5949, 6475, 6863, 5696, 6066, 6158, 5678, 5828, 6887, 5901, 6058, 5747, 6388, 5756, 6049, 6341, 6217, 6539, 5882, 6388, 6235, 5939, 5691, 5997, 5724, 5998, 6167, 6396, 6212, 5896, 5659, 6106, 5942, 5666, 5674, 5990, 5662, 6287, 5663, 6060, 5685, 6316, 5945, 5896, 6056, 5841, 5736, 6369, 6549, 5729, 5882, 5995, 6222, 6053, 5662, 5728, 5837, 5680, 6294, 6321, 5791, 6009, 5795, 5674, 5684, 6190, 6102, 5944, 5676, 5671, 6323, 5930, 6137, 5954, 5796, 6135, 6702, 6529, 5921, 5784, 5959, 5676, 5841, 6112, 5952, 6548, 5788, 6432, 6060, 6475, 5670, 5731, 6215, 5839, 7015, 5772, 6049, 5676, 5734, 6217, 5679, 5786, 5922, 5660, 5781, 5666, 5780, 5807, 5959, 5896, 5720, 6201, 6448, 5677, 5957, 6000, 5650, 5656, 5694, 5662, 5664, 5665, 5851, 6074, 5676, 6267, 5654, 5672, 5736, 5911, 5797, 6142, 5647, 5907, 6532, 5990, 5840, 6006, 5904, 6116, 6120, 6285, 6063, 6448, 6062, 6961, 6557, 5799, 5936, 5928, 5787, 5837, 5720, 5911, 5967, 5735, 5676, 5680, 6371, 6176, 5664, 6285, 6222, 6238, 5790, 5673, 5832, 6078, 5818, 5673, 5682, 5663, 5688, 5849, 5888, 5883, 5887, 5900, 5914, 5936, 6747, 5911, 5725, 5666, 5832, 5687, 5681, 6240, 5814, 5788, 5685, 6419, 5959, 5673, 6051, 6157, 6397, 6590, 5781, 5739, 6144, 5669, 5673, 6742, 6111, 6029, 5994, 6884, 5969, 5903, 6161, 6385, 6444, 5688, 6330, 5660, 6159, 6051, 5672, 6342, 5662, 6115, 6228, 6013, 6231, 5842, 5673, 5939, 5679, 6217, 6589, 5669, 6044, 5661, 5666, 6426, 6286, 5911, 6811, 6274, 5678, 5673, 5847, 6001, 5892, 6227, 5673, 6100, 6761, 5727, 5672, 6814, 5678, 5800, 5790, 5665, 6342, 6386, 5897, 6112, 5686, 7034, 6242, 5653, 6321, 5659, 6072, 6065, 6160, 6856, 5660, 5958, 6123, 6221, 5850, 5887, 6208, 6721, 5664, 5737, 5680, 5725, 5731, 5991, 6125, 6886, 6541, 5899, 5943, 5686, 5669, 6304, 5899, 6379, 5657, 5900, 5652, 5656, 6010, 6549, 6334, 6596, 5955, 6054, 5851, 6291, 5950, 5841, 5678, 5790, 5886, 5794, 6043, 6304, 6494, 6654, 5727, 6287, 6115, 6164, 5897, 6104, 5694, 5735, 6422, 5732, 5691, 5866, 5661, 6323, 5778, 6045, 5901, 5755, 6043, 5908, 6243, 6294, 5798, 5864, 5664, 6368, 6540, 5896, 6645, 5662, 5914, 5853, 6058, 5695, 6236, 6071, 5663, 5695, 5655, 5800, 6104, 6271, 6158, 6225, 5663, 5678, 5902, 5676, 6112, 5837, 6205, 6045, 5660, 5896, 6004, 5745, 6001, 6321, 5740, 6101, 6269, 6063, 5683, 6063, 5660, 6078, 6043, 6093, 5823, 5663, 6009, 6189, 5687, 6214, 6223, 5671, 6437, 5672, 6481, 6275, 6540, 6487, 6328, 5678, 6059, 6203, 5741, 5887, 6389, 6154, 6380, 6076, 6112, 6498, 5665, 6108, 6813, 5841, 6069, 5679, 6013, 6548, 5844, 6404, 6107, 5889, 5686, 5923, 5739, 5661, 6163, 5685, 5949, 5669, 5983, 5664, 5705, 5994, 5841, 6267, 5739, 6010, 5895, 5785, 6382, 6363, 6323, 5675, 6123, 6165, 5888, 5668, 6232, 6275, 6704, 6070, 6116, 5719, 5889, 6105, 6168, 6179, 5880, 5671, 6770, 6057, 5943, 5794, 6093, 5664, 6281, 5661, 5945, 6577, 6865, 6442, 5681, 5654, 5849, 5641, 6392, 5720, 6331, 5845, 5737, 5890, 6212, 6181, 6021, 6437, 5736, 6066, 5686, 6921, 5683, 6153, 6387, 6111, 5897, 5661, 5880, 5904, 5649, 6535, 6164, 5665, 6103, 5998, 5855, 5890, 5941, 6973, 6038, 5824, 5944, 5806, 5678, 6316, 5671, 6392, 5854, 5839, 5826, 5903, 6019, 6051, 6444, 6009, 6241, 5898, 6283, 6322, 5656, 5881, 6098, 6013, 5668, 5673, 5942, 6517, 6113, 5901, 6225, 6107, 6445, 5726, 6422, 5669, 6426, 5664, 6268, 5949, 6440, 5948, 5697, 6111, 5682, 6105, 5790, 5698, 5722, 6161, 5661, 5966, 5903, 6323, 5790, 5842, 6095, 5680, 5953, 6561, 6618, 5788, 6223, 6058, 5946, 6117, 6075, 5786, 5657, 6325, 5797, 5996, 5841, 6656, 6011, 5913, 5695, 5906, 6104, 6120, 5959, 6159, 5945, 5682, 5676, 6278, 5683, 6110, 5854, 5964, 6000, 5652, 5782, 6394, 5849, 5963, 6171, 6108, 5902, 6063, 6446, 5662, 5947, 5672, 5997, 5666, 6651, 5990, 5668, 5670, 6266, 6482, 6199, 6315, 5680, 5702, 5935, 6282, 5898, 6501, 6004, 5941, 5950, 5671, 6067, 5789, 6500, 5943, 5656, 6064, 5662, 5948, 6267, 6265, 6099, 5788, 6162, 5716, 5850, 5738, 6217, 5683, 5842, 6067, 5668, 6095, 5699, 5903, 6417, 5678, 6353, 6503, 6227, 5686, 6364, 6024, 5670, 5698, 6223, 5695, 6004, 6225, 5738, 5992, 5733, 5785, 5739, 5888, 6182, 6280, 5903, 5664, 5776, 6328, 5701, 5676, 6330, 6817, 6513, 5946, 5944, 6068, 6646, 6242, 5947, 5919, 5696, 6605, 6000, 6541, 6238, 6005, 6614, 5680, 5689, 5692, 5669, 5918, 5847, 5951, 6543, 6233, 6480, 5805, 5882, 5938, 5675, 5836, 6157, 6341, 5689, 6373, 6009, 5911, 7109, 6159, 5643, 6163, 5978, 6224, 6322, 6168, 5652, 5899, 6049, 6272, 5784, 5739, 5725, 5736, 5792, 6065, 5682, 6011, 5663, 5898, 5942, 6316, 5818, 6593, 5641, 5973, 6487, 6067, 5771, 6347, 5835, 5655, 5656, 5945, 5996, 5723, 6065, 5966, 5888, 5790, 5996, 6450, 6005, 5787, 5859, 6476, 6025, 6100, 6163, 6052, 5725, 6219, 6005, 5666, 6128, 5793, 6428, 5891, 5680, 5812, 6548, 5674, 5660, 5924, 5679, 6164, 5680, 5803, 5672, 6149, 6007, 6056, 5939, 5961, 6171, 6378, 5778, 6101, 5716, 6004, 6012, 6326, 5847, 6049, 6596, 6774, 5672, 5654, 5935, 6153, 5730, 5682, 5679, 6614, 6156, 5915, 6068, 6109, 5664, 6055, 5839, 5672, 5649, 5652, 5901, 6056, 6066, 6780, 6494, 5669, 6217, 5988, 6488, 6103, 5848, 5688, 6003, 5653, 6217, 5878, 5684, 5946, 6156, 5787, 5655, 5946, 6710, 7046, 5969, 6400, 6212, 5643, 5701, 5890, 5958, 5831, 6173, 5661, 5732, 5687, 5786, 5691, 5952, 6010, 7047, 5960, 6138, 5682, 6021, 6424, 6640, 5663, 5654, 6101, 6545, 6046, 5811, 5909, 6257, 6100, 6120, 5811, 5839, 6070, 5843, 5666, 6011, 5883, 5675, 6062, 5669, 5649, 6208, 6377, 5953, 5660, 6320, 6220, 5916, 6003, 6163, 6157, 5775, 6214, 5656, 6179, 6439, 5745, 5659, 6470, 5955, 5677, 5952, 6000, 5996, 6165, 5708, 5676, 6330, 5688, 6105, 5661, 5671, 5799, 5988, 6161, 5802, 6157, 6377, 5888, 5655, 6705, 5684, 6176, 5666, 5685, 5960, 5667, 6060, 5673, 6016, 5909, 5849, 5673, 5669, 5641, 5716, 6272, 5799, 5669, 5683, 5683, 5653, 6157, 5676, 5752, 6114, 6971, 5745, 5831, 5666, 5707, 6103, 5950, 6174, 6007, 6027, 6601, 5839, 5784, 6429, 5664, 6332, 5676, 5690, 5996, 6102, 6319, 5944, 6439, 6810, 6121, 5649, 6064, 6213, 5805, 6319, 6061, 6279, 6007, 6473, 6005, 6432, 6004, 6056, 6436, 6614, 5844, 5662, 5691, 6259, 5906, 5671, 5687, 6494, 5857, 6723, 5694, 5671, 5844, 6003, 5684, 6022, 5762, 6156, 6534, 5671, 6562, 5770, 5775, 6071, 6707, 5934, 5899, 5717, 5663, 6028, 5678, 5657, 6371, 5946, 6056, 5835, 6220, 6283, 6051, 5696, 5979, 5747, 6482, 5901, 5889, 5901, 6042, 6059, 5758, 6545, 5780, 6270, 5675, 6008, 5671, 5834, 5795, 5734, 6008, 5894, 5893, 6378, 6100, 5669, 5674, 6380, 5670, 5745, 5719, 6148, 5800, 6492, 5797, 6420, 6002, 5684, 5734, 6103, 6000, 6295, 6492, 6724, 5787, 5779, 6440, 6400, 5791, 6007, 6288, 5689, 6117, 6606, 5742, 5684, 5887, 6010, 6436, 5960, 6254, 6167, 5804, 5677, 5782, 5937, 5735, 6111, 5882, 6343, 5799, 5729, 6213, 5668, 6318, 6106, 6500, 5944, 5675, 5654, 6104, 5893, 5786, 6047, 5855, 5937, 6592, 5950, 5657, 6168, 5791, 6500, 5962, 6595, 5664, 6332, 5846, 6448, 6329, 6920, 5973, 6491, 6007, 6055, 5963, 6368, 7023, 6340, 5950, 5671, 5892, 6328, 5945, 5856, 5915, 5775, 6062, 6387, 6228, 6730, 5690, 5809, 5663, 6200, 6446, 5796, 6414, 5954, 5733, 5646, 6072, 6159, 6064, 6315, 6317, 5933, 6053, 5791, 5846, 6686, 5667, 5659, 6000, 5992, 5668, 5664, 6371, 6117, 6113, 5949, 6298, 6286, 5956, 5960, 6382, 5671, 5884, 6007, 6008, 5696, 6767, 6118, 6331, 5672, 5653, 5894, 6314, 5901, 5952, 5840, 6017, 6055, 
Mejor solucion obtenida: 13, 33, 34, 32, 31, 11, 9, 10, 8, 6, 5, 7, 30, 29, 28, 27, 1, 3, 2, 36, 37, 38, 39, 41, 42, 40, 26, 24, 25, 21, 23, 22, 35, 0, 4, 17, 18, 20, 19, 16, 15, 12, 14, || Fitness: 5620;