Archivo Usado: p43.atsp
Tamaño de la Poblacion: 100
Reemplazo por Generacion: 5
Tamaño de los Torneos: 5
Cantidad de ciudades: 43
Probabilidad de cruce: 85000
Probabilidad mutacion simple: 8000
Probabilidad mutacion compleja: 30000
Cruces minimos de la mutacion compleja: 4
Iteraciones ejecutadas: 10000
Largo del cruce PMX: 6
Operador de Cruce: 0
Metodo seleccion de Padres: 0
Operador de Mutacion: 0
Metodo seleccion de Supervivientes: 1
Cantidad de threads a usar: 16
39, 42, 41, 40, 26, 25, 24, 21, 22, 23, 35, 0, 4, 15, 17, 16, 20, 19, 18, 33, 34, 12, 13, 14, 11, 10, 31, 32, 8, 9, 7, 6, 5, 29, 30, 27, 28, 1, 2, 3, 36, 37, 38, 
6, 5, 29, 30, 27, 28, 1, 2, 3, 36, 37, 38, 39, 42, 41, 40, 26, 25, 24, 21, 22, 23, 35, 0, 4, 15, 17, 16, 20, 19, 18, 33, 34, 12, 13, 14, 11, 10, 31, 32, 8, 9, 7, 
33, 34, 12, 13, 14, 11, 10, 31, 32, 8, 9, 7, 6, 5, 29, 30, 27, 28, 1, 2, 3, 36, 37, 38, 39, 42, 41, 40, 26, 25, 24, 21, 22, 23, 35, 0, 4, 15, 17, 16, 20, 19, 18, 
19, 17, 16, 33, 34, 12, 13, 14, 11, 10, 31, 32, 8, 9, 7, 6, 5, 29, 30, 27, 28, 1, 2, 3, 36, 37, 38, 39, 42, 41, 40, 26, 24, 25, 21, 22, 23, 35, 0, 4, 15, 20, 18, 
1, 2, 3, 36, 37, 38, 39, 42, 41, 40, 26, 25, 24, 21, 22, 23, 35, 0, 4, 15, 17, 16, 20, 19, 18, 33, 34, 12, 13, 14, 11, 10, 31, 32, 8, 9, 7, 6, 5, 29, 30, 27, 28, 
42, 41, 40, 26, 25, 24, 21, 22, 23, 35, 0, 4, 15, 17, 16, 20, 19, 18, 14, 13, 12, 34, 33, 32, 31, 10, 11, 8, 9, 7, 6, 5, 29, 30, 27, 28, 1, 2, 3, 36, 37, 38, 39, 
27, 28, 2, 1, 3, 36, 37, 38, 39, 42, 41, 40, 26, 25, 24, 21, 22, 23, 35, 0, 4, 15, 17, 16, 20, 19, 18, 33, 34, 12, 13, 14, 11, 10, 31, 32, 8, 9, 7, 6, 5, 29, 30, 
25, 24, 21, 22, 23, 35, 0, 4, 15, 17, 16, 20, 19, 18, 33, 34, 12, 13, 14, 11, 10, 31, 32, 8, 9, 7, 6, 5, 29, 30, 27, 28, 1, 2, 3, 36, 37, 38, 39, 40, 41, 42, 26, 
27, 28, 1, 2, 3, 36, 37, 38, 39, 42, 41, 40, 26, 25, 24, 21, 22, 23, 35, 0, 4, 15, 17, 16, 20, 19, 18, 33, 34, 12, 13, 14, 11, 10, 31, 32, 8, 9, 7, 6, 5, 29, 30, 
13, 14, 11, 10, 31, 32, 8, 9, 7, 6, 5, 29, 30, 27, 28, 36, 2, 3, 1, 37, 38, 39, 42, 41, 40, 26, 25, 24, 21, 22, 23, 35, 0, 4, 15, 17, 16, 20, 19, 18, 33, 34, 12, 
8, 9, 7, 6, 5, 29, 30, 27, 28, 1, 2, 3, 36, 37, 38, 39, 42, 41, 40, 26, 25, 24, 21, 22, 23, 35, 0, 4, 31, 10, 11, 15, 17, 16, 20, 19, 18, 14, 13, 12, 34, 33, 32, 
15, 4, 0, 35, 23, 22, 21, 24, 25, 26, 40, 41, 42, 39, 38, 37, 36, 3, 2, 1, 28, 27, 30, 29, 5, 6, 7, 9, 8, 32, 31, 10, 11, 14, 13, 12, 34, 33, 18, 19, 20, 16, 17, 
40, 41, 42, 39, 38, 37, 36, 3, 2, 1, 28, 27, 30, 29, 5, 6, 7, 9, 8, 32, 31, 10, 11, 14, 13, 12, 34, 33, 18, 19, 20, 16, 17, 15, 4, 0, 35, 23, 22, 21, 24, 25, 26, 
14, 13, 12, 34, 33, 18, 19, 20, 16, 17, 15, 4, 0, 35, 23, 22, 21, 24, 25, 26, 40, 41, 42, 39, 38, 37, 36, 3, 2, 1, 28, 27, 30, 29, 5, 6, 7, 9, 8, 32, 31, 10, 11, 
29, 5, 6, 7, 9, 8, 32, 31, 10, 11, 14, 13, 12, 34, 33, 18, 19, 20, 16, 17, 15, 4, 0, 35, 23, 22, 21, 24, 25, 26, 40, 41, 42, 39, 38, 37, 36, 3, 2, 1, 28, 27, 30, 
25, 26, 40, 41, 42, 39, 38, 37, 36, 3, 2, 1, 28, 27, 30, 29, 5, 6, 7, 9, 8, 32, 31, 10, 11, 14, 13, 12, 34, 33, 18, 19, 20, 16, 17, 15, 4, 0, 35, 23, 22, 21, 24, 
37, 36, 3, 2, 1, 28, 27, 30, 29, 5, 6, 7, 9, 8, 32, 31, 10, 11, 14, 13, 12, 34, 33, 18, 19, 20, 16, 17, 15, 4, 0, 35, 23, 22, 21, 24, 25, 26, 40, 41, 42, 39, 38, 
13, 12, 34, 33, 18, 19, 20, 16, 17, 15, 4, 0, 35, 23, 22, 21, 24, 25, 26, 40, 41, 42, 39, 38, 37, 36, 3, 2, 1, 28, 27, 30, 29, 5, 6, 7, 9, 8, 32, 31, 10, 11, 14, 
0, 35, 23, 22, 21, 24, 25, 26, 40, 41, 42, 39, 38, 37, 36, 3, 2, 1, 28, 27, 30, 29, 5, 6, 7, 9, 8, 32, 31, 10, 11, 14, 13, 12, 34, 33, 18, 19, 20, 16, 17, 15, 4, 
7, 9, 8, 32, 31, 10, 11, 14, 13, 12, 34, 33, 18, 19, 20, 16, 17, 15, 4, 0, 35, 23, 22, 21, 24, 25, 26, 40, 41, 42, 39, 38, 37, 36, 3, 2, 1, 28, 27, 30, 29, 5, 6, 
23, 22, 21, 24, 25, 26, 40, 41, 42, 39, 38, 37, 36, 3, 2, 1, 28, 27, 30, 29, 5, 6, 7, 9, 8, 32, 31, 10, 11, 14, 13, 12, 34, 33, 18, 19, 20, 16, 17, 15, 4, 0, 35, 
15, 4, 0, 35, 23, 22, 21, 24, 25, 26, 42, 41, 40, 39, 38, 37, 36, 3, 2, 1, 28, 27, 30, 29, 5, 6, 7, 9, 8, 32, 31, 10, 11, 14, 13, 12, 34, 33, 18, 19, 20, 16, 17, 
15, 4, 0, 35, 23, 22, 21, 24, 25, 26, 40, 41, 42, 39, 38, 37, 36, 3, 2, 1, 28, 27, 30, 29, 5, 6, 7, 9, 8, 32, 31, 10, 11, 14, 13, 12, 34, 33, 18, 19, 20, 16, 17, 
24, 25, 26, 40, 41, 42, 39, 38, 37, 36, 3, 2, 1, 28, 27, 30, 29, 5, 6, 7, 9, 8, 32, 31, 10, 11, 14, 13, 12, 34, 33, 18, 19, 20, 16, 17, 15, 4, 0, 35, 23, 22, 21, 
20, 16, 17, 15, 4, 0, 35, 23, 22, 21, 24, 25, 26, 40, 41, 42, 39, 38, 37, 36, 3, 2, 1, 28, 27, 30, 29, 5, 6, 7, 9, 8, 32, 31, 10, 11, 14, 13, 12, 34, 33, 18, 19, 
28, 27, 30, 29, 5, 6, 7, 9, 8, 32, 31, 10, 11, 14, 13, 12, 34, 33, 18, 19, 20, 16, 17, 15, 4, 0, 35, 23, 22, 21, 24, 25, 26, 40, 41, 42, 39, 38, 37, 36, 3, 2, 1, 
3, 2, 1, 28, 27, 30, 29, 5, 6, 7, 9, 8, 32, 31, 10, 11, 14, 13, 12, 34, 33, 18, 19, 20, 16, 17, 15, 4, 0, 35, 23, 22, 21, 24, 25, 26, 40, 41, 42, 39, 38, 37, 36, 
41, 42, 39, 38, 37, 36, 3, 2, 1, 28, 27, 30, 29, 5, 6, 7, 9, 8, 32, 31, 10, 11, 14, 13, 12, 34, 33, 18, 19, 20, 16, 17, 15, 4, 0, 35, 23, 22, 21, 24, 25, 26, 40, 
8, 32, 31, 10, 11, 14, 13, 12, 34, 33, 18, 19, 20, 16, 17, 15, 4, 0, 35, 23, 22, 21, 24, 25, 26, 40, 41, 42, 39, 38, 37, 36, 3, 2, 1, 28, 27, 30, 29, 5, 6, 7, 9, 
29, 5, 6, 7, 9, 8, 32, 31, 10, 11, 14, 13, 12, 34, 33, 18, 19, 20, 16, 17, 15, 4, 0, 35, 23, 22, 21, 24, 25, 26, 40, 41, 42, 39, 38, 37, 36, 3, 2, 1, 28, 27, 30, 
38, 37, 36, 3, 2, 1, 28, 27, 30, 29, 5, 6, 7, 9, 8, 32, 31, 10, 11, 14, 13, 12, 34, 33, 18, 19, 20, 16, 17, 15, 4, 0, 35, 23, 22, 21, 24, 25, 26, 42, 41, 40, 39, 
14, 13, 12, 34, 33, 18, 19, 20, 16, 17, 15, 4, 0, 35, 23, 22, 21, 24, 25, 26, 40, 41, 42, 39, 38, 37, 36, 3, 2, 1, 28, 27, 30, 29, 5, 6, 7, 9, 8, 32, 31, 10, 11, 
38, 37, 36, 3, 2, 1, 28, 27, 30, 29, 5, 6, 7, 9, 8, 32, 31, 10, 11, 14, 13, 12, 34, 33, 18, 19, 20, 16, 17, 15, 4, 0, 35, 23, 22, 21, 24, 25, 26, 40, 41, 42, 39, 
38, 37, 36, 3, 2, 1, 28, 27, 30, 29, 5, 6, 7, 9, 8, 32, 31, 10, 11, 14, 13, 12, 34, 33, 18, 19, 20, 16, 17, 15, 4, 0, 35, 23, 22, 21, 24, 25, 26, 40, 41, 42, 39, 
0, 35, 23, 22, 21, 24, 25, 26, 40, 41, 42, 39, 38, 37, 36, 3, 2, 1, 28, 27, 30, 29, 5, 6, 7, 9, 8, 32, 31, 10, 11, 14, 13, 12, 34, 33, 18, 19, 20, 16, 17, 15, 4, 
22, 21, 24, 25, 26, 40, 41, 42, 39, 38, 37, 36, 3, 2, 1, 28, 27, 30, 29, 5, 6, 7, 9, 8, 32, 31, 10, 11, 14, 13, 12, 34, 33, 18, 19, 20, 16, 17, 15, 4, 0, 35, 23, 
14, 13, 12, 34, 33, 18, 19, 20, 16, 17, 15, 4, 0, 35, 23, 22, 21, 24, 25, 26, 40, 41, 42, 39, 38, 37, 36, 3, 2, 1, 28, 27, 30, 29, 5, 6, 7, 9, 8, 32, 31, 10, 11, 
25, 26, 40, 41, 42, 39, 38, 37, 36, 3, 2, 1, 28, 27, 30, 29, 5, 6, 7, 9, 8, 32, 31, 10, 11, 14, 13, 12, 34, 33, 18, 19, 20, 16, 17, 15, 4, 0, 35, 23, 22, 21, 24, 
42, 39, 38, 37, 36, 3, 2, 1, 28, 27, 30, 29, 5, 6, 7, 9, 8, 32, 31, 10, 11, 14, 13, 12, 34, 33, 18, 19, 20, 16, 17, 15, 4, 0, 35, 23, 22, 21, 24, 25, 26, 40, 41, 
37, 36, 3, 2, 1, 28, 27, 30, 29, 5, 6, 7, 9, 8, 32, 31, 10, 11, 14, 13, 12, 34, 33, 18, 19, 20, 16, 17, 15, 4, 0, 35, 23, 22, 21, 24, 25, 26, 40, 41, 42, 39, 38, 
23, 22, 21, 24, 25, 26, 40, 41, 42, 39, 38, 37, 36, 3, 2, 1, 28, 27, 30, 29, 5, 6, 7, 9, 8, 32, 31, 10, 11, 14, 13, 12, 34, 33, 18, 19, 20, 16, 17, 15, 4, 0, 35, 
35, 23, 22, 21, 24, 25, 26, 40, 41, 42, 39, 38, 37, 36, 3, 2, 1, 28, 27, 30, 29, 5, 6, 7, 9, 8, 32, 31, 10, 11, 14, 13, 12, 34, 33, 18, 19, 20, 16, 17, 15, 4, 0, 
26, 40, 41, 42, 39, 38, 37, 36, 3, 2, 1, 28, 27, 30, 29, 5, 6, 7, 9, 8, 32, 31, 10, 11, 14, 13, 12, 34, 33, 18, 19, 20, 16, 17, 15, 4, 0, 35, 23, 22, 21, 24, 25, 
31, 10, 11, 14, 13, 12, 34, 33, 18, 19, 20, 16, 17, 15, 4, 0, 35, 23, 22, 21, 24, 25, 26, 40, 41, 42, 39, 38, 37, 36, 3, 2, 1, 28, 27, 30, 29, 5, 6, 7, 9, 8, 32, 
42, 39, 38, 37, 36, 3, 2, 1, 28, 27, 30, 29, 5, 6, 7, 9, 8, 32, 31, 10, 11, 14, 13, 12, 34, 33, 18, 19, 20, 16, 17, 15, 4, 0, 35, 23, 22, 21, 24, 25, 26, 40, 41, 
22, 21, 24, 25, 26, 42, 41, 40, 39, 38, 37, 36, 3, 2, 1, 28, 27, 30, 29, 5, 6, 7, 9, 8, 32, 31, 10, 11, 14, 13, 12, 34, 33, 18, 19, 20, 16, 17, 15, 4, 0, 35, 23, 
19, 20, 16, 17, 15, 4, 0, 35, 23, 22, 21, 24, 25, 26, 40, 41, 42, 39, 38, 37, 36, 3, 2, 1, 28, 27, 30, 29, 5, 6, 7, 9, 8, 32, 31, 10, 11, 14, 13, 12, 34, 33, 18, 
42, 39, 38, 37, 36, 3, 2, 1, 28, 27, 30, 29, 5, 6, 7, 9, 8, 32, 31, 10, 11, 14, 13, 12, 34, 33, 18, 19, 20, 16, 17, 15, 4, 0, 35, 23, 22, 21, 24, 25, 26, 40, 41, 
29, 5, 6, 7, 9, 8, 32, 31, 10, 11, 14, 13, 12, 34, 33, 18, 19, 20, 16, 17, 15, 4, 0, 35, 23, 22, 21, 24, 25, 26, 40, 41, 42, 39, 38, 37, 36, 3, 2, 1, 28, 27, 30, 
21, 24, 25, 26, 40, 41, 42, 39, 38, 37, 36, 3, 2, 1, 28, 27, 30, 29, 5, 6, 7, 9, 8, 32, 31, 10, 11, 14, 13, 12, 34, 33, 18, 19, 20, 16, 17, 15, 4, 0, 35, 23, 22, 
0, 35, 23, 22, 21, 24, 25, 26, 40, 41, 42, 39, 38, 37, 36, 3, 2, 1, 28, 27, 30, 29, 5, 6, 7, 9, 8, 32, 31, 10, 11, 14, 13, 12, 34, 33, 18, 19, 20, 16, 17, 15, 4, 
23, 22, 21, 24, 25, 26, 40, 41, 42, 39, 38, 37, 36, 3, 2, 1, 28, 27, 30, 29, 5, 6, 7, 9, 8, 32, 31, 10, 11, 14, 13, 12, 34, 33, 18, 19, 20, 16, 17, 15, 4, 0, 35, 
15, 4, 0, 35, 23, 22, 21, 24, 25, 26, 40, 41, 42, 39, 38, 37, 36, 3, 2, 1, 28, 27, 30, 29, 5, 6, 7, 9, 8, 32, 31, 10, 11, 14, 13, 12, 34, 33, 18, 19, 20, 16, 17, 
15, 4, 0, 35, 23, 22, 21, 24, 25, 26, 40, 41, 42, 39, 38, 37, 36, 3, 2, 1, 28, 27, 30, 29, 5, 6, 7, 9, 8, 32, 31, 10, 11, 14, 13, 12, 34, 33, 18, 19, 20, 16, 17, 
39, 42, 41, 40, 26, 25, 24, 21, 22, 23, 35, 0, 4, 15, 17, 16, 20, 19, 18, 33, 34, 12, 13, 14, 11, 10, 31, 32, 8, 9, 7, 6, 5, 29, 30, 27, 36, 1, 2, 3, 28, 37, 38, 
17, 12, 34, 33, 14, 11, 10, 31, 32, 8, 9, 7, 6, 5, 29, 30, 27, 28, 1, 2, 3, 36, 37, 38, 39, 42, 41, 40, 26, 25, 24, 21, 22, 23, 35, 0, 4, 15, 13, 16, 20, 19, 18, 
11, 10, 31, 32, 8, 9, 7, 6, 5, 29, 30, 27, 28, 1, 2, 3, 36, 37, 38, 39, 40, 41, 42, 26, 25, 24, 21, 22, 23, 35, 0, 4, 15, 17, 20, 16, 19, 18, 14, 13, 12, 34, 33, 
27, 30, 29, 5, 6, 7, 9, 8, 32, 31, 10, 11, 14, 18, 19, 20, 16, 17, 15, 4, 0, 35, 23, 22, 21, 24, 25, 26, 40, 41, 42, 39, 38, 37, 36, 3, 2, 1, 28, 13, 12, 34, 33, 
16, 20, 19, 18, 33, 34, 12, 10, 14, 11, 13, 31, 32, 8, 9, 7, 6, 5, 29, 30, 27, 28, 1, 2, 3, 36, 37, 38, 39, 42, 41, 40, 26, 25, 24, 21, 22, 23, 35, 0, 4, 15, 17, 
6, 7, 9, 8, 32, 31, 10, 11, 14, 13, 12, 34, 33, 18, 19, 20, 16, 17, 15, 4, 0, 2, 23, 22, 21, 24, 25, 26, 40, 41, 42, 39, 38, 37, 36, 3, 35, 1, 28, 27, 30, 29, 5, 
16, 17, 15, 4, 0, 35, 23, 22, 21, 24, 25, 26, 40, 41, 42, 39, 38, 37, 36, 3, 2, 1, 28, 27, 30, 29, 5, 6, 7, 9, 8, 32, 31, 10, 11, 14, 18, 19, 20, 34, 12, 13, 33, 
31, 32, 8, 9, 7, 6, 5, 29, 30, 27, 10, 1, 2, 3, 36, 37, 38, 39, 40, 41, 42, 26, 25, 24, 21, 22, 23, 35, 0, 4, 15, 17, 16, 20, 19, 18, 33, 34, 12, 13, 14, 11, 28, 
15, 17, 16, 20, 19, 18, 33, 34, 12, 13, 3, 11, 10, 31, 32, 8, 9, 7, 6, 5, 29, 30, 27, 28, 1, 2, 14, 36, 37, 38, 39, 42, 41, 40, 26, 25, 24, 21, 22, 23, 35, 0, 4, 
26, 25, 24, 21, 22, 23, 35, 0, 4, 15, 17, 16, 20, 19, 18, 33, 34, 12, 13, 14, 11, 36, 31, 32, 8, 9, 7, 6, 5, 29, 30, 27, 28, 1, 2, 3, 10, 37, 38, 39, 40, 41, 42, 
3, 36, 37, 38, 39, 42, 41, 40, 26, 25, 24, 21, 22, 23, 35, 0, 4, 15, 17, 16, 20, 19, 18, 33, 34, 12, 13, 6, 11, 10, 31, 32, 8, 9, 7, 28, 5, 29, 30, 27, 14, 1, 2, 
2, 3, 32, 37, 38, 39, 42, 41, 40, 26, 25, 24, 21, 22, 23, 35, 0, 4, 15, 17, 16, 20, 19, 18, 33, 34, 12, 13, 14, 11, 10, 31, 36, 8, 9, 7, 6, 5, 29, 30, 27, 28, 1, 
17, 15, 4, 0, 35, 23, 22, 21, 24, 25, 26, 40, 41, 42, 39, 38, 37, 36, 3, 2, 1, 28, 27, 30, 16, 5, 6, 7, 9, 8, 32, 31, 10, 11, 14, 13, 12, 34, 33, 18, 19, 20, 29, 
40, 26, 25, 24, 21, 22, 23, 35, 0, 4, 15, 17, 16, 20, 19, 18, 33, 34, 12, 2, 14, 11, 10, 31, 5, 8, 9, 7, 6, 32, 29, 30, 27, 28, 1, 13, 3, 36, 37, 38, 39, 42, 41, 
33, 34, 12, 13, 14, 11, 10, 31, 32, 8, 9, 7, 6, 5, 29, 30, 27, 28, 1, 17, 3, 36, 37, 38, 39, 42, 41, 40, 26, 25, 24, 21, 22, 23, 35, 0, 4, 15, 2, 16, 20, 19, 18, 
42, 39, 38, 37, 36, 3, 2, 1, 28, 27, 30, 29, 26, 6, 7, 9, 8, 32, 31, 10, 11, 14, 13, 12, 34, 33, 18, 19, 20, 16, 17, 15, 4, 0, 35, 23, 22, 21, 24, 25, 5, 40, 41, 
34, 33, 18, 19, 20, 16, 17, 15, 4, 23, 35, 0, 22, 21, 24, 25, 26, 40, 41, 42, 39, 38, 37, 36, 3, 2, 1, 28, 27, 30, 29, 5, 6, 7, 9, 8, 32, 31, 10, 11, 14, 13, 12, 
31, 32, 8, 9, 7, 6, 5, 29, 24, 27, 28, 1, 2, 3, 36, 37, 38, 39, 42, 41, 40, 26, 25, 30, 21, 22, 23, 35, 0, 4, 15, 17, 16, 20, 19, 18, 33, 34, 12, 13, 14, 11, 10, 
20, 16, 17, 15, 8, 0, 35, 23, 22, 21, 24, 25, 26, 40, 41, 42, 39, 38, 37, 36, 3, 2, 1, 28, 27, 30, 29, 5, 6, 7, 9, 4, 32, 31, 10, 11, 14, 13, 12, 34, 33, 18, 19, 
38, 39, 42, 41, 40, 26, 25, 32, 21, 22, 23, 35, 0, 4, 15, 17, 16, 20, 19, 18, 33, 34, 12, 13, 14, 11, 10, 31, 24, 8, 9, 7, 6, 5, 29, 30, 27, 28, 1, 2, 3, 36, 37, 
34, 29, 13, 14, 11, 10, 31, 32, 8, 9, 7, 6, 5, 12, 30, 27, 28, 1, 2, 0, 36, 37, 38, 39, 42, 41, 40, 26, 25, 24, 21, 22, 23, 35, 3, 16, 15, 17, 4, 20, 19, 18, 33, 
25, 2, 21, 22, 23, 35, 0, 4, 10, 17, 16, 20, 6, 18, 33, 7, 12, 13, 14, 11, 15, 31, 32, 8, 9, 34, 19, 5, 29, 30, 27, 28, 1, 24, 3, 36, 37, 38, 39, 42, 41, 40, 26, 
39, 42, 41, 40, 26, 25, 24, 21, 22, 23, 35, 0, 4, 15, 17, 27, 20, 19, 16, 33, 34, 12, 13, 14, 11, 10, 31, 1, 8, 9, 7, 6, 5, 29, 30, 18, 28, 32, 2, 3, 36, 37, 38, 
37, 15, 12, 13, 14, 11, 10, 31, 32, 8, 9, 7, 6, 5, 29, 30, 27, 28, 1, 2, 3, 36, 33, 38, 39, 42, 41, 40, 26, 25, 34, 21, 22, 23, 35, 0, 4, 24, 17, 16, 20, 19, 18, 
23, 22, 21, 24, 25, 26, 40, 41, 42, 39, 38, 37, 36, 3, 2, 1, 28, 27, 30, 29, 5, 6, 7, 9, 8, 32, 31, 10, 11, 14, 13, 12, 34, 33, 18, 20, 15, 4, 0, 35, 17, 16, 19, 
36, 3, 2, 1, 28, 27, 30, 29, 5, 23, 7, 9, 8, 32, 31, 10, 24, 14, 15, 12, 34, 33, 18, 19, 20, 16, 17, 13, 4, 0, 35, 6, 22, 21, 11, 25, 26, 40, 41, 42, 39, 38, 37, 
2, 3, 36, 37, 38, 39, 42, 41, 40, 26, 25, 17, 9, 22, 23, 15, 0, 4, 35, 24, 16, 20, 19, 18, 33, 34, 13, 12, 14, 11, 10, 31, 32, 8, 21, 7, 6, 5, 29, 30, 27, 28, 1, 
11, 10, 31, 32, 8, 9, 7, 6, 5, 29, 30, 27, 28, 1, 2, 3, 36, 40, 38, 39, 37, 41, 42, 26, 25, 24, 21, 22, 23, 35, 0, 4, 15, 17, 16, 20, 19, 18, 14, 13, 12, 34, 33, 
41, 42, 39, 38, 37, 36, 3, 2, 1, 28, 27, 30, 29, 5, 6, 7, 9, 8, 32, 31, 10, 11, 14, 18, 19, 20, 16, 17, 15, 4, 0, 35, 23, 22, 21, 24, 25, 26, 40, 12, 13, 34, 33, 
33, 18, 19, 20, 16, 17, 15, 4, 0, 35, 23, 22, 21, 24, 25, 26, 40, 39, 38, 37, 36, 3, 2, 1, 28, 27, 30, 29, 5, 6, 7, 9, 8, 32, 31, 10, 11, 14, 13, 12, 34, 41, 42, 
3, 36, 37, 38, 39, 42, 41, 15, 26, 25, 24, 21, 22, 23, 35, 0, 4, 40, 17, 16, 20, 19, 18, 33, 34, 12, 13, 14, 11, 10, 31, 32, 8, 9, 7, 6, 5, 29, 30, 27, 28, 1, 2, 
38, 37, 36, 3, 2, 1, 28, 27, 30, 29, 5, 6, 7, 9, 8, 32, 31, 10, 11, 14, 18, 19, 20, 16, 17, 15, 4, 0, 35, 23, 22, 21, 24, 25, 26, 40, 41, 42, 39, 33, 34, 12, 13, 
11, 14, 13, 12, 34, 33, 18, 19, 20, 16, 17, 15, 4, 0, 35, 23, 22, 21, 24, 25, 26, 40, 39, 38, 37, 36, 3, 2, 1, 28, 27, 30, 29, 5, 6, 7, 9, 8, 32, 31, 10, 42, 41, 
31, 10, 11, 14, 13, 12, 34, 33, 18, 19, 20, 16, 17, 15, 4, 0, 35, 23, 22, 21, 24, 25, 26, 40, 39, 38, 37, 36, 3, 2, 1, 28, 27, 30, 29, 5, 6, 7, 9, 8, 32, 41, 42, 
31, 32, 8, 9, 7, 6, 5, 42, 30, 27, 28, 1, 2, 3, 36, 37, 38, 39, 40, 41, 29, 26, 25, 24, 21, 22, 23, 35, 0, 4, 15, 17, 16, 20, 19, 18, 33, 34, 12, 13, 14, 11, 10, 
2, 3, 36, 37, 38, 39, 42, 41, 1, 26, 25, 24, 21, 22, 23, 35, 0, 4, 15, 17, 16, 20, 19, 18, 33, 34, 12, 13, 14, 11, 10, 31, 32, 8, 9, 7, 6, 5, 29, 30, 27, 28, 40, 
34, 12, 13, 14, 11, 10, 31, 32, 8, 9, 7, 6, 36, 29, 30, 27, 28, 1, 2, 3, 5, 37, 33, 39, 42, 41, 40, 26, 25, 24, 21, 22, 23, 35, 0, 4, 15, 17, 16, 20, 19, 18, 38, 
25, 24, 21, 22, 23, 35, 0, 4, 15, 17, 16, 20, 7, 18, 33, 38, 12, 13, 14, 11, 10, 31, 32, 8, 9, 19, 6, 5, 29, 30, 27, 28, 1, 2, 3, 36, 37, 34, 39, 42, 41, 40, 26, 
41, 42, 26, 40, 39, 38, 37, 36, 3, 2, 1, 28, 27, 30, 29, 5, 6, 7, 9, 8, 32, 31, 10, 11, 22, 21, 24, 25, 34, 12, 13, 14, 18, 19, 20, 16, 17, 15, 4, 0, 35, 23, 33, 
42, 39, 38, 37, 36, 3, 2, 1, 28, 27, 30, 29, 5, 6, 7, 9, 8, 32, 31, 10, 11, 14, 13, 12, 34, 33, 0, 35, 23, 22, 21, 24, 25, 26, 40, 41, 17, 15, 4, 20, 16, 19, 18, 
33, 34, 28, 13, 22, 11, 10, 31, 38, 8, 9, 7, 6, 5, 29, 30, 27, 12, 1, 2, 3, 36, 37, 32, 39, 42, 41, 40, 26, 25, 24, 21, 14, 23, 35, 0, 4, 15, 17, 16, 20, 19, 18, 
26, 21, 24, 25, 40, 22, 41, 42, 39, 38, 37, 36, 3, 2, 1, 28, 27, 30, 29, 5, 6, 7, 9, 8, 32, 31, 20, 11, 14, 13, 12, 34, 33, 18, 19, 10, 16, 17, 15, 4, 0, 35, 23, 
11, 14, 13, 12, 19, 33, 18, 34, 20, 22, 17, 15, 4, 0, 35, 23, 30, 21, 24, 25, 26, 40, 39, 38, 37, 36, 3, 2, 1, 28, 27, 16, 29, 5, 6, 7, 9, 8, 32, 31, 10, 41, 42, 
28, 1, 2, 3, 36, 37, 38, 5, 42, 41, 40, 26, 25, 24, 21, 22, 23, 35, 0, 4, 15, 17, 16, 20, 19, 18, 33, 34, 12, 13, 14, 11, 10, 31, 32, 8, 9, 7, 6, 39, 29, 30, 27, 
39, 2, 3, 36, 37, 38, 1, 42, 41, 40, 26, 25, 24, 21, 22, 23, 35, 0, 4, 15, 17, 16, 20, 19, 18, 33, 34, 12, 13, 14, 11, 10, 31, 32, 8, 9, 7, 6, 5, 29, 30, 27, 28, 
34, 12, 41, 14, 11, 10, 31, 32, 8, 9, 7, 6, 5, 29, 30, 27, 28, 1, 2, 3, 36, 37, 38, 39, 42, 13, 40, 26, 25, 24, 21, 22, 23, 35, 0, 4, 15, 17, 16, 20, 19, 18, 33, 
Tiempo de ejecucion (total): 31.522
Best fitness a lo largo del tiempo: 
17311, 11925, 11785, 6543, 6390, 6205, 6205, 6152, 6144, 6083, 6073, 5967, 5967, 5932, 5921, 5920, 5889, 5889, 5889, 5874, 5873, 5858, 5834, 5829, 5829, 5829, 5829, 5829, 5829, 5829, 5811, 5811, 5799, 5790, 5753, 5753, 5753, 5753, 5753, 5747, 5747, 5747, 5747, 5747, 5730, 5730, 5730, 5730, 5728, 5707, 5707, 5707, 5707, 5699, 5695, 5695, 5695, 5695, 5693, 5691, 5691, 5691, 5689, 5689, 5689, 5689, 5681, 5681, 5681, 5661, 5661, 5661, 5661, 5661, 5661, 5661, 5661, 5661, 5661, 5651, 5651, 5651, 5651, 5651, 5651, 5651, 5649, 5647, 5647, 5647, 5641, 5641, 5641, 5641, 5639, 5639, 5639, 5639, 5639, 5639, 5639, 5639, 5639, 5639, 5639, 5639, 5639, 5639, 5639, 5639, 5639, 5639, 5639, 5639, 5639, 5639, 5639, 5639, 5639, 5639, 5639, 5639, 5639, 5639, 5639, 5639, 5639, 5639, 5639, 5639, 5639, 5639, 5639, 5639, 5637, 5637, 5637, 5637, 5637, 5635, 5629, 5629, 5629, 5629, 5629, 5629, 5629, 5629, 5629, 5629, 5629, 5629, 5629, 5629, 5629, 5629, 5629, 5629, 5629, 5629, 5629, 5629, 5629, 5629, 5629, 5629, 5629, 5629, 5629, 5629, 5629, 5629, 5629, 5629, 5629, 5629, 5629, 5629, 5629, 5629, 5629, 5629, 5629, 5629, 5629, 5629, 5629, 5629, 5629, 5629, 5629, 5629, 5629, 5629, 5629, 5629, 5629, 5629, 5629, 5629, 5629, 5629, 5629, 5629, 5629, 5629, 5629, 5629, 5629, 5629, 5629, 5629, 5629, 5629, 5629, 5629, 5629, 5629, 5629, 5629, 5629, 5629, 5629, 5629, 5629, 5629, 5629, 5629, 5629, 5629, 5629, 5629, 5629, 5629, 5629, 5629, 5629, 5629, 5629, 5629, 5629, 5629, 5629, 5629, 5629, 5629, 5629, 5629, 5629, 5629, 5629, 5629, 5629, 5629, 5629, 5629, 5629, 5629, 5629, 5629, 5629, 5629, 5629, 5629, 5629, 5629, 5629, 5629, 5629, 5629, 5629, 5629, 5629, 5629, 5629, 5629, 5629, 5629, 5629, 5629, 5629, 5629, 5629, 5629, 5629, 5629, 5629, 5629, 5629, 5629, 5629, 5629, 5629, 5629, 5629, 5629, 5629, 5629, 5629, 5629, 5629, 5629, 5629, 5629, 5629, 5629, 5629, 5629, 5629, 5629, 5629, 5629, 5629, 5629, 5629, 5629, 5629, 5629, 5629, 5629, 5629, 5629, 5629, 5629, 5629, 5629, 5629, 5629, 5629, 5629, 5629, 5629, 5629, 5629, 5629, 5629, 5629, 5629, 5629, 5629, 5629, 5629, 5629, 5629, 5629, 5629, 5629, 5629, 5629, 5629, 5629, 5629, 5629, 5629, 5629, 5629, 5629, 5629, 5629, 5629, 5625, 5625, 5625, 5625, 5625, 5625, 5625, 5625, 5625, 5625, 5625, 5625, 5625, 5625, 5625, 5625, 5625, 5625, 5625, 5625, 5625, 5625, 5625, 5625, 5625, 5625, 5625, 5625, 5625, 5625, 5625, 5625, 5625, 5625, 5625, 5625, 5625, 5625, 5625, 5625, 5625, 5625, 5625, 5625, 5625, 5625, 5625, 5625, 5625, 5625, 5625, 5625, 5625, 5625, 5625, 5625, 5625, 5625, 5625, 5625, 5625, 5625, 5625, 5625, 5625, 5625, 5625, 5625, 5625, 5625, 5625, 5625, 5625, 5625, 5625, 5625, 5625, 5625, 5625, 5625, 5625, 5625, 5625, 5625, 5625, 5625, 5625, 5625, 5625, 5625, 5625, 5625, 5625, 5625, 5625, 5625, 5625, 5625, 5625, 5625, 5625, 5625, 5625, 5625, 5625, 5625, 5625, 5625, 5625, 5625, 5625, 5625, 5625, 5625, 5625, 5625, 5625, 5625, 5625, 5625, 5625, 5625, 5625, 5625, 5625, 5625, 5625, 5625, 5625, 5625, 5625, 5625, 5625, 5625, 5625, 5625, 5625, 5625, 5625, 5625, 5625, 5625, 5625, 5625, 5625, 5625, 5625, 5625, 5625, 5625, 5625, 5625, 5625, 5625, 5625, 5625, 5625, 5625, 5625, 5625, 5625, 5625, 5625, 5625, 5625, 5625, 5625, 5625, 5625, 5625, 5625, 5625, 5625, 5625, 5625, 5625, 5625, 5625, 5625, 5625, 5625, 5625, 5625, 5625, 5625, 5625, 5625, 5625, 5625, 5625, 5625, 5625, 5625, 5625, 5625, 5625, 5625, 5625, 5625, 5625, 5625, 5625, 5625, 5625, 5625, 5625, 5625, 5625, 5625, 5625, 5625, 5625, 5625, 5625, 5625, 5625, 5625, 5625, 5625, 5625, 5625, 5625, 5625, 5625, 5625, 5625, 5625, 5625, 5625, 5625, 5625, 5625, 5625, 5625, 5625, 5625, 5625, 5625, 5625, 5625, 5625, 5625, 5625, 5625, 5625, 5625, 5625, 5625, 5625, 5625, 5625, 5625, 5625, 5625, 5625, 5625, 5625, 5625, 5625, 5625, 5625, 5625, 5625, 5625, 5625, 5625, 5625, 5625, 5625, 5625, 5625, 5625, 5625, 5625, 5625, 5625, 5625, 5625, 5625, 5625, 5625, 5625, 5625, 5625, 5625, 5625, 5625, 5625, 5625, 5625, 5625, 5625, 5625, 5625, 5625, 5625, 5625, 5625, 5625, 5625, 5625, 5625, 5625, 5625, 5625, 5625, 5625, 5625, 5625, 5625, 5625, 5625, 5625, 5625, 5625, 5625, 5625, 5625, 5625, 5625, 5625, 5625, 5625, 5625, 5625, 5625, 5625, 5625, 5625, 5625, 5625, 5625, 5625, 5625, 5625, 5625, 5625, 5625, 5625, 5625, 5625, 5625, 5625, 5625, 5625, 5625, 5625, 5625, 5625, 5625, 5625, 5625, 5625, 5625, 5625, 5625, 5625, 5625, 5625, 5625, 5625, 5625, 5625, 5625, 5625, 5625, 5625, 5625, 5625, 5625, 5625, 5625, 5625, 5625, 5625, 5625, 5625, 5625, 5625, 5625, 5625, 5625, 5625, 5625, 5625, 5625, 5625, 5625, 5625, 5625, 5625, 5625, 5625, 5625, 5625, 5625, 5625, 5625, 5625, 5625, 5625, 5625, 5625, 5625, 5625, 5625, 5625, 5625, 5625, 5625, 5625, 5625, 5625, 5625, 5625, 5625, 5625, 5625, 5625, 5625, 5625, 5625, 5625, 5625, 5625, 5625, 5625, 5625, 5625, 5625, 5625, 5625, 5625, 5625, 5625, 5625, 5625, 5625, 5625, 5625, 5625, 5625, 5625, 5625, 5625, 5625, 5625, 5625, 5625, 5625, 5625, 5625, 5625, 5625, 5625, 5625, 5625, 5625, 5625, 5625, 5625, 5625, 5625, 5625, 5625, 5625, 5625, 5625, 5625, 5625, 5625, 5625, 5625, 5625, 5625, 5625, 5625, 5625, 5625, 5625, 5625, 5625, 5625, 5625, 5625, 5625, 5625, 5625, 5625, 5625, 5625, 5625, 5625, 5625, 5625, 5625, 5625, 5625, 5625, 5625, 5625, 5625, 5625, 5625, 5625, 5625, 5625, 5625, 5625, 5625, 5625, 5625, 5625, 5625, 5625, 5625, 5625, 5625, 5625, 5625, 5625, 5625, 5625, 5625, 5625, 5625, 5625, 5625, 5625, 5625, 5625, 5625, 5625, 5625, 5625, 5625, 5625, 5625, 5625, 5625, 5625, 5625, 5625, 5625, 5625, 5625, 5625, 5625, 5625, 5625, 5625, 5625, 5625, 5625, 5625, 5625, 5625, 5625, 5625, 5625, 5625, 5625, 5625, 5625, 5625, 5625, 5625, 5625, 5625, 5625, 5625, 5625, 5625, 5625, 5625, 5625, 5625, 5625, 5625, 5625, 5625, 5625, 5625, 5625, 5625, 5625, 5625, 5625, 5625, 5625, 5625, 5625, 5625, 5625, 5625, 5625, 5625, 5625, 5625, 5625, 5625, 5625, 5625, 5625, 5625, 5625, 5625, 5625, 5625, 5625, 5625, 5625, 5625, 5625, 5625, 5625, 5625, 5625, 5625, 5625, 5625, 5625, 5625, 5625, 5625, 5625, 5625, 5625, 5625, 5625, 5625, 5625, 5625, 5625, 5625, 5625, 5625, 5625, 5625, 5625, 5625, 5625, 5625, 5625, 5625, 5625, 5625, 5625, 5625, 5625, 5625, 5625, 5625, 5625, 5625, 5625, 5625, 5625, 5625, 5625, 5625, 5625, 5625, 5625, 5625, 5625, 5625, 5625, 5625, 5625, 5625, 5625, 5625, 5625, 5625, 5625, 5625, 5625, 5625, 5625, 5625, 5625, 5625, 5625, 5625, 5625, 5625, 5625, 5625, 5625, 5625, 5625, 5625, 5625, 5625, 5625, 5625, 5625, 5625, 5625, 5625, 5625, 5625, 5625, 5625, 5625, 5625, 5625, 5625, 5625, 5625, 5625, 5625, 5625, 5625, 5625, 5625, 5625, 5625, 5625, 5625, 5625, 5625, 5625, 5625, 5625, 5625, 5625, 5625, 5625, 5625, 5625, 5625, 5625, 5625, 5625, 5625, 5625, 5625, 5625, 5625, 5625, 5625, 5625, 5625, 5625, 5625, 5625, 5625, 5625, 5625, 5625, 5625, 5625, 5625, 5625, 5625, 5625, 5625, 5625, 5625, 5625, 5625, 5625, 5625, 5625, 5625, 5625, 5625, 5625, 5625, 5625, 5625, 5625, 5625, 5625, 5625, 5625, 5625, 5625, 5625, 5625, 5625, 5625, 5625, 5625, 5625, 5625, 5625, 5625, 5625, 5625, 5625, 5625, 5625, 5625, 5625, 5625, 5625, 5625, 5625, 5625, 5625, 5625, 5625, 5625, 5625, 5625, 5625, 5625, 5625, 5625, 5625, 5625, 5625, 5625, 5625, 5625, 5625, 5625, 5625, 5625, 5625, 5625, 5625, 5625, 5625, 5625, 5625, 5625, 5625, 5625, 5625, 5625, 5625, 5625, 5625, 5625, 5625, 5625, 5625, 5625, 5625, 5625, 5625, 5625, 5625, 5625, 5625, 5625, 5625, 5625, 5625, 5625, 5625, 5625, 5625, 5625, 5625, 5625, 5625, 5625, 5625, 5625, 5625, 5625, 5625, 5625, 5625, 5625, 5625, 5625, 5625, 5625, 5625, 5625, 5625, 5625, 5625, 5625, 5625, 5625, 5625, 5625, 5625, 5625, 5625, 5625, 5625, 5625, 5625, 5625, 5625, 5625, 5625, 5625, 5625, 5625, 5625, 5625, 5625, 5625, 5625, 5625, 5625, 5625, 5625, 5625, 5625, 5625, 5625, 5625, 5625, 5625, 5625, 5625, 5625, 5625, 5625, 5625, 5625, 5625, 5625, 5625, 5625, 5625, 5625, 5625, 5625, 5625, 5625, 5625, 5625, 5625, 5625, 5625, 5625, 5625, 5625, 5625, 5625, 5625, 5625, 5625, 5625, 5625, 5625, 5625, 5625, 5625, 5625, 5625, 5625, 5625, 5625, 5625, 5625, 5625, 5625, 5625, 5625, 5625, 5625, 5625, 5625, 5625, 5625, 5625, 5625, 5625, 5625, 5625, 5625, 5625, 5625, 5625, 5625, 5625, 5625, 5625, 5625, 5625, 5625, 5625, 5625, 5625, 5625, 5625, 5625, 5625, 5625, 5625, 5625, 5625, 5625, 5625, 5625, 5625, 5625, 5625, 5625, 5625, 5625, 5625, 5625, 5625, 5625, 5625, 5625, 5625, 5625, 5625, 5625, 5625, 5625, 5625, 5625, 5625, 5625, 5625, 5625, 5625, 5625, 5625, 5625, 5625, 5625, 5625, 5625, 5625, 5625, 5625, 5625, 5625, 5625, 5625, 5625, 5625, 5625, 5625, 5625, 5625, 5625, 5625, 5625, 5625, 5625, 5625, 5625, 5625, 5625, 5625, 5625, 5625, 5625, 5625, 5625, 5625, 5625, 5625, 5625, 5625, 5625, 5625, 5625, 5625, 5625, 5625, 5625, 5625, 5625, 5625, 5625, 5625, 5625, 5625, 5625, 5625, 5625, 5625, 5625, 5625, 5625, 5625, 5625, 5625, 5625, 5625, 5625, 5625, 5625, 5625, 5625, 5625, 5625, 5625, 5625, 5625, 5625, 5625, 5625, 5625, 5625, 5625, 5625, 5625, 5625, 5625, 5625, 5625, 5625, 5625, 5625, 5625, 5625, 5625, 5625, 5625, 5625, 5625, 5625, 5625, 5625, 5625, 5625, 5625, 5625, 5625, 5625, 5625, 5625, 5625, 5625, 5625, 5625, 5625, 5625, 5625, 5625, 5625, 5625, 5625, 5625, 5625, 5625, 5625, 5625, 5625, 5625, 5625, 5625, 5625, 5625, 5625, 5625, 5625, 5625, 5625, 5625, 5625, 5625, 5625, 5625, 5625, 5625, 5625, 5625, 5625, 5625, 5625, 5625, 5625, 5625, 5625, 5625, 5625, 5625, 5625, 5625, 5625, 5625, 5625, 5625, 5625, 5625, 5625, 5625, 5625, 5625, 5625, 5625, 5625, 5625, 5625, 5625, 5625, 5625, 5625, 5625, 5625, 5625, 5625, 5625, 5625, 5625, 5625, 5625, 5625, 5625, 5625, 5625, 5625, 5625, 5625, 5625, 5625, 5625, 5625, 5625, 5625, 5625, 5625, 5625, 5625, 5625, 5625, 5625, 5625, 5625, 5625, 5625, 5625, 5625, 5625, 5625, 5625, 5625, 5625, 5625, 5625, 5625, 5625, 5625, 5625, 5625, 5625, 5625, 5625, 5625, 5625, 5625, 5625, 5625, 5625, 5625, 5625, 5625, 5625, 5625, 5625, 5625, 5625, 5625, 5625, 5625, 5625, 5625, 5625, 5625, 5625, 5625, 5625, 5625, 5625, 5625, 5625, 5625, 5625, 5625, 5625, 5625, 5625, 5625, 5625, 5625, 5625, 5625, 5625, 5625, 5625, 5625, 5625, 5625, 5625, 5625, 5625, 5625, 5625, 5625, 5625, 5625, 5625, 5625, 5625, 5625, 5625, 5625, 5625, 5625, 5625, 5625, 5625, 5625, 5625, 5625, 5625, 5625, 5625, 5625, 5625, 5625, 5625, 5625, 5625, 5625, 5625, 5625, 5625, 5625, 5625, 5625, 5625, 5625, 5625, 5625, 5625, 5625, 5625, 5625, 5625, 5625, 5625, 5625, 5625, 5625, 5625, 5625, 5625, 5625, 5625, 5625, 5625, 5625, 5625, 5625, 5625, 5625, 5625, 5625, 5625, 5625, 5625, 5625, 5625, 5625, 5625, 5625, 5625, 5625, 5625, 5625, 5625, 5625, 5625, 5625, 5625, 5625, 5625, 5625, 5625, 5625, 5625, 5625, 5625, 5625, 5625, 5625, 5625, 5625, 5625, 5625, 5625, 5625, 5625, 5625, 5625, 5625, 5625, 5625, 5625, 5625, 5625, 5625, 5625, 5625, 5625, 5625, 5625, 5625, 5625, 5625, 5625, 5625, 5625, 5625, 5625, 5625, 5625, 5625, 5625, 5625, 5625, 5625, 5625, 5625, 5625, 5625, 5625, 5625, 5625, 5625, 5625, 5625, 5625, 5625, 5625, 5625, 5625, 5625, 5625, 5625, 5625, 5625, 5625, 5625, 5625, 5625, 5625, 5625, 5625, 5625, 5625, 5625, 5625, 5625, 5625, 5625, 5625, 5625, 5625, 5625, 5625, 5625, 5625, 5625, 5625, 5625, 5625, 5625, 5625, 5625, 5625, 5625, 5625, 5625, 5625, 5625, 5625, 5625, 5625, 5625, 5625, 5625, 5625, 5625, 5625, 5625, 5625, 5625, 5625, 5625, 5625, 5625, 5625, 5625, 5625, 5625, 5625, 5625, 5625, 5625, 5625, 5625, 5625, 5625, 5625, 5625, 5625, 5625, 5625, 5625, 5625, 5625, 5625, 5625, 5625, 5625, 5625, 5625, 5625, 5625, 5625, 5625, 5625, 5625, 5625, 5625, 5625, 5625, 5625, 5625, 5625, 5625, 5625, 5625, 5625, 5625, 5625, 5625, 5625, 5625, 5625, 5625, 5625, 5625, 5625, 5625, 5625, 5625, 5625, 5625, 5625, 5625, 5625, 5625, 5625, 5625, 5625, 5625, 5625, 5625, 5625, 5625, 5625, 5625, 5625, 5625, 5625, 5625, 5625, 5625, 5625, 5625, 5625, 5625, 5625, 5625, 5625, 5625, 5625, 5625, 5625, 5625, 5625, 5625, 5625, 5625, 5625, 5625, 5625, 5625, 5625, 5625, 5625, 5625, 5625, 5625, 5625, 5625, 5625, 5625, 5625, 5625, 5625, 5625, 5625, 5625, 5625, 5625, 5625, 5625, 5625, 5625, 5625, 5625, 5625, 5625, 5625, 5625, 5625, 5625, 5625, 5625, 5625, 5625, 5625, 5625, 5625, 5625, 5625, 5625, 5625, 5625, 5625, 5625, 5625, 5625, 5625, 5625, 5625, 5625, 5625, 5625, 5625, 5625, 5625, 5625, 5625, 5625, 5625, 5625, 5625, 5625, 5625, 5625, 5625, 5625, 5625, 5625, 5625, 5625, 5625, 5625, 5625, 5625, 5625, 5625, 5625, 5625, 5625, 5625, 5625, 5625, 5625, 5625, 5625, 5625, 5625, 5625, 5625, 5625, 5625, 5625, 5625, 5625, 5625, 5625, 5625, 5625, 5625, 5625, 5625, 5625, 5625, 5625, 5625, 5625, 5625, 5625, 5625, 5625, 5625, 5625, 5625, 5625, 5625, 5625, 5625, 5625, 5625, 5625, 5625, 5625, 5625, 5625, 5625, 5625, 5625, 5625, 5625, 5625, 5625, 5625, 5625, 5625, 5625, 5625, 5625, 5625, 5625, 5625, 5625, 5625, 5625, 5625, 5625, 5625, 5625, 5625, 5625, 5625, 5625, 5625, 5625, 5625, 5625, 5625, 5625, 5625, 5625, 5625, 5625, 5625, 5625, 5625, 5625, 5625, 5625, 5625, 5625, 5625, 5625, 5625, 5625, 5625, 5625, 5625, 5625, 5625, 5625, 5625, 5625, 5625, 5625, 5625, 5625, 5625, 5625, 5625, 5625, 5625, 5625, 5625, 5625, 5625, 5625, 5625, 5625, 5625, 5625, 5625, 5625, 5625, 5625, 5625, 5625, 5625, 5625, 5625, 5625, 5625, 5625, 5625, 5625, 5625, 5625, 5625, 5625, 5625, 5625, 5625, 5625, 5625, 5625, 5625, 5625, 5625, 5625, 5625, 5625, 5625, 5625, 5625, 5625, 5625, 5625, 5625, 5625, 5625, 5625, 5625, 5625, 5625, 5625, 5625, 5625, 5625, 5625, 5625, 5625, 5625, 5625, 5625, 5625, 5625, 5625, 5625, 5625, 5625, 5625, 5625, 5625, 5625, 5625, 5625, 5625, 5625, 5625, 5625, 5625, 5625, 5625, 5625, 5625, 5625, 5625, 5625, 5625, 5625, 5625, 5625, 5625, 5625, 5625, 5625, 5625, 5625, 5625, 5625, 5625, 5625, 5625, 5625, 5625, 5625, 5625, 5625, 5625, 5625, 5625, 5625, 5625, 5625, 5625, 5625, 5625, 5625, 5625, 5625, 5625, 5625, 5625, 5625, 5625, 5625, 5625, 5625, 5625, 5625, 5625, 5625, 5625, 5625, 5625, 5625, 5625, 5625, 5625, 5625, 5625, 5625, 5625, 5625, 5625, 5625, 5625, 5625, 5625, 5625, 5625, 5625, 5625, 5625, 5625, 5625, 5625, 5625, 5625, 5625, 5625, 5625, 5625, 5625, 5625, 5625, 5625, 5625, 5625, 5625, 5625, 5625, 5625, 5625, 5625, 5625, 5625, 5625, 5625, 5625, 5625, 5625, 5625, 5625, 5625, 5625, 5625, 5625, 5625, 5625, 5625, 5625, 5625, 5625, 5625, 5625, 5625, 5625, 5625, 5625, 5625, 5625, 5625, 5625, 5625, 5625, 5625, 5625, 5625, 5625, 5625, 5625, 5625, 5625, 5625, 5625, 5625, 5625, 5625, 5625, 5625, 5625, 5625, 5625, 5625, 5625, 5625, 5625, 5625, 5625, 5625, 5625, 5625, 5625, 5625, 5625, 5625, 5625, 5625, 5625, 5625, 5625, 5625, 5625, 5625, 5625, 5625, 5625, 5625, 5625, 5625, 5625, 5625, 5625, 5625, 5625, 5625, 5625, 5625, 5625, 5625, 5625, 5625, 5625, 5625, 5625, 5625, 5625, 5625, 5625, 5625, 5625, 5625, 5625, 5625, 5625, 5625, 5625, 5625, 5625, 5625, 5625, 5625, 5625, 5625, 5625, 5625, 5625, 5625, 5625, 5625, 5625, 5625, 5625, 5625, 5625, 5625, 5625, 5625, 5625, 5625, 5625, 5625, 5625, 5625, 5625, 5625, 5625, 5625, 5625, 5625, 5625, 5625, 5625, 5625, 5625, 5625, 5625, 5625, 5625, 5625, 5625, 5625, 5625, 5625, 5625, 5625, 5625, 5625, 5625, 5625, 5625, 5625, 5625, 5625, 5625, 5625, 5625, 5625, 5625, 5625, 5625, 5625, 5625, 5625, 5625, 5625, 5625, 5625, 5625, 5625, 5625, 5625, 5625, 5625, 5625, 5625, 5625, 5625, 5625, 5625, 5625, 5625, 5625, 5625, 5625, 5625, 5625, 5625, 5625, 5625, 5625, 5625, 5625, 5625, 5625, 5625, 5625, 5625, 5625, 5625, 5625, 5625, 5625, 5625, 5625, 5625, 5625, 5625, 5625, 5625, 5625, 5625, 5625, 5625, 5625, 5625, 5625, 5625, 5625, 5625, 5625, 5625, 5625, 5625, 5625, 5625, 5625, 5625, 5625, 5625, 5625, 5625, 5625, 5625, 5625, 5625, 5625, 5625, 5625, 5625, 5625, 5625, 5625, 5625, 5625, 5625, 5625, 5625, 5625, 5625, 5625, 5625, 5625, 5625, 5625, 5625, 5625, 5625, 5625, 5625, 5625, 5625, 5625, 5625, 5625, 5625, 5625, 5625, 5625, 5625, 5625, 5625, 5625, 5625, 5625, 5625, 5625, 5625, 5625, 5625, 5625, 5625, 5625, 5625, 5625, 5625, 5625, 5625, 5625, 5625, 5625, 5625, 5625, 5625, 5625, 5625, 5625, 5625, 5625, 5625, 5625, 5625, 5625, 5625, 5625, 5625, 5625, 5625, 5625, 5625, 5625, 5625, 5625, 5625, 5625, 5625, 5625, 5625, 5625, 5625, 5625, 5625, 5625, 5625, 5625, 5625, 5625, 5625, 5625, 5625, 5625, 5625, 5625, 5625, 5625, 5625, 5625, 5625, 5625, 5625, 5625, 5625, 5625, 5625, 5625, 5625, 5625, 5625, 5625, 5625, 5625, 5625, 5625, 5625, 5625, 5625, 5625, 5625, 5625, 5625, 5625, 5625, 5625, 5625, 5625, 5625, 5625, 5625, 5625, 5625, 5625, 5625, 5625, 5625, 5625, 5625, 5625, 5625, 5625, 5625, 5625, 5625, 5625, 5625, 5625, 5625, 5625, 5625, 5625, 5625, 5625, 5625, 5625, 5625, 5625, 5625, 5625, 5625, 5625, 5625, 5625, 5625, 5625, 5625, 5625, 5625, 5625, 5625, 5625, 5625, 5625, 5625, 5625, 5625, 5625, 5625, 5625, 5625, 5625, 5625, 5625, 5625, 5625, 5625, 5625, 5625, 5625, 5625, 5625, 5625, 5625, 5625, 5625, 5625, 5625, 5625, 5625, 5625, 5625, 5625, 5625, 5625, 5625, 5625, 5625, 5625, 5625, 5625, 5625, 5625, 5625, 5625, 5625, 5625, 5625, 5625, 5625, 5625, 5625, 5625, 5625, 5625, 5625, 5625, 5625, 5625, 5625, 5625, 5625, 5625, 5625, 5625, 5625, 5625, 5625, 5625, 5625, 5625, 5625, 5625, 5625, 5625, 5625, 5625, 5625, 5625, 5625, 5625, 5625, 5625, 5625, 5625, 5625, 5625, 5625, 5625, 5625, 5625, 5625, 5625, 5625, 5625, 5625, 5625, 5625, 5625, 5625, 5625, 5625, 5625, 5625, 5625, 5625, 5625, 5625, 5625, 5625, 5625, 5625, 5625, 5625, 5625, 5625, 5625, 5625, 5625, 5625, 5625, 5625, 5625, 5625, 5625, 5625, 5625, 5625, 5625, 5625, 5625, 5625, 5625, 5625, 5625, 5625, 5625, 5625, 5625, 5625, 5625, 5625, 5625, 5625, 5625, 5625, 5625, 5625, 5625, 5625, 5625, 5625, 5625, 5625, 5625, 5625, 5625, 5625, 5625, 5625, 5625, 5625, 5625, 5625, 5625, 5625, 5625, 5625, 5625, 5625, 5625, 5625, 5625, 5625, 5625, 5625, 5625, 5625, 5625, 5625, 5625, 5625, 5625, 5625, 5625, 5625, 5625, 5625, 5625, 5625, 5625, 5625, 5625, 5625, 5625, 5625, 5625, 5625, 5625, 5625, 5625, 5625, 5625, 5625, 5625, 5625, 5625, 5625, 5625, 5625, 5625, 5625, 5625, 5625, 5625, 5625, 5625, 5625, 5625, 5625, 5625, 5625, 5625, 5625, 5625, 5625, 5625, 5625, 5625, 5625, 5625, 5625, 5625, 5625, 5625, 5625, 5625, 5625, 5625, 5625, 5625, 5625, 5625, 5625, 5625, 5625, 5625, 5625, 5625, 5625, 5625, 5625, 5625, 5625, 5625, 5625, 5625, 5625, 5625, 5625, 5625, 5625, 5625, 5625, 5625, 5625, 5625, 5625, 5625, 5625, 5625, 5625, 5625, 5625, 5625, 5625, 5625, 5625, 5625, 5625, 5625, 5625, 5625, 5625, 5625, 5625, 5625, 5625, 5625, 5625, 5625, 5625, 5625, 5625, 5625, 5625, 5625, 5625, 5625, 5625, 5625, 5625, 5625, 5625, 5625, 5625, 5625, 5625, 5625, 5625, 5625, 5625, 5625, 5625, 5625, 5625, 5625, 5625, 5625, 5625, 5625, 5625, 5625, 5625, 5625, 5625, 5625, 5625, 5625, 5625, 5625, 5625, 5625, 5625, 5625, 5625, 5625, 5625, 5625, 5625, 5624, 5624, 5624, 5624, 5624, 5624, 5624, 5624, 5624, 5624, 5624, 5624, 5624, 5624, 5624, 5624, 5624, 5624, 5624, 5624, 5624, 5624, 5624, 5624, 5624, 5624, 5624, 5624, 5624, 5624, 5624, 5624, 5624, 5624, 5624, 5624, 5624, 5624, 5624, 5624, 5624, 5624, 5624, 5624, 5624, 5624, 5624, 5624, 5624, 5624, 5624, 5624, 5624, 5624, 5624, 5624, 5624, 5624, 5624, 5624, 5624, 5624, 5624, 5624, 5624, 5624, 5624, 5624, 5624, 5624, 5624, 5624, 5624, 5624, 5624, 5624, 5624, 5624, 5624, 5624, 5624, 5624, 5624, 5624, 5624, 5624, 5624, 5624, 5624, 5624, 5624, 5624, 5624, 5624, 5624, 5624, 5624, 5624, 5624, 5624, 5624, 5624, 5624, 5624, 5624, 5624, 5624, 5624, 5624, 5624, 5624, 5624, 5624, 5624, 5624, 5624, 5624, 5624, 5624, 5624, 5624, 5624, 5624, 5624, 5624, 5624, 5624, 5624, 5624, 5624, 5624, 5624, 5624, 5624, 5624, 5624, 5624, 5624, 5624, 5624, 5624, 5624, 5624, 5624, 5624, 5624, 5624, 5624, 5624, 5624, 5624, 5624, 5624, 5624, 5624, 5624, 5624, 5624, 5624, 5624, 5624, 5624, 5624, 5624, 5624, 5624, 5624, 5624, 5624, 5624, 5624, 5624, 5624, 5624, 5624, 5624, 5624, 5624, 5624, 5624, 5624, 5624, 5624, 5624, 5624, 5624, 5624, 5624, 5624, 5624, 5624, 5624, 5624, 5624, 5624, 5624, 5624, 5624, 5624, 5624, 5624, 5624, 5624, 5624, 5624, 5624, 5624, 5624, 5624, 5624, 5624, 5624, 5624, 5624, 5624, 5624, 5624, 5624, 5624, 5624, 5624, 5624, 5624, 5624, 5624, 5624, 5624, 5624, 5624, 5624, 5624, 5624, 5624, 5624, 5624, 5624, 5624, 5624, 5624, 5624, 5624, 5624, 5624, 5624, 5624, 5624, 5624, 5624, 5624, 5624, 5624, 5624, 5624, 5624, 5624, 5624, 5624, 5624, 5624, 5624, 5624, 5624, 5624, 5624, 5624, 5624, 5624, 5624, 5624, 5624, 5624, 5624, 5624, 5624, 5624, 5624, 5624, 5624, 5624, 5624, 5624, 5624, 5624, 5624, 5624, 5624, 5624, 5624, 5624, 5624, 5624, 5624, 5624, 5624, 5624, 5624, 5624, 5624, 5624, 5624, 5624, 5624, 5624, 5624, 5624, 5624, 5624, 5624, 5624, 5624, 5624, 5624, 5624, 5624, 5624, 5624, 5624, 5624, 5624, 5624, 5624, 5624, 5624, 5624, 5624, 5624, 5624, 5624, 5624, 5624, 5624, 5624, 5624, 5624, 5624, 5624, 5624, 5624, 5624, 5624, 5624, 5624, 5624, 5624, 5624, 5624, 5624, 5624, 5624, 5624, 5624, 5624, 5624, 5624, 5624, 5624, 5624, 5624, 5624, 5624, 5624, 5624, 5624, 5624, 5624, 5624, 5624, 5624, 5624, 5624, 5624, 5624, 5624, 5624, 5624, 5624, 5624, 5624, 5624, 5624, 5624, 5624, 5624, 5624, 5624, 5624, 5624, 5624, 5624, 5624, 5624, 5624, 5624, 5624, 5624, 5624, 5624, 5624, 5624, 5624, 5624, 5624, 5624, 5624, 5624, 5624, 5624, 5624, 5624, 5624, 5624, 5624, 5624, 5624, 5624, 5624, 5624, 5624, 5624, 5624, 5624, 5624, 5624, 5624, 5624, 5624, 5624, 5624, 5624, 5624, 5624, 5624, 5624, 5624, 5624, 5624, 5624, 5624, 5624, 5624, 5624, 5624, 5624, 5624, 5624, 5624, 5624, 5624, 5624, 5624, 5624, 5624, 5624, 5624, 5624, 5624, 5624, 5624, 5624, 5624, 5624, 5624, 5624, 5624, 5624, 5624, 5624, 5624, 5624, 5624, 5624, 5624, 5624, 5624, 5624, 5624, 5624, 5624, 5624, 5624, 5624, 5624, 5624, 5624, 5624, 5624, 5624, 5624, 5624, 5624, 5624, 5624, 5624, 5624, 5624, 5624, 5624, 5624, 5624, 5624, 5624, 5624, 5624, 5624, 5624, 5624, 5624, 5624, 5624, 5624, 5624, 5624, 5624, 5624, 5624, 5624, 5624, 5624, 5624, 5624, 5624, 5624, 5624, 5624, 5624, 5624, 5624, 5624, 5624, 5624, 5624, 5624, 5624, 5624, 5624, 5624, 5624, 5624, 5624, 5624, 5624, 5624, 5624, 5624, 5624, 5624, 5624, 5624, 5624, 5624, 5624, 5624, 5624, 5624, 5624, 5624, 5624, 5624, 5624, 5624, 5624, 5624, 5624, 5624, 5624, 5624, 5624, 5624, 5624, 5624, 5624, 5624, 5624, 5624, 5624, 5624, 5624, 5624, 5624, 5624, 5624, 5624, 5624, 5624, 5624, 5624, 5624, 5624, 5624, 5624, 5624, 5624, 5624, 5624, 5624, 5624, 5624, 5624, 5624, 5624, 5624, 5624, 5624, 5624, 5624, 5624, 5624, 5624, 5624, 5624, 5624, 5624, 5624, 5624, 5624, 5624, 5624, 5624, 5624, 5624, 5624, 5624, 5624, 5624, 5624, 5624, 5624, 5624, 5624, 5624, 5624, 5624, 5624, 5624, 5624, 5624, 5624, 5624, 5624, 5624, 5624, 5624, 5624, 5624, 5624, 5624, 5624, 5624, 5624, 5624, 5624, 5624, 5624, 5624, 5624, 5624, 5624, 5624, 5624, 5624, 5624, 5624, 5624, 5624, 5624, 5624, 5624, 5624, 5624, 5624, 5624, 5624, 5624, 5624, 5624, 5624, 5624, 5624, 5624, 5624, 5624, 5624, 5624, 5624, 5624, 5624, 5624, 5624, 5624, 5624, 5624, 5624, 5624, 5624, 5624, 5624, 5624, 5624, 5624, 5624, 5624, 5624, 5624, 5624, 5624, 5624, 5624, 5624, 5624, 5624, 5624, 5624, 5624, 5624, 5624, 5624, 5624, 5624, 5624, 5624, 5624, 5624, 5624, 5624, 5624, 5624, 5624, 5624, 5624, 5624, 5624, 5624, 5624, 5624, 5624, 5624, 5624, 5624, 5624, 5624, 5624, 5624, 5624, 5624, 5624, 5624, 5624, 5624, 5624, 5624, 5624, 5624, 5624, 5624, 5624, 5624, 5624, 5624, 5624, 5624, 5624, 5624, 5624, 5624, 5624, 5624, 5624, 5624, 5624, 5624, 5624, 5624, 5624, 5624, 5624, 5624, 5624, 5624, 5624, 5624, 5624, 5624, 5624, 5624, 5624, 5624, 5624, 5624, 5624, 5624, 5624, 5624, 5624, 5624, 5624, 5624, 5624, 5624, 5624, 5624, 5624, 5624, 5624, 5624, 5624, 5624, 5624, 5624, 5624, 5624, 5624, 5624, 5624, 5624, 5624, 5624, 5624, 5624, 5624, 5624, 5624, 5624, 5624, 5624, 5624, 5624, 5624, 5624, 5624, 5624, 5624, 5624, 5624, 5624, 5624, 5624, 5624, 5624, 5624, 5624, 5624, 5624, 5624, 5624, 5624, 5624, 5624, 5624, 5624, 5624, 5624, 5624, 5624, 5624, 5624, 5624, 5624, 5624, 5624, 5624, 5624, 5624, 5624, 5624, 5624, 5624, 5624, 5624, 5624, 5624, 5624, 5624, 5624, 5624, 5624, 5624, 5624, 5624, 5624, 5624, 5624, 5624, 5624, 5624, 5624, 5624, 5624, 5624, 5624, 5624, 5624, 5624, 5624, 5624, 5624, 5624, 5624, 5624, 5624, 5624, 5624, 5624, 5624, 5624, 5624, 5624, 5624, 5624, 5624, 5624, 5624, 5624, 5624, 5624, 5624, 5624, 5624, 5624, 5624, 5624, 5624, 5624, 5624, 5624, 5624, 5624, 5624, 5624, 5624, 5624, 5624, 5624, 5624, 5624, 5624, 5624, 5624, 5624, 5624, 5624, 5624, 5624, 5624, 5624, 5624, 5624, 5624, 5624, 5624, 5624, 5624, 5624, 5624, 5624, 5624, 5624, 5624, 5624, 5624, 5624, 5624, 5624, 5624, 5624, 5624, 5624, 5624, 5624, 5624, 5624, 5622, 5622, 5622, 5622, 5622, 5622, 5622, 5622, 5622, 5622, 5622, 5622, 5622, 5622, 5622, 5622, 5622, 5622, 5622, 5622, 5622, 5622, 5622, 5622, 5622, 5622, 5622, 5622, 5622, 5622, 5622, 5622, 5622, 5622, 5622, 5622, 5622, 5622, 5622, 5622, 5622, 5622, 5622, 5622, 5622, 5622, 5622, 5622, 5622, 5622, 5622, 5622, 5622, 5622, 5622, 5622, 5622, 5622, 5622, 5622, 5622, 5622, 5622, 5622, 5622, 5622, 5622, 5622, 5622, 5622, 5622, 5622, 5622, 5622, 5622, 5622, 5622, 5622, 5622, 5622, 5622, 5622, 5622, 5622, 5622, 5622, 5622, 5622, 5622, 5622, 5622, 5622, 5622, 5622, 5622, 5622, 5622, 5622, 5622, 5622, 5622, 5622, 5622, 5622, 5622, 5622, 5622, 5622, 5622, 5622, 5622, 5622, 5622, 5622, 5622, 5622, 5622, 5622, 5622, 5622, 5622, 5622, 5622, 5622, 5622, 5622, 5622, 5622, 5622, 5622, 5622, 5622, 5622, 5622, 5622, 5622, 5622, 5622, 5622, 5622, 5622, 5622, 5622, 5622, 5622, 5622, 5622, 5622, 5622, 5622, 5622, 5622, 5622, 5622, 5622, 5622, 5622, 5622, 5622, 5622, 5622, 5622, 5622, 5622, 5622, 5622, 5622, 5622, 5622, 5622, 5622, 5622, 5622, 5622, 5622, 5622, 5622, 5622, 5622, 5622, 5622, 5622, 5622, 5622, 5622, 5622, 5622, 5622, 5622, 5622, 5622, 5622, 5622, 5622, 5622, 5622, 5622, 5622, 5622, 5622, 5622, 5622, 5622, 5622, 5622, 5622, 5622, 5622, 5622, 5622, 5622, 5622, 5622, 5622, 5622, 5622, 5622, 5622, 5622, 5622, 5622, 5622, 5622, 5622, 5622, 5622, 5622, 5622, 5622, 5622, 5622, 5622, 5622, 5622, 5622, 5622, 5622, 5622, 5622, 5622, 5622, 5622, 5622, 5622, 5622, 5622, 5622, 5622, 5622, 5622, 5622, 5622, 5622, 5622, 5622, 5622, 5622, 5622, 5622, 5622, 5622, 5622, 5622, 5622, 5622, 5622, 5622, 5622, 5622, 5622, 5622, 5622, 5622, 5622, 5622, 5622, 5622, 5622, 5622, 5622, 5622, 5622, 5622, 5622, 5622, 5622, 5622, 5622, 5622, 5622, 5622, 5622, 5622, 5622, 5622, 5622, 5622, 5622, 5622, 5622, 5622, 5622, 5622, 5622, 5622, 5622, 5622, 5622, 5622, 5622, 5622, 5622, 5622, 5622, 5622, 5622, 5622, 5622, 5622, 5622, 5622, 5622, 5622, 5622, 5622, 5622, 5622, 5622, 5622, 5622, 5622, 5622, 5622, 5622, 5622, 5622, 5622, 5622, 5622, 5622, 5622, 5622, 5622, 5622, 5622, 5622, 5622, 5622, 5622, 5622, 5622, 5622, 5622, 5622, 5622, 5622, 5622, 5622, 5622, 5622, 5622, 5622, 5622, 5622, 5622, 5622, 5622, 5622, 5622, 5622, 5622, 5622, 5622, 5622, 5622, 5622, 5622, 5622, 5622, 5622, 5622, 5622, 5622, 5622, 5622, 5622, 5622, 5622, 5622, 5622, 5622, 5622, 5622, 5622, 5622, 5622, 5622, 5622, 5622, 5622, 5622, 5622, 5622, 5622, 5622, 5622, 5622, 5622, 5622, 5622, 5622, 5622, 5622, 5622, 5622, 5622, 5622, 5622, 5622, 5622, 5622, 5622, 5622, 5622, 5622, 5622, 5622, 5622, 5622, 5622, 5622, 5622, 5622, 5622, 5622, 5622, 5622, 5622, 5622, 5622, 5622, 5622, 5622, 5622, 5622, 5622, 5622, 5622, 5622, 5622, 5622, 5622, 5622, 5622, 5622, 5622, 5622, 5622, 5622, 5622, 5622, 5622, 5622, 5622, 5622, 5622, 5622, 5622, 5622, 5622, 5622, 5622, 5622, 5622, 5622, 5622, 5622, 5622, 5622, 5622, 5622, 5622, 5622, 5622, 5622, 5622, 5622, 5622, 5622, 5622, 5622, 5622, 5622, 5622, 5622, 5622, 5622, 5622, 5622, 5622, 5622, 5622, 5622, 5622, 5622, 5622, 5622, 5622, 5622, 5622, 5622, 5622, 5622, 5622, 5622, 5622, 5622, 5622, 5622, 5622, 5622, 5622, 5622, 5622, 5622, 5622, 5622, 5622, 5622, 5622, 5622, 5622, 5622, 5622, 5622, 5622, 5622, 5622, 5622, 5622, 5622, 5622, 5622, 5622, 5622, 5622, 5622, 5622, 5622, 5622, 5622, 5622, 5622, 5622, 5622, 5622, 5622, 5622, 5622, 5622, 5622, 5622, 5622, 5622, 5622, 5622, 5622, 5622, 5622, 5622, 5622, 5622, 5622, 5622, 5622, 5622, 5622, 5622, 5622, 5622, 5622, 5622, 5622, 5622, 5622, 5622, 5622, 5622, 5622, 5622, 5622, 5622, 5622, 5622, 5622, 5622, 5622, 5622, 5622, 5622, 5622, 5622, 5622, 5622, 5622, 5622, 5622, 5622, 5622, 5622, 5622, 5622, 5622, 5622, 5622, 5622, 5622, 5622, 5622, 5622, 5622, 5622, 5622, 5622, 5622, 5622, 5622, 5622, 5622, 5622, 5622, 5622, 5622, 5622, 5622, 5622, 5622, 5622, 5622, 5622, 5622, 5622, 5622, 5622, 5622, 5622, 5622, 5622, 5622, 5622, 5622, 5622, 5622, 5622, 5622, 5622, 5622, 5622, 5622, 5622, 5622, 5622, 5622, 5622, 5622, 5622, 5622, 5622, 5622, 5622, 5622, 5622, 5622, 5622, 5622, 5622, 5622, 5622, 5622, 5622, 5622, 5622, 5622, 5622, 5622, 5622, 5622, 5622, 5622, 5622, 5622, 5622, 5622, 5622, 5622, 5622, 5622, 5622, 5622, 5622, 5622, 5622, 5622, 5622, 5622, 5622, 5622, 5622, 5622, 5622, 5622, 5622, 5622, 5622, 5622, 5622, 5622, 5622, 5622, 5622, 5622, 5622, 5622, 5622, 5622, 5622, 5622, 5622, 5622, 5622, 5622, 5622, 5622, 5622, 5622, 5622, 5622, 5622, 5622, 5622, 5622, 5622, 5622, 5622, 5622, 5622, 5622, 5622, 5622, 5622, 5622, 5622, 5622, 5622, 5622, 5622, 5622, 5622, 5622, 5622, 5622, 5622, 5622, 5622, 5622, 5622, 5622, 5622, 5622, 5622, 5622, 5622, 5622, 5622, 5622, 5622, 5622, 5622, 5622, 5622, 5622, 5622, 5622, 5622, 5622, 5622, 5622, 5622, 5622, 5622, 5622, 5622, 5622, 5622, 5622, 5622, 5622, 5622, 5622, 5622, 5622, 5622, 5622, 5622, 5622, 5622, 5622, 5622, 5622, 5622, 5622, 5622, 5622, 5622, 5622, 5622, 5622, 5622, 5622, 5622, 5622, 5622, 5622, 5622, 5622, 5622, 5622, 5622, 5622, 5622, 5622, 5622, 5622, 5622, 5622, 5622, 5622, 5622, 5622, 5622, 5622, 5622, 5622, 5622, 5622, 5622, 5622, 5622, 5622, 5622, 5622, 5622, 5622, 5622, 5622, 5622, 5622, 5622, 5622, 5622, 5622, 5622, 5622, 5622, 5622, 5622, 5622, 5622, 5622, 5622, 5622, 5622, 5622, 5622, 5622, 5622, 5622, 5622, 5622, 5622, 5622, 5622, 5622, 5622, 5622, 5622, 5622, 5622, 5622, 5622, 5622, 5622, 5622, 5622, 5622, 5622, 5622, 5622, 5622, 5622, 5622, 5622, 5622, 5622, 5622, 5622, 5622, 5622, 5622, 5622, 5622, 5622, 5622, 5622, 5622, 5622, 5622, 5622, 5622, 5622, 5622, 5622, 5622, 5622, 5622, 5622, 5622, 5622, 5622, 5622, 5622, 5622, 5622, 5622, 5622, 5622, 5622, 5622, 5622, 5622, 5622, 5622, 5622, 5622, 5622, 5622, 5622, 5622, 5622, 5622, 5622, 5622, 5622, 5622, 5622, 5622, 5622, 5622, 5622, 5622, 5622, 5622, 5622, 5622, 5622, 5622, 5622, 5622, 5622, 5622, 5622, 5622, 5622, 5622, 5622, 5622, 5622, 5622, 5622, 5622, 5622, 5622, 5622, 5622, 5622, 5622, 5622, 5622, 5622, 5622, 5622, 5622, 5622, 5622, 5622, 5622, 5622, 5622, 5622, 5622, 5622, 5622, 5622, 5622, 5622, 5622, 5622, 5622, 5622, 5622, 5622, 5622, 5622, 5622, 5622, 5622, 5622, 5622, 5622, 5622, 5622, 5622, 5622, 5622, 5622, 5622, 5622, 5622, 5622, 5622, 5622, 5622, 5622, 5622, 5622, 5622, 5622, 5622, 5622, 5622, 5622, 5622, 5622, 5622, 5622, 5622, 5622, 5622, 5622, 5622, 5622, 5622, 5622, 5622, 5622, 5622, 5622, 5622, 5622, 5622, 5622, 5622, 5622, 5622, 5622, 5622, 5622, 5622, 5622, 5622, 5622, 5622, 5622, 5622, 5622, 5622, 5622, 5622, 5622, 5622, 5622, 5622, 5622, 5622, 5622, 5622, 5622, 5622, 5622, 5622, 5622, 5622, 5622, 5622, 5622, 5622, 5622, 5622, 5622, 5622, 5622, 5622, 5622, 5622, 5622, 5622, 5622, 5622, 5622, 5622, 5622, 5622, 5622, 5622, 5622, 5622, 5622, 5622, 5622, 5622, 5622, 5622, 5622, 5622, 5622, 5622, 5622, 5622, 5622, 5622, 5622, 5622, 5622, 5622, 5622, 5622, 5622, 5622, 5622, 5622, 5622, 5622, 5622, 5622, 5622, 5622, 5622, 5622, 5622, 5622, 5622, 5622, 5622, 5622, 5622, 5622, 5622, 5622, 5622, 5622, 5622, 5622, 5622, 5622, 5622, 5622, 5622, 5622, 5622, 5622, 5622, 5622, 5622, 5622, 5622, 5622, 5622, 5622, 5622, 5622, 5622, 5622, 5622, 5622, 5622, 5622, 5622, 5622, 5622, 5622, 5622, 5622, 5622, 5622, 5622, 5622, 5622, 5622, 5622, 5622, 5622, 5622, 5622, 5622, 5622, 5622, 5622, 5622, 5622, 5622, 5622, 5622, 5622, 5622, 5622, 5622, 5622, 5622, 5622, 5622, 5622, 5622, 5622, 5622, 5622, 5622, 5622, 5622, 5622, 5622, 5622, 5622, 5622, 5622, 5622, 5622, 5622, 5622, 5622, 5622, 5622, 5622, 5622, 5622, 5622, 5622, 5622, 5622, 5622, 5622, 5622, 5622, 5622, 5622, 5622, 5622, 5622, 5622, 5622, 5622, 5622, 5622, 5622, 5622, 5622, 5622, 5622, 5622, 5622, 5622, 5622, 5622, 5622, 5622, 5622, 5622, 5622, 5622, 5622, 5622, 5622, 5622, 5622, 5622, 5622, 5622, 5622, 5622, 5622, 5622, 5622, 5622, 5622, 5622, 5622, 5622, 5622, 5622, 5622, 5622, 5622, 5622, 5622, 5622, 5622, 5622, 5622, 5622, 5622, 5622, 5622, 5622, 5622, 5622, 5622, 5622, 5622, 5622, 5622, 5622, 5622, 5622, 5622, 5622, 5622, 5622, 5622, 5622, 5622, 5622, 5622, 5622, 5622, 5622, 5622, 5622, 5622, 5622, 5622, 5622, 5622, 5622, 5622, 5622, 5622, 5622, 5622, 5622, 5622, 5622, 5622, 5622, 5622, 5622, 5622, 5622, 5622, 5622, 5622, 5622, 5622, 5622, 5622, 5622, 5622, 5622, 5622, 5622, 5622, 5622, 5622, 5622, 5622, 5622, 5622, 5622, 5622, 5622, 5622, 5622, 5622, 5622, 5622, 5622, 5622, 5622, 5622, 5622, 5622, 5622, 5622, 5622, 5622, 5622, 5622, 5622, 5622, 5622, 5622, 5622, 5622, 5622, 5622, 5622, 5622, 5622, 5622, 5622, 5622, 5622, 5622, 5622, 5622, 5622, 5622, 5622, 5622, 5622, 5622, 5622, 5622, 5622, 5622, 5622, 5622, 5622, 5622, 5622, 5622, 5622, 5622, 5622, 5622, 5622, 5622, 5622, 5622, 5622, 5622, 5622, 5622, 5622, 5622, 5622, 5622, 5622, 5622, 5622, 5622, 5622, 5622, 5622, 5622, 5622, 5622, 5622, 5622, 5622, 5622, 5622, 5622, 5622, 5622, 5622, 5622, 5622, 5622, 5622, 5622, 5622, 5622, 5622, 5622, 5622, 5622, 5622, 5622, 5622, 5622, 5622, 5622, 5622, 5622, 5622, 5622, 5622, 5622, 5622, 5622, 5622, 5622, 5622, 5622, 5622, 5622, 5622, 5622, 5622, 5622, 5622, 5622, 5622, 5622, 5622, 5622, 5622, 5622, 5622, 5622, 5622, 5622, 5622, 5622, 5622, 5622, 5622, 5622, 5622, 5622, 5622, 5622, 5622, 5622, 5622, 5622, 5622, 5622, 5622, 5622, 5622, 5622, 5622, 5622, 5622, 5622, 5622, 5622, 5622, 5622, 5622, 5622, 5622, 5622, 5622, 5622, 5622, 5622, 5622, 5622, 5622, 5622, 5622, 5622, 5622, 5622, 5622, 5622, 5622, 5622, 5622, 5622, 5622, 5622, 5622, 5622, 5622, 5622, 5622, 5622, 5622, 5622, 5622, 5622, 5622, 5622, 5622, 5622, 5622, 5622, 5622, 5622, 5622, 5622, 5622, 5622, 5622, 5622, 5622, 5622, 5622, 5622, 5622, 5622, 5622, 5622, 5622, 5622, 5622, 5622, 5622, 5622, 5622, 5622, 5622, 5622, 5622, 5622, 5622, 5622, 5622, 5622, 5622, 5622, 5622, 5622, 5622, 5622, 5622, 5622, 5622, 5622, 5622, 5622, 5622, 5622, 5622, 5622, 5622, 5622, 5622, 5622, 5622, 5622, 5622, 5622, 5622, 5622, 5622, 5622, 5622, 5622, 5622, 5622, 5622, 5622, 5622, 5622, 5622, 5622, 5622, 5622, 5622, 5622, 5622, 5622, 5622, 5622, 5622, 5622, 5622, 5622, 5622, 5622, 5622, 5622, 5622, 5622, 5622, 5622, 5622, 5622, 5622, 5622, 5622, 5622, 5622, 5622, 5622, 5622, 5622, 5622, 5622, 5622, 5622, 5622, 5622, 5622, 5622, 5622, 5622, 5622, 5622, 5622, 5622, 5622, 5622, 5622, 5622, 5622, 5622, 5622, 5622, 5622, 5622, 5622, 5622, 5622, 5622, 5622, 5622, 5622, 5622, 5622, 5622, 5622, 5622, 5622, 5622, 5622, 5622, 5622, 5622, 5622, 5622, 5622, 5622, 5622, 5622, 5622, 5622, 5622, 5622, 5622, 5622, 5622, 5622, 5622, 5622, 5622, 5622, 5622, 5622, 5622, 5622, 5622, 5622, 5622, 5622, 5622, 5622, 5622, 5622, 5622, 5622, 5622, 5622, 5622, 5622, 5622, 5622, 5622, 5622, 5622, 5622, 5622, 5622, 5622, 5622, 5622, 5622, 5622, 5622, 5622, 5622, 5622, 5622, 5622, 5622, 5622, 5622, 5622, 5622, 5622, 5622, 5622, 5622, 5622, 5622, 5622, 5622, 5622, 5622, 5622, 5622, 5622, 5622, 5622, 5622, 5622, 5622, 5622, 5622, 5622, 5622, 5622, 5622, 5622, 5622, 5622, 5622, 5622, 5622, 5622, 5622, 5622, 5622, 5622, 5622, 5622, 5622, 5622, 5622, 5622, 5622, 5622, 5622, 5622, 5622, 5622, 5622, 5622, 5622, 5622, 5622, 5622, 5622, 5622, 5622, 5622, 5622, 5622, 5622, 5622, 5622, 5622, 5622, 5622, 5622, 5622, 5622, 5622, 5622, 5622, 5622, 5622, 5622, 5622, 5622, 5622, 5622, 5622, 5622, 5622, 5622, 5622, 5622, 5622, 5622, 5622, 5622, 5622, 5622, 5622, 5622, 5622, 5622, 5622, 5622, 5622, 5622, 5622, 5622, 5622, 5622, 5622, 5622, 5622, 5622, 5622, 5622, 5622, 5622, 5622, 5622, 5622, 5622, 5622, 5622, 5622, 5622, 5622, 5622, 5622, 5622, 5622, 5622, 5622, 5622, 5622, 5622, 5622, 5622, 5622, 5622, 5622, 5622, 5622, 5622, 5622, 5622, 5622, 5622, 5622, 5622, 5622, 5622, 5622, 5622, 5622, 5622, 5622, 5622, 5622, 5622, 5622, 5622, 5622, 5622, 5622, 5622, 5622, 5622, 5622, 5622, 5622, 5622, 5622, 5622, 5622, 5622, 5622, 5622, 5622, 5622, 5622, 5622, 5622, 5622, 5622, 5622, 5622, 5622, 5622, 5622, 5622, 5622, 5620, 
Fitness promedio a lo largo del tiempo: 
21747, 18090, 16140, 13823, 11913, 8296, 7876, 7061, 8123, 7761, 7050, 6790, 7305, 6690, 6987, 6949, 6918, 7164, 6950, 7312, 6800, 6636, 6367, 6346, 6709, 6780, 6234, 7784, 7399, 6753, 6663, 6487, 6750, 6680, 6457, 7254, 6187, 6354, 6177, 6271, 7184, 6182, 7220, 6939, 6259, 6600, 6704, 6645, 6537, 6751, 6794, 6849, 6450, 6124, 6766, 6912, 6175, 6116, 6540, 6277, 6189, 5914, 6603, 6274, 6387, 6474, 5787, 5794, 6425, 6155, 6407, 7047, 6884, 6442, 6453, 6076, 6933, 6675, 5728, 5697, 5803, 6135, 5699, 5869, 5700, 6239, 6728, 5784, 6059, 6017, 5845, 6069, 6063, 5941, 6227, 6083, 5686, 6168, 5649, 6015, 5653, 5669, 5801, 5665, 5681, 5663, 5989, 5733, 5657, 6438, 5660, 5647, 5673, 5663, 5659, 5671, 5656, 5678, 5792, 5678, 5670, 6002, 5938, 6003, 5875, 5663, 5668, 5831, 5677, 5679, 5657, 5978, 5736, 5880, 5651, 5893, 5663, 5885, 6277, 5862, 5892, 5703, 6372, 5643, 5981, 6213, 5674, 5730, 5738, 5923, 6436, 5889, 5668, 5953, 5645, 5668, 5927, 5920, 5648, 5721, 5881, 5663, 5686, 5644, 5673, 5665, 5657, 5824, 5870, 5809, 5780, 5817, 5644, 5724, 5639, 5646, 5774, 5650, 5817, 5646, 5658, 6159, 5647, 5784, 6586, 5875, 5638, 5663, 5643, 6055, 5663, 5640, 5983, 5933, 6153, 6049, 5645, 5720, 5655, 5671, 6265, 6049, 5664, 5672, 6084, 6046, 5881, 5638, 5723, 5713, 5845, 5657, 5636, 5645, 5645, 6645, 5680, 5650, 5876, 5654, 6659, 6089, 6107, 6481, 6102, 5836, 5653, 6181, 6146, 5784, 5657, 5659, 5655, 6172, 6271, 5834, 5998, 5645, 6119, 5661, 5658, 5648, 5768, 5994, 5715, 5780, 5655, 5670, 5985, 6048, 5652, 5944, 5777, 5645, 5641, 5652, 5637, 5836, 5650, 5994, 5668, 6154, 5653, 5665, 6051, 5653, 5657, 5648, 5658, 5925, 5647, 5767, 5647, 6382, 5658, 6098, 5642, 5845, 5829, 5841, 5652, 6038, 5653, 5762, 5714, 6807, 5653, 5945, 6379, 6147, 5652, 5666, 5977, 5657, 5666, 5879, 5713, 6098, 5646, 5713, 5675, 5880, 6155, 5664, 5647, 5660, 5774, 5668, 5658, 5655, 5929, 5716, 5656, 5657, 5640, 6308, 5646, 5670, 6039, 5933, 5642, 5653, 5657, 6659, 6165, 5889, 5638, 5645, 5671, 5639, 5665, 5937, 5771, 5639, 5636, 5666, 5666, 5649, 5654, 5772, 5661, 5675, 6006, 5671, 5672, 5644, 5646, 5786, 5664, 5932, 6357, 5638, 5988, 6332, 5714, 5923, 6057, 6261, 5665, 5884, 5662, 5779, 6562, 6233, 5658, 5657, 5666, 6486, 6341, 5647, 5779, 5829, 5645, 5664, 6066, 5660, 6143, 5659, 5657, 5645, 5937, 6049, 6265, 5645, 5815, 6809, 5739, 5652, 5867, 5651, 5977, 6526, 5816, 5712, 5790, 5651, 5630, 5943, 6092, 5636, 5646, 5641, 5890, 5657, 5949, 5653, 5778, 5653, 5638, 5657, 5650, 5650, 5643, 5831, 5630, 5643, 5666, 5651, 5653, 5653, 5652, 5926, 5717, 5652, 5852, 5653, 5671, 5641, 5650, 5647, 5665, 5981, 5648, 5995, 5647, 5657, 5645, 5879, 5763, 5924, 5773, 5698, 5639, 5655, 5668, 5657, 5661, 5734, 5958, 5655, 5756, 5661, 6155, 5711, 5673, 5805, 5727, 6171, 6254, 5815, 5654, 5739, 5652, 5668, 5649, 5638, 5822, 5646, 5978, 5880, 6069, 5653, 5667, 5824, 5806, 5664, 5789, 5642, 5988, 5647, 5657, 5815, 5653, 5756, 5818, 5843, 5989, 5638, 5675, 5672, 5880, 5713, 5784, 6180, 5773, 5671, 5647, 5645, 6151, 5838, 6085, 5897, 5654, 5658, 6584, 5959, 5642, 6340, 5676, 5670, 5657, 5788, 5645, 6044, 5658, 6275, 5785, 5659, 6062, 6410, 6474, 5652, 5988, 5660, 5657, 5720, 5643, 5653, 5650, 5653, 5761, 5732, 5714, 5714, 5891, 5641, 6033, 5638, 5661, 5656, 5651, 6011, 5646, 5723, 5658, 5824, 5631, 5780, 5648, 5645, 5657, 5657, 5680, 5635, 5671, 5779, 5663, 5674, 6162, 5661, 5655, 5651, 5664, 5808, 5718, 5660, 5674, 5661, 5669, 5659, 5724, 6088, 5641, 5639, 5815, 5940, 5648, 5649, 6480, 5824, 5650, 5640, 5641, 5656, 5636, 6270, 5771, 5663, 5647, 6105, 5656, 5953, 5651, 5830, 5992, 5638, 5654, 5871, 5651, 6321, 5745, 5822, 5666, 5655, 5655, 5776, 6220, 5658, 5654, 5712, 5685, 5647, 5651, 5645, 5726, 5666, 5642, 6308, 5656, 5902, 5662, 5938, 5668, 6010, 5813, 5649, 6133, 5648, 5647, 5647, 5677, 5639, 5868, 5772, 5656, 5768, 6169, 6097, 5790, 5667, 5644, 5737, 6181, 5710, 5649, 5672, 5663, 5655, 5659, 5832, 5667, 5663, 5648, 5655, 5655, 5765, 5635, 5942, 5939, 5661, 5661, 5648, 5717, 5664, 5978, 5764, 5644, 5657, 5878, 5773, 5655, 5650, 5651, 5655, 6216, 5663, 5646, 5648, 5772, 5657, 5657, 5659, 6235, 5667, 5667, 5656, 5646, 6011, 5881, 5662, 5873, 5661, 5668, 5869, 5933, 5661, 5658, 5656, 5713, 5667, 5643, 5773, 5658, 5665, 5713, 5721, 5650, 5667, 5654, 5651, 5658, 5637, 5660, 5663, 5716, 5652, 5651, 5830, 5649, 5915, 5645, 5643, 5725, 5642, 5643, 5963, 5712, 5636, 5882, 5723, 5655, 5720, 5647, 5827, 5649, 5819, 6024, 5641, 5655, 5658, 5778, 5946, 5819, 5659, 5720, 5642, 5648, 5658, 5660, 5658, 5644, 5660, 5633, 5662, 5688, 5642, 5666, 5691, 5832, 5650, 6166, 5769, 5779, 5655, 5651, 5654, 5825, 5667, 5673, 5658, 5675, 5636, 5653, 6247, 5649, 5902, 6047, 5772, 5658, 6378, 5666, 5720, 5780, 5671, 5931, 5669, 5665, 5979, 5654, 5651, 5657, 5652, 5726, 6303, 6034, 5949, 6485, 6054, 5909, 5652, 5655, 5645, 5653, 5697, 5655, 5825, 5653, 5658, 6037, 5781, 5664, 5653, 5650, 5890, 6112, 5656, 5825, 5642, 5657, 5648, 6279, 5670, 5646, 5644, 5646, 5646, 5672, 5643, 6141, 5643, 5652, 5838, 5653, 5652, 5645, 5652, 5640, 5649, 5639, 6156, 5671, 5868, 5763, 5829, 5757, 5671, 5637, 5660, 5656, 5670, 5652, 5662, 5718, 5668, 5637, 5716, 5675, 5686, 5653, 5644, 6526, 5772, 6321, 5637, 6798, 5969, 5659, 5814, 5719, 5923, 5876, 5646, 5647, 6586, 5643, 6410, 5772, 5662, 5647, 5664, 6310, 5637, 5660, 5668, 5649, 5767, 5659, 5882, 5835, 5669, 6005, 5681, 5665, 5951, 5641, 5778, 5886, 5925, 5656, 5645, 5924, 5866, 5658, 5651, 5772, 5821, 5651, 5663, 5655, 6437, 5652, 5674, 5653, 5647, 5659, 5639, 5658, 5769, 5682, 5653, 5647, 5653, 5651, 5660, 6054, 5649, 5721, 5648, 5659, 5763, 6039, 5704, 5669, 5870, 5661, 6039, 6103, 6113, 5662, 5662, 5736, 5643, 5676, 5714, 5986, 5681, 5646, 6372, 6269, 5657, 5646, 6087, 5676, 5655, 5651, 5808, 6007, 5642, 5766, 5719, 5639, 5779, 6217, 5652, 5960, 5653, 5901, 5659, 5641, 5677, 6239, 5828, 5669, 5705, 5654, 5667, 5873, 5658, 5673, 5672, 5646, 5647, 5739, 5980, 5654, 5650, 5659, 5637, 5655, 6435, 5651, 5650, 5673, 5663, 5709, 5775, 5939, 5663, 5636, 5644, 5651, 5654, 5654, 5928, 6195, 5645, 5643, 5653, 5656, 5662, 5765, 6515, 5640, 5778, 6328, 5651, 5882, 6263, 5676, 5770, 6264, 5716, 5640, 5952, 5649, 5652, 5732, 5660, 5640, 5656, 6224, 5674, 5648, 5658, 5656, 5660, 5704, 5714, 5776, 5773, 5655, 5663, 5660, 5662, 5651, 5657, 5678, 5675, 5708, 5767, 5991, 5668, 5767, 5655, 5648, 5650, 5790, 5952, 5648, 5715, 5882, 5659, 5645, 5953, 5633, 5779, 5899, 5658, 6048, 5751, 6161, 5659, 5639, 5668, 5644, 5729, 6150, 6142, 5672, 5832, 5823, 5637, 5824, 5814, 5652, 6115, 6244, 5654, 5671, 5664, 5650, 5655, 5654, 5873, 5657, 5645, 5647, 5728, 5675, 5651, 5669, 5637, 5671, 5654, 5718, 5643, 5654, 5815, 5657, 5723, 5654, 5642, 5651, 5671, 5768, 5731, 6319, 5867, 6220, 5649, 5659, 5904, 5655, 5646, 5886, 6228, 5676, 5781, 5642, 5867, 5883, 5763, 5647, 5712, 5939, 5857, 5667, 5954, 5645, 5644, 5760, 5670, 5959, 5671, 5646, 5650, 5637, 5837, 5639, 5899, 5978, 5657, 5653, 5875, 5645, 5762, 5645, 6254, 5771, 5880, 5706, 5642, 5644, 5641, 6278, 5703, 5651, 5868, 5934, 5730, 5663, 5922, 5657, 5672, 5852, 5675, 5643, 5649, 5656, 5731, 5649, 5653, 5715, 5653, 5661, 5668, 5719, 5828, 5734, 5656, 5660, 6310, 5672, 5837, 6519, 5656, 5818, 6273, 5731, 5646, 6112, 5741, 5692, 5784, 5767, 5761, 5706, 5651, 5878, 5786, 5653, 5922, 5651, 5815, 5658, 5665, 5991, 5635, 5642, 5645, 6764, 5651, 5870, 5664, 5665, 5930, 5772, 5675, 5837, 5634, 5925, 5649, 5648, 5640, 5656, 5657, 5651, 5774, 5661, 5677, 5994, 5635, 5653, 5771, 5661, 5654, 5840, 5652, 5716, 5832, 5822, 5648, 5658, 5638, 5653, 5660, 5882, 5919, 5659, 5667, 5676, 6033, 5663, 5661, 5650, 5729, 5647, 5649, 5646, 5661, 5733, 5643, 5671, 5640, 5827, 5670, 5650, 5661, 5637, 5649, 5942, 5770, 5657, 6241, 6220, 5645, 5666, 6426, 5639, 6218, 5946, 5823, 6113, 6368, 5661, 5729, 5658, 5656, 5778, 5995, 5764, 5640, 6262, 5654, 5659, 5650, 5768, 5764, 5998, 5660, 5655, 6173, 5655, 5639, 5656, 5644, 5822, 5924, 5980, 5640, 5928, 5632, 5645, 5660, 6124, 5715, 5658, 5636, 5997, 6670, 5836, 5647, 5715, 5825, 5830, 5804, 5650, 5649, 5689, 5667, 5652, 5663, 5668, 5714, 5818, 5875, 5645, 5713, 5650, 6030, 5639, 6102, 5685, 5727, 5961, 6019, 5642, 5670, 5818, 5657, 5765, 5662, 5650, 5663, 6010, 5735, 5767, 5724, 5663, 5653, 5713, 5665, 5776, 5659, 6259, 5658, 5773, 5632, 5639, 5780, 5656, 5651, 5636, 5661, 6284, 5680, 5717, 5649, 5820, 5652, 5649, 5766, 5663, 5719, 5772, 5679, 5870, 5643, 5655, 5893, 5652, 5770, 5643, 5771, 6107, 5654, 5646, 5657, 5847, 5655, 5664, 5640, 5655, 5670, 5892, 5661, 5649, 5640, 5647, 5652, 6196, 5641, 5969, 6337, 5646, 5670, 5665, 5642, 6056, 5737, 5653, 5891, 5720, 5977, 5656, 5654, 5715, 5633, 6514, 5757, 6434, 5663, 5840, 5663, 6140, 5662, 5645, 5647, 5665, 5739, 5642, 5634, 5659, 5656, 5718, 6010, 5826, 5669, 5676, 5892, 5641, 5651, 5659, 5665, 5665, 5653, 5647, 5645, 5654, 5655, 5667, 6184, 6292, 6272, 5656, 5928, 5949, 5638, 6000, 5718, 5889, 5647, 5932, 5632, 5656, 5894, 5997, 5638, 5655, 5781, 5646, 5642, 5644, 5817, 5658, 5732, 5660, 6169, 5679, 5646, 5648, 5663, 5634, 5831, 5653, 5657, 5649, 5681, 6115, 5713, 5636, 5648, 5650, 6012, 5657, 5665, 6246, 5644, 5710, 5768, 5666, 5940, 5984, 5952, 5637, 5712, 5654, 5649, 6488, 5640, 5876, 5657, 5647, 5645, 5639, 5676, 5882, 5639, 6062, 5868, 5663, 5667, 5769, 6866, 5784, 5890, 5681, 5723, 5877, 5876, 5898, 5642, 5669, 5721, 5637, 6276, 5821, 5648, 5784, 6205, 5875, 5646, 5642, 5647, 5725, 6033, 6097, 5663, 6007, 5641, 5650, 5643, 5641, 5900, 5730, 6169, 5658, 5661, 5771, 5652, 5828, 5676, 5651, 5828, 5875, 5821, 5638, 5893, 5654, 6198, 5994, 5652, 5636, 5670, 5764, 5660, 5656, 5648, 5650, 5665, 6331, 5661, 5655, 5652, 5659, 5986, 6260, 5651, 5895, 5645, 5650, 5662, 5644, 6026, 5664, 5789, 6227, 5657, 5650, 5874, 5648, 5654, 5647, 5638, 5641, 5662, 5653, 5647, 5853, 6020, 5731, 5644, 5643, 5649, 5989, 5940, 5941, 5653, 5652, 5635, 5658, 6197, 5650, 5651, 5873, 5897, 5645, 5637, 5715, 5670, 5741, 5654, 5831, 5653, 6372, 5654, 5662, 5665, 5638, 5633, 5645, 5638, 5724, 5645, 6091, 5654, 5668, 5868, 5655, 5721, 5670, 5981, 5664, 5673, 6080, 5652, 5637, 5640, 6144, 5660, 5645, 5990, 5663, 5889, 5719, 5635, 5659, 5762, 5786, 6326, 5781, 6585, 5823, 5781, 5632, 5638, 5647, 5959, 6326, 5731, 5657, 5656, 5769, 5654, 5662, 5946, 5656, 5660, 5677, 5726, 5830, 5655, 5633, 5645, 5703, 6459, 5818, 5684, 5653, 5669, 5872, 5824, 5639, 5669, 5649, 5649, 5631, 5721, 5673, 5655, 5651, 5656, 5663, 5660, 5720, 5658, 5980, 5678, 5980, 5647, 5677, 5822, 5840, 5657, 5657, 5686, 5668, 5656, 5665, 5652, 5651, 5831, 5672, 5732, 5654, 5643, 5638, 5647, 5814, 5646, 6059, 5758, 5658, 5665, 5635, 5656, 5831, 5639, 5929, 5793, 5659, 5645, 5654, 5647, 5686, 5940, 5767, 6175, 5636, 5656, 5660, 5670, 6009, 5722, 6277, 5655, 6110, 5718, 5651, 5656, 5704, 5644, 5670, 5912, 5923, 5664, 6161, 6433, 5677, 5660, 5657, 5658, 5660, 5719, 5657, 5655, 5674, 5868, 5651, 5678, 5676, 5691, 5998, 5832, 5663, 5907, 5670, 5869, 5659, 5647, 6190, 5919, 5665, 5662, 5651, 5643, 5665, 6042, 5670, 5634, 5660, 5922, 5974, 5676, 5646, 5763, 5642, 5675, 5934, 5644, 5865, 5662, 6228, 6105, 5644, 5827, 6499, 5723, 5793, 5647, 5661, 5640, 5652, 5650, 5666, 5762, 6044, 5655, 5654, 5999, 5766, 5649, 5649, 5836, 5641, 5662, 5719, 5674, 5662, 5820, 5663, 5668, 5636, 5834, 5658, 5874, 6037, 5649, 5880, 5984, 5717, 5722, 5644, 5816, 5927, 5937, 5661, 5677, 5648, 5663, 5663, 5640, 6213, 5643, 5661, 5713, 5889, 5636, 5722, 5643, 6110, 5650, 5778, 5714, 5665, 5669, 5837, 6006, 5838, 5662, 5656, 6159, 5666, 5773, 6045, 5646, 5648, 5664, 5660, 5878, 5646, 5664, 5960, 5658, 6038, 6592, 5719, 5926, 6308, 5671, 5653, 5886, 5828, 5650, 5881, 5988, 5651, 5661, 5997, 5648, 5644, 5652, 5654, 5708, 5662, 5785, 5666, 5634, 5654, 5638, 6157, 5992, 5662, 5708, 5865, 6218, 5711, 5637, 5699, 5755, 6101, 5715, 6066, 5648, 6653, 6349, 6036, 5655, 5659, 5641, 5671, 5883, 5773, 5635, 5777, 5661, 5678, 5821, 5650, 5644, 5667, 5757, 5656, 5657, 5681, 6038, 5663, 5672, 5942, 6227, 5670, 5879, 5647, 5655, 5656, 5717, 5812, 6262, 5770, 5882, 6030, 5659, 5678, 6424, 5655, 5664, 5643, 5725, 5717, 5664, 5634, 5664, 5928, 6216, 5722, 5651, 5641, 5638, 5814, 5735, 5654, 5937, 6172, 5953, 5925, 5910, 5936, 5655, 5826, 5665, 5669, 5671, 5758, 5764, 5646, 5666, 5771, 6542, 5651, 5649, 5647, 5652, 5989, 5767, 5908, 5650, 5654, 5680, 5653, 5649, 5666, 5766, 5670, 6324, 5639, 5837, 5884, 5660, 5653, 5714, 5896, 5940, 6312, 5881, 5633, 5779, 5640, 5639, 5640, 6215, 6029, 5650, 5662, 5654, 6204, 5780, 5875, 5650, 5655, 5663, 5868, 5643, 5876, 6067, 5657, 6316, 5898, 6037, 5660, 5663, 5658, 5654, 5685, 5883, 5663, 6054, 5653, 5679, 6055, 5956, 5683, 5652, 5650, 5894, 5649, 6221, 5771, 5659, 5931, 5812, 5833, 6048, 5656, 5650, 5995, 6426, 5666, 5671, 5653, 5647, 5892, 5682, 6855, 6020, 6383, 5679, 5660, 5637, 5999, 5660, 5650, 5712, 5662, 6261, 5667, 5650, 5782, 5647, 5770, 5658, 6059, 5652, 5731, 6205, 6257, 5931, 5656, 6363, 5637, 5649, 5715, 6053, 5667, 5657, 5638, 5931, 6371, 6047, 5642, 6437, 5659, 5645, 5825, 5642, 5718, 5671, 6098, 5665, 5706, 5714, 5638, 5786, 6001, 5662, 5671, 5664, 5655, 5784, 5657, 6818, 5656, 5640, 6245, 5639, 5634, 5780, 5664, 5710, 5665, 5644, 5832, 5665, 5944, 5797, 5823, 5661, 5659, 5659, 5673, 5658, 5714, 5660, 5648, 5712, 5654, 6049, 5662, 5771, 5641, 5651, 6050, 5808, 5781, 5654, 5821, 5726, 5731, 5717, 5874, 5747, 5649, 5866, 5876, 6113, 5662, 5671, 5654, 5834, 5646, 6654, 6159, 5769, 5655, 6043, 5671, 5779, 5725, 5797, 5991, 5841, 5671, 5780, 5645, 6017, 5643, 5652, 6057, 5878, 5721, 5672, 5647, 5657, 5664, 5656, 5657, 5640, 5878, 5653, 5832, 5653, 6475, 5665, 5771, 6551, 5830, 5944, 5892, 5640, 5644, 5664, 5725, 5650, 5646, 5640, 5663, 6311, 5633, 5657, 6026, 5824, 5770, 5641, 5643, 5657, 5933, 5661, 5783, 5814, 5638, 5646, 6141, 6116, 5815, 5742, 6074, 6167, 5655, 5638, 5638, 5780, 5643, 5995, 5951, 5651, 5671, 5824, 6112, 5969, 5819, 5655, 5877, 5850, 5657, 5655, 5773, 5650, 5641, 5659, 5984, 5651, 5717, 5721, 5646, 6011, 5642, 5935, 5664, 5851, 5654, 5650, 6008, 5880, 5770, 5672, 5664, 5953, 5652, 5640, 5652, 5984, 5777, 5667, 6150, 5675, 5642, 5772, 5653, 5879, 5649, 5658, 6342, 5657, 5647, 5658, 5633, 5773, 5640, 5651, 5708, 5662, 5649, 5657, 5940, 5658, 6205, 5654, 5677, 5668, 5656, 5656, 5639, 5642, 5978, 6138, 5649, 5662, 5875, 5716, 5976, 6648, 5812, 6282, 5768, 5651, 5647, 6174, 5664, 5668, 5653, 5715, 5863, 5641, 5953, 5654, 5647, 5676, 6455, 6527, 5657, 5768, 6469, 6209, 5654, 5932, 5764, 5650, 5659, 5821, 6091, 5991, 5685, 5720, 5639, 5643, 5662, 5649, 5640, 5727, 5653, 5652, 5644, 6137, 5650, 5822, 5719, 5637, 6097, 5815, 5817, 5645, 5662, 5660, 5669, 5709, 5660, 5651, 5837, 5653, 5647, 5639, 5653, 5657, 5648, 5713, 5655, 5775, 5729, 5672, 5654, 5653, 6310, 6329, 5650, 5879, 5634, 5654, 5652, 5900, 5677, 5842, 5639, 5671, 5639, 6570, 5653, 5666, 6040, 5928, 5816, 5642, 5673, 5666, 5644, 5709, 5839, 5652, 5822, 5655, 5650, 6640, 5764, 5673, 5712, 5653, 5667, 5638, 5669, 5740, 5635, 5778, 5667, 5657, 5659, 5646, 6532, 5646, 5656, 6273, 5653, 5660, 5955, 5664, 5649, 5904, 6421, 5666, 5646, 6227, 5633, 5644, 5894, 5714, 6040, 5647, 5773, 5655, 5675, 6116, 6038, 6280, 5637, 5645, 6003, 5712, 5718, 5833, 5876, 5730, 6064, 6374, 5641, 5964, 5919, 5976, 5825, 6063, 5649, 5892, 5658, 6179, 5655, 5879, 5655, 5643, 5658, 5766, 5648, 5991, 5646, 5961, 5821, 5897, 5639, 5645, 5650, 5769, 6067, 5650, 5656, 5651, 5663, 5666, 5651, 5653, 6315, 5663, 5644, 5938, 5642, 5663, 6168, 5995, 5640, 5759, 5643, 5659, 5632, 5873, 5664, 6269, 5629, 5652, 5644, 5716, 5643, 5642, 5645, 5663, 6180, 5650, 5660, 5667, 5659, 5650, 5668, 5655, 5663, 5648, 5832, 5647, 6220, 5646, 5635, 5655, 5662, 5952, 5668, 6061, 5645, 5663, 5668, 5661, 5767, 5819, 5659, 5639, 5658, 5820, 6050, 5656, 5926, 5771, 5630, 5826, 5983, 5653, 5773, 5654, 5823, 5768, 5640, 5725, 5640, 5659, 5904, 5650, 5641, 5718, 5651, 5661, 6304, 6436, 5774, 5647, 5932, 5653, 5644, 5945, 5637, 5854, 5666, 6215, 5723, 5833, 5735, 5655, 5648, 5662, 6626, 6181, 5661, 5673, 5846, 5646, 5783, 5711, 5665, 5734, 5720, 5652, 5650, 6050, 5660, 5644, 5783, 5949, 5652, 5818, 5644, 6059, 5772, 5670, 5651, 5772, 5729, 5896, 5669, 5662, 5658, 5873, 5640, 5651, 5761, 5884, 5672, 6100, 6162, 5673, 5641, 5651, 5653, 5823, 5654, 5776, 5653, 5637, 5781, 6174, 5642, 6545, 5635, 5668, 6061, 5656, 5881, 5652, 5871, 5645, 5924, 6036, 5643, 5665, 5775, 6225, 6166, 5651, 5666, 5645, 5648, 5652, 5866, 5654, 5656, 5662, 5662, 5827, 5645, 5645, 6044, 5929, 5983, 5659, 5646, 5665, 5640, 5632, 5858, 5653, 5643, 5650, 5646, 5722, 5659, 5817, 5773, 5651, 5645, 5635, 5769, 5800, 5641, 5874, 5730, 5932, 6286, 6178, 5709, 5846, 6126, 5632, 5989, 5877, 6262, 5772, 5639, 5836, 5822, 5658, 6094, 5652, 5654, 6089, 5707, 5978, 5900, 5651, 5663, 5648, 5713, 6427, 5873, 6218, 5640, 5942, 5953, 5769, 6001, 5633, 6066, 5726, 5668, 5997, 5647, 5719, 5678, 5761, 5652, 5834, 5642, 5824, 6355, 5630, 5646, 5669, 5946, 5930, 5776, 5641, 5648, 5630, 6361, 5664, 5894, 5653, 5650, 5665, 5661, 5830, 5817, 6043, 5660, 5665, 5664, 5652, 5638, 5645, 5641, 5648, 5711, 5650, 5879, 5663, 5828, 5878, 5854, 5649, 5652, 5769, 5935, 5878, 5664, 5676, 5646, 5659, 5646, 5741, 5720, 6097, 6396, 5658, 5651, 5706, 5906, 5822, 6428, 5714, 5670, 5639, 5648, 5766, 5768, 5653, 5641, 5650, 5649, 5640, 5943, 6432, 5641, 5834, 5647, 5663, 5643, 5633, 5649, 5649, 5659, 5650, 5642, 5654, 6231, 5664, 5676, 5651, 5679, 5672, 5654, 5682, 6267, 5662, 5638, 6054, 5933, 5702, 6797, 5629, 5661, 5661, 5645, 5659, 6018, 5655, 5642, 5886, 6225, 6113, 6407, 5644, 5978, 5667, 6269, 5884, 5651, 5723, 5932, 5819, 5784, 5654, 5994, 5641, 5654, 5662, 5660, 6320, 5650, 5661, 5645, 5640, 5957, 5663, 6279, 5986, 5647, 5640, 6105, 5901, 5766, 5998, 5941, 5769, 5638, 5929, 6126, 5782, 6149, 5648, 5671, 5670, 5771, 5763, 5645, 5793, 5654, 5657, 5644, 5867, 5790, 5698, 5659, 5956, 5645, 5732, 5839, 5712, 5932, 5712, 5639, 5674, 6104, 5899, 6333, 5645, 5654, 5771, 6372, 5766, 5646, 5952, 5648, 5666, 5659, 5829, 5645, 5661, 5757, 5639, 5933, 5663, 5816, 6129, 5672, 5669, 5650, 5789, 5648, 5669, 5664, 5662, 5883, 5647, 5769, 5659, 5983, 5648, 5635, 6527, 6253, 5835, 5659, 5647, 5655, 5637, 5929, 5661, 5662, 5661, 5824, 5672, 5665, 5764, 5711, 5777, 5641, 5663, 5642, 5767, 5654, 5741, 5651, 5645, 6384, 5733, 6186, 5639, 5986, 5865, 6034, 6007, 5659, 5904, 5772, 5645, 5726, 5719, 5634, 5833, 5656, 5656, 5651, 5990, 5643, 5646, 5655, 5871, 6107, 5666, 6091, 6113, 5636, 5736, 5717, 5891, 6262, 6097, 5972, 5646, 5650, 6096, 5644, 5765, 5643, 5654, 5643, 5887, 5807, 5712, 5905, 5663, 5644, 5646, 5652, 5648, 5634, 5669, 5766, 5852, 5935, 5952, 6546, 5770, 5641, 5868, 5643, 5881, 5647, 5652, 5643, 5652, 5645, 5818, 5649, 5650, 6201, 5667, 5768, 5942, 6395, 5656, 5654, 5986, 5647, 5648, 5693, 6175, 5709, 5642, 5922, 5655, 5638, 5651, 5663, 5662, 5656, 5683, 5639, 5662, 5936, 5840, 5642, 5648, 5644, 5953, 5829, 5661, 5763, 5641, 5937, 6275, 5650, 5655, 6033, 6158, 5648, 6331, 5732, 5944, 6149, 5765, 5726, 5645, 5661, 5639, 5636, 5643, 5654, 5648, 5718, 5639, 5656, 5649, 5645, 5678, 5650, 5658, 5649, 5995, 5649, 5667, 5657, 5648, 5656, 5660, 5643, 5662, 5928, 6032, 5871, 5887, 5833, 5658, 6495, 5872, 5778, 5662, 5872, 5635, 5641, 5780, 5867, 5946, 5771, 5816, 5915, 5714, 5827, 5660, 5895, 5656, 5665, 5822, 5638, 5673, 5924, 5641, 5661, 5649, 5643, 5667, 5822, 6156, 5657, 5651, 6155, 5636, 5679, 5660, 5893, 5638, 5678, 5639, 5637, 5733, 5636, 5653, 5780, 5865, 5668, 5768, 5660, 5643, 5648, 6254, 5938, 5645, 5726, 5663, 5664, 5646, 5650, 5640, 5640, 5654, 5829, 5999, 5658, 5633, 5667, 5647, 5668, 5647, 5662, 5640, 5655, 5661, 5835, 5646, 6100, 5645, 5657, 5640, 5828, 5637, 5652, 6692, 5670, 5836, 5774, 5671, 5655, 5776, 5683, 5640, 6690, 5675, 5654, 5990, 5659, 5871, 5773, 6160, 5653, 5776, 5651, 5814, 5881, 6001, 5664, 5720, 5885, 5769, 5661, 5985, 5662, 5831, 5790, 5992, 5673, 5824, 5939, 5879, 5758, 5664, 6063, 5933, 6387, 6152, 5721, 5982, 6108, 5649, 5648, 5935, 5941, 5651, 5658, 5918, 5903, 5831, 5637, 5832, 5677, 5656, 5650, 5662, 5648, 5821, 5680, 5719, 5666, 5964, 5836, 5663, 5766, 5905, 5932, 5944, 5641, 5708, 5648, 5834, 5706, 6491, 5717, 5664, 5648, 5655, 5638, 5656, 6064, 5649, 5642, 5667, 5926, 5663, 5890, 5648, 6085, 5661, 5655, 6506, 5655, 5663, 5630, 5934, 5660, 5655, 5876, 5648, 5985, 5653, 5664, 5792, 5658, 5658, 5661, 5653, 5808, 5719, 5654, 5656, 5720, 6092, 5630, 5671, 5644, 5677, 5629, 6151, 6333, 5729, 5656, 6088, 6066, 6258, 5657, 5825, 5670, 6469, 5987, 5649, 5639, 5948, 6054, 5646, 5676, 5642, 5998, 5779, 6268, 6224, 5818, 5658, 5683, 5652, 5735, 5645, 5655, 5825, 5644, 5660, 5645, 6388, 5672, 5671, 5886, 5636, 5643, 5773, 5653, 5943, 5657, 5646, 5657, 5635, 5633, 5662, 5719, 6167, 5719, 5654, 5725, 5761, 5647, 5731, 5731, 6046, 5656, 5643, 5713, 5664, 5658, 5821, 5869, 5640, 5757, 5989, 5709, 5664, 5643, 6003, 5636, 5658, 5776, 5642, 5702, 5826, 5653, 5654, 5643, 5679, 5651, 6112, 5983, 5644, 5645, 5652, 5644, 5642, 5732, 5662, 5636, 5879, 6256, 5788, 5672, 5654, 5636, 5641, 6066, 5653, 5990, 5654, 5666, 5659, 5723, 5644, 5837, 5991, 5686, 5664, 5644, 5827, 5650, 5785, 5662, 5822, 5654, 5927, 5641, 6369, 5845, 5651, 5645, 5816, 5676, 5650, 5732, 6058, 5665, 5889, 5649, 5831, 6020, 6111, 5781, 5645, 6539, 5653, 5650, 5878, 5645, 5652, 5647, 5658, 6556, 5641, 5988, 5653, 5771, 5889, 5875, 5654, 5661, 5664, 5671, 5650, 5812, 5658, 5670, 5898, 5659, 5881, 5778, 5661, 6164, 5647, 6174, 6156, 6168, 5762, 5661, 5770, 5827, 5654, 5881, 5876, 5714, 5868, 5650, 5646, 5652, 5903, 5648, 5939, 5660, 5730, 5661, 5671, 5768, 5651, 5883, 5728, 5927, 5879, 5673, 5934, 5884, 5641, 5753, 5656, 6093, 5937, 5715, 5651, 5646, 5721, 5859, 5774, 5663, 5662, 5652, 5658, 5743, 5657, 5659, 6109, 5778, 5644, 5660, 5643, 6174, 5636, 5651, 5768, 5669, 5719, 5641, 5674, 5668, 5721, 5776, 5928, 5656, 5724, 5761, 5721, 5643, 5656, 5648, 5651, 5841, 5676, 5663, 5650, 5630, 5656, 5775, 5880, 5660, 5675, 5655, 5646, 5650, 5653, 5651, 5635, 5642, 6156, 5767, 5824, 5935, 5918, 6043, 5664, 5637, 6366, 5640, 5838, 5650, 6274, 5834, 5722, 5662, 5649, 5657, 5658, 5657, 5934, 5717, 5666, 5655, 5725, 5649, 5673, 5940, 5655, 5823, 5721, 5799, 6061, 6014, 5642, 5761, 5649, 5782, 5663, 6306, 5649, 6434, 5655, 5675, 5661, 5633, 5652, 5646, 5665, 5666, 5777, 5659, 5991, 6128, 5642, 5644, 6156, 5645, 5663, 5665, 5826, 5669, 5638, 5655, 5638, 6095, 5774, 6633, 5659, 5654, 5825, 5636, 6212, 5666, 5655, 6080, 5951, 5667, 6315, 5642, 5661, 5632, 5831, 5647, 5718, 5663, 5769, 5652, 6042, 6232, 6104, 5663, 5967, 5875, 5646, 5824, 5881, 5874, 5647, 5647, 5672, 5662, 5650, 5784, 5934, 5650, 5665, 5647, 5825, 5638, 6063, 5660, 5852, 5711, 5651, 5649, 5644, 5653, 5641, 5812, 6095, 5663, 5643, 6103, 5661, 5984, 6041, 5647, 5642, 5832, 5874, 5642, 5707, 5662, 5661, 5660, 5669, 5643, 5667, 5648, 5716, 5659, 5673, 5657, 6152, 5702, 5976, 5658, 5661, 6232, 5651, 5659, 5676, 5645, 5659, 5673, 5661, 5651, 5649, 5647, 5645, 5670, 5645, 5643, 5647, 5661, 5725, 5656, 5661, 5649, 5645, 5975, 6157, 5647, 5640, 5646, 5825, 5647, 5656, 5930, 5678, 5675, 5654, 5673, 5646, 5878, 5644, 5659, 5648, 5714, 5661, 5831, 5645, 5715, 5635, 5658, 6493, 5829, 5659, 5647, 5713, 5764, 5759, 5656, 5655, 5648, 6076, 5641, 5647, 6107, 5673, 5641, 5718, 5659, 5711, 5652, 6110, 5641, 5645, 5874, 5638, 5658, 5648, 5926, 6092, 5656, 6051, 5654, 5662, 5659, 5667, 5667, 5665, 5658, 5656, 5649, 6063, 5751, 5648, 6250, 5667, 5659, 5653, 5880, 5651, 5652, 5644, 5643, 5774, 5664, 5725, 5903, 5716, 5656, 5651, 5653, 6418, 6289, 5983, 5655, 5882, 5657, 5647, 5649, 5961, 5652, 5651, 5676, 5651, 5639, 5642, 6172, 5644, 5654, 5647, 5724, 6047, 5848, 5643, 6257, 5774, 5658, 6172, 5652, 5720, 5666, 5655, 5932, 5765, 5892, 5666, 5778, 5659, 5650, 5633, 5656, 5943, 6609, 5841, 5722, 5716, 5953, 5667, 5659, 5868, 5879, 5663, 5716, 5634, 5652, 5647, 6375, 5634, 5658, 5651, 5649, 5663, 5645, 5667, 5831, 5887, 5772, 5660, 5708, 5874, 5815, 5641, 5656, 6256, 6052, 5647, 5761, 5644, 5654, 5650, 5662, 5640, 5640, 5654, 6143, 5766, 5646, 5953, 5657, 5646, 5643, 5648, 5706, 5937, 6099, 5668, 5824, 5706, 6229, 5658, 5940, 6016, 5739, 5790, 6166, 6174, 5658, 5740, 5651, 5640, 5822, 5633, 5639, 5647, 5638, 5675, 5660, 5660, 6218, 5675, 6031, 6330, 5656, 6206, 6224, 6002, 5835, 6035, 5672, 5777, 5660, 5702, 6051, 5787, 5677, 5660, 6089, 5685, 5829, 5685, 6195, 5679, 5682, 5671, 5689, 6316, 5674, 5675, 5673, 5728, 5657, 5678, 5930, 5652, 5646, 5647, 5668, 5875, 5659, 5929, 5642, 5647, 5715, 5728, 5638, 5681, 5635, 5778, 5663, 5868, 5643, 5711, 5882, 5654, 6427, 5655, 5647, 5681, 5951, 5659, 6107, 5655, 5832, 5729, 5668, 7078, 5655, 6098, 5876, 5876, 5721, 5672, 5638, 5674, 5684, 5668, 5645, 6067, 6040, 5661, 5655, 5646, 5653, 5873, 6077, 6387, 6367, 6206, 6161, 5933, 5767, 5820, 5651, 5660, 5672, 5830, 5934, 5659, 5638, 5651, 5669, 5722, 5641, 5652, 5655, 5649, 5829, 5827, 5767, 5643, 5776, 5670, 5662, 5663, 6221, 5660, 6252, 5663, 5654, 5654, 5655, 5782, 6206, 5661, 5946, 5983, 5637, 6062, 5678, 5654, 5787, 5722, 5714, 6308, 5931, 5708, 5723, 5659, 5655, 5722, 5638, 5721, 5662, 5659, 5675, 5683, 5672, 5889, 5662, 5667, 5659, 5791, 5768, 5638, 5661, 6283, 5641, 5834, 5823, 5874, 5841, 5661, 5660, 5771, 5654, 6058, 5650, 5808, 5658, 5658, 5969, 5658, 5642, 5656, 5780, 6077, 5896, 5884, 5644, 5946, 5671, 5726, 5671, 5661, 5888, 5659, 6963, 5851, 5648, 5638, 5674, 6032, 5644, 5879, 5764, 6169, 5647, 5666, 5664, 5710, 5668, 5655, 5635, 5769, 5654, 5643, 6124, 5661, 5978, 6321, 5662, 5667, 5639, 5875, 5656, 5649, 6291, 5726, 5658, 5651, 5634, 5637, 5663, 6009, 5932, 5656, 5899, 6199, 5650, 5646, 5664, 6299, 5862, 5840, 5659, 5640, 5666, 5649, 5652, 5649, 5768, 5659, 5646, 5656, 5642, 5656, 5883, 5661, 5776, 5685, 5829, 5676, 5733, 5652, 5991, 5828, 5659, 5735, 5649, 5663, 5662, 5821, 5681, 5658, 6605, 5654, 5658, 5966, 5647, 5667, 5816, 5672, 5652, 5659, 5872, 5677, 5651, 5721, 5654, 5794, 5989, 5887, 5642, 5653, 6378, 6184, 5645, 5980, 5675, 5644, 6167, 5662, 5846, 5713, 6140, 5656, 5774, 5721, 6048, 5647, 6429, 5884, 5661, 5878, 5651, 6042, 5657, 5652, 5672, 5678, 5650, 5831, 5723, 5646, 5776, 6528, 5650, 5665, 5669, 6267, 5825, 5786, 6382, 5659, 5723, 5775, 5862, 5659, 6096, 5671, 5662, 5869, 5659, 5666, 5984, 6377, 5659, 5755, 6126, 5663, 5675, 5665, 5634, 5745, 6140, 5728, 5689, 5906, 6237, 5714, 5939, 5938, 5643, 5642, 5770, 5705, 5670, 5863, 5634, 5647, 5933, 5672, 5760, 5933, 5635, 5670, 5653, 5649, 5658, 5660, 5665, 5647, 5819, 6199, 5633, 5646, 5763, 5826, 5653, 5664, 6318, 5671, 6066, 5668, 5658, 6221, 5791, 5781, 5652, 6301, 5721, 6163, 5947, 5874, 5766, 5942, 5649, 5656, 5644, 6503, 5880, 5718, 5726, 5670, 5654, 5670, 5721, 5644, 5637, 5654, 6093, 5692, 5645, 5639, 5899, 5901, 5714, 5653, 5653, 5662, 5648, 5657, 5664, 5638, 5767, 5659, 5656, 5935, 5662, 5770, 5884, 6043, 5648, 5642, 6059, 5650, 6194, 6108, 5651, 6751, 6208, 5657, 5837, 5634, 6593, 5646, 5902, 5769, 5649, 5780, 5827, 5785, 5654, 5635, 5638, 5655, 5652, 5650, 5890, 6378, 5635, 5883, 5658, 5926, 5988, 5645, 6078, 5780, 5651, 5766, 5654, 6587, 5789, 5705, 5819, 5935, 5922, 5877, 5717, 6103, 5995, 5666, 5653, 6045, 5654, 5673, 5765, 6470, 6642, 5651, 5648, 5639, 5648, 5651, 5672, 5748, 5659, 5659, 5873, 5673, 5645, 5634, 5773, 5643, 5669, 5865, 5770, 5852, 5651, 5651, 5657, 5656, 5673, 5854, 5669, 6180, 5646, 5653, 5644, 5641, 5661, 6034, 6032, 5659, 5633, 5712, 5763, 5645, 5665, 5664, 5721, 5658, 5893, 5677, 5727, 5759, 5762, 5661, 6067, 5660, 5644, 5637, 5939, 5667, 5827, 5654, 5656, 5925, 5633, 6009, 5648, 5769, 5643, 5926, 5660, 5656, 5656, 6150, 5632, 5826, 5778, 6170, 6326, 5651, 5724, 5714, 5663, 5662, 5663, 5668, 6029, 5639, 5651, 5770, 5631, 5662, 5666, 5719, 6265, 5779, 5655, 5880, 5655, 5646, 6220, 5637, 5650, 5731, 5644, 5724, 5663, 5836, 5765, 5645, 5926, 5933, 5835, 5638, 5642, 5660, 5829, 5666, 5767, 5724, 5671, 5655, 6258, 5761, 5733, 5673, 5997, 6176, 6379, 5738, 5770, 5664, 5647, 5831, 5931, 5944, 5644, 5837, 5722, 5647, 5645, 5675, 6010, 5649, 6171, 5655, 5649, 5640, 5883, 5647, 6503, 5668, 5636, 5676, 5659, 5670, 5649, 5653, 5670, 5661, 5672, 5768, 6157, 5900, 5864, 6288, 5666, 5645, 5877, 5836, 5884, 5886, 5643, 5648, 5919, 6333, 6254, 5791, 5661, 5666, 5767, 5648, 5862, 5833, 5643, 5647, 5883, 5668, 5658, 6266, 5961, 5824, 5652, 5758, 5655, 5873, 5649, 5937, 5873, 5656, 5728, 5666, 5652, 5679, 5648, 5640, 5661, 5717, 5908, 5654, 5662, 5663, 6346, 5677, 5665, 5662, 6039, 5769, 5841, 5660, 5634, 6329, 6263, 5658, 5659, 5983, 5663, 5788, 5999, 6268, 5758, 5653, 5642, 5653, 5822, 6343, 5770, 5736, 5720, 5686, 6472, 5648, 5781, 6446, 6357, 5714, 5657, 5666, 5671, 5663, 5934, 5770, 5645, 5649, 5649, 5652, 5644, 5723, 5832, 5663, 5644, 6090, 5656, 5958, 5663, 5646, 5990, 5661, 5812, 5683, 5718, 5671, 5775, 6018, 5658, 5947, 6219, 5899, 6108, 6377, 5642, 5647, 5649, 5641, 6010, 6234, 5763, 5844, 5655, 5939, 5675, 5782, 6221, 5660, 5652, 5665, 5825, 5765, 5646, 5680, 5639, 5662, 6187, 5657, 5635, 5854, 6031, 5655, 5640, 5726, 5654, 5778, 6044, 5650, 5668, 5841, 5668, 6413, 5772, 5663, 5651, 5657, 5827, 5659, 5767, 5704, 5850, 5653, 6151, 6386, 5768, 5644, 6305, 5647, 5819, 5953, 6031, 6088, 5659, 5652, 5946, 5887, 6161, 5923, 5758, 5823, 5662, 5688, 5658, 6115, 6177, 5677, 5658, 6016, 5935, 6271, 5883, 5664, 6038, 5670, 6155, 5643, 5818, 5830, 6168, 5827, 6116, 5637, 5810, 6165, 5649, 5657, 5652, 5650, 5637, 5972, 5634, 5663, 5676, 5748, 5876, 5666, 5969, 5639, 6108, 5651, 5841, 6660, 5725, 5647, 6087, 6171, 6264, 6060, 5677, 5659, 5649, 5826, 5668, 5647, 6103, 5651, 5670, 5641, 5833, 5660, 5655, 5665, 6065, 5929, 5874, 5790, 5642, 6211, 5636, 5958, 5870, 5673, 5646, 6381, 5885, 5774, 5906, 5872, 5651, 5888, 5655, 5673, 5647, 6434, 5713, 5646, 6037, 5882, 5781, 5651, 5658, 5664, 5644, 5834, 5652, 5668, 5766, 5646, 5667, 5659, 5984, 5828, 5636, 5765, 5642, 5647, 5641, 5812, 5830, 5663, 6206, 5898, 6036, 6531, 5811, 5663, 5642, 5641, 6102, 5656, 5791, 5643, 6071, 5664, 5783, 5881, 5673, 5656, 5885, 5649, 5824, 5659, 5786, 5984, 5671, 5846, 6029, 6318, 5673, 5860, 5640, 5767, 6542, 5663, 5666, 6578, 6311, 5989, 5677, 5673, 5658, 5655, 5658, 5693, 5823, 5824, 5645, 5719, 5657, 6257, 5776, 5662, 5632, 5651, 5674, 5670, 6160, 5658, 5636, 5657, 6328, 5890, 5824, 5816, 5772, 5669, 6124, 5651, 5889, 5658, 6093, 5764, 5724, 5824, 5630, 5994, 5641, 5717, 6279, 5878, 5976, 5651, 5661, 5646, 5782, 5642, 5654, 5650, 6163, 5640, 6229, 5663, 5829, 5931, 6478, 5664, 5983, 5992, 5651, 5823, 5676, 5891, 5995, 5775, 6242, 6031, 5943, 6151, 6050, 5646, 5662, 5647, 5651, 6087, 5885, 5886, 5819, 5934, 5652, 5832, 6242, 5710, 5646, 6162, 5710, 5687, 5833, 5776, 5646, 5785, 6030, 5899, 5723, 5720, 5722, 5652, 6547, 5649, 5677, 5697, 5675, 5929, 5660, 5657, 5670, 6049, 5822, 5638, 5672, 5656, 5673, 5928, 5649, 6596, 5771, 5655, 6097, 5686, 5661, 5649, 5960, 6620, 5685, 5671, 5880, 5680, 5677, 5652, 5677, 5667, 5658, 5662, 5717, 5934, 5931, 5997, 5934, 5685, 5652, 5708, 5939, 5644, 5822, 5650, 5822, 5654, 5888, 5659, 5775, 5661, 5666, 5664, 5665, 6036, 5708, 5662, 5757, 6442, 5668, 5639, 5644, 5663, 5772, 6015, 5660, 6498, 5661, 5650, 6002, 5681, 5658, 5691, 5885, 5792, 5648, 5666, 6092, 5872, 5927, 6237, 5662, 5650, 5659, 5643, 5635, 5839, 5737, 5941, 5646, 5684, 6000, 5668, 6119, 5653, 5653, 6042, 5716, 5662, 5650, 5772, 5931, 5644, 6269, 5732, 5858, 6158, 6315, 5672, 5682, 5656, 5662, 6631, 5761, 6038, 5659, 6327, 6063, 5661, 6098, 5676, 6001, 5785, 5649, 6000, 5877, 5647, 5836, 5646, 5826, 5993, 5671, 5652, 5829, 5666, 5788, 5646, 5681, 5842, 5974, 5634, 6374, 5666, 5654, 5940, 5678, 6395, 5659, 5658, 5881, 6067, 6365, 6161, 5832, 6321, 5723, 5658, 5652, 5724, 5647, 6166, 5637, 5655, 5996, 5663, 5951, 5986, 5779, 5641, 5930, 5638, 5661, 5652, 5661, 5646, 5665, 5768, 5669, 5639, 6216, 5666, 6587, 5648, 5662, 5646, 6045, 5647, 5674, 5826, 5646, 5634, 5787, 5638, 5638, 6230, 6599, 5877, 5674, 5655, 5641, 5647, 5632, 5670, 5666, 5947, 6331, 5653, 5840, 5737, 6034, 6437, 5728, 5646, 6095, 5664, 5655, 5879, 5658, 6037, 5656, 6063, 5783, 5773, 5644, 6142, 5656, 5717, 5964, 5677, 5665, 5762, 5664, 6552, 5873, 5656, 5671, 5813, 5650, 5682, 5642, 5792, 5645, 5703, 5678, 5787, 5764, 5767, 5646, 5645, 5914, 5669, 6642, 5664, 5882, 6640, 5656, 5658, 5724, 5786, 5646, 5646, 5664, 5921, 5650, 6215, 5761, 5682, 5929, 5672, 5638, 6160, 5653, 5661, 5646, 6024, 5686, 6317, 6053, 6321, 6645, 5669, 6200, 6436, 5731, 5637, 5659, 5642, 6761, 5743, 5771, 5648, 5705, 6162, 5657, 5661, 5654, 5669, 5656, 5648, 5652, 5729, 5640, 5655, 6146, 5822, 6159, 5658, 5658, 5686, 5679, 5769, 5707, 6330, 5934, 5674, 5647, 6045, 5875, 6000, 5642, 5638, 6207, 5884, 5677, 5640, 5650, 6014, 5670, 6541, 6233, 5641, 5644, 5639, 5644, 5661, 5883, 5879, 5716, 5724, 5936, 5659, 5991, 5998, 5723, 5648, 5716, 5668, 5663, 6048, 6046, 5673, 6473, 5882, 5870, 5643, 5844, 5743, 5658, 6146, 6000, 5675, 5944, 5652, 5678, 5942, 5655, 5666, 6199, 5824, 5776, 5664, 5646, 6121, 5893, 5641, 5649, 5765, 5887, 5670, 5638, 5716, 5723, 5658, 5647, 5982, 5664, 5720, 5644, 5718, 6319, 5936, 5668, 5669, 5666, 5989, 5662, 5887, 5671, 5659, 5678, 6008, 5887, 5828, 6547, 6121, 6091, 5897, 5771, 5644, 5650, 5636, 5734, 5661, 5666, 5650, 5649, 5658, 5654, 5941, 5826, 5638, 6040, 6244, 5895, 5658, 5650, 5728, 5644, 5729, 5657, 5715, 5647, 5660, 5885, 5813, 5645, 5975, 6151, 6032, 6060, 6049, 5999, 5654, 5640, 5647, 5716, 5673, 5905, 5668, 5677, 5650, 5999, 5779, 5821, 5672, 5656, 6116, 6285, 5986, 6041, 6013, 5764, 5718, 5666, 5732, 5676, 5673, 5653, 5654, 5838, 6097, 5687, 5786, 5824, 6226, 5902, 5720, 5903, 5645, 5663, 5875, 5985, 5823, 5724, 5653, 5652, 6000, 5662, 5836, 5640, 5720, 5657, 5672, 5821, 5657, 5652, 6099, 5655, 5873, 5879, 5703, 5872, 5647, 5637, 5642, 5644, 5662, 5661, 5654, 5646, 5895, 6037, 6522, 5651, 5949, 5932, 5704, 5642, 5655, 6175, 5648, 5655, 5828, 5954, 5636, 5663, 5662, 5675, 5655, 5660, 5712, 5784, 5646, 5665, 6217, 5824, 5770, 5664, 5707, 5787, 5642, 5830, 5781, 6206, 6386, 5774, 5669, 5679, 5882, 5934, 6330, 5770, 6215, 5667, 6047, 6068, 5780, 5930, 6387, 6437, 5800, 5668, 6093, 5769, 5677, 5676, 5641, 5658, 5832, 6363, 5679, 5657, 5784, 5773, 5670, 5729, 5723, 5784, 5658, 5640, 5655, 5657, 6196, 5649, 5815, 5674, 5835, 5965, 5660, 6154, 5677, 5657, 5758, 5683, 5776, 5729, 6249, 6110, 5645, 5639, 5658, 6277, 5721, 5731, 5649, 5933, 5887, 6196, 5932, 6210, 5936, 5724, 5990, 5884, 5821, 6532, 5645, 5669, 5884, 5636, 6068, 5651, 5777, 5756, 5632, 5719, 5878, 5723, 5842, 5660, 5642, 5655, 6158, 5886, 5660, 5672, 5643, 5930, 5644, 5641, 6215, 5680, 5873, 6440, 5651, 5733, 5640, 5651, 5650, 5655, 5671, 5650, 5647, 5755, 6235, 5658, 5738, 5639, 5653, 6037, 5976, 6025, 5778, 5635, 5993, 6002, 5706, 5658, 5681, 5961, 6001, 5718, 5657, 5660, 5666, 5931, 5676, 5632, 5931, 5962, 6809, 5639, 6010, 5630, 5663, 6149, 5643, 5633, 5662, 5672, 5886, 6208, 5787, 5648, 5651, 5725, 5826, 5776, 5681, 5828, 6098, 5660, 5658, 5645, 5645, 6004, 5638, 5797, 5890, 5651, 5731, 5652, 5661, 5707, 5653, 5684, 5774, 5941, 5666, 5647, 5841, 5829, 5662, 6104, 5656, 5931, 5934, 5647, 5641, 5864, 5989, 5645, 5743, 5651, 5655, 5643, 6176, 5671, 5639, 5653, 5658, 5657, 5639, 5649, 5739, 5820, 6255, 5652, 5877, 5669, 5776, 6562, 6125, 5656, 5650, 5669, 5671, 5655, 5653, 6062, 5643, 5633, 5668, 5679, 5664, 5654, 5884, 6229, 5900, 5918, 6033, 5822, 5978, 6377, 5644, 5654, 5641, 6423, 5672, 5812, 5639, 6236, 6436, 5651, 5663, 5645, 6054, 5657, 5662, 5683, 5667, 5813, 5658, 5665, 6072, 6806, 5792, 5884, 5653, 5879, 5721, 5653, 5992, 6318, 5766, 5640, 5818, 5670, 5667, 5995, 5631, 5655, 5718, 5776, 5674, 5656, 5821, 5882, 5654, 5835, 5647, 5990, 6446, 5640, 6044, 5787, 5652, 5822, 5833, 5991, 5776, 5995, 5728, 5656, 5673, 5654, 5782, 6009, 5994, 5987, 5656, 5731, 6748, 5782, 5659, 5639, 5642, 5642, 5655, 5650, 5654, 5886, 5652, 5656, 5821, 6438, 5640, 5663, 5645, 6042, 6051, 6418, 5650, 5645, 5648, 5719, 5873, 5645, 6382, 5638, 5944, 6313, 5637, 5784, 5832, 5768, 5661, 5647, 5829, 5668, 5660, 5730, 5771, 6499, 5997, 5731, 5660, 5732, 6056, 6425, 5761, 6860, 
Mejor solucion obtenida: 42, 41, 40, 26, 25, 24, 21, 22, 23, 35, 0, 4, 15, 17, 16, 20, 19, 18, 14, 13, 12, 34, 33, 32, 31, 10, 11, 8, 9, 7, 6, 5, 29, 30, 27, 28, 1, 2, 3, 36, 37, 38, 39, || Fitness: 5620;