Archivo Usado: p43.atsp
Tamaño de la Poblacion: 100
Reemplazo por Generacion: 5
Tamaño de los Torneos: 5
Cantidad de ciudades: 43
Probabilidad de cruce: 70000
Probabilidad mutacion simple: 3000
Probabilidad mutacion compleja: 20000
Cruces minimos de la mutacion compleja: 4
Iteraciones ejecutadas: 10000
Largo del cruce PMX: 6
Operador de Cruce: 0
Metodo seleccion de Padres: 0
Operador de Mutacion: 0
Metodo seleccion de Supervivientes: 1
Cantidad de threads a usar: 16
2, 36, 37, 38, 39, 42, 40, 41, 26, 25, 24, 21, 22, 23, 35, 0, 4, 15, 20, 19, 18, 16, 17, 13, 14, 12, 33, 34, 5, 7, 6, 8, 9, 11, 10, 31, 32, 30, 29, 27, 28, 1, 3, 
2, 36, 37, 38, 39, 42, 40, 41, 26, 25, 24, 21, 22, 23, 35, 0, 4, 15, 20, 19, 18, 16, 17, 13, 14, 12, 33, 34, 5, 7, 6, 11, 9, 8, 10, 31, 32, 30, 29, 27, 28, 1, 3, 
18, 16, 17, 13, 14, 12, 33, 34, 5, 7, 6, 11, 9, 8, 10, 31, 32, 30, 29, 27, 28, 1, 3, 2, 36, 37, 38, 39, 42, 40, 41, 26, 25, 24, 21, 22, 23, 35, 0, 4, 15, 20, 19, 
15, 20, 19, 18, 16, 17, 13, 14, 12, 33, 34, 5, 7, 6, 8, 9, 11, 10, 31, 32, 30, 29, 27, 28, 1, 3, 2, 36, 37, 38, 39, 42, 40, 41, 26, 24, 25, 21, 22, 23, 35, 0, 4, 
16, 18, 19, 20, 17, 13, 14, 12, 33, 34, 5, 7, 6, 11, 9, 8, 10, 31, 32, 30, 29, 27, 28, 1, 3, 2, 36, 37, 38, 39, 42, 40, 41, 26, 25, 24, 21, 22, 23, 35, 0, 4, 15, 
15, 20, 19, 18, 16, 17, 13, 14, 12, 33, 34, 32, 31, 10, 11, 9, 8, 6, 7, 5, 30, 29, 27, 28, 1, 3, 2, 36, 37, 38, 39, 42, 40, 41, 26, 25, 24, 21, 22, 23, 35, 0, 4, 
15, 20, 19, 18, 16, 17, 13, 14, 12, 33, 34, 5, 7, 6, 11, 9, 8, 10, 31, 32, 30, 29, 27, 28, 1, 3, 2, 36, 37, 38, 39, 42, 40, 41, 26, 25, 24, 21, 22, 23, 35, 0, 4, 
34, 5, 7, 6, 11, 9, 8, 10, 31, 32, 30, 29, 27, 28, 1, 3, 2, 36, 37, 39, 38, 42, 40, 41, 26, 25, 24, 21, 22, 23, 35, 0, 4, 15, 20, 19, 18, 16, 17, 13, 14, 12, 33, 
26, 25, 24, 21, 22, 23, 35, 0, 4, 15, 20, 19, 18, 16, 17, 13, 14, 12, 33, 34, 5, 7, 6, 8, 9, 11, 10, 31, 32, 30, 29, 27, 28, 1, 3, 2, 36, 37, 38, 39, 42, 40, 41, 
24, 25, 21, 22, 23, 35, 0, 4, 15, 20, 19, 18, 16, 17, 13, 14, 12, 33, 34, 5, 7, 6, 8, 9, 11, 10, 31, 32, 30, 29, 27, 28, 1, 3, 2, 36, 37, 38, 39, 42, 40, 41, 26, 
41, 26, 24, 25, 21, 22, 23, 35, 0, 4, 15, 16, 18, 19, 20, 17, 13, 14, 12, 33, 34, 5, 7, 6, 8, 9, 11, 31, 10, 32, 30, 29, 27, 28, 1, 3, 2, 36, 37, 38, 39, 42, 40, 
28, 27, 29, 30, 32, 31, 10, 8, 9, 11, 6, 7, 5, 34, 33, 12, 14, 13, 17, 16, 18, 19, 20, 15, 4, 0, 35, 23, 22, 21, 25, 24, 26, 41, 40, 42, 39, 38, 37, 36, 2, 3, 1, 
2, 3, 1, 28, 27, 29, 30, 32, 31, 10, 8, 9, 11, 6, 7, 5, 34, 33, 12, 14, 13, 17, 16, 18, 19, 20, 15, 4, 0, 35, 23, 22, 21, 25, 24, 26, 41, 40, 42, 39, 38, 37, 36, 
12, 14, 13, 17, 16, 18, 19, 20, 15, 4, 0, 35, 23, 22, 21, 25, 24, 26, 41, 40, 42, 39, 38, 37, 36, 2, 3, 1, 28, 27, 29, 30, 32, 31, 10, 8, 9, 11, 6, 7, 5, 34, 33, 
19, 20, 15, 4, 0, 35, 23, 22, 21, 24, 25, 26, 41, 40, 42, 39, 38, 37, 36, 2, 3, 1, 28, 27, 29, 30, 32, 31, 10, 8, 9, 11, 6, 7, 5, 34, 33, 12, 14, 13, 17, 16, 18, 
8, 9, 11, 6, 7, 5, 34, 33, 12, 14, 13, 17, 16, 18, 19, 20, 15, 4, 0, 35, 23, 22, 21, 24, 25, 26, 41, 40, 42, 39, 38, 37, 36, 2, 3, 1, 28, 27, 29, 30, 32, 31, 10, 
33, 12, 14, 13, 17, 16, 18, 19, 20, 15, 4, 0, 35, 23, 22, 21, 24, 25, 26, 41, 40, 42, 39, 38, 37, 36, 2, 3, 1, 28, 27, 29, 30, 32, 31, 10, 8, 9, 11, 6, 7, 5, 34, 
5, 34, 33, 12, 14, 13, 17, 16, 18, 19, 20, 15, 4, 0, 35, 23, 22, 21, 25, 24, 26, 41, 40, 42, 39, 38, 37, 36, 2, 3, 1, 28, 27, 29, 30, 32, 31, 10, 11, 9, 8, 6, 7, 
18, 19, 20, 15, 4, 0, 35, 23, 22, 21, 24, 25, 26, 41, 40, 42, 39, 38, 37, 36, 2, 3, 1, 28, 27, 29, 30, 32, 31, 10, 8, 9, 11, 6, 7, 5, 34, 33, 12, 14, 13, 17, 16, 
35, 23, 22, 21, 24, 25, 26, 41, 40, 42, 39, 38, 37, 36, 2, 3, 1, 28, 27, 29, 30, 32, 31, 10, 11, 9, 8, 6, 7, 5, 34, 33, 12, 14, 13, 17, 16, 18, 19, 20, 15, 4, 0, 
3, 1, 28, 27, 29, 30, 32, 31, 10, 8, 9, 11, 6, 7, 5, 34, 33, 12, 14, 13, 17, 16, 18, 19, 20, 15, 4, 0, 35, 23, 22, 21, 24, 25, 26, 41, 40, 42, 39, 38, 37, 36, 2, 
31, 10, 8, 9, 11, 6, 7, 5, 34, 33, 12, 14, 13, 17, 16, 18, 19, 20, 15, 4, 0, 35, 23, 22, 21, 24, 25, 26, 41, 40, 42, 39, 38, 37, 36, 2, 3, 1, 28, 27, 29, 30, 32, 
30, 32, 31, 10, 11, 9, 8, 6, 7, 5, 34, 33, 12, 14, 13, 17, 16, 18, 19, 20, 15, 4, 0, 35, 23, 22, 21, 24, 25, 26, 41, 40, 42, 39, 38, 37, 36, 2, 3, 1, 28, 27, 29, 
15, 4, 0, 35, 23, 22, 21, 24, 25, 26, 41, 40, 42, 39, 38, 37, 36, 2, 3, 1, 28, 27, 29, 30, 32, 31, 10, 8, 9, 11, 6, 7, 5, 34, 33, 12, 14, 13, 17, 16, 18, 19, 20, 
40, 42, 39, 38, 37, 36, 2, 3, 1, 28, 27, 29, 30, 32, 31, 10, 8, 9, 11, 6, 7, 5, 34, 33, 12, 14, 13, 17, 16, 18, 19, 20, 15, 4, 0, 35, 23, 22, 21, 24, 25, 26, 41, 
21, 24, 25, 26, 41, 40, 42, 39, 38, 37, 36, 2, 3, 1, 28, 27, 29, 30, 32, 31, 10, 8, 9, 11, 6, 7, 5, 34, 33, 12, 14, 13, 17, 16, 18, 19, 20, 15, 4, 0, 35, 23, 22, 
17, 16, 18, 19, 20, 15, 4, 0, 35, 23, 22, 21, 24, 25, 26, 41, 40, 42, 39, 38, 37, 36, 2, 3, 1, 28, 27, 29, 30, 32, 31, 10, 11, 9, 8, 6, 7, 5, 34, 33, 12, 14, 13, 
0, 35, 23, 22, 21, 24, 25, 26, 41, 40, 42, 39, 38, 37, 36, 2, 3, 1, 28, 27, 29, 30, 32, 31, 10, 11, 9, 8, 6, 7, 5, 34, 33, 12, 14, 13, 17, 16, 18, 19, 20, 15, 4, 
32, 31, 10, 11, 9, 8, 6, 7, 5, 34, 33, 12, 14, 13, 17, 16, 18, 19, 20, 15, 4, 0, 35, 23, 22, 21, 24, 25, 26, 41, 40, 42, 39, 38, 37, 36, 2, 3, 1, 28, 27, 29, 30, 
40, 42, 39, 38, 37, 36, 2, 3, 1, 28, 27, 29, 30, 32, 31, 10, 8, 9, 11, 6, 7, 5, 34, 33, 12, 14, 13, 17, 16, 18, 19, 20, 15, 4, 0, 35, 23, 22, 21, 24, 25, 26, 41, 
38, 37, 36, 2, 3, 1, 28, 27, 29, 30, 32, 31, 10, 11, 9, 8, 6, 7, 5, 34, 33, 12, 14, 13, 17, 16, 18, 19, 20, 15, 4, 0, 35, 23, 22, 21, 24, 25, 26, 41, 40, 42, 39, 
31, 10, 8, 9, 11, 6, 7, 5, 34, 33, 12, 14, 13, 17, 16, 18, 19, 20, 15, 4, 0, 35, 23, 22, 21, 24, 25, 26, 41, 40, 42, 39, 38, 37, 36, 2, 3, 1, 28, 27, 29, 30, 32, 
30, 32, 31, 10, 8, 9, 11, 6, 7, 5, 34, 33, 12, 14, 13, 17, 16, 18, 19, 20, 15, 4, 0, 35, 23, 22, 21, 24, 25, 26, 41, 40, 42, 39, 38, 37, 36, 2, 3, 1, 28, 27, 29, 
42, 39, 38, 37, 36, 2, 3, 1, 28, 27, 29, 30, 32, 31, 10, 11, 9, 8, 6, 7, 5, 34, 33, 12, 14, 13, 17, 16, 18, 19, 20, 15, 4, 0, 35, 23, 22, 21, 25, 24, 26, 41, 40, 
10, 8, 9, 11, 6, 7, 5, 34, 33, 12, 14, 13, 17, 16, 18, 19, 20, 15, 4, 0, 35, 23, 22, 21, 24, 25, 26, 41, 40, 42, 39, 38, 37, 36, 2, 3, 1, 28, 27, 29, 30, 32, 31, 
22, 21, 24, 25, 26, 41, 40, 42, 39, 38, 37, 36, 2, 3, 1, 28, 27, 29, 30, 32, 31, 10, 11, 9, 8, 6, 7, 5, 34, 33, 12, 14, 13, 17, 16, 18, 19, 20, 15, 4, 0, 35, 23, 
31, 10, 8, 9, 11, 6, 7, 5, 34, 33, 12, 14, 13, 17, 16, 18, 19, 20, 15, 4, 0, 35, 23, 22, 21, 24, 25, 26, 41, 40, 42, 39, 38, 37, 36, 2, 3, 1, 28, 27, 29, 30, 32, 
40, 42, 39, 38, 37, 36, 2, 3, 1, 28, 27, 29, 30, 32, 31, 10, 11, 9, 8, 6, 7, 5, 34, 33, 12, 14, 13, 17, 16, 18, 19, 20, 15, 4, 0, 35, 23, 22, 21, 24, 25, 26, 41, 
41, 40, 42, 39, 38, 37, 36, 2, 3, 1, 28, 27, 29, 30, 32, 31, 10, 8, 9, 11, 6, 7, 5, 34, 33, 12, 14, 13, 17, 20, 19, 18, 16, 15, 4, 0, 35, 23, 22, 21, 24, 25, 26, 
2, 36, 37, 38, 39, 42, 40, 41, 26, 25, 24, 21, 22, 23, 35, 0, 4, 15, 20, 19, 18, 16, 17, 13, 14, 12, 33, 34, 5, 8, 6, 7, 9, 11, 10, 31, 32, 30, 29, 27, 28, 1, 3, 
35, 0, 4, 15, 20, 19, 18, 16, 17, 13, 14, 12, 33, 34, 5, 7, 6, 11, 9, 8, 10, 31, 32, 30, 29, 27, 2, 1, 3, 28, 36, 37, 38, 39, 42, 40, 41, 26, 25, 24, 21, 22, 23, 
18, 19, 20, 15, 4, 0, 35, 23, 22, 21, 24, 25, 26, 41, 40, 42, 39, 38, 37, 36, 2, 3, 1, 28, 27, 29, 30, 32, 31, 10, 8, 9, 11, 6, 7, 5, 34, 13, 12, 14, 33, 17, 16, 
15, 20, 19, 18, 16, 17, 13, 5, 12, 33, 34, 14, 7, 6, 8, 9, 11, 10, 31, 32, 30, 29, 27, 28, 1, 3, 2, 36, 37, 38, 39, 42, 40, 41, 26, 24, 25, 21, 22, 23, 35, 0, 4, 
35, 0, 4, 15, 20, 19, 18, 16, 17, 13, 14, 12, 33, 34, 5, 7, 6, 8, 9, 11, 10, 31, 32, 30, 3, 27, 28, 1, 29, 2, 36, 37, 38, 39, 42, 40, 41, 26, 25, 24, 21, 22, 23, 
2, 36, 37, 38, 39, 42, 40, 41, 26, 25, 24, 21, 22, 23, 35, 0, 4, 15, 20, 19, 18, 16, 17, 33, 14, 12, 13, 34, 5, 31, 6, 11, 9, 8, 10, 7, 32, 30, 29, 27, 28, 1, 3, 
2, 36, 37, 38, 39, 42, 40, 41, 26, 25, 24, 21, 22, 23, 35, 0, 4, 15, 20, 19, 18, 16, 12, 13, 14, 17, 33, 34, 5, 7, 6, 8, 9, 11, 10, 31, 32, 30, 29, 27, 28, 1, 3, 
24, 21, 22, 23, 35, 0, 4, 15, 20, 19, 18, 16, 17, 13, 14, 12, 33, 3, 1, 28, 27, 29, 30, 32, 31, 10, 8, 9, 11, 6, 7, 5, 34, 2, 36, 37, 38, 39, 42, 40, 41, 26, 25, 
2, 36, 37, 38, 39, 42, 40, 41, 26, 25, 24, 21, 22, 23, 35, 0, 4, 15, 20, 19, 18, 16, 17, 13, 14, 30, 33, 34, 5, 7, 6, 8, 9, 11, 10, 31, 32, 12, 29, 27, 28, 1, 3, 
36, 2, 3, 5, 28, 27, 29, 30, 32, 31, 10, 8, 9, 11, 6, 7, 1, 34, 33, 12, 14, 13, 17, 16, 18, 19, 20, 15, 4, 0, 35, 23, 22, 21, 24, 25, 26, 41, 40, 42, 39, 38, 37, 
13, 14, 12, 33, 34, 5, 7, 6, 11, 9, 8, 10, 31, 32, 30, 37, 27, 28, 1, 3, 2, 36, 29, 38, 39, 42, 40, 41, 26, 25, 24, 21, 22, 23, 35, 0, 4, 15, 20, 19, 18, 16, 17, 
36, 10, 38, 39, 42, 40, 41, 26, 25, 24, 21, 22, 23, 35, 0, 4, 15, 20, 19, 18, 16, 17, 13, 14, 12, 33, 34, 5, 7, 6, 11, 9, 8, 37, 31, 32, 30, 29, 27, 28, 1, 3, 2, 
35, 0, 4, 15, 20, 19, 18, 16, 2, 13, 14, 12, 33, 34, 5, 7, 6, 11, 9, 8, 10, 31, 32, 30, 29, 27, 28, 1, 3, 17, 36, 37, 38, 39, 42, 40, 41, 26, 25, 24, 21, 22, 23, 
40, 41, 26, 25, 24, 21, 22, 23, 35, 0, 4, 15, 16, 18, 19, 20, 17, 13, 14, 12, 33, 34, 5, 7, 6, 11, 9, 8, 10, 2, 32, 30, 29, 27, 28, 1, 3, 31, 36, 37, 38, 39, 42, 
26, 41, 40, 42, 39, 38, 37, 36, 2, 3, 1, 28, 27, 29, 30, 32, 31, 10, 11, 6, 7, 5, 34, 33, 12, 14, 13, 17, 16, 18, 19, 20, 15, 4, 0, 35, 23, 22, 21, 25, 24, 9, 8, 
14, 12, 33, 34, 5, 7, 6, 11, 9, 8, 10, 31, 36, 30, 29, 27, 28, 1, 3, 2, 32, 37, 38, 39, 42, 40, 41, 26, 25, 24, 21, 22, 23, 35, 0, 4, 15, 16, 18, 19, 20, 17, 13, 
24, 26, 41, 40, 42, 39, 38, 37, 36, 2, 3, 1, 28, 27, 29, 30, 32, 31, 10, 11, 6, 7, 5, 34, 33, 12, 14, 13, 17, 16, 18, 19, 20, 15, 4, 0, 35, 23, 22, 21, 25, 8, 9, 
20, 15, 4, 0, 35, 23, 22, 21, 24, 25, 26, 41, 40, 42, 39, 38, 37, 36, 2, 3, 1, 28, 27, 29, 30, 32, 31, 10, 11, 6, 7, 5, 34, 33, 12, 14, 13, 17, 16, 18, 19, 9, 8, 
40, 42, 39, 38, 7, 27, 2, 3, 1, 28, 36, 29, 30, 32, 31, 10, 8, 9, 11, 6, 37, 15, 34, 33, 12, 14, 13, 17, 20, 19, 18, 16, 5, 4, 0, 35, 23, 22, 21, 24, 25, 26, 41, 
37, 38, 39, 42, 40, 41, 26, 24, 25, 21, 22, 23, 35, 0, 4, 15, 20, 19, 6, 16, 17, 13, 14, 12, 33, 34, 5, 7, 18, 8, 9, 11, 10, 31, 32, 30, 29, 27, 28, 1, 3, 2, 36, 
10, 31, 32, 30, 29, 27, 28, 1, 3, 2, 36, 37, 26, 39, 42, 40, 41, 38, 25, 24, 21, 22, 23, 35, 0, 4, 15, 20, 19, 18, 16, 17, 7, 14, 12, 33, 34, 5, 13, 6, 11, 9, 8, 
13, 17, 20, 15, 4, 0, 35, 23, 22, 21, 24, 25, 26, 41, 40, 42, 39, 38, 7, 36, 2, 3, 1, 28, 27, 29, 30, 32, 31, 10, 8, 9, 11, 6, 37, 5, 34, 33, 12, 14, 16, 18, 19, 
36, 2, 37, 38, 39, 42, 40, 41, 26, 25, 24, 21, 22, 23, 35, 0, 4, 15, 10, 19, 18, 16, 17, 13, 14, 12, 33, 34, 5, 7, 6, 11, 9, 8, 20, 31, 32, 30, 29, 27, 28, 1, 3, 
36, 2, 3, 1, 28, 27, 29, 30, 32, 31, 10, 11, 9, 8, 6, 25, 5, 34, 33, 12, 14, 13, 17, 16, 18, 19, 20, 15, 4, 0, 35, 23, 22, 21, 24, 7, 26, 41, 40, 42, 39, 38, 37, 
2, 36, 37, 38, 39, 42, 40, 41, 26, 25, 24, 21, 22, 23, 35, 0, 4, 15, 31, 19, 18, 16, 17, 13, 14, 12, 33, 34, 5, 7, 6, 8, 9, 11, 10, 20, 32, 30, 29, 27, 28, 1, 3, 
18, 16, 17, 13, 14, 12, 33, 34, 5, 7, 6, 11, 9, 8, 10, 31, 32, 30, 29, 27, 28, 1, 2, 22, 36, 37, 38, 39, 42, 40, 41, 26, 25, 24, 21, 3, 23, 35, 0, 4, 15, 20, 19, 
23, 35, 0, 4, 15, 20, 19, 18, 16, 17, 13, 14, 12, 33, 34, 5, 7, 6, 8, 9, 11, 10, 31, 32, 30, 29, 27, 28, 1, 3, 2, 36, 37, 38, 39, 42, 40, 41, 26, 21, 24, 25, 22, 
2, 36, 37, 38, 39, 42, 40, 41, 26, 21, 24, 25, 22, 23, 35, 0, 4, 15, 20, 19, 18, 16, 17, 33, 14, 12, 13, 34, 5, 7, 6, 11, 9, 8, 10, 31, 32, 30, 29, 27, 28, 1, 3, 
30, 32, 31, 10, 8, 9, 11, 6, 7, 5, 3, 1, 28, 27, 29, 35, 0, 4, 15, 20, 19, 18, 16, 17, 13, 14, 12, 33, 34, 2, 36, 37, 38, 39, 42, 40, 41, 26, 25, 24, 21, 22, 23, 
11, 4, 10, 8, 6, 7, 5, 34, 33, 12, 14, 13, 17, 16, 18, 19, 20, 15, 9, 0, 35, 23, 22, 21, 24, 25, 26, 41, 40, 42, 39, 38, 37, 36, 2, 3, 1, 28, 27, 29, 30, 32, 31, 
40, 41, 26, 25, 24, 21, 22, 23, 35, 0, 4, 30, 27, 18, 19, 20, 17, 13, 14, 12, 33, 16, 5, 7, 6, 11, 9, 8, 10, 31, 32, 15, 29, 34, 28, 1, 3, 2, 36, 37, 38, 39, 42, 
30, 0, 4, 15, 20, 19, 18, 16, 17, 13, 14, 12, 33, 34, 5, 7, 6, 11, 9, 8, 10, 31, 32, 35, 29, 27, 28, 1, 3, 2, 36, 37, 38, 39, 42, 40, 41, 26, 25, 24, 21, 22, 23, 
16, 27, 19, 20, 17, 13, 14, 12, 33, 34, 5, 7, 6, 11, 9, 8, 10, 31, 32, 30, 29, 18, 28, 1, 3, 2, 36, 37, 38, 39, 42, 40, 41, 26, 25, 24, 21, 22, 23, 35, 0, 4, 15, 
2, 36, 37, 38, 39, 42, 40, 41, 26, 25, 24, 21, 22, 23, 35, 0, 4, 15, 20, 19, 27, 16, 17, 13, 14, 12, 33, 34, 5, 7, 6, 8, 9, 11, 10, 31, 32, 30, 29, 18, 28, 1, 3, 
6, 22, 9, 8, 10, 31, 32, 30, 29, 27, 28, 1, 3, 2, 36, 37, 38, 39, 42, 40, 41, 26, 24, 25, 21, 11, 23, 35, 0, 4, 15, 20, 19, 18, 16, 17, 13, 14, 12, 33, 34, 5, 7, 
24, 16, 18, 19, 20, 15, 4, 0, 35, 23, 22, 21, 17, 25, 26, 41, 40, 42, 39, 38, 37, 36, 2, 1, 33, 12, 14, 13, 34, 28, 27, 29, 30, 32, 31, 10, 8, 9, 11, 6, 7, 5, 3, 
31, 10, 9, 11, 8, 6, 7, 5, 34, 33, 12, 14, 13, 17, 16, 18, 1, 28, 27, 29, 30, 32, 15, 4, 0, 35, 23, 22, 21, 24, 25, 26, 41, 40, 42, 39, 38, 37, 36, 2, 3, 20, 19, 
27, 29, 30, 32, 31, 10, 9, 11, 8, 6, 7, 5, 34, 33, 12, 14, 13, 17, 16, 18, 41, 40, 42, 39, 38, 37, 36, 2, 3, 1, 28, 20, 15, 4, 0, 35, 23, 22, 21, 24, 25, 26, 19, 
23, 35, 0, 4, 15, 25, 19, 18, 16, 17, 13, 14, 12, 33, 34, 5, 7, 6, 8, 9, 11, 10, 31, 32, 30, 29, 27, 28, 1, 3, 2, 36, 37, 38, 39, 42, 40, 41, 26, 20, 24, 21, 22, 
2, 36, 37, 38, 39, 42, 40, 41, 26, 25, 33, 21, 22, 23, 35, 0, 4, 27, 20, 19, 18, 16, 17, 13, 14, 12, 24, 34, 30, 7, 6, 8, 9, 11, 10, 31, 32, 5, 29, 3, 28, 1, 15, 
27, 29, 30, 32, 31, 10, 8, 9, 11, 6, 7, 5, 34, 33, 12, 14, 13, 17, 16, 18, 19, 4, 15, 20, 0, 35, 23, 22, 21, 24, 25, 26, 41, 40, 42, 39, 38, 37, 36, 2, 3, 1, 28, 
30, 29, 27, 28, 20, 3, 2, 36, 37, 38, 39, 42, 40, 41, 26, 25, 24, 21, 22, 23, 35, 0, 4, 15, 1, 19, 18, 16, 17, 13, 14, 12, 33, 34, 5, 7, 6, 11, 10, 31, 32, 8, 9, 
41, 40, 42, 39, 38, 37, 36, 2, 34, 1, 28, 27, 29, 30, 32, 31, 10, 9, 11, 8, 6, 7, 5, 3, 33, 12, 14, 13, 17, 16, 18, 19, 20, 15, 21, 0, 35, 23, 22, 4, 24, 25, 26, 
6, 11, 9, 8, 10, 31, 32, 30, 29, 27, 28, 1, 3, 2, 36, 37, 38, 39, 42, 40, 41, 26, 24, 25, 17, 22, 23, 35, 0, 4, 15, 20, 19, 18, 16, 21, 13, 14, 12, 33, 34, 5, 7, 
2, 36, 37, 38, 39, 42, 40, 41, 26, 25, 24, 17, 22, 23, 35, 0, 4, 15, 20, 19, 18, 16, 21, 33, 14, 12, 13, 34, 5, 7, 6, 11, 9, 8, 10, 31, 32, 30, 29, 27, 28, 1, 3, 
16, 35, 0, 4, 15, 20, 19, 18, 23, 17, 13, 14, 12, 33, 34, 5, 7, 6, 8, 9, 11, 10, 31, 32, 30, 29, 27, 28, 1, 3, 2, 36, 37, 38, 39, 42, 40, 41, 26, 25, 24, 21, 22, 
18, 16, 17, 14, 13, 12, 33, 34, 5, 7, 6, 8, 9, 11, 10, 31, 32, 30, 29, 27, 28, 1, 3, 2, 36, 37, 38, 39, 42, 40, 41, 26, 25, 24, 21, 22, 19, 35, 0, 4, 15, 20, 23, 
37, 38, 39, 42, 40, 41, 26, 25, 24, 20, 22, 23, 35, 0, 4, 15, 21, 19, 18, 16, 17, 13, 14, 12, 33, 34, 5, 7, 6, 11, 9, 8, 10, 31, 32, 30, 29, 27, 28, 1, 3, 2, 36, 
4, 0, 35, 38, 37, 36, 2, 3, 1, 28, 27, 29, 30, 32, 31, 10, 8, 9, 11, 6, 7, 5, 34, 33, 12, 14, 13, 17, 16, 18, 19, 20, 15, 26, 41, 40, 42, 39, 24, 25, 21, 22, 23, 
34, 5, 7, 6, 41, 9, 8, 10, 31, 32, 30, 29, 27, 28, 1, 3, 2, 36, 37, 38, 39, 42, 40, 11, 26, 25, 24, 21, 22, 23, 35, 0, 4, 15, 20, 19, 18, 16, 17, 13, 14, 12, 33, 
23, 35, 0, 4, 15, 20, 19, 18, 16, 17, 13, 14, 12, 11, 8, 5, 7, 6, 34, 9, 33, 41, 31, 32, 30, 29, 27, 28, 1, 3, 2, 36, 37, 38, 39, 42, 40, 10, 26, 25, 24, 21, 22, 
18, 16, 17, 13, 14, 12, 33, 3, 1, 28, 27, 29, 30, 32, 31, 10, 8, 11, 9, 24, 21, 22, 23, 35, 0, 4, 15, 20, 19, 39, 38, 7, 36, 2, 34, 5, 37, 6, 25, 26, 41, 40, 42, 
31, 10, 8, 9, 11, 6, 7, 5, 34, 33, 12, 14, 13, 17, 16, 18, 38, 37, 36, 2, 3, 1, 28, 27, 29, 30, 32, 35, 23, 22, 21, 24, 25, 26, 41, 40, 42, 39, 0, 4, 15, 20, 19, 
18, 16, 17, 13, 14, 12, 33, 34, 5, 7, 6, 8, 11, 9, 10, 31, 32, 30, 29, 27, 28, 1, 3, 2, 36, 37, 20, 39, 42, 40, 41, 26, 25, 24, 21, 22, 23, 35, 0, 4, 15, 38, 19, 
23, 35, 0, 4, 15, 20, 19, 18, 16, 17, 13, 14, 12, 33, 34, 5, 7, 6, 8, 9, 11, 10, 31, 32, 30, 29, 27, 28, 1, 3, 2, 36, 37, 38, 39, 42, 40, 22, 26, 25, 24, 21, 41, 
37, 38, 39, 42, 40, 26, 29, 19, 25, 21, 22, 23, 35, 0, 4, 15, 20, 24, 2, 16, 17, 13, 14, 12, 33, 34, 5, 7, 6, 8, 9, 11, 10, 31, 32, 30, 41, 27, 28, 1, 3, 18, 36, 
39, 38, 37, 36, 2, 3, 1, 28, 27, 29, 30, 32, 31, 10, 9, 11, 8, 6, 7, 5, 34, 33, 12, 14, 13, 17, 16, 18, 21, 24, 25, 26, 41, 40, 42, 15, 4, 0, 35, 23, 22, 19, 20, 
4, 15, 20, 19, 18, 16, 17, 13, 14, 12, 34, 33, 5, 7, 6, 8, 9, 11, 10, 31, 39, 30, 29, 27, 28, 1, 3, 2, 36, 37, 38, 32, 42, 40, 41, 26, 25, 24, 21, 22, 23, 35, 0, 
42, 20, 19, 18, 16, 17, 13, 14, 12, 33, 34, 5, 7, 6, 8, 9, 11, 10, 31, 32, 30, 29, 27, 28, 1, 3, 2, 36, 37, 38, 39, 15, 40, 41, 26, 24, 25, 21, 22, 23, 35, 0, 4, 
23, 35, 0, 4, 15, 20, 19, 18, 16, 17, 13, 14, 12, 33, 34, 5, 7, 6, 8, 9, 11, 10, 31, 32, 30, 29, 27, 28, 1, 3, 2, 36, 37, 38, 25, 42, 40, 41, 26, 39, 24, 21, 22, 
41, 40, 29, 39, 38, 37, 36, 2, 34, 1, 28, 27, 42, 30, 32, 31, 10, 9, 11, 8, 6, 7, 5, 3, 33, 12, 14, 13, 17, 16, 18, 19, 20, 15, 4, 0, 35, 23, 22, 21, 24, 25, 26, 
Tiempo de ejecucion (total): 5.872
Best fitness a lo largo del tiempo: 
17328, 11973, 11866, 6591, 6445, 6326, 6189, 6160, 6100, 6064, 6064, 6014, 6007, 6007, 5981, 5938, 5933, 5920, 5869, 5869, 5858, 5858, 5858, 5837, 5836, 5836, 5810, 5810, 5804, 5804, 5804, 5804, 5804, 5796, 5771, 5771, 5765, 5758, 5758, 5758, 5749, 5749, 5749, 5741, 5741, 5741, 5731, 5731, 5731, 5731, 5731, 5730, 5726, 5726, 5726, 5724, 5724, 5711, 5705, 5705, 5705, 5697, 5697, 5697, 5696, 5696, 5696, 5696, 5695, 5694, 5694, 5694, 5694, 5694, 5694, 5694, 5694, 5694, 5694, 5694, 5694, 5694, 5694, 5694, 5694, 5694, 5694, 5694, 5694, 5694, 5694, 5694, 5694, 5694, 5694, 5694, 5694, 5694, 5694, 5694, 5694, 5694, 5694, 5694, 5694, 5694, 5694, 5694, 5694, 5694, 5694, 5694, 5690, 5684, 5684, 5684, 5684, 5684, 5684, 5684, 5684, 5684, 5684, 5684, 5684, 5684, 5684, 5684, 5684, 5684, 5684, 5684, 5684, 5684, 5684, 5684, 5684, 5684, 5684, 5684, 5684, 5684, 5684, 5684, 5684, 5684, 5684, 5684, 5684, 5684, 5684, 5684, 5684, 5684, 5684, 5680, 5674, 5674, 5674, 5674, 5674, 5664, 5664, 5664, 5661, 5655, 5655, 5655, 5643, 5643, 5643, 5643, 5643, 5643, 5643, 5643, 5643, 5643, 5643, 5643, 5643, 5643, 5643, 5643, 5643, 5643, 5643, 5643, 5643, 5643, 5643, 5643, 5643, 5643, 5643, 5643, 5643, 5643, 5643, 5643, 5643, 5643, 5643, 5643, 5643, 5643, 5643, 5643, 5643, 5643, 5643, 5643, 5643, 5643, 5643, 5643, 5643, 5643, 5643, 5643, 5643, 5643, 5643, 5643, 5643, 5643, 5643, 5643, 5643, 5643, 5643, 5643, 5643, 5643, 5643, 5643, 5643, 5641, 5641, 5641, 5641, 5641, 5641, 5641, 5641, 5641, 5641, 5641, 5641, 5641, 5641, 5641, 5641, 5641, 5641, 5641, 5641, 5641, 5641, 5641, 5641, 5641, 5641, 5641, 5641, 5641, 5641, 5641, 5641, 5641, 5641, 5641, 5641, 5641, 5641, 5641, 5641, 5641, 5641, 5641, 5641, 5641, 5641, 5641, 5641, 5641, 5641, 5641, 5641, 5641, 5641, 5641, 5641, 5641, 5641, 5641, 5641, 5641, 5641, 5641, 5641, 5641, 5641, 5641, 5641, 5641, 5641, 5641, 5641, 5641, 5641, 5641, 5641, 5641, 5641, 5641, 5641, 5641, 5641, 5641, 5641, 5641, 5641, 5641, 5641, 5641, 5641, 5641, 5641, 5641, 5641, 5641, 5641, 5641, 5641, 5641, 5641, 5641, 5641, 5641, 5641, 5641, 5641, 5641, 5641, 5641, 5641, 5641, 5641, 5641, 5641, 5641, 5641, 5641, 5641, 5641, 5641, 5641, 5641, 5641, 5641, 5641, 5641, 5641, 5641, 5641, 5641, 5641, 5641, 5641, 5641, 5641, 5641, 5641, 5641, 5641, 5641, 5641, 5641, 5641, 5641, 5641, 5641, 5641, 5641, 5641, 5641, 5641, 5641, 5641, 5641, 5641, 5641, 5641, 5641, 5641, 5641, 5641, 5641, 5641, 5641, 5641, 5641, 5641, 5641, 5641, 5641, 5641, 5641, 5641, 5641, 5641, 5641, 5641, 5641, 5641, 5641, 5641, 5641, 5641, 5641, 5641, 5641, 5641, 5641, 5641, 5641, 5641, 5641, 5641, 5641, 5641, 5641, 5641, 5641, 5641, 5641, 5641, 5641, 5641, 5641, 5641, 5641, 5641, 5641, 5641, 5641, 5641, 5641, 5641, 5641, 5641, 5641, 5641, 5641, 5641, 5641, 5641, 5641, 5641, 5641, 5641, 5641, 5641, 5641, 5641, 5641, 5641, 5641, 5641, 5641, 5641, 5641, 5641, 5641, 5641, 5641, 5641, 5641, 5641, 5641, 5641, 5641, 5641, 5641, 5641, 5641, 5641, 5641, 5641, 5640, 5640, 5640, 5640, 5640, 5640, 5640, 5640, 5640, 5640, 5640, 5640, 5640, 5640, 5640, 5640, 5640, 5640, 5640, 5640, 5640, 5640, 5640, 5640, 5640, 5640, 5640, 5640, 5640, 5640, 5640, 5640, 5640, 5640, 5640, 5640, 5640, 5640, 5640, 5640, 5640, 5640, 5640, 5640, 5640, 5640, 5640, 5640, 5640, 5640, 5640, 5640, 5640, 5640, 5640, 5640, 5640, 5640, 5640, 5640, 5640, 5640, 5640, 5640, 5640, 5640, 5640, 5640, 5640, 5640, 5640, 5640, 5640, 5640, 5640, 5640, 5640, 5640, 5640, 5640, 5640, 5640, 5640, 5640, 5640, 5640, 5640, 5640, 5640, 5640, 5640, 5640, 5640, 5640, 5640, 5640, 5640, 5640, 5640, 5640, 5640, 5640, 5640, 5640, 5640, 5640, 5640, 5640, 5640, 5640, 5640, 5640, 5640, 5640, 5640, 5640, 5640, 5640, 5640, 5640, 5640, 5640, 5640, 5640, 5640, 5640, 5640, 5640, 5640, 5640, 5640, 5640, 5640, 5640, 5640, 5640, 5640, 5640, 5640, 5640, 5640, 5640, 5640, 5640, 5640, 5640, 5640, 5640, 5640, 5640, 5640, 5640, 5640, 5640, 5640, 5640, 5640, 5640, 5640, 5640, 5640, 5640, 5640, 5640, 5640, 5640, 5640, 5640, 5640, 5640, 5640, 5640, 5640, 5640, 5640, 5640, 5640, 5640, 5640, 5640, 5640, 5640, 5640, 5640, 5640, 5640, 5640, 5640, 5640, 5640, 5640, 5640, 5640, 5640, 5640, 5640, 5640, 5640, 5640, 5640, 5640, 5640, 5640, 5640, 5640, 5640, 5640, 5640, 5640, 5640, 5640, 5640, 5640, 5640, 5640, 5640, 5640, 5640, 5640, 5640, 5640, 5640, 5640, 5640, 5640, 5640, 5640, 5640, 5640, 5640, 5640, 5640, 5640, 5640, 5640, 5640, 5640, 5640, 5640, 5640, 5640, 5640, 5640, 5640, 5640, 5640, 5640, 5640, 5640, 5640, 5640, 5640, 5640, 5640, 5640, 5640, 5640, 5640, 5640, 5640, 5640, 5640, 5640, 5640, 5640, 5640, 5640, 5640, 5640, 5640, 5640, 5640, 5640, 5640, 5640, 5640, 5640, 5640, 5640, 5640, 5640, 5640, 5640, 5640, 5640, 5640, 5640, 5640, 5640, 5640, 5640, 5640, 5640, 5640, 5640, 5640, 5640, 5640, 5640, 5640, 5640, 5640, 5640, 5640, 5640, 5640, 5640, 5640, 5640, 5640, 5640, 5640, 5640, 5640, 5640, 5640, 5640, 5640, 5640, 5640, 5640, 5640, 5640, 5640, 5640, 5640, 5640, 5640, 5640, 5640, 5640, 5640, 5640, 5640, 5640, 5640, 5640, 5640, 5640, 5640, 5640, 5640, 5640, 5640, 5640, 5640, 5640, 5640, 5640, 5640, 5640, 5640, 5640, 5640, 5640, 5640, 5640, 5640, 5640, 5640, 5640, 5640, 5640, 5640, 5640, 5640, 5640, 5640, 5640, 5640, 5640, 5640, 5640, 5640, 5640, 5640, 5640, 5640, 5640, 5640, 5640, 5640, 5640, 5640, 5640, 5640, 5640, 5640, 5640, 5640, 5640, 5640, 5640, 5640, 5640, 5640, 5640, 5640, 5640, 5640, 5640, 5640, 5640, 5640, 5640, 5640, 5640, 5640, 5640, 5640, 5640, 5640, 5640, 5640, 5640, 5640, 5640, 5640, 5640, 5640, 5640, 5640, 5640, 5640, 5640, 5640, 5640, 5640, 5640, 5640, 5640, 5640, 5640, 5640, 5640, 5640, 5640, 5640, 5640, 5640, 5640, 5640, 5640, 5640, 5640, 5640, 5640, 5640, 5640, 5640, 5640, 5640, 5640, 5640, 5640, 5640, 5640, 5640, 5640, 5640, 5640, 5640, 5640, 5640, 5640, 5640, 5640, 5640, 5640, 5640, 5640, 5640, 5640, 5640, 5640, 5640, 5640, 5640, 5640, 5640, 5640, 5640, 5640, 5640, 5640, 5640, 5640, 5640, 5640, 5640, 5640, 5640, 5640, 5640, 5640, 5640, 5640, 5640, 5640, 5640, 5640, 5640, 5640, 5640, 5640, 5640, 5640, 5640, 5640, 5640, 5640, 5640, 5640, 5640, 5640, 5640, 5640, 5640, 5640, 5640, 5640, 5640, 5640, 5640, 5640, 5640, 5640, 5640, 5640, 5640, 5640, 5640, 5640, 5640, 5640, 5640, 5640, 5640, 5640, 5640, 5640, 5640, 5640, 5640, 5640, 5640, 5640, 5640, 5640, 5640, 5640, 5640, 5640, 5640, 5640, 5640, 5640, 5640, 5640, 5640, 5640, 5640, 5640, 5640, 5640, 5640, 5640, 5640, 5640, 5640, 5640, 5640, 5640, 5640, 5640, 5640, 5640, 5640, 5640, 5640, 5640, 5640, 5640, 5640, 5640, 5640, 5640, 5640, 5640, 5640, 5640, 5640, 5640, 5640, 5640, 5640, 5640, 5640, 5640, 5640, 5640, 5640, 5640, 5640, 5640, 5640, 5640, 5640, 5640, 5640, 5640, 5640, 5640, 5640, 5640, 5640, 5640, 5640, 5640, 5640, 5640, 5640, 5640, 5640, 5640, 5640, 5640, 5640, 5639, 5639, 5639, 5639, 5639, 5639, 5639, 5639, 5639, 5639, 5639, 5639, 5639, 5639, 5626, 5626, 5626, 5626, 5626, 5626, 5626, 5626, 5626, 5626, 5626, 5626, 5626, 5626, 5626, 5626, 5626, 5626, 5626, 5626, 5626, 5626, 5626, 5626, 5626, 5626, 5626, 5626, 5626, 5626, 5626, 5626, 5626, 5626, 5626, 5626, 5626, 5626, 5626, 5626, 5626, 5626, 5626, 5626, 5626, 5626, 5626, 5626, 5626, 5626, 5626, 5626, 5626, 5626, 5626, 5626, 5626, 5626, 5626, 5626, 5626, 5626, 5626, 5626, 5626, 5626, 5626, 5626, 5626, 5626, 5626, 5626, 5626, 5626, 5626, 5626, 5626, 5626, 5624, 5624, 5624, 5624, 5624, 5624, 5624, 5624, 5624, 5624, 5624, 5624, 5624, 5624, 5624, 5624, 5624, 5624, 5624, 5624, 5624, 5624, 5624, 5624, 5624, 5624, 5624, 5624, 5624, 5624, 5624, 5624, 5624, 5624, 5624, 5624, 5624, 5624, 5624, 5624, 5624, 5624, 5624, 5624, 5624, 5624, 5624, 5624, 5624, 5624, 5624, 5624, 5624, 5624, 5624, 5624, 5624, 5624, 5624, 5624, 5624, 5624, 5624, 5624, 5624, 5624, 5624, 5624, 5624, 5624, 5624, 5624, 5624, 5624, 5624, 5624, 5624, 5624, 5624, 5624, 5624, 5624, 5624, 5624, 5624, 5624, 5624, 5624, 5624, 5624, 5624, 5624, 5624, 5624, 5624, 5624, 5624, 5624, 5624, 5624, 5624, 5624, 5624, 5624, 5624, 5624, 5624, 5624, 5624, 5624, 5624, 5624, 5624, 5624, 5624, 5624, 5624, 5624, 5624, 5624, 5624, 5624, 5624, 5624, 5624, 5624, 5624, 5624, 5624, 5624, 5624, 5624, 5624, 5624, 5624, 5624, 5624, 5624, 5624, 5624, 5624, 5624, 5624, 5624, 5624, 5624, 5624, 5624, 5624, 5624, 5624, 5624, 5624, 5624, 5624, 5624, 5624, 5624, 5624, 5624, 5624, 5624, 5624, 5624, 5624, 5624, 5624, 5624, 5624, 5624, 5624, 5624, 5624, 5624, 5624, 5624, 5624, 5624, 5624, 5624, 5624, 5624, 5624, 5624, 5624, 5624, 5624, 5624, 5624, 5624, 5624, 5624, 5624, 5624, 5624, 5624, 5624, 5624, 5624, 5624, 5624, 5624, 5624, 5624, 5624, 5624, 5624, 5624, 5624, 5624, 5624, 5624, 5624, 5624, 5624, 5624, 5624, 5624, 5624, 5624, 5624, 5624, 5624, 5624, 5624, 5624, 5624, 5624, 5624, 5624, 5624, 5624, 5624, 5624, 5624, 5624, 5624, 5624, 5624, 5624, 5624, 5624, 5624, 5624, 5624, 5624, 5624, 5624, 5624, 5624, 5624, 5624, 5624, 5624, 5624, 5624, 5624, 5624, 5624, 5624, 5624, 5624, 5624, 5624, 5624, 5624, 5624, 5624, 5624, 5624, 5624, 5624, 5624, 5624, 5624, 5624, 5624, 5624, 5624, 5624, 5624, 5624, 5620, 
Fitness promedio a lo largo del tiempo: 
20812, 17586, 14784, 13305, 11620, 9870, 8083, 8208, 7790, 8137, 7825, 7561, 7320, 6924, 6710, 7514, 6642, 6929, 6688, 7443, 7018, 6755, 6499, 6611, 6623, 6916, 6651, 6713, 6873, 7404, 7194, 7291, 6582, 6409, 5910, 6627, 6549, 6348, 6490, 6878, 6496, 6697, 6689, 7255, 7032, 6492, 6155, 6416, 6711, 6435, 7126, 6009, 6739, 6156, 5943, 6507, 6573, 6832, 5926, 6501, 6497, 6001, 5875, 5771, 6141, 5734, 5756, 6004, 6074, 6623, 6347, 6068, 6513, 5970, 5725, 5914, 6176, 5731, 5853, 6205, 6500, 5718, 5862, 6682, 6085, 6332, 5787, 5736, 6269, 6285, 5888, 5759, 5713, 6204, 6252, 6012, 5998, 6067, 5729, 6111, 6406, 6092, 5730, 5918, 5888, 6819, 5726, 6389, 6493, 6467, 5918, 6242, 5731, 6407, 6490, 6108, 6726, 6065, 6295, 6112, 6333, 6048, 5913, 5735, 6171, 6264, 5706, 5993, 5722, 5706, 6587, 6108, 5946, 5882, 6069, 6746, 6563, 6321, 5735, 6280, 5716, 5744, 6584, 6577, 6121, 7088, 5716, 6809, 5727, 6491, 6265, 6707, 6167, 6502, 6440, 6822, 6022, 5747, 6281, 6288, 5706, 6858, 6081, 7284, 6909, 6472, 6814, 6206, 6483, 6004, 5841, 6380, 6597, 5872, 6573, 5861, 5691, 6397, 5713, 7052, 6825, 6566, 5687, 6015, 6168, 6410, 5693, 5683, 6350, 6074, 6400, 6139, 6141, 6232, 6009, 6035, 6771, 6454, 6196, 6330, 5689, 6253, 5996, 6498, 6243, 6360, 5681, 5792, 6188, 5680, 6296, 6120, 6342, 5745, 5671, 6400, 6040, 6361, 5954, 6625, 6459, 5678, 5925, 5678, 5706, 6080, 6240, 5826, 6221, 6487, 6229, 6179, 5752, 6032, 6122, 5798, 6239, 5969, 5845, 6172, 6880, 5800, 6070, 5913, 5687, 6006, 5674, 5964, 6181, 5682, 6078, 6392, 6052, 5825, 6124, 6708, 6547, 6140, 5680, 5675, 5946, 6412, 5852, 6221, 5697, 6610, 6387, 6186, 5672, 6995, 6092, 5913, 6298, 6237, 5916, 6515, 5914, 5695, 5788, 6178, 5695, 6075, 6054, 5882, 5682, 6788, 5986, 6308, 5691, 5695, 5889, 5691, 5841, 5845, 6466, 5895, 5864, 6016, 6852, 6735, 6574, 6296, 6353, 6468, 5672, 5697, 5795, 5793, 5918, 6307, 5675, 6261, 6177, 6354, 5700, 5671, 5887, 5703, 6618, 6177, 5974, 5789, 5979, 5667, 5680, 6505, 6123, 5878, 6157, 5805, 6507, 5705, 6109, 6697, 6275, 6738, 6125, 6796, 5870, 6597, 6790, 5954, 5685, 6306, 6292, 5752, 5919, 5685, 6314, 6599, 5686, 6363, 6758, 6027, 5846, 5751, 5671, 6203, 5680, 5954, 6834, 6613, 6613, 5674, 6094, 5662, 5862, 5686, 6213, 6508, 5872, 6401, 6248, 5693, 6335, 6090, 6129, 5659, 5754, 6674, 5786, 6008, 6880, 6068, 6538, 5696, 5683, 5656, 5691, 6137, 6497, 6338, 5910, 5953, 6069, 6060, 6055, 5919, 6298, 6347, 5795, 5869, 5742, 5764, 6086, 6499, 6011, 5669, 6325, 5680, 5703, 6498, 6456, 5845, 5697, 5932, 6840, 5673, 6239, 6574, 5862, 5665, 6505, 6541, 6172, 7328, 5797, 5686, 6469, 6129, 6184, 5952, 5671, 5688, 6448, 5852, 6137, 6411, 6344, 6771, 6340, 5738, 5677, 5706, 6739, 6413, 5916, 6133, 5699, 6313, 6416, 5687, 5702, 6069, 6241, 5842, 6622, 6732, 6788, 6239, 5959, 5968, 6171, 6605, 6021, 6460, 5913, 5687, 5692, 6515, 5905, 6178, 5662, 5971, 5977, 6498, 6426, 5938, 5685, 5693, 5690, 6179, 5688, 6141, 5739, 7207, 5827, 5919, 5690, 5686, 6401, 5967, 6196, 5691, 6263, 6427, 6461, 6394, 6763, 5972, 6313, 6496, 5699, 6073, 5689, 6292, 5970, 6021, 5863, 6005, 5678, 5804, 5976, 5732, 6436, 6466, 5783, 6356, 6401, 5861, 5683, 5686, 6035, 6188, 6449, 6130, 5693, 6369, 5906, 5853, 6334, 6701, 6715, 6554, 5673, 5756, 5708, 6932, 5668, 6407, 5683, 6117, 5669, 6381, 5689, 5669, 6519, 6611, 5691, 6676, 6013, 5672, 5912, 6022, 5683, 6511, 5744, 6140, 5681, 5685, 6142, 5743, 5967, 6412, 6425, 6666, 6080, 6813, 5747, 5695, 6365, 6018, 5677, 6253, 5956, 6413, 6056, 6134, 6403, 5670, 6027, 6336, 5920, 5660, 5969, 6338, 5697, 5673, 6432, 5955, 5739, 5673, 6045, 6338, 6115, 5650, 7542, 5746, 6396, 5953, 5788, 5730, 5678, 6793, 5963, 6163, 5698, 6187, 5668, 5664, 5657, 5896, 5700, 5855, 6254, 6544, 5977, 5754, 6194, 5904, 6172, 5697, 5706, 5923, 5948, 6148, 5966, 5680, 7008, 5699, 6177, 5694, 5679, 6984, 6138, 6580, 5673, 6431, 5675, 6286, 6003, 6133, 5752, 6559, 5677, 5692, 5802, 5687, 6250, 6131, 6070, 5660, 6075, 5855, 6564, 5695, 5668, 6048, 5671, 5799, 5665, 6661, 6449, 5687, 5793, 6580, 6305, 6405, 6623, 5923, 6122, 6517, 6730, 6604, 5864, 6059, 6019, 6821, 6457, 5671, 6609, 6299, 5967, 6448, 6355, 6350, 6655, 5676, 5975, 6064, 6194, 6549, 5910, 5663, 6008, 5733, 5999, 6295, 7050, 6319, 5763, 5679, 6180, 6135, 6436, 5810, 5864, 6009, 5660, 5669, 6302, 6493, 6144, 6393, 6395, 6013, 6009, 5709, 5681, 6114, 5676, 5684, 5674, 5800, 6400, 5855, 5693, 5949, 6612, 6083, 6730, 5675, 5668, 6337, 5733, 5736, 5670, 6290, 5687, 6001, 5968, 6003, 5912, 6065, 6445, 5790, 5689, 6006, 5715, 6288, 6439, 6164, 5960, 6108, 5680, 6238, 6359, 6006, 5677, 6448, 5672, 6129, 6505, 5709, 6297, 6130, 5680, 6173, 6061, 6205, 5846, 6019, 6022, 6307, 6378, 6363, 6540, 5688, 7193, 5963, 6140, 6274, 6248, 6446, 5672, 5855, 5666, 5682, 6408, 5747, 5974, 5816, 5813, 6484, 6235, 5691, 5688, 6196, 6122, 6392, 6715, 7006, 5681, 5873, 6509, 5732, 6902, 5853, 6516, 6612, 5698, 5700, 5671, 5681, 6604, 5681, 5682, 5903, 6762, 5739, 5977, 5678, 6772, 6000, 5755, 6011, 5978, 6085, 5674, 5864, 5671, 5705, 5675, 6034, 6452, 5903, 5958, 6361, 5682, 5673, 6353, 5690, 5999, 5668, 6197, 5666, 5676, 5927, 6558, 5677, 6336, 5671, 6329, 6470, 5908, 5672, 5664, 5906, 6182, 6187, 6196, 5845, 6020, 5675, 6353, 6015, 5971, 6069, 5777, 6246, 6109, 5678, 6099, 5978, 6006, 6274, 5800, 6667, 6178, 5706, 5947, 6398, 6321, 5693, 5957, 5918, 5674, 5677, 6136, 5985, 5726, 5745, 6660, 5964, 5673, 5705, 6290, 5674, 6516, 6723, 5691, 5669, 6331, 6776, 5673, 6182, 5707, 6666, 5924, 5949, 6518, 5674, 5937, 5682, 6124, 6247, 5684, 6226, 5951, 5667, 5666, 5686, 6418, 6269, 6349, 5924, 5906, 5706, 5958, 5670, 6187, 6870, 5969, 6358, 6926, 6139, 5688, 5683, 5665, 6531, 6127, 5745, 5671, 5789, 6011, 6020, 5713, 5682, 5670, 5679, 6552, 6679, 5673, 5679, 6234, 6446, 6661, 5757, 5897, 5679, 6492, 6450, 6827, 6300, 5683, 6181, 6819, 6304, 6181, 7101, 6426, 5692, 6034, 5916, 6293, 6081, 6037, 5681, 6662, 5745, 6354, 6555, 6930, 6598, 5687, 6138, 6228, 5909, 6658, 5680, 6569, 5973, 6359, 5704, 5670, 5675, 5693, 6242, 5696, 6279, 5962, 6308, 6726, 6360, 6402, 5659, 6199, 5953, 6528, 5922, 5733, 6283, 6761, 6558, 5661, 6345, 5954, 6205, 6276, 6391, 5705, 6120, 5752, 6240, 5763, 5752, 5673, 5666, 5698, 6352, 5983, 6359, 6664, 6152, 5920, 6452, 6167, 5691, 5668, 6924, 5921, 5761, 5739, 6384, 5858, 5663, 6291, 6018, 5666, 6731, 5871, 6044, 6286, 6031, 5986, 5694, 5687, 5856, 6205, 6013, 6207, 6421, 6046, 6502, 6625, 5691, 5689, 5689, 5666, 6336, 6196, 6070, 6344, 5743, 6525, 5774, 6759, 5673, 5675, 5807, 6357, 6138, 6143, 6200, 5877, 5684, 6499, 5669, 5731, 5729, 5661, 6766, 6257, 6717, 6274, 5682, 5709, 5912, 5694, 6293, 6931, 6125, 5851, 5793, 5676, 6257, 6178, 6000, 6763, 5747, 6139, 6237, 6883, 5663, 6118, 5696, 6325, 6670, 6018, 6451, 6246, 6311, 6843, 6520, 6885, 5967, 6831, 6381, 5826, 5752, 6561, 6031, 6437, 6339, 6924, 6867, 5854, 6167, 5749, 5663, 5942, 6497, 5942, 5829, 6606, 6658, 6336, 6028, 6757, 5694, 6679, 5651, 5735, 6662, 5679, 6163, 5665, 5942, 6067, 5667, 6474, 6697, 5802, 6666, 5669, 6441, 5870, 5900, 5885, 5820, 5844, 5661, 5958, 5736, 5881, 6489, 6467, 5681, 6556, 5750, 6134, 5857, 6335, 5662, 6282, 6472, 5663, 5657, 5781, 5940, 5775, 6169, 6164, 6021, 5653, 6233, 6180, 5668, 5672, 6380, 5967, 5952, 6541, 6084, 5923, 5672, 5661, 5669, 5947, 5849, 6021, 5950, 5693, 5669, 5679, 5670, 6106, 6538, 5985, 6272, 6761, 6875, 5662, 5913, 5942, 6259, 5789, 6811, 5830, 5665, 6058, 6544, 5687, 6274, 6268, 5672, 6011, 5667, 5664, 6116, 6655, 5654, 6052, 6592, 6378, 6696, 5951, 6069, 6624, 5679, 5948, 5988, 6102, 6030, 5676, 5657, 6176, 5738, 6310, 5680, 6206, 5958, 6269, 5842, 5666, 6376, 5674, 6052, 6136, 6393, 6013, 5661, 5905, 6707, 5996, 6436, 6051, 5995, 6373, 6064, 5848, 6327, 6012, 6217, 5664, 5671, 6491, 6105, 6100, 5682, 5667, 5727, 6344, 5844, 5663, 5691, 6974, 6341, 5661, 6018, 5675, 5752, 5674, 5669, 5971, 6711, 6322, 5840, 5859, 5682, 6026, 5681, 6223, 6001, 5652, 5836, 5996, 6005, 6215, 6716, 6562, 5677, 6233, 5666, 5820, 5640, 6655, 6460, 6393, 6202, 6494, 6045, 6052, 6011, 6547, 6396, 5672, 5648, 6167, 6220, 6442, 5673, 6437, 5655, 5838, 6103, 6216, 5669, 6386, 5842, 5781, 5988, 5663, 5777, 6411, 5911, 6222, 6554, 5802, 6136, 5787, 6441, 5998, 5910, 6300, 6125, 6397, 5670, 6582, 5922, 6048, 5667, 6032, 6062, 6708, 5668, 5697, 6661, 6032, 5949, 6828, 6129, 6006, 6556, 6646, 5655, 6238, 5882, 6114, 6381, 5669, 6381, 6175, 5950, 5658, 5671, 5743, 6180, 6048, 6009, 5680, 6906, 5722, 6312, 5796, 6171, 5654, 6281, 5665, 6332, 6064, 5738, 5964, 5694, 6107, 5673, 5776, 6281, 5674, 6976, 6385, 6389, 5790, 5798, 6390, 6408, 5658, 6164, 6014, 6493, 6436, 5744, 6323, 5954, 5675, 6622, 5679, 6061, 6917, 5899, 5801, 6600, 7019, 6088, 6014, 5859, 5676, 6504, 5691, 6563, 6372, 6240, 6927, 6601, 5683, 6110, 5786, 6966, 6212, 5999, 5665, 5689, 5660, 5842, 6054, 5667, 5654, 5671, 5950, 6598, 5801, 5671, 6291, 6604, 6287, 6397, 5665, 6481, 5745, 6223, 5655, 6430, 6336, 5647, 6362, 5888, 5666, 6448, 5994, 6246, 6027, 6630, 
Mejor solucion obtenida: 15, 20, 19, 18, 16, 17, 13, 14, 12, 33, 34, 32, 31, 10, 11, 9, 8, 6, 7, 5, 30, 29, 27, 28, 1, 3, 2, 36, 37, 38, 39, 42, 40, 41, 26, 25, 24, 21, 22, 23, 35, 0, 4, || Fitness: 5620;