Archivo Usado: p43.atsp
Tamaño de la Poblacion: 100
Reemplazo por Generacion: 5
Tamaño de los Torneos: 6
Cantidad de ciudades: 43
Probabilidad de cruce: 85000
Probabilidad mutacion simple: 18000
Probabilidad mutacion compleja: 10000
Cruces minimos de la mutacion compleja: 4
Iteraciones ejecutadas: 10000
Largo del cruce PMX: 6
Operador de Cruce: 0
Metodo seleccion de Padres: 0
Operador de Mutacion: 0
Metodo seleccion de Supervivientes: 1
Cantidad de threads a usar: 16
28, 27, 3, 2, 1, 36, 37, 39, 38, 41, 40, 42, 26, 25, 24, 21, 22, 23, 35, 0, 4, 15, 20, 18, 19, 17, 16, 12, 13, 14, 33, 34, 9, 10, 11, 8, 31, 32, 29, 5, 7, 6, 30, 
9, 10, 11, 8, 31, 32, 29, 30, 7, 6, 5, 28, 27, 3, 2, 1, 36, 37, 39, 38, 41, 40, 42, 26, 25, 24, 21, 22, 23, 35, 0, 4, 15, 20, 18, 19, 17, 16, 12, 13, 14, 33, 34, 
38, 41, 40, 42, 26, 25, 24, 21, 22, 23, 35, 0, 4, 15, 20, 18, 19, 17, 16, 12, 13, 14, 33, 34, 9, 10, 11, 8, 31, 32, 29, 30, 7, 6, 5, 28, 27, 3, 2, 1, 36, 37, 39, 
41, 40, 42, 26, 25, 24, 21, 22, 23, 35, 0, 4, 15, 20, 18, 19, 17, 16, 12, 13, 14, 33, 34, 9, 10, 11, 8, 31, 32, 29, 30, 7, 6, 5, 28, 27, 3, 2, 1, 36, 37, 39, 38, 
28, 27, 3, 2, 1, 36, 37, 39, 38, 41, 40, 42, 26, 25, 24, 21, 22, 23, 35, 0, 4, 15, 20, 18, 19, 17, 16, 12, 13, 14, 33, 34, 9, 10, 11, 8, 31, 32, 29, 30, 7, 6, 5, 
32, 31, 8, 11, 10, 9, 5, 6, 7, 30, 29, 28, 27, 3, 2, 1, 36, 37, 39, 38, 41, 40, 42, 26, 25, 24, 21, 22, 23, 35, 0, 4, 15, 20, 18, 19, 17, 16, 12, 13, 14, 33, 34, 
31, 32, 29, 30, 7, 6, 5, 28, 27, 3, 2, 1, 36, 37, 39, 38, 41, 40, 42, 26, 25, 24, 21, 22, 23, 35, 0, 4, 15, 20, 18, 19, 17, 16, 12, 13, 14, 33, 34, 9, 10, 11, 8, 
1, 36, 37, 39, 38, 41, 40, 42, 26, 25, 24, 21, 22, 23, 35, 0, 4, 15, 20, 18, 19, 17, 16, 12, 13, 14, 33, 34, 9, 10, 11, 8, 31, 32, 29, 5, 7, 6, 30, 28, 27, 3, 2, 
34, 9, 10, 11, 8, 31, 32, 29, 30, 6, 7, 5, 28, 27, 3, 2, 1, 36, 37, 39, 38, 41, 40, 42, 26, 25, 24, 21, 22, 23, 35, 0, 4, 15, 20, 18, 19, 17, 16, 12, 13, 14, 33, 
17, 16, 12, 13, 14, 33, 34, 9, 10, 11, 8, 31, 32, 29, 5, 7, 6, 30, 28, 27, 3, 2, 1, 36, 37, 39, 38, 41, 40, 42, 26, 25, 24, 21, 22, 23, 35, 0, 4, 15, 20, 18, 19, 
15, 20, 18, 19, 17, 16, 12, 13, 14, 33, 34, 9, 10, 11, 8, 31, 32, 29, 30, 7, 6, 5, 28, 27, 3, 2, 1, 36, 37, 39, 38, 41, 40, 42, 26, 25, 24, 21, 22, 23, 35, 0, 4, 
42, 26, 25, 24, 21, 22, 23, 35, 0, 4, 15, 20, 18, 19, 17, 16, 12, 13, 14, 33, 34, 9, 10, 11, 8, 31, 32, 29, 5, 6, 7, 30, 28, 27, 3, 2, 1, 36, 37, 39, 38, 41, 40, 
35, 0, 4, 15, 20, 18, 19, 17, 16, 12, 13, 14, 33, 34, 9, 10, 11, 8, 31, 32, 29, 5, 7, 6, 30, 28, 27, 3, 2, 1, 36, 37, 39, 38, 41, 40, 42, 26, 25, 24, 21, 22, 23, 
22, 23, 35, 0, 4, 15, 20, 18, 19, 17, 16, 12, 13, 14, 33, 34, 9, 10, 11, 8, 31, 32, 29, 30, 7, 6, 5, 28, 27, 3, 2, 1, 36, 37, 39, 38, 41, 40, 42, 26, 25, 24, 21, 
6, 5, 28, 27, 3, 2, 1, 36, 37, 39, 38, 41, 40, 42, 26, 25, 24, 21, 22, 23, 35, 0, 4, 15, 20, 18, 19, 17, 16, 12, 13, 14, 33, 34, 9, 10, 11, 8, 31, 32, 30, 29, 7, 
16, 12, 13, 14, 33, 34, 9, 10, 11, 8, 31, 32, 29, 5, 7, 6, 30, 28, 27, 3, 2, 1, 36, 37, 39, 38, 41, 40, 42, 26, 25, 24, 21, 22, 23, 35, 0, 4, 15, 20, 18, 19, 17, 
26, 25, 24, 21, 22, 23, 35, 0, 4, 15, 20, 18, 19, 17, 16, 12, 13, 14, 33, 34, 9, 10, 11, 8, 31, 32, 29, 30, 7, 6, 5, 28, 27, 3, 2, 1, 36, 37, 39, 38, 41, 40, 42, 
19, 17, 16, 12, 13, 14, 33, 34, 9, 10, 11, 8, 31, 32, 29, 5, 7, 6, 30, 28, 27, 3, 2, 1, 36, 37, 39, 38, 41, 40, 42, 26, 25, 24, 21, 22, 23, 35, 0, 4, 15, 20, 18, 
18, 19, 17, 16, 12, 13, 14, 33, 34, 9, 10, 11, 8, 31, 32, 29, 30, 7, 6, 5, 28, 27, 3, 2, 1, 36, 37, 39, 38, 41, 40, 42, 26, 25, 24, 21, 22, 23, 35, 0, 4, 15, 20, 
7, 6, 30, 28, 27, 3, 2, 1, 36, 37, 39, 38, 41, 40, 42, 26, 25, 24, 21, 22, 23, 35, 0, 4, 15, 20, 18, 19, 17, 16, 12, 13, 14, 33, 34, 9, 10, 11, 8, 31, 32, 29, 5, 
24, 21, 22, 23, 35, 0, 4, 15, 20, 18, 19, 17, 16, 12, 13, 14, 33, 34, 9, 10, 11, 8, 31, 32, 29, 30, 7, 6, 5, 28, 27, 3, 2, 1, 36, 37, 39, 38, 41, 40, 42, 26, 25, 
18, 19, 17, 16, 12, 13, 14, 33, 34, 9, 10, 11, 8, 31, 32, 29, 30, 7, 6, 5, 28, 27, 3, 2, 1, 36, 37, 39, 38, 41, 40, 42, 26, 25, 24, 21, 22, 23, 35, 0, 4, 15, 20, 
28, 27, 3, 2, 1, 36, 37, 39, 38, 41, 42, 40, 26, 25, 24, 21, 22, 23, 35, 0, 4, 15, 20, 18, 19, 17, 16, 12, 13, 14, 33, 34, 30, 29, 32, 31, 8, 11, 10, 9, 5, 6, 7, 
10, 11, 8, 31, 32, 29, 5, 7, 6, 30, 2, 27, 3, 28, 1, 36, 37, 39, 38, 41, 40, 42, 26, 25, 24, 21, 22, 23, 35, 0, 4, 15, 20, 18, 19, 17, 16, 12, 13, 14, 33, 34, 9, 
15, 4, 0, 35, 23, 22, 21, 24, 25, 26, 40, 42, 41, 38, 39, 37, 36, 2, 1, 3, 27, 28, 29, 32, 31, 8, 11, 10, 9, 5, 6, 7, 30, 34, 33, 14, 13, 12, 16, 17, 19, 18, 20, 
30, 6, 7, 5, 28, 27, 3, 2, 1, 36, 37, 39, 38, 41, 40, 42, 26, 25, 24, 21, 22, 23, 35, 0, 4, 15, 20, 18, 19, 17, 16, 12, 13, 14, 33, 34, 9, 10, 11, 8, 29, 32, 31, 
1, 36, 37, 39, 38, 41, 40, 42, 26, 25, 24, 21, 22, 23, 35, 0, 4, 12, 20, 18, 19, 17, 16, 15, 13, 14, 33, 34, 32, 10, 11, 8, 31, 9, 29, 30, 7, 6, 5, 28, 27, 2, 3, 
34, 33, 14, 13, 12, 16, 17, 19, 18, 20, 15, 4, 0, 35, 23, 22, 21, 24, 25, 26, 42, 40, 41, 38, 39, 37, 36, 1, 2, 3, 27, 28, 5, 29, 32, 31, 8, 11, 10, 9, 7, 6, 30, 
31, 8, 11, 9, 10, 34, 33, 14, 13, 12, 16, 17, 19, 18, 20, 15, 4, 0, 35, 23, 22, 21, 24, 25, 26, 42, 40, 41, 38, 39, 37, 36, 1, 2, 3, 27, 28, 5, 6, 7, 30, 29, 32, 
29, 32, 31, 8, 11, 10, 9, 34, 33, 14, 13, 12, 16, 17, 19, 18, 20, 15, 4, 0, 35, 23, 22, 21, 24, 25, 26, 42, 40, 41, 38, 39, 37, 36, 1, 2, 3, 27, 28, 30, 7, 6, 5, 
23, 22, 21, 24, 25, 26, 42, 40, 41, 38, 39, 37, 36, 1, 2, 3, 27, 28, 30, 6, 7, 5, 29, 32, 31, 8, 11, 10, 9, 34, 33, 14, 13, 12, 16, 17, 19, 18, 20, 15, 4, 0, 35, 
33, 14, 13, 12, 16, 17, 19, 18, 20, 15, 4, 0, 35, 23, 22, 21, 24, 25, 26, 40, 42, 41, 38, 39, 37, 36, 1, 2, 3, 27, 28, 5, 6, 7, 30, 29, 32, 31, 8, 11, 10, 9, 34, 
41, 38, 39, 37, 36, 1, 2, 3, 27, 28, 5, 6, 7, 30, 29, 32, 31, 8, 11, 10, 9, 34, 33, 14, 13, 12, 16, 17, 19, 18, 20, 15, 4, 0, 35, 23, 22, 21, 24, 25, 26, 42, 40, 
1, 2, 3, 27, 28, 5, 6, 7, 30, 29, 32, 31, 8, 11, 10, 9, 34, 33, 14, 13, 12, 16, 17, 19, 18, 20, 15, 4, 0, 35, 23, 22, 21, 24, 25, 26, 42, 40, 41, 38, 39, 37, 36, 
32, 31, 8, 11, 10, 9, 34, 33, 14, 13, 12, 16, 17, 19, 18, 20, 15, 4, 0, 35, 23, 22, 21, 24, 25, 26, 42, 40, 41, 38, 39, 37, 36, 1, 2, 3, 27, 28, 5, 7, 6, 30, 29, 
24, 25, 26, 42, 40, 41, 38, 39, 37, 36, 1, 2, 3, 27, 28, 5, 7, 6, 30, 29, 32, 31, 8, 11, 10, 9, 34, 33, 14, 13, 12, 17, 16, 19, 18, 20, 15, 4, 0, 35, 23, 22, 21, 
38, 39, 37, 36, 1, 2, 3, 27, 28, 5, 6, 7, 30, 29, 32, 31, 8, 11, 10, 9, 34, 33, 14, 13, 12, 16, 17, 19, 18, 20, 15, 4, 0, 35, 23, 22, 21, 24, 25, 26, 42, 40, 41, 
5, 6, 7, 30, 29, 32, 31, 8, 11, 9, 10, 34, 33, 14, 13, 12, 16, 17, 19, 18, 20, 15, 4, 0, 35, 23, 22, 21, 24, 25, 26, 42, 40, 41, 38, 39, 37, 36, 1, 2, 3, 27, 28, 
22, 21, 24, 25, 26, 42, 40, 41, 38, 39, 37, 36, 1, 2, 3, 27, 28, 5, 6, 7, 30, 29, 32, 31, 8, 11, 10, 9, 34, 33, 14, 13, 12, 16, 17, 19, 18, 20, 15, 4, 0, 35, 23, 
30, 6, 7, 5, 29, 32, 31, 8, 11, 10, 9, 34, 33, 14, 13, 12, 16, 17, 19, 18, 20, 15, 4, 0, 35, 23, 22, 21, 24, 25, 26, 42, 40, 41, 38, 39, 37, 36, 1, 2, 3, 27, 28, 
2, 3, 27, 28, 5, 7, 6, 30, 29, 32, 31, 8, 11, 10, 9, 34, 33, 14, 13, 12, 16, 17, 19, 18, 20, 15, 4, 0, 35, 23, 22, 21, 24, 25, 26, 42, 40, 41, 38, 39, 37, 36, 1, 
31, 8, 11, 10, 9, 34, 33, 14, 13, 12, 16, 17, 19, 18, 20, 15, 4, 0, 35, 23, 22, 21, 24, 25, 26, 42, 40, 41, 38, 39, 37, 36, 1, 2, 3, 27, 28, 5, 6, 7, 30, 29, 32, 
14, 13, 12, 16, 17, 19, 18, 20, 15, 4, 0, 35, 23, 22, 21, 24, 25, 26, 42, 40, 41, 38, 39, 37, 36, 1, 2, 3, 27, 28, 5, 6, 7, 30, 29, 32, 31, 8, 11, 10, 9, 34, 33, 
17, 19, 18, 20, 15, 4, 0, 35, 23, 22, 21, 24, 25, 26, 40, 42, 41, 38, 39, 37, 36, 1, 2, 3, 27, 28, 30, 6, 7, 5, 29, 32, 31, 8, 11, 10, 9, 34, 33, 14, 13, 12, 16, 
7, 6, 30, 29, 32, 31, 8, 11, 10, 9, 34, 33, 14, 13, 12, 16, 17, 19, 18, 20, 15, 4, 0, 35, 23, 22, 21, 24, 25, 26, 42, 40, 41, 38, 39, 37, 36, 1, 2, 3, 27, 28, 5, 
20, 15, 4, 0, 35, 23, 22, 21, 24, 25, 26, 42, 40, 41, 38, 39, 37, 36, 1, 2, 3, 27, 28, 5, 7, 6, 30, 29, 32, 31, 8, 11, 10, 9, 34, 33, 14, 13, 12, 16, 17, 19, 18, 
32, 31, 8, 11, 10, 9, 34, 33, 14, 13, 12, 16, 17, 19, 18, 20, 15, 4, 0, 35, 23, 22, 21, 24, 25, 26, 42, 40, 41, 38, 39, 37, 36, 1, 2, 3, 27, 28, 5, 7, 6, 30, 29, 
29, 32, 31, 8, 11, 10, 9, 34, 33, 14, 13, 12, 16, 17, 19, 18, 20, 15, 4, 0, 35, 23, 22, 21, 24, 25, 26, 42, 40, 41, 38, 39, 37, 36, 1, 2, 3, 27, 28, 5, 7, 6, 30, 
10, 9, 34, 33, 14, 13, 12, 16, 17, 19, 18, 20, 15, 4, 0, 35, 23, 22, 21, 24, 25, 26, 40, 42, 41, 38, 39, 37, 36, 1, 2, 3, 27, 28, 5, 6, 7, 30, 29, 32, 31, 8, 11, 
37, 36, 1, 2, 3, 27, 28, 5, 6, 7, 30, 29, 32, 31, 8, 11, 10, 9, 34, 33, 14, 13, 12, 16, 17, 19, 18, 20, 15, 4, 0, 35, 23, 22, 21, 24, 25, 26, 42, 40, 41, 38, 39, 
11, 10, 9, 34, 33, 14, 13, 12, 16, 17, 19, 18, 20, 15, 4, 0, 35, 23, 22, 21, 24, 25, 26, 42, 40, 41, 38, 39, 37, 36, 1, 2, 3, 27, 28, 5, 6, 7, 30, 29, 32, 31, 8, 
31, 8, 11, 10, 9, 34, 33, 14, 13, 12, 16, 17, 19, 18, 20, 15, 4, 0, 35, 23, 22, 21, 24, 25, 26, 42, 40, 41, 38, 39, 37, 36, 1, 2, 3, 27, 28, 5, 6, 7, 30, 29, 32, 
11, 10, 9, 34, 33, 14, 13, 12, 17, 16, 19, 18, 20, 15, 4, 0, 35, 23, 22, 21, 24, 25, 26, 42, 40, 41, 38, 39, 37, 36, 1, 2, 3, 27, 28, 5, 29, 30, 6, 7, 8, 31, 32, 
27, 3, 2, 1, 36, 37, 39, 38, 41, 40, 42, 26, 25, 24, 21, 22, 23, 35, 0, 4, 15, 20, 18, 19, 17, 16, 12, 13, 14, 33, 32, 9, 10, 11, 8, 31, 34, 29, 30, 6, 7, 5, 28, 
38, 41, 40, 42, 26, 25, 24, 21, 22, 23, 35, 0, 4, 15, 20, 18, 19, 17, 16, 12, 13, 14, 33, 34, 9, 10, 11, 8, 31, 32, 29, 30, 7, 28, 5, 6, 27, 3, 2, 1, 36, 37, 39, 
37, 39, 38, 41, 40, 42, 26, 25, 24, 21, 22, 23, 35, 0, 4, 15, 20, 18, 19, 17, 16, 12, 13, 14, 33, 34, 9, 10, 11, 8, 31, 32, 29, 28, 27, 3, 2, 1, 36, 7, 6, 5, 30, 
9, 7, 11, 8, 31, 32, 29, 30, 10, 6, 5, 28, 27, 3, 2, 1, 36, 37, 39, 38, 41, 40, 42, 26, 25, 24, 21, 22, 23, 35, 0, 4, 15, 20, 18, 19, 17, 16, 12, 13, 14, 33, 34, 
25, 26, 42, 40, 41, 38, 39, 37, 36, 1, 28, 3, 27, 2, 30, 6, 7, 5, 29, 32, 31, 8, 11, 10, 9, 34, 33, 14, 13, 12, 16, 17, 19, 18, 20, 15, 4, 0, 35, 23, 22, 21, 24, 
25, 24, 21, 22, 23, 35, 0, 4, 15, 20, 18, 19, 17, 16, 12, 13, 14, 33, 34, 9, 10, 5, 8, 31, 32, 29, 30, 7, 6, 11, 28, 27, 3, 2, 1, 36, 37, 39, 38, 41, 40, 42, 26, 
30, 6, 12, 5, 28, 27, 3, 2, 1, 36, 37, 39, 38, 41, 40, 42, 26, 25, 24, 21, 22, 23, 35, 0, 4, 15, 20, 18, 19, 17, 16, 7, 13, 14, 33, 34, 9, 10, 11, 8, 31, 32, 29, 
32, 31, 8, 11, 10, 9, 33, 14, 13, 12, 16, 17, 19, 18, 20, 15, 4, 0, 35, 23, 22, 21, 24, 25, 26, 42, 40, 41, 38, 39, 37, 36, 1, 2, 3, 27, 28, 5, 6, 7, 30, 29, 34, 
34, 9, 10, 11, 8, 31, 32, 29, 30, 6, 7, 5, 28, 27, 3, 2, 1, 35, 37, 39, 38, 41, 40, 42, 26, 25, 24, 21, 22, 23, 36, 0, 4, 15, 20, 18, 19, 17, 16, 12, 13, 14, 33, 
10, 9, 34, 33, 14, 13, 12, 16, 17, 19, 18, 20, 15, 4, 0, 35, 23, 22, 21, 24, 25, 26, 42, 40, 41, 38, 39, 37, 36, 1, 2, 3, 27, 28, 5, 29, 32, 31, 8, 11, 6, 7, 30, 
10, 9, 34, 33, 14, 13, 12, 16, 17, 19, 18, 20, 15, 4, 0, 35, 23, 22, 21, 24, 25, 26, 42, 40, 41, 38, 39, 37, 36, 1, 2, 3, 27, 28, 5, 29, 32, 31, 8, 11, 6, 7, 30, 
38, 39, 37, 36, 1, 2, 3, 27, 28, 5, 6, 7, 30, 29, 9, 31, 8, 11, 10, 32, 34, 33, 14, 13, 15, 16, 17, 19, 18, 20, 12, 4, 0, 35, 23, 22, 21, 24, 25, 26, 42, 40, 41, 
39, 38, 41, 40, 42, 26, 25, 24, 21, 22, 23, 35, 0, 4, 15, 20, 18, 19, 17, 16, 12, 13, 14, 33, 34, 30, 6, 7, 5, 29, 32, 31, 8, 11, 10, 9, 1, 2, 3, 27, 28, 37, 36, 
37, 36, 1, 39, 38, 41, 40, 42, 26, 25, 24, 21, 22, 23, 35, 0, 4, 12, 20, 18, 19, 17, 16, 15, 13, 14, 33, 34, 32, 10, 11, 8, 31, 9, 29, 30, 7, 6, 5, 28, 27, 3, 2, 
39, 38, 41, 40, 42, 26, 25, 24, 21, 22, 23, 35, 0, 4, 15, 20, 18, 19, 17, 16, 12, 13, 14, 33, 34, 9, 10, 11, 8, 31, 32, 29, 27, 6, 7, 5, 28, 30, 3, 2, 1, 36, 37, 
14, 13, 12, 16, 17, 19, 18, 20, 15, 4, 0, 35, 23, 22, 21, 24, 25, 26, 42, 40, 41, 38, 39, 37, 36, 1, 2, 3, 27, 28, 5, 29, 32, 31, 8, 11, 10, 9, 34, 33, 7, 6, 30, 
34, 27, 3, 2, 1, 36, 37, 39, 38, 41, 40, 42, 26, 25, 24, 21, 22, 23, 35, 0, 4, 15, 20, 18, 19, 17, 16, 12, 13, 14, 33, 28, 9, 10, 11, 8, 31, 32, 29, 30, 7, 6, 5, 
36, 1, 2, 3, 27, 28, 5, 29, 32, 31, 8, 11, 10, 9, 34, 33, 14, 13, 12, 16, 17, 19, 18, 20, 15, 4, 0, 35, 23, 22, 21, 24, 25, 26, 42, 40, 41, 38, 39, 37, 7, 6, 30, 
35, 23, 22, 21, 24, 25, 26, 42, 40, 41, 38, 39, 37, 36, 1, 2, 3, 27, 28, 29, 33, 31, 8, 11, 10, 9, 5, 6, 7, 30, 34, 32, 14, 13, 12, 16, 17, 19, 18, 20, 15, 4, 0, 
38, 41, 40, 42, 26, 25, 24, 21, 22, 23, 35, 0, 4, 15, 20, 18, 19, 17, 16, 12, 13, 32, 33, 34, 9, 10, 11, 8, 31, 14, 29, 30, 7, 6, 5, 28, 27, 3, 2, 1, 36, 37, 39, 
18, 20, 15, 4, 0, 35, 23, 22, 21, 24, 25, 26, 42, 40, 41, 38, 39, 7, 36, 1, 2, 3, 27, 28, 5, 6, 37, 30, 29, 32, 31, 8, 11, 10, 9, 34, 33, 14, 13, 12, 16, 17, 19, 
32, 31, 8, 11, 10, 9, 34, 33, 14, 13, 12, 16, 17, 19, 18, 20, 15, 4, 0, 37, 23, 22, 21, 24, 25, 26, 42, 40, 41, 38, 39, 35, 36, 1, 2, 3, 27, 28, 5, 6, 7, 30, 29, 
3, 27, 28, 5, 6, 7, 30, 29, 32, 31, 8, 11, 10, 9, 33, 14, 13, 12, 16, 17, 19, 18, 20, 15, 4, 0, 35, 23, 22, 21, 24, 25, 26, 42, 40, 41, 38, 39, 37, 36, 34, 2, 1, 
15, 4, 0, 35, 23, 22, 21, 24, 25, 26, 40, 42, 41, 38, 39, 12, 36, 1, 2, 3, 27, 28, 29, 32, 31, 8, 11, 10, 9, 5, 6, 7, 30, 34, 33, 14, 13, 37, 16, 17, 19, 18, 20, 
26, 42, 40, 41, 38, 39, 37, 36, 1, 2, 3, 27, 28, 5, 29, 32, 31, 8, 11, 10, 9, 34, 33, 14, 13, 12, 16, 17, 19, 18, 20, 15, 4, 0, 35, 23, 22, 21, 24, 25, 7, 6, 30, 
15, 4, 0, 35, 23, 22, 21, 24, 25, 26, 42, 40, 41, 38, 39, 37, 36, 1, 2, 3, 27, 28, 5, 9, 10, 11, 8, 31, 32, 29, 30, 7, 6, 19, 17, 16, 12, 13, 14, 33, 34, 20, 18, 
31, 8, 11, 10, 9, 34, 33, 14, 13, 2, 16, 17, 19, 18, 20, 15, 4, 0, 35, 23, 22, 21, 24, 25, 26, 42, 40, 41, 38, 39, 37, 36, 1, 12, 3, 27, 28, 5, 6, 7, 30, 29, 32, 
7, 30, 29, 9, 31, 8, 11, 10, 32, 34, 33, 14, 13, 12, 28, 17, 19, 18, 20, 15, 4, 0, 35, 23, 22, 21, 24, 25, 26, 42, 40, 41, 38, 39, 37, 36, 1, 2, 3, 27, 16, 5, 6, 
28, 27, 23, 2, 1, 36, 37, 39, 38, 41, 40, 42, 26, 25, 24, 21, 22, 3, 35, 0, 4, 15, 20, 18, 19, 17, 16, 12, 13, 14, 33, 34, 9, 10, 11, 8, 31, 32, 29, 30, 7, 6, 5, 
31, 8, 11, 10, 9, 34, 33, 14, 13, 12, 16, 17, 19, 18, 20, 15, 36, 0, 35, 23, 22, 21, 24, 25, 26, 40, 42, 41, 38, 39, 37, 4, 1, 2, 3, 27, 28, 5, 6, 7, 30, 29, 32, 
8, 11, 10, 9, 34, 33, 14, 13, 12, 16, 17, 19, 18, 20, 15, 4, 0, 35, 23, 22, 21, 24, 25, 26, 42, 40, 41, 38, 39, 31, 36, 1, 2, 3, 27, 28, 5, 6, 7, 30, 29, 32, 37, 
32, 29, 30, 7, 6, 5, 28, 27, 3, 2, 1, 36, 37, 39, 38, 41, 40, 42, 26, 25, 24, 21, 22, 23, 35, 0, 4, 15, 20, 18, 34, 17, 16, 12, 13, 14, 33, 19, 9, 10, 11, 8, 31, 
32, 31, 8, 11, 10, 9, 34, 33, 14, 13, 12, 16, 17, 19, 18, 20, 15, 4, 0, 35, 23, 22, 21, 3, 25, 26, 42, 40, 41, 38, 39, 37, 36, 1, 2, 24, 27, 28, 5, 7, 6, 30, 29, 
29, 32, 31, 8, 11, 10, 9, 34, 33, 14, 13, 12, 16, 17, 19, 18, 7, 15, 4, 0, 35, 23, 22, 21, 24, 25, 26, 42, 40, 41, 38, 39, 37, 36, 1, 2, 3, 27, 28, 6, 20, 5, 30, 
4, 15, 20, 18, 19, 17, 16, 12, 13, 14, 33, 34, 30, 7, 6, 5, 28, 27, 3, 2, 1, 36, 37, 39, 38, 41, 40, 42, 26, 25, 24, 21, 22, 23, 35, 0, 29, 32, 31, 8, 11, 10, 9, 
23, 22, 21, 24, 25, 26, 42, 40, 41, 38, 39, 37, 36, 1, 2, 3, 27, 28, 5, 29, 32, 31, 8, 11, 10, 9, 34, 33, 14, 13, 12, 16, 17, 19, 18, 20, 15, 4, 0, 35, 6, 7, 30, 
11, 19, 9, 34, 30, 6, 7, 5, 29, 32, 31, 8, 36, 37, 39, 38, 41, 42, 40, 26, 25, 24, 21, 22, 23, 35, 0, 4, 15, 20, 18, 10, 17, 16, 12, 13, 14, 33, 3, 2, 1, 27, 28, 
35, 23, 22, 21, 24, 25, 26, 42, 40, 41, 38, 39, 37, 36, 1, 2, 3, 27, 28, 29, 32, 31, 8, 11, 10, 9, 5, 6, 7, 30, 34, 33, 14, 4, 12, 16, 17, 19, 18, 20, 15, 13, 0, 
35, 23, 22, 26, 24, 25, 21, 42, 40, 41, 38, 39, 37, 36, 1, 2, 3, 27, 28, 29, 32, 31, 8, 11, 10, 9, 5, 6, 7, 30, 34, 33, 14, 13, 12, 16, 17, 19, 18, 20, 15, 4, 0, 
35, 23, 22, 21, 24, 25, 26, 42, 40, 41, 38, 39, 37, 36, 1, 2, 3, 27, 28, 5, 6, 7, 30, 29, 32, 31, 8, 11, 10, 9, 33, 14, 13, 12, 16, 17, 19, 18, 20, 15, 4, 0, 34, 
7, 23, 22, 21, 24, 25, 26, 42, 40, 41, 38, 39, 37, 36, 1, 2, 3, 27, 28, 29, 32, 31, 8, 11, 10, 9, 5, 6, 35, 30, 34, 33, 14, 13, 12, 16, 17, 19, 18, 20, 15, 4, 0, 
22, 21, 24, 25, 26, 42, 40, 41, 38, 39, 37, 36, 1, 17, 19, 18, 20, 12, 4, 0, 35, 23, 15, 16, 34, 33, 14, 13, 28, 5, 6, 7, 30, 29, 9, 31, 8, 11, 10, 32, 27, 3, 2, 
22, 21, 24, 25, 26, 40, 42, 41, 38, 39, 37, 36, 1, 2, 3, 27, 28, 5, 6, 7, 30, 29, 9, 31, 8, 11, 10, 32, 34, 33, 14, 13, 12, 16, 17, 19, 18, 20, 15, 0, 35, 23, 4, 
34, 9, 10, 11, 0, 31, 32, 29, 30, 6, 7, 5, 28, 27, 3, 2, 1, 36, 37, 39, 38, 41, 40, 42, 26, 25, 24, 21, 22, 23, 35, 8, 4, 15, 20, 18, 19, 17, 16, 12, 13, 14, 33, 
30, 6, 7, 5, 28, 27, 3, 2, 1, 36, 37, 39, 38, 41, 40, 42, 26, 25, 24, 21, 22, 23, 34, 0, 4, 15, 20, 18, 19, 17, 16, 12, 13, 14, 33, 35, 9, 10, 11, 8, 31, 29, 32, 
34, 9, 10, 11, 8, 31, 32, 29, 30, 7, 6, 5, 28, 27, 3, 2, 1, 36, 37, 39, 38, 41, 40, 42, 26, 25, 24, 21, 22, 23, 35, 12, 4, 15, 20, 18, 19, 17, 16, 0, 13, 14, 33, 
34, 9, 10, 11, 8, 31, 32, 29, 30, 6, 7, 5, 28, 27, 3, 2, 1, 36, 37, 39, 38, 41, 40, 42, 26, 25, 24, 21, 22, 23, 35, 16, 4, 15, 20, 18, 19, 17, 0, 12, 13, 14, 33, 
Tiempo de ejecucion (total): 16.993
Best fitness a lo largo del tiempo: 
17222, 11815, 11704, 11692, 6480, 6384, 6162, 6162, 6134, 6102, 6102, 6049, 6023, 6006, 5962, 5962, 5950, 5940, 5940, 5904, 5875, 5875, 5873, 5852, 5826, 5826, 5819, 5817, 5779, 5779, 5779, 5779, 5779, 5762, 5762, 5756, 5752, 5746, 5746, 5742, 5734, 5726, 5726, 5710, 5710, 5710, 5710, 5702, 5702, 5702, 5702, 5702, 5698, 5698, 5693, 5693, 5693, 5693, 5693, 5693, 5693, 5693, 5693, 5693, 5693, 5693, 5693, 5693, 5693, 5693, 5693, 5693, 5693, 5693, 5693, 5693, 5693, 5693, 5676, 5676, 5669, 5669, 5669, 5669, 5669, 5669, 5669, 5669, 5669, 5669, 5669, 5669, 5669, 5669, 5669, 5669, 5669, 5669, 5669, 5669, 5669, 5669, 5658, 5658, 5658, 5654, 5654, 5654, 5654, 5654, 5654, 5644, 5644, 5644, 5644, 5644, 5640, 5640, 5640, 5638, 5638, 5638, 5638, 5638, 5638, 5638, 5638, 5638, 5638, 5638, 5638, 5638, 5638, 5638, 5638, 5638, 5638, 5638, 5638, 5638, 5636, 5636, 5636, 5636, 5636, 5636, 5636, 5636, 5636, 5636, 5636, 5636, 5636, 5636, 5636, 5636, 5636, 5636, 5636, 5636, 5636, 5636, 5636, 5636, 5636, 5636, 5636, 5636, 5636, 5636, 5636, 5630, 5630, 5630, 5630, 5630, 5630, 5630, 5630, 5630, 5630, 5630, 5630, 5630, 5630, 5630, 5630, 5630, 5630, 5630, 5630, 5630, 5630, 5630, 5630, 5630, 5630, 5630, 5630, 5630, 5630, 5630, 5630, 5630, 5630, 5630, 5630, 5630, 5630, 5630, 5630, 5630, 5630, 5630, 5630, 5630, 5630, 5630, 5630, 5630, 5630, 5630, 5630, 5630, 5630, 5630, 5630, 5630, 5630, 5630, 5630, 5630, 5630, 5630, 5630, 5630, 5630, 5630, 5630, 5630, 5630, 5630, 5630, 5630, 5630, 5630, 5630, 5630, 5630, 5630, 5630, 5630, 5630, 5630, 5630, 5630, 5630, 5630, 5630, 5630, 5630, 5630, 5630, 5630, 5630, 5630, 5630, 5630, 5630, 5630, 5630, 5630, 5630, 5630, 5630, 5630, 5630, 5630, 5630, 5630, 5630, 5630, 5630, 5630, 5630, 5630, 5630, 5630, 5630, 5630, 5630, 5630, 5630, 5630, 5630, 5630, 5630, 5630, 5630, 5630, 5630, 5630, 5630, 5630, 5630, 5630, 5630, 5630, 5630, 5630, 5630, 5630, 5630, 5630, 5630, 5630, 5630, 5630, 5630, 5630, 5630, 5630, 5630, 5630, 5630, 5630, 5630, 5630, 5630, 5630, 5630, 5630, 5630, 5630, 5630, 5630, 5630, 5630, 5630, 5630, 5630, 5630, 5630, 5630, 5630, 5630, 5630, 5630, 5630, 5630, 5630, 5630, 5630, 5630, 5630, 5630, 5630, 5630, 5630, 5630, 5630, 5630, 5630, 5630, 5630, 5630, 5630, 5630, 5630, 5630, 5630, 5630, 5630, 5630, 5630, 5630, 5630, 5630, 5630, 5630, 5630, 5630, 5630, 5630, 5630, 5630, 5630, 5630, 5630, 5630, 5630, 5630, 5630, 5630, 5630, 5630, 5630, 5630, 5630, 5630, 5630, 5630, 5630, 5630, 5630, 5630, 5630, 5630, 5630, 5630, 5630, 5630, 5630, 5630, 5630, 5630, 5630, 5630, 5630, 5630, 5630, 5630, 5630, 5630, 5630, 5630, 5630, 5630, 5630, 5630, 5630, 5630, 5630, 5630, 5630, 5630, 5630, 5630, 5630, 5630, 5630, 5630, 5630, 5630, 5630, 5630, 5630, 5630, 5630, 5630, 5630, 5630, 5630, 5630, 5630, 5630, 5630, 5630, 5630, 5630, 5630, 5630, 5630, 5630, 5630, 5630, 5630, 5630, 5630, 5630, 5630, 5630, 5630, 5630, 5630, 5630, 5630, 5630, 5630, 5630, 5630, 5630, 5630, 5630, 5630, 5630, 5630, 5630, 5630, 5630, 5630, 5630, 5630, 5630, 5630, 5630, 5630, 5630, 5630, 5630, 5630, 5630, 5630, 5630, 5630, 5630, 5630, 5630, 5630, 5630, 5630, 5630, 5630, 5630, 5630, 5630, 5630, 5630, 5630, 5630, 5630, 5630, 5630, 5630, 5630, 5630, 5630, 5630, 5630, 5630, 5630, 5630, 5630, 5630, 5630, 5630, 5630, 5630, 5630, 5630, 5630, 5630, 5630, 5630, 5630, 5630, 5630, 5630, 5630, 5628, 5628, 5628, 5628, 5628, 5628, 5628, 5628, 5628, 5628, 5628, 5628, 5628, 5628, 5628, 5628, 5628, 5628, 5628, 5628, 5628, 5628, 5628, 5628, 5628, 5628, 5628, 5628, 5628, 5628, 5628, 5628, 5628, 5628, 5628, 5628, 5628, 5628, 5628, 5628, 5628, 5628, 5628, 5628, 5628, 5628, 5628, 5628, 5628, 5628, 5628, 5628, 5628, 5628, 5628, 5628, 5628, 5628, 5628, 5628, 5628, 5628, 5628, 5628, 5628, 5628, 5628, 5628, 5628, 5628, 5628, 5628, 5628, 5628, 5628, 5628, 5628, 5628, 5628, 5628, 5628, 5628, 5628, 5628, 5628, 5628, 5628, 5628, 5628, 5628, 5628, 5628, 5628, 5628, 5628, 5628, 5628, 5628, 5628, 5628, 5628, 5628, 5628, 5628, 5628, 5628, 5628, 5628, 5628, 5628, 5628, 5628, 5628, 5628, 5628, 5628, 5628, 5628, 5628, 5628, 5628, 5628, 5628, 5628, 5628, 5628, 5628, 5628, 5628, 5628, 5628, 5628, 5628, 5628, 5628, 5628, 5628, 5628, 5628, 5628, 5628, 5628, 5628, 5628, 5628, 5628, 5628, 5628, 5628, 5628, 5628, 5628, 5628, 5628, 5628, 5628, 5628, 5628, 5628, 5628, 5628, 5628, 5628, 5628, 5628, 5628, 5628, 5628, 5628, 5628, 5628, 5628, 5628, 5628, 5628, 5628, 5628, 5628, 5628, 5628, 5628, 5628, 5628, 5628, 5628, 5628, 5628, 5628, 5628, 5628, 5628, 5628, 5628, 5628, 5628, 5628, 5628, 5628, 5628, 5628, 5628, 5628, 5628, 5628, 5628, 5628, 5628, 5628, 5628, 5628, 5628, 5628, 5628, 5628, 5628, 5628, 5628, 5628, 5628, 5628, 5628, 5628, 5628, 5628, 5628, 5628, 5628, 5628, 5628, 5628, 5628, 5628, 5628, 5628, 5628, 5628, 5628, 5628, 5628, 5628, 5628, 5628, 5628, 5628, 5628, 5628, 5628, 5628, 5628, 5628, 5628, 5628, 5628, 5628, 5628, 5628, 5628, 5628, 5628, 5628, 5628, 5628, 5628, 5628, 5628, 5628, 5628, 5628, 5628, 5628, 5628, 5628, 5628, 5628, 5628, 5628, 5628, 5628, 5628, 5628, 5628, 5628, 5628, 5628, 5628, 5628, 5628, 5628, 5628, 5628, 5628, 5628, 5628, 5628, 5628, 5628, 5628, 5628, 5628, 5628, 5628, 5628, 5628, 5628, 5628, 5628, 5628, 5628, 5628, 5628, 5628, 5628, 5628, 5628, 5628, 5628, 5628, 5628, 5628, 5628, 5628, 5628, 5628, 5628, 5628, 5628, 5628, 5628, 5628, 5628, 5628, 5628, 5628, 5628, 5628, 5628, 5628, 5628, 5628, 5628, 5628, 5628, 5628, 5628, 5628, 5628, 5628, 5628, 5628, 5628, 5628, 5628, 5628, 5628, 5628, 5628, 5628, 5628, 5628, 5628, 5628, 5628, 5628, 5628, 5628, 5628, 5628, 5628, 5628, 5628, 5628, 5628, 5628, 5628, 5628, 5628, 5628, 5628, 5628, 5628, 5628, 5628, 5628, 5628, 5628, 5628, 5628, 5628, 5628, 5628, 5628, 5628, 5628, 5628, 5628, 5628, 5628, 5628, 5628, 5628, 5628, 5628, 5628, 5628, 5628, 5628, 5628, 5628, 5628, 5628, 5628, 5628, 5628, 5628, 5628, 5628, 5628, 5628, 5628, 5628, 5628, 5628, 5628, 5628, 5628, 5628, 5628, 5628, 5628, 5628, 5628, 5628, 5628, 5628, 5628, 5628, 5628, 5628, 5628, 5628, 5628, 5628, 5628, 5628, 5628, 5628, 5628, 5628, 5628, 5628, 5628, 5628, 5628, 5628, 5628, 5628, 5628, 5628, 5628, 5628, 5628, 5628, 5628, 5628, 5628, 5628, 5628, 5628, 5628, 5628, 5628, 5628, 5628, 5628, 5628, 5628, 5628, 5628, 5628, 5628, 5628, 5628, 5628, 5628, 5628, 5628, 5628, 5628, 5628, 5628, 5628, 5628, 5628, 5628, 5628, 5628, 5628, 5628, 5628, 5628, 5628, 5628, 5628, 5628, 5628, 5628, 5628, 5628, 5628, 5628, 5628, 5628, 5628, 5628, 5628, 5628, 5628, 5628, 5628, 5628, 5628, 5628, 5628, 5628, 5628, 5628, 5628, 5628, 5628, 5628, 5628, 5628, 5628, 5628, 5628, 5628, 5628, 5628, 5628, 5628, 5628, 5628, 5628, 5628, 5628, 5628, 5628, 5628, 5628, 5628, 5628, 5628, 5628, 5628, 5628, 5628, 5628, 5628, 5628, 5628, 5628, 5628, 5628, 5628, 5628, 5628, 5628, 5628, 5628, 5628, 5628, 5628, 5628, 5628, 5628, 5628, 5628, 5628, 5628, 5628, 5628, 5628, 5628, 5628, 5628, 5628, 5628, 5628, 5628, 5628, 5628, 5628, 5628, 5628, 5628, 5628, 5628, 5628, 5628, 5628, 5628, 5628, 5628, 5628, 5628, 5628, 5628, 5628, 5628, 5628, 5628, 5628, 5628, 5628, 5628, 5628, 5628, 5628, 5628, 5628, 5628, 5628, 5628, 5628, 5628, 5628, 5628, 5628, 5628, 5628, 5628, 5628, 5628, 5628, 5628, 5628, 5628, 5628, 5628, 5628, 5628, 5628, 5628, 5628, 5628, 5628, 5628, 5628, 5628, 5628, 5628, 5628, 5628, 5628, 5628, 5628, 5628, 5628, 5628, 5628, 5628, 5628, 5628, 5628, 5628, 5628, 5628, 5628, 5628, 5628, 5628, 5628, 5628, 5628, 5628, 5628, 5628, 5628, 5628, 5628, 5628, 5628, 5628, 5628, 5628, 5628, 5628, 5628, 5628, 5628, 5628, 5628, 5628, 5628, 5628, 5628, 5628, 5628, 5628, 5628, 5628, 5628, 5628, 5628, 5628, 5628, 5628, 5628, 5628, 5628, 5628, 5628, 5628, 5628, 5628, 5628, 5628, 5628, 5628, 5628, 5628, 5628, 5628, 5628, 5628, 5628, 5628, 5628, 5628, 5628, 5628, 5628, 5628, 5628, 5628, 5628, 5628, 5628, 5628, 5628, 5628, 5628, 5628, 5628, 5628, 5628, 5628, 5628, 5628, 5628, 5628, 5628, 5628, 5628, 5628, 5628, 5628, 5628, 5628, 5628, 5628, 5628, 5628, 5628, 5628, 5628, 5628, 5628, 5628, 5628, 5628, 5628, 5628, 5628, 5628, 5628, 5628, 5628, 5628, 5628, 5628, 5628, 5628, 5628, 5628, 5628, 5628, 5628, 5628, 5628, 5628, 5628, 5628, 5628, 5628, 5628, 5628, 5628, 5628, 5628, 5628, 5628, 5628, 5628, 5628, 5628, 5628, 5628, 5628, 5628, 5628, 5628, 5628, 5628, 5628, 5628, 5628, 5628, 5628, 5628, 5628, 5628, 5628, 5628, 5628, 5628, 5628, 5628, 5628, 5628, 5628, 5628, 5628, 5628, 5628, 5628, 5628, 5628, 5628, 5628, 5628, 5628, 5628, 5628, 5628, 5628, 5628, 5628, 5628, 5628, 5628, 5628, 5628, 5628, 5628, 5628, 5628, 5628, 5628, 5628, 5628, 5628, 5628, 5628, 5628, 5628, 5628, 5628, 5628, 5628, 5628, 5628, 5628, 5628, 5628, 5628, 5628, 5628, 5628, 5628, 5628, 5628, 5628, 5628, 5628, 5628, 5628, 5628, 5628, 5628, 5628, 5628, 5628, 5628, 5628, 5628, 5628, 5628, 5628, 5628, 5628, 5628, 5628, 5628, 5628, 5628, 5628, 5628, 5628, 5628, 5628, 5628, 5628, 5628, 5628, 5628, 5628, 5628, 5628, 5628, 5628, 5628, 5628, 5628, 5628, 5628, 5628, 5628, 5628, 5628, 5628, 5628, 5628, 5628, 5628, 5628, 5628, 5628, 5628, 5628, 5628, 5628, 5628, 5628, 5628, 5628, 5628, 5628, 5628, 5628, 5628, 5628, 5628, 5628, 5628, 5628, 5628, 5628, 5628, 5628, 5628, 5628, 5628, 5628, 5628, 5628, 5628, 5628, 5628, 5628, 5628, 5628, 5628, 5628, 5628, 5628, 5628, 5628, 5628, 5628, 5628, 5628, 5628, 5628, 5628, 5628, 5628, 5628, 5628, 5628, 5628, 5628, 5628, 5628, 5628, 5628, 5628, 5628, 5628, 5628, 5628, 5628, 5628, 5628, 5628, 5628, 5628, 5628, 5628, 5628, 5628, 5628, 5628, 5628, 5628, 5628, 5628, 5628, 5628, 5628, 5628, 5628, 5628, 5628, 5628, 5628, 5628, 5628, 5628, 5628, 5628, 5628, 5628, 5628, 5628, 5628, 5628, 5628, 5628, 5628, 5628, 5628, 5628, 5628, 5628, 5628, 5628, 5628, 5628, 5628, 5628, 5628, 5628, 5628, 5628, 5628, 5628, 5628, 5628, 5628, 5628, 5628, 5628, 5628, 5628, 5628, 5628, 5628, 5628, 5628, 5628, 5628, 5628, 5628, 5628, 5628, 5628, 5628, 5628, 5628, 5628, 5628, 5628, 5628, 5628, 5628, 5628, 5628, 5628, 5628, 5628, 5628, 5628, 5628, 5628, 5628, 5628, 5628, 5628, 5628, 5628, 5628, 5628, 5628, 5628, 5628, 5628, 5628, 5628, 5628, 5628, 5628, 5628, 5628, 5628, 5628, 5628, 5628, 5628, 5628, 5628, 5628, 5628, 5628, 5628, 5628, 5628, 5628, 5628, 5628, 5628, 5628, 5628, 5628, 5628, 5628, 5628, 5628, 5628, 5628, 5628, 5628, 5628, 5628, 5628, 5628, 5628, 5628, 5628, 5628, 5628, 5628, 5628, 5628, 5628, 5628, 5628, 5628, 5628, 5628, 5628, 5628, 5628, 5628, 5628, 5628, 5628, 5628, 5628, 5628, 5628, 5628, 5628, 5628, 5628, 5628, 5628, 5628, 5628, 5628, 5628, 5628, 5628, 5628, 5628, 5628, 5628, 5628, 5628, 5628, 5628, 5628, 5628, 5628, 5628, 5628, 5628, 5628, 5628, 5628, 5628, 5628, 5628, 5628, 5628, 5628, 5628, 5628, 5628, 5628, 5628, 5628, 5628, 5628, 5628, 5628, 5628, 5628, 5628, 5628, 5628, 5628, 5628, 5628, 5628, 5628, 5628, 5628, 5628, 5628, 5628, 5628, 5628, 5628, 5628, 5628, 5628, 5628, 5628, 5628, 5628, 5628, 5628, 5628, 5628, 5628, 5628, 5628, 5628, 5628, 5628, 5628, 5628, 5628, 5628, 5628, 5628, 5628, 5628, 5628, 5628, 5628, 5628, 5628, 5628, 5628, 5628, 5628, 5628, 5628, 5628, 5628, 5628, 5628, 5628, 5628, 5628, 5628, 5628, 5628, 5628, 5628, 5628, 5628, 5628, 5628, 5628, 5628, 5628, 5628, 5628, 5628, 5628, 5628, 5628, 5628, 5628, 5628, 5628, 5628, 5628, 5628, 5628, 5628, 5628, 5628, 5628, 5628, 5628, 5628, 5628, 5628, 5628, 5628, 5628, 5628, 5628, 5628, 5628, 5628, 5628, 5628, 5628, 5628, 5628, 5628, 5628, 5628, 5628, 5628, 5628, 5628, 5628, 5628, 5628, 5628, 5628, 5628, 5628, 5628, 5628, 5628, 5628, 5628, 5628, 5628, 5628, 5628, 5628, 5628, 5628, 5628, 5628, 5628, 5628, 5628, 5628, 5628, 5628, 5628, 5628, 5628, 5628, 5628, 5628, 5628, 5628, 5628, 5628, 5628, 5628, 5628, 5628, 5628, 5628, 5628, 5628, 5628, 5628, 5628, 5628, 5628, 5628, 5628, 5628, 5628, 5628, 5628, 5628, 5628, 5628, 5628, 5628, 5628, 5628, 5628, 5628, 5628, 5628, 5628, 5628, 5628, 5628, 5628, 5628, 5628, 5628, 5628, 5628, 5628, 5628, 5628, 5628, 5628, 5628, 5628, 5628, 5628, 5628, 5628, 5628, 5628, 5628, 5628, 5628, 5628, 5628, 5628, 5628, 5628, 5628, 5628, 5628, 5628, 5628, 5628, 5628, 5628, 5628, 5628, 5628, 5628, 5628, 5628, 5628, 5628, 5628, 5628, 5628, 5628, 5628, 5628, 5628, 5628, 5628, 5628, 5628, 5628, 5628, 5628, 5628, 5628, 5628, 5628, 5628, 5628, 5628, 5628, 5628, 5628, 5628, 5628, 5628, 5628, 5628, 5628, 5628, 5628, 5628, 5628, 5628, 5628, 5628, 5628, 5628, 5628, 5628, 5628, 5628, 5628, 5628, 5628, 5628, 5628, 5628, 5628, 5628, 5628, 5628, 5628, 5628, 5628, 5628, 5628, 5628, 5628, 5628, 5628, 5628, 5628, 5628, 5628, 5628, 5628, 5628, 5628, 5628, 5628, 5628, 5628, 5628, 5628, 5628, 5628, 5628, 5628, 5628, 5628, 5628, 5628, 5628, 5628, 5628, 5628, 5628, 5628, 5628, 5628, 5628, 5628, 5628, 5628, 5628, 5628, 5628, 5628, 5628, 5628, 5628, 5628, 5628, 5628, 5628, 5628, 5628, 5628, 5628, 5628, 5628, 5628, 5628, 5628, 5628, 5628, 5628, 5628, 5628, 5628, 5628, 5628, 5628, 5628, 5628, 5628, 5628, 5628, 5628, 5628, 5628, 5628, 5628, 5628, 5628, 5628, 5628, 5628, 5628, 5628, 5628, 5628, 5628, 5628, 5628, 5628, 5628, 5628, 5628, 5628, 5628, 5628, 5628, 5628, 5628, 5628, 5628, 5628, 5628, 5628, 5628, 5628, 5628, 5628, 5628, 5628, 5628, 5628, 5628, 5628, 5628, 5628, 5628, 5628, 5628, 5628, 5628, 5628, 5628, 5628, 5628, 5628, 5628, 5628, 5628, 5628, 5628, 5628, 5628, 5628, 5628, 5628, 5628, 5628, 5628, 5628, 5628, 5628, 5628, 5628, 5628, 5628, 5628, 5628, 5628, 5628, 5628, 5628, 5628, 5628, 5628, 5628, 5628, 5628, 5628, 5628, 5628, 5628, 5628, 5628, 5628, 5628, 5628, 5628, 5628, 5628, 5628, 5628, 5628, 5628, 5628, 5628, 5628, 5628, 5628, 5628, 5628, 5628, 5628, 5628, 5628, 5628, 5628, 5628, 5628, 5628, 5628, 5628, 5628, 5628, 5628, 5628, 5628, 5628, 5628, 5628, 5628, 5628, 5628, 5628, 5628, 5628, 5628, 5628, 5628, 5628, 5628, 5628, 5628, 5628, 5628, 5628, 5628, 5628, 5628, 5628, 5628, 5628, 5628, 5628, 5628, 5628, 5628, 5628, 5628, 5628, 5628, 5628, 5628, 5628, 5628, 5628, 5628, 5628, 5628, 5628, 5628, 5628, 5628, 5628, 5628, 5628, 5628, 5628, 5628, 5628, 5628, 5628, 5628, 5628, 5628, 5628, 5628, 5628, 5628, 5628, 5628, 5628, 5628, 5628, 5628, 5628, 5628, 5628, 5628, 5628, 5628, 5628, 5628, 5628, 5628, 5628, 5628, 5628, 5628, 5628, 5628, 5628, 5628, 5628, 5628, 5628, 5628, 5628, 5628, 5628, 5628, 5628, 5628, 5628, 5628, 5628, 5628, 5628, 5628, 5628, 5628, 5628, 5628, 5628, 5628, 5628, 5628, 5628, 5628, 5628, 5628, 5628, 5628, 5628, 5628, 5628, 5628, 5628, 5628, 5628, 5628, 5628, 5628, 5628, 5628, 5628, 5628, 5628, 5628, 5628, 5628, 5628, 5628, 5628, 5628, 5628, 5628, 5628, 5628, 5628, 5628, 5628, 5628, 5628, 5628, 5628, 5628, 5628, 5628, 5628, 5628, 5628, 5628, 5628, 5628, 5628, 5628, 5628, 5628, 5628, 5628, 5628, 5628, 5628, 5628, 5628, 5628, 5628, 5628, 5628, 5628, 5628, 5628, 5628, 5628, 5628, 5628, 5628, 5628, 5628, 5628, 5628, 5628, 5628, 5628, 5628, 5628, 5628, 5628, 5628, 5628, 5628, 5628, 5628, 5628, 5628, 5628, 5628, 5628, 5628, 5628, 5628, 5628, 5628, 5628, 5628, 5628, 5628, 5628, 5628, 5628, 5628, 5628, 5628, 5628, 5628, 5628, 5628, 5628, 5628, 5628, 5628, 5628, 5628, 5628, 5628, 5628, 5628, 5628, 5628, 5628, 5628, 5628, 5628, 5628, 5628, 5628, 5628, 5628, 5628, 5628, 5628, 5628, 5628, 5628, 5628, 5628, 5628, 5628, 5628, 5628, 5628, 5628, 5628, 5628, 5628, 5628, 5628, 5628, 5628, 5628, 5628, 5628, 5628, 5628, 5628, 5628, 5628, 5628, 5628, 5628, 5628, 5628, 5628, 5628, 5628, 5628, 5628, 5628, 5628, 5628, 5628, 5628, 5628, 5628, 5628, 5628, 5628, 5628, 5628, 5628, 5628, 5628, 5628, 5628, 5628, 5628, 5628, 5628, 5628, 5628, 5628, 5628, 5628, 5628, 5628, 5628, 5628, 5628, 5628, 5628, 5628, 5628, 5628, 5628, 5628, 5628, 5628, 5628, 5628, 5628, 5628, 5628, 5628, 5628, 5628, 5628, 5628, 5628, 5628, 5628, 5628, 5628, 5628, 5628, 5628, 5628, 5628, 5628, 5628, 5628, 5628, 5628, 5628, 5628, 5628, 5628, 5628, 5628, 5628, 5628, 5628, 5628, 5628, 5628, 5628, 5628, 5628, 5628, 5628, 5628, 5628, 5628, 5628, 5628, 5628, 5628, 5628, 5628, 5628, 5628, 5628, 5628, 5628, 5628, 5628, 5628, 5628, 5628, 5628, 5628, 5628, 5628, 5628, 5628, 5628, 5628, 5628, 5628, 5628, 5628, 5628, 5628, 5628, 5628, 5628, 5628, 5628, 5628, 5628, 5628, 5628, 5628, 5628, 5628, 5628, 5628, 5628, 5628, 5628, 5628, 5628, 5628, 5628, 5628, 5628, 5628, 5628, 5628, 5628, 5628, 5628, 5628, 5628, 5628, 5628, 5628, 5628, 5628, 5628, 5628, 5628, 5628, 5628, 5628, 5628, 5628, 5628, 5628, 5628, 5628, 5628, 5628, 5628, 5628, 5628, 5628, 5628, 5628, 5628, 5628, 5628, 5628, 5628, 5628, 5628, 5628, 5628, 5628, 5628, 5628, 5628, 5628, 5628, 5628, 5628, 5628, 5628, 5628, 5628, 5628, 5628, 5628, 5628, 5628, 5628, 5628, 5628, 5628, 5628, 5628, 5628, 5628, 5628, 5628, 5628, 5628, 5628, 5628, 5628, 5628, 5628, 5628, 5628, 5628, 5628, 5628, 5628, 5628, 5628, 5628, 5628, 5628, 5628, 5628, 5628, 5628, 5628, 5628, 5628, 5628, 5628, 5628, 5628, 5628, 5628, 5628, 5628, 5628, 5628, 5628, 5628, 5628, 5628, 5628, 5628, 5628, 5628, 5628, 5628, 5628, 5628, 5628, 5628, 5628, 5628, 5628, 5628, 5628, 5628, 5628, 5628, 5628, 5628, 5628, 5628, 5628, 5628, 5628, 5628, 5628, 5628, 5628, 5628, 5628, 5628, 5628, 5628, 5628, 5628, 5628, 5622, 5622, 5622, 5622, 5622, 5622, 5622, 5622, 5622, 5622, 5622, 5622, 5622, 5622, 5622, 5622, 5622, 5622, 5622, 5622, 5622, 5622, 5622, 5622, 5622, 5622, 5622, 5622, 5622, 5622, 5622, 5622, 5622, 5622, 5622, 5622, 5622, 5622, 5622, 5622, 5622, 5622, 5622, 5622, 5622, 5622, 5622, 5622, 5622, 5622, 5622, 5622, 5622, 5622, 5622, 5622, 5622, 5622, 5622, 5622, 5622, 5622, 5622, 5622, 5622, 5622, 5622, 5622, 5622, 5622, 5622, 5622, 5622, 5622, 5622, 5622, 5622, 5622, 5622, 5622, 5622, 5622, 5622, 5622, 5622, 5622, 5622, 5622, 5622, 5622, 5622, 5622, 5622, 5622, 5622, 5622, 5622, 5622, 5622, 5622, 5622, 5622, 5622, 5622, 5622, 5622, 5622, 5622, 5622, 5622, 5622, 5622, 5622, 5622, 5622, 5622, 5622, 5622, 5622, 5622, 5622, 5622, 5622, 5622, 5622, 5622, 5622, 5622, 5622, 5622, 5622, 5622, 5622, 5622, 5622, 5622, 5622, 5622, 5622, 5622, 5622, 5622, 5622, 5622, 5622, 5622, 5622, 5622, 5622, 5622, 5622, 5622, 5622, 5622, 5622, 5622, 5622, 5622, 5622, 5622, 5622, 5622, 5622, 5622, 5622, 5622, 5622, 5622, 5622, 5622, 5622, 5622, 5622, 5622, 5622, 5622, 5622, 5622, 5622, 5622, 5622, 5622, 5622, 5622, 5622, 5622, 5622, 5622, 5622, 5622, 5622, 5622, 5622, 5622, 5622, 5622, 5622, 5620, 
Fitness promedio a lo largo del tiempo: 
21083, 17538, 14695, 13625, 11838, 10330, 8000, 6969, 6701, 7042, 6684, 7298, 7011, 7326, 6951, 7203, 6539, 6939, 6707, 6486, 6427, 6883, 6380, 6744, 7222, 6448, 6383, 6004, 6416, 6519, 7438, 6834, 6455, 5857, 6218, 6364, 6314, 5815, 6341, 6060, 6113, 6387, 6067, 6981, 6470, 5923, 5776, 5864, 6191, 6303, 6785, 5757, 6286, 5742, 5969, 6289, 6559, 6748, 5743, 5801, 6021, 6005, 5862, 5955, 5725, 5726, 5736, 5799, 5717, 5717, 5782, 5714, 6053, 5703, 5726, 5786, 5738, 5741, 5732, 5720, 6390, 5824, 6154, 5762, 5867, 6139, 5971, 5871, 5702, 5984, 5812, 5690, 6141, 5723, 5712, 5821, 5711, 5684, 5705, 5720, 6039, 5694, 6053, 5711, 5768, 5874, 5702, 5715, 5698, 5679, 5791, 5694, 5984, 6163, 5699, 6109, 5780, 5813, 5852, 5670, 5669, 5840, 5915, 6177, 5761, 5692, 5681, 5693, 5703, 5858, 5698, 6016, 5689, 5691, 5723, 5668, 5678, 5672, 5659, 5721, 5677, 5663, 5956, 6116, 5683, 6273, 5671, 5696, 5783, 5651, 6263, 5657, 5677, 5848, 5662, 5658, 6213, 5824, 5657, 5908, 5652, 5799, 5834, 5657, 5670, 5778, 5674, 5719, 5653, 5830, 5655, 5775, 5651, 5671, 5839, 5679, 5934, 5668, 5650, 5839, 5716, 5722, 5944, 5835, 5656, 5657, 5766, 5731, 6103, 5664, 5660, 5656, 5743, 5658, 5778, 5654, 5721, 5649, 5652, 6164, 5891, 5651, 5672, 5678, 5658, 5651, 5777, 5830, 5830, 5801, 5651, 5658, 5660, 5652, 5673, 5660, 5666, 6053, 5947, 5649, 5916, 5936, 6005, 5667, 5643, 5674, 6111, 6473, 6013, 5672, 5661, 5654, 5651, 5659, 5771, 5668, 6223, 5650, 5881, 5655, 6048, 5656, 6097, 5882, 5655, 5664, 5671, 5666, 5637, 5677, 5667, 5662, 5832, 5882, 5657, 5654, 5685, 5655, 5674, 6205, 5662, 5783, 5669, 6213, 6036, 5872, 5649, 5688, 5666, 5653, 6047, 5776, 5655, 5661, 6093, 5677, 5645, 5832, 5667, 6265, 5651, 5742, 5884, 5642, 5656, 6108, 5672, 5777, 5879, 5649, 5952, 5654, 5652, 5659, 5685, 5680, 5669, 5663, 5826, 5734, 5654, 5648, 5646, 5895, 5731, 5661, 5829, 6662, 5935, 5650, 5658, 5714, 5659, 5655, 5854, 5649, 5672, 5654, 5665, 6001, 5728, 6045, 5653, 5658, 6063, 6012, 5672, 5786, 5728, 5650, 5655, 5655, 5729, 5665, 5665, 5659, 5656, 5677, 5955, 5698, 5894, 5660, 5671, 6470, 5669, 5646, 5649, 5659, 5826, 5671, 5893, 5677, 5882, 5647, 5657, 5890, 5646, 5837, 5645, 5673, 5638, 5658, 5939, 5777, 5659, 5835, 5775, 5907, 5653, 5684, 5681, 5661, 5717, 5645, 5669, 5649, 5649, 5984, 5661, 5666, 5676, 5945, 6005, 5663, 5655, 5671, 5845, 5727, 5654, 5668, 5998, 5783, 5667, 5687, 5890, 5662, 5688, 6170, 5666, 5653, 5667, 5695, 5663, 5681, 5673, 5728, 5653, 5893, 6324, 5852, 5935, 5882, 5651, 5661, 5642, 5674, 5664, 5878, 5662, 5793, 5726, 5721, 6158, 5776, 5658, 5661, 5890, 5838, 5728, 6277, 6103, 5656, 5647, 5658, 5774, 6306, 5650, 5859, 5763, 5647, 5654, 6270, 6103, 5672, 5701, 5674, 6316, 5841, 5841, 5666, 5726, 5824, 5952, 5657, 5643, 5851, 5655, 5950, 5676, 5652, 5653, 5824, 5656, 5653, 5643, 5664, 5676, 5671, 5898, 5657, 5665, 5688, 5650, 5666, 5647, 5660, 5675, 5837, 5670, 5892, 5669, 5949, 5658, 5950, 5661, 5661, 5649, 5653, 5669, 5820, 5846, 5658, 5651, 5667, 5654, 5924, 5651, 5643, 6339, 5663, 5658, 6117, 6101, 5659, 5655, 5647, 5667, 5719, 6166, 5913, 5930, 5655, 5641, 5666, 5773, 5677, 5670, 5771, 5860, 5890, 5656, 6271, 6007, 5954, 5681, 5660, 6102, 5720, 5903, 5648, 5642, 5740, 5944, 5644, 5667, 6000, 5657, 5728, 5652, 6058, 5949, 5651, 6062, 6160, 5883, 5773, 5776, 5991, 5769, 5666, 6164, 5668, 5665, 6113, 5641, 5724, 5995, 5909, 6219, 5648, 5672, 5647, 5874, 5655, 5949, 5654, 5657, 6109, 5938, 5865, 5933, 5648, 5676, 5846, 5645, 5652, 6163, 5902, 5935, 5657, 5663, 5645, 5662, 5825, 6004, 5965, 6135, 5658, 5789, 5661, 5656, 5807, 6479, 5684, 6111, 6216, 5832, 5903, 5682, 5829, 5735, 5668, 6523, 5907, 5669, 5675, 5875, 5727, 5657, 5669, 5656, 5656, 5651, 6044, 5675, 5679, 5955, 5698, 5783, 5892, 5662, 5947, 5958, 5899, 5670, 6228, 5684, 5834, 5657, 5654, 5823, 6330, 5847, 6008, 5683, 5879, 5721, 5876, 5673, 6383, 5899, 5666, 5844, 5665, 5671, 5664, 5679, 5935, 5685, 5780, 6169, 5938, 5666, 5649, 5673, 5894, 5730, 5666, 5897, 5919, 5666, 5659, 6050, 5674, 5659, 5660, 6168, 5782, 5643, 6092, 5740, 5654, 6155, 5740, 5661, 5755, 5675, 5799, 5712, 5841, 5656, 5787, 5658, 6172, 5660, 5741, 5832, 5994, 5782, 5661, 6168, 5673, 5887, 5644, 6055, 5841, 5835, 6050, 5766, 5933, 5674, 5837, 5941, 5913, 5677, 5660, 5775, 5658, 5693, 5892, 5652, 5701, 5676, 5990, 5678, 5669, 5668, 5662, 5999, 5658, 5730, 5656, 5851, 5642, 5947, 6052, 5666, 5650, 6110, 6108, 5685, 6055, 5662, 5659, 5664, 5650, 5671, 6041, 6106, 5665, 5681, 5732, 5663, 5962, 5842, 5664, 5649, 6212, 5725, 5655, 5656, 5660, 5939, 5672, 6068, 5673, 5679, 5892, 5841, 5671, 5642, 5990, 5666, 5656, 6558, 6709, 5668, 5677, 5656, 5668, 5666, 5653, 5656, 5684, 5790, 5670, 5813, 5644, 5660, 5666, 5657, 5670, 5669, 5648, 5660, 5654, 5690, 5882, 6157, 5682, 5671, 5951, 5664, 5667, 6230, 6314, 5732, 5658, 5786, 5677, 5662, 5676, 5673, 5670, 5668, 5652, 5673, 6390, 5673, 5671, 5668, 5646, 5850, 5656, 5655, 5668, 5958, 5678, 5672, 5691, 6057, 5833, 5796, 6001, 5962, 5670, 6005, 6002, 5662, 5827, 5661, 5668, 5679, 5733, 5663, 5908, 5728, 5718, 5652, 5680, 6429, 5674, 5650, 5662, 5775, 5771, 5881, 6040, 5996, 6055, 5665, 5689, 5723, 5651, 5675, 5890, 5657, 5793, 6069, 5675, 5763, 5956, 5948, 5660, 5780, 6178, 5843, 5757, 5671, 5784, 5646, 5942, 6063, 5948, 5646, 5721, 5660, 5677, 5715, 5655, 5664, 5732, 5661, 5660, 5669, 5654, 5792, 5860, 5958, 5653, 5925, 6329, 5729, 5726, 6052, 6436, 6051, 5679, 5670, 5838, 5771, 5673, 5676, 5664, 5667, 5885, 6213, 5738, 5852, 5652, 5675, 5675, 5653, 5649, 5668, 5716, 5896, 6059, 5840, 5673, 6261, 5780, 5654, 5658, 5681, 5722, 5658, 5645, 5654, 5835, 5953, 5680, 5664, 6596, 5791, 5667, 5677, 5659, 5644, 5679, 5659, 5669, 5662, 5656, 5845, 5841, 5665, 5671, 5655, 5836, 6184, 5901, 5655, 5673, 5646, 5841, 5685, 5786, 6063, 5695, 5932, 5740, 6333, 5652, 5884, 5655, 5647, 6020, 5891, 5681, 5663, 5680, 5654, 6274, 6214, 6812, 6222, 6146, 5689, 5955, 5668, 5743, 5649, 5667, 6154, 5769, 5657, 6068, 5780, 5648, 5794, 6103, 5681, 5882, 5683, 5670, 5670, 5644, 5656, 5663, 5655, 5668, 5769, 5722, 5902, 5653, 5650, 5931, 5645, 5651, 5666, 5675, 5659, 5934, 5692, 5664, 5679, 5789, 5671, 5671, 5890, 6010, 5647, 5788, 5649, 5653, 5650, 5958, 5783, 5675, 5737, 6055, 5652, 5660, 5942, 5663, 5848, 5644, 6501, 5662, 5660, 5673, 5675, 5665, 5674, 5674, 5842, 5648, 6391, 5679, 6124, 5664, 5658, 5730, 5740, 5984, 5649, 5662, 6046, 5727, 5735, 5710, 5665, 5746, 5674, 5664, 5659, 5661, 5859, 6227, 6016, 5880, 5646, 5656, 5674, 5986, 5835, 5831, 5674, 5645, 5666, 5994, 5654, 5778, 5772, 5822, 5652, 5665, 6103, 5646, 5994, 5778, 5670, 5677, 6161, 5822, 5656, 5893, 5655, 5782, 6004, 5674, 6216, 5667, 5666, 5668, 5683, 5721, 5651, 5649, 5647, 5998, 5658, 5661, 5650, 5663, 6308, 5676, 5665, 5684, 5684, 5659, 5644, 5656, 5733, 5661, 5797, 5677, 6118, 6007, 5685, 5673, 5731, 5831, 5889, 5787, 5950, 5712, 5671, 5653, 5649, 5661, 5683, 5665, 5666, 5671, 5669, 5655, 5673, 6148, 6118, 5652, 5683, 5742, 5653, 5791, 5790, 5946, 5656, 5673, 5661, 5943, 6283, 5654, 5681, 5929, 5655, 5666, 5675, 5690, 5662, 5902, 5791, 5674, 5684, 6019, 5657, 5895, 5897, 6116, 5666, 5681, 6092, 5689, 6434, 5674, 5645, 5999, 5652, 5658, 5965, 5938, 5992, 5658, 6055, 5693, 5660, 5652, 5684, 6045, 5665, 5650, 5667, 5936, 5666, 5648, 5651, 5835, 5980, 5669, 5661, 6056, 6116, 5854, 5654, 5658, 6043, 5741, 6376, 6227, 5789, 5650, 5893, 5995, 5677, 5901, 5683, 5673, 5664, 5657, 5728, 5725, 6062, 5668, 5679, 5659, 5681, 5672, 5655, 5741, 5719, 5669, 5660, 5650, 5723, 5691, 5942, 6395, 5839, 5641, 6181, 5659, 5886, 5673, 5699, 5671, 5662, 5639, 5684, 5832, 5658, 5944, 5658, 5659, 5785, 5782, 6054, 6221, 5646, 6157, 5711, 5672, 5723, 5662, 5740, 5653, 5651, 5869, 5960, 5646, 5663, 5792, 5676, 5661, 5661, 5647, 5650, 5658, 5782, 5999, 6272, 5931, 6011, 5672, 5680, 5777, 5660, 5833, 5650, 6162, 6215, 5884, 5686, 5681, 5828, 6107, 5731, 5655, 5669, 5667, 5662, 5679, 5789, 5951, 5666, 5675, 5678, 5661, 5653, 5651, 5679, 5718, 6107, 5948, 5774, 5670, 5649, 5786, 5673, 5666, 5662, 5788, 5712, 5773, 5668, 5661, 5716, 5646, 5654, 5653, 5747, 5661, 5648, 5690, 5800, 5719, 5658, 5666, 5657, 5655, 5689, 5992, 6035, 5898, 5645, 5722, 6094, 5846, 5779, 5836, 6376, 5666, 5722, 5898, 5664, 6097, 5666, 5827, 5785, 5660, 5888, 5667, 5661, 5671, 5842, 5682, 5709, 5666, 5663, 5676, 5668, 6641, 5686, 5670, 6008, 5662, 5660, 6179, 5886, 5733, 5661, 6169, 5649, 5654, 6214, 6005, 5671, 5673, 5662, 5781, 5836, 5946, 5942, 5993, 5665, 5948, 5682, 5911, 5732, 5657, 5794, 5653, 5662, 5737, 5711, 5646, 5892, 5911, 5879, 5665, 5657, 5657, 5673, 5928, 5651, 5665, 5668, 5667, 5954, 5683, 5645, 5666, 5715, 5684, 6401, 5658, 5783, 5665, 5676, 5662, 5657, 6107, 6056, 5769, 5685, 5695, 5654, 5704, 5677, 5667, 5846, 6068, 5794, 5831, 5731, 5822, 5672, 5666, 5891, 6086, 5674, 5664, 5831, 5896, 5993, 6418, 5667, 5675, 6694, 5658, 5653, 5654, 6338, 6056, 5783, 5689, 5666, 5734, 5747, 6203, 5995, 5830, 5662, 6305, 5681, 5817, 5660, 5658, 5967, 5853, 5645, 5673, 5661, 6051, 5739, 5653, 5905, 5666, 5677, 5657, 5668, 5661, 5676, 5661, 5781, 6098, 5673, 5650, 5675, 5785, 5794, 5661, 5656, 5664, 5826, 5712, 6459, 6065, 5675, 5758, 6528, 5689, 5893, 5741, 6220, 5670, 5677, 5646, 5894, 5774, 6054, 6299, 5728, 5667, 5941, 5848, 5672, 5662, 6049, 5664, 5667, 5728, 5663, 5995, 6172, 5687, 6055, 5969, 5667, 6121, 5676, 5828, 6593, 5683, 5897, 5679, 5646, 6372, 6448, 5659, 6207, 5664, 5666, 5682, 5841, 5733, 5720, 6195, 5667, 5796, 5660, 5666, 5733, 5671, 5663, 6223, 5667, 5958, 5822, 5800, 5645, 5837, 6431, 5724, 5647, 6366, 5661, 5843, 5649, 5670, 5650, 6006, 6539, 6155, 6166, 5951, 5677, 5667, 5725, 5666, 5655, 5892, 6056, 5662, 5668, 5663, 5645, 5726, 6006, 6496, 6109, 5716, 5646, 5696, 5681, 5773, 5650, 5668, 5711, 5658, 5909, 5682, 5877, 5666, 5648, 5659, 6326, 5924, 5660, 5937, 5658, 5682, 5662, 5880, 5664, 5664, 5647, 5670, 5666, 5656, 5675, 5888, 5659, 5666, 5662, 5944, 5645, 5656, 5647, 5670, 5665, 5680, 6009, 5650, 5646, 5649, 6165, 6213, 5653, 5656, 5898, 5796, 5786, 5653, 5649, 5670, 5680, 6049, 5784, 5826, 5996, 5668, 6001, 5668, 6433, 5690, 6481, 5691, 5650, 5650, 5740, 5668, 5648, 5920, 5662, 5684, 5680, 5991, 5670, 5939, 5960, 5670, 5817, 5663, 5728, 5903, 5679, 5670, 6110, 5661, 5673, 5851, 5660, 6206, 6112, 5666, 5648, 5653, 5657, 5653, 5664, 5748, 5653, 5659, 5694, 5683, 6267, 5836, 5664, 5661, 5667, 5677, 5990, 5664, 5685, 5664, 5660, 5940, 5658, 5948, 5653, 6049, 5652, 5658, 5660, 6001, 5682, 5682, 5720, 5651, 5665, 5729, 5689, 5729, 5671, 5712, 5850, 5672, 5841, 5669, 5671, 5837, 6102, 5653, 5797, 5657, 5892, 5660, 5652, 5772, 5668, 5727, 6537, 5678, 5660, 6049, 5648, 5825, 5992, 5941, 5960, 5785, 5648, 5668, 5893, 5663, 5664, 5647, 5663, 5958, 5681, 5785, 5768, 6064, 5777, 5676, 6172, 5663, 5662, 5731, 5662, 6199, 6106, 5944, 5648, 5905, 5977, 5654, 5644, 5669, 5885, 6049, 5901, 6007, 5664, 5680, 6024, 5959, 5945, 5662, 5890, 6267, 5643, 6307, 6268, 6105, 6204, 6141, 5660, 5673, 5943, 5848, 5840, 5675, 5714, 5667, 5651, 5891, 5678, 5667, 5651, 5699, 5683, 5731, 5982, 5732, 6527, 5905, 5649, 5671, 6281, 5659, 6069, 5989, 5908, 5878, 6135, 5659, 5664, 5664, 5775, 5673, 5670, 5927, 5949, 5658, 6069, 5663, 5665, 5952, 5696, 6006, 5666, 6056, 5740, 5657, 5658, 5659, 5892, 5669, 5671, 6334, 5948, 5832, 5655, 5674, 5655, 5747, 5792, 5773, 5666, 5674, 5688, 5655, 5662, 6153, 5823, 5666, 5679, 5685, 5652, 6159, 5997, 5683, 5657, 5723, 5727, 5842, 5646, 5682, 5653, 6020, 6419, 5881, 5674, 5900, 5675, 5741, 5838, 5892, 5781, 5900, 5672, 6391, 5662, 5820, 5654, 5795, 5676, 5662, 5661, 6001, 5985, 5644, 6334, 5656, 5655, 5714, 5750, 5773, 6066, 5936, 5668, 5681, 6421, 5731, 6273, 5946, 6164, 5660, 5650, 5854, 5894, 5911, 5827, 5712, 6102, 5668, 5860, 5661, 6068, 5653, 5738, 5684, 5691, 5671, 6316, 6110, 5845, 5734, 5905, 5654, 5890, 5780, 5785, 5671, 5660, 6235, 6280, 5666, 5654, 5832, 5655, 5691, 5856, 6110, 6129, 5786, 5668, 5655, 5945, 5655, 5689, 5671, 5742, 5789, 5669, 5656, 5952, 5838, 5995, 5986, 5666, 5662, 6001, 6381, 5827, 5778, 6007, 5718, 5994, 5841, 5661, 5692, 6050, 6158, 5970, 5671, 5664, 6338, 5848, 5659, 6208, 5950, 5731, 5645, 5662, 5680, 5993, 5672, 5649, 5960, 5694, 5674, 5999, 5895, 5662, 6093, 5683, 5737, 5718, 5662, 5833, 5654, 6207, 5936, 5720, 5655, 6266, 5721, 5665, 5907, 5669, 5647, 5669, 5655, 5835, 6149, 5732, 6223, 5661, 6090, 6256, 5659, 5667, 6064, 6105, 5775, 5855, 5669, 5666, 5683, 5998, 6048, 5971, 5994, 6435, 5881, 5655, 5994, 6042, 5849, 5657, 6224, 6048, 5676, 6005, 5950, 6005, 5677, 5951, 5835, 5680, 5656, 5951, 6002, 5687, 5732, 5827, 5791, 5649, 5696, 6232, 5672, 5879, 5936, 5683, 5675, 5838, 5654, 6178, 5678, 5663, 5724, 6278, 5705, 5834, 5652, 5677, 5826, 5973, 5949, 6226, 5653, 5659, 5664, 5839, 5640, 6156, 6270, 5831, 6044, 5665, 5778, 5673, 5672, 6378, 5688, 5677, 5663, 5668, 5881, 5979, 5664, 5660, 5673, 5686, 6322, 5829, 6041, 5669, 5722, 5868, 5889, 5662, 5659, 5652, 6105, 6113, 5655, 6442, 6376, 6103, 5781, 5793, 5665, 6125, 5673, 5651, 5655, 6008, 5854, 5653, 5719, 5739, 5658, 5668, 5791, 5935, 6198, 6106, 5662, 6434, 5673, 5668, 5951, 5910, 5646, 5678, 5652, 6215, 5663, 5670, 6055, 5690, 5661, 5679, 5672, 5649, 5777, 6043, 6177, 5900, 5643, 5669, 5664, 5889, 5669, 5892, 5679, 5741, 5720, 5675, 5662, 6106, 6184, 5678, 5676, 5671, 5670, 5678, 5662, 5668, 5672, 5662, 5655, 5906, 5803, 5668, 5668, 5672, 5997, 5775, 5959, 5670, 5831, 5670, 5904, 5654, 5651, 5679, 6062, 5667, 5849, 5677, 5655, 5801, 5800, 5656, 6110, 5909, 5677, 5847, 5655, 5656, 5657, 5655, 5886, 5850, 5738, 5653, 5672, 5662, 5666, 5744, 5652, 5669, 5659, 5780, 5744, 5788, 5659, 5941, 5661, 5646, 5655, 5674, 6044, 5829, 5835, 5674, 5666, 5663, 5659, 5650, 5671, 5663, 5665, 5673, 5740, 5654, 5654, 5647, 5687, 6331, 5653, 5670, 5967, 5660, 5648, 5664, 5937, 5665, 5668, 5781, 5675, 5657, 5658, 5654, 5648, 6104, 6173, 5666, 5659, 6164, 5656, 5641, 5652, 6302, 5658, 5722, 5667, 5648, 5658, 5657, 5667, 5653, 5664, 5663, 5750, 5663, 5664, 5684, 5668, 5735, 5736, 5784, 5695, 6271, 5776, 5720, 5660, 6123, 5938, 5662, 6182, 5676, 6094, 5672, 5647, 5664, 5726, 6107, 5994, 5896, 5731, 5650, 5991, 5648, 5834, 5683, 5851, 5665, 5662, 5657, 6002, 5658, 5665, 5676, 6280, 5678, 5829, 5665, 5662, 5651, 5690, 5715, 5684, 6231, 5885, 5674, 6043, 5647, 5651, 5650, 5652, 5649, 5828, 5743, 5744, 5672, 5888, 5923, 5652, 6245, 5890, 5666, 5665, 5659, 5660, 5656, 5676, 5659, 5793, 6001, 5661, 5647, 5650, 6330, 5672, 5675, 5649, 5987, 5663, 5682, 5677, 5674, 5667, 5666, 5666, 5678, 5655, 5792, 5682, 6277, 5995, 5662, 6022, 5643, 5893, 6048, 5670, 5888, 5819, 5665, 5650, 5789, 5722, 6062, 5666, 5671, 6100, 5954, 5659, 5844, 6050, 5656, 5659, 5667, 6319, 5877, 5940, 5799, 5642, 5997, 5674, 6194, 5875, 5663, 5820, 5731, 5665, 6333, 5781, 6054, 5662, 6052, 5825, 5655, 6267, 5776, 5914, 5672, 5656, 5655, 5668, 5661, 5641, 5646, 5900, 5665, 5666, 5664, 5948, 5859, 5805, 5676, 5873, 5739, 5836, 5676, 5658, 5669, 6125, 5722, 6156, 5845, 5647, 5660, 5672, 5903, 5665, 5657, 5658, 5738, 5678, 5659, 5670, 5662, 5720, 6098, 5654, 5890, 5656, 5833, 5656, 5669, 5646, 5658, 5993, 5679, 5878, 5774, 5676, 5835, 5652, 5647, 5669, 5836, 5685, 5845, 5661, 5663, 5675, 6120, 5662, 5941, 5650, 5654, 5673, 5643, 5830, 5825, 5663, 5829, 5653, 5719, 5674, 5650, 5826, 5655, 5658, 5686, 5661, 5932, 5945, 5645, 5662, 5660, 5675, 5885, 5675, 6151, 5651, 5661, 5663, 6132, 6167, 5952, 6269, 5898, 6235, 5669, 5789, 5650, 5667, 5847, 5841, 5650, 5654, 5780, 5786, 5877, 5655, 5720, 6116, 5853, 5662, 5676, 5655, 5675, 6015, 5681, 5667, 5665, 6280, 5680, 5677, 5664, 6058, 5720, 6016, 5657, 5662, 5646, 5653, 6072, 5985, 5657, 5678, 5748, 5742, 6117, 5670, 5853, 5661, 5668, 5828, 6172, 5686, 5667, 5658, 5787, 5730, 5654, 6001, 5844, 5688, 5664, 6032, 5945, 5669, 5785, 5733, 6099, 5654, 5676, 5659, 5672, 5685, 5666, 5660, 6229, 6209, 6219, 6056, 5943, 5830, 5733, 5678, 5672, 5887, 5674, 5658, 5672, 5653, 5676, 5674, 5887, 5652, 5656, 5673, 5726, 6119, 5671, 5651, 5646, 5651, 6333, 5642, 5795, 5653, 5664, 5900, 5984, 5664, 5675, 6261, 5987, 5664, 6056, 5666, 6043, 5683, 5655, 5678, 5946, 5659, 5798, 5662, 5991, 5935, 5653, 5640, 5669, 5654, 5743, 5657, 6103, 5762, 5766, 5667, 5737, 5654, 5670, 5665, 5881, 5647, 5679, 5645, 5679, 5659, 6045, 5675, 5736, 5777, 6008, 5788, 6225, 6053, 5784, 5884, 5656, 5902, 5680, 5648, 6265, 5676, 5738, 6534, 5979, 5782, 6051, 5675, 5659, 6098, 6219, 5831, 5938, 5771, 6153, 5666, 5786, 5673, 5658, 5967, 5670, 5659, 5727, 5653, 5832, 5741, 5671, 5645, 5676, 5845, 6217, 5781, 5656, 5923, 5665, 6740, 5961, 5666, 5841, 5670, 5995, 5784, 5659, 6214, 5899, 5647, 5675, 5791, 5789, 6114, 5668, 5777, 5661, 5740, 5676, 5693, 5694, 5649, 5661, 5668, 5889, 5646, 5685, 5679, 6432, 5663, 5664, 5671, 5771, 5661, 5786, 5689, 5649, 6051, 5854, 6071, 5683, 5666, 5651, 5647, 5653, 5727, 5667, 6014, 5668, 5650, 5674, 5653, 5665, 5659, 5665, 5686, 5828, 5786, 5644, 6690, 5652, 5649, 6311, 5666, 5663, 6111, 5888, 5883, 5789, 6058, 6263, 6015, 6062, 5666, 5669, 5650, 6000, 5759, 5981, 5653, 5688, 5844, 5777, 5656, 5941, 5667, 5822, 5931, 5665, 5817, 5648, 5647, 6378, 5787, 5942, 5933, 6156, 5782, 5790, 5645, 5947, 5730, 5653, 5662, 5941, 5652, 6058, 5646, 5668, 5652, 5664, 6023, 5841, 5892, 5791, 5926, 6071, 6333, 5927, 5647, 5652, 5655, 5645, 5661, 6096, 6164, 5939, 6018, 5646, 5876, 5768, 5787, 5637, 5654, 5933, 5661, 5653, 5760, 5673, 5885, 5760, 5673, 5945, 6093, 5654, 5657, 5849, 5664, 5788, 5703, 5851, 6084, 5738, 5934, 5649, 5653, 5885, 5664, 5655, 5650, 5667, 5888, 5709, 5638, 5640, 6002, 5662, 5641, 5648, 5817, 5669, 5994, 5767, 6055, 6475, 5689, 5655, 5728, 5653, 5996, 5656, 5766, 5674, 5658, 5665, 5660, 5665, 5825, 5671, 5914, 5666, 5648, 5653, 5650, 5651, 5670, 5845, 6251, 5854, 5673, 5717, 5665, 5724, 5779, 5640, 5650, 5651, 5649, 5674, 5996, 5940, 5654, 5657, 5651, 6099, 5710, 5833, 5793, 6527, 5935, 6107, 6225, 5653, 5673, 5934, 5665, 5944, 6545, 5669, 6310, 5873, 5715, 5669, 5658, 5902, 6437, 5785, 6241, 5758, 5768, 5884, 6139, 5761, 6200, 5764, 5776, 6249, 5711, 5721, 5935, 5825, 5778, 5654, 5894, 6057, 5922, 5845, 5658, 5661, 
Mejor solucion obtenida: 32, 31, 8, 11, 10, 9, 5, 6, 7, 30, 29, 28, 27, 3, 2, 1, 36, 37, 39, 38, 41, 40, 42, 26, 25, 24, 21, 22, 23, 35, 0, 4, 15, 20, 18, 19, 17, 16, 12, 13, 14, 33, 34, || Fitness: 5620;