Archivo Usado: p43.atsp
Tamaño de la Poblacion: 100
Reemplazo por Generacion: 5
Tamaño de los Torneos: 5
Cantidad de ciudades: 43
Probabilidad de cruce: 70000
Probabilidad mutacion simple: 8000
Probabilidad mutacion compleja: 15000
Cruces minimos de la mutacion compleja: 4
Iteraciones ejecutadas: 10000
Largo del cruce PMX: 6
Operador de Cruce: 0
Metodo seleccion de Padres: 0
Operador de Mutacion: 0
Metodo seleccion de Supervivientes: 1
Cantidad de threads a usar: 16
11, 9, 31, 32, 30, 28, 27, 2, 1, 3, 36, 37, 39, 38, 40, 42, 41, 26, 25, 24, 21, 23, 22, 35, 0, 4, 15, 17, 16, 18, 20, 19, 14, 12, 13, 33, 34, 29, 5, 7, 6, 10, 8, 
11, 9, 31, 32, 30, 28, 27, 2, 1, 3, 36, 37, 39, 38, 40, 42, 41, 26, 25, 24, 21, 23, 22, 35, 0, 4, 15, 17, 16, 18, 20, 19, 12, 14, 13, 33, 34, 29, 5, 7, 6, 10, 8, 
41, 26, 25, 24, 21, 23, 22, 35, 0, 4, 15, 17, 16, 18, 20, 19, 12, 14, 13, 33, 34, 29, 5, 7, 6, 10, 8, 11, 9, 31, 32, 30, 28, 27, 2, 1, 3, 36, 37, 39, 38, 40, 42, 
23, 22, 35, 0, 4, 15, 17, 16, 18, 20, 19, 12, 14, 13, 33, 34, 29, 5, 7, 6, 10, 8, 11, 9, 31, 32, 30, 28, 27, 2, 1, 3, 36, 37, 39, 38, 40, 42, 41, 26, 25, 24, 21, 
32, 30, 28, 27, 2, 1, 3, 36, 37, 39, 38, 40, 42, 41, 26, 25, 24, 21, 23, 22, 35, 0, 4, 15, 17, 16, 18, 20, 19, 12, 14, 13, 33, 34, 29, 5, 7, 6, 10, 8, 11, 9, 31, 
30, 28, 27, 2, 1, 3, 36, 37, 39, 38, 40, 42, 41, 26, 25, 24, 21, 23, 22, 35, 0, 4, 15, 17, 16, 18, 20, 19, 12, 14, 13, 34, 33, 32, 31, 9, 11, 8, 10, 6, 7, 5, 29, 
16, 18, 20, 19, 12, 14, 13, 33, 34, 29, 5, 7, 6, 10, 8, 11, 9, 31, 32, 30, 28, 27, 2, 1, 3, 36, 37, 39, 38, 40, 42, 41, 26, 25, 24, 21, 23, 22, 35, 0, 4, 15, 17, 
14, 13, 33, 34, 29, 5, 7, 6, 10, 8, 11, 9, 31, 32, 30, 28, 27, 2, 1, 3, 36, 37, 39, 38, 40, 42, 41, 26, 25, 24, 21, 23, 22, 35, 0, 4, 15, 17, 16, 18, 20, 19, 12, 
13, 33, 34, 29, 5, 7, 6, 10, 8, 11, 9, 31, 32, 30, 28, 27, 2, 1, 3, 36, 37, 39, 38, 40, 42, 41, 26, 25, 24, 21, 23, 22, 35, 0, 4, 15, 17, 16, 18, 20, 19, 12, 14, 
26, 25, 24, 21, 23, 22, 35, 0, 4, 15, 17, 16, 18, 20, 19, 12, 14, 13, 33, 34, 29, 5, 7, 6, 10, 8, 11, 9, 31, 32, 30, 28, 27, 2, 1, 3, 36, 37, 39, 38, 40, 42, 41, 
30, 28, 27, 2, 1, 3, 36, 37, 39, 38, 40, 42, 41, 26, 25, 24, 21, 23, 22, 35, 0, 4, 15, 17, 16, 18, 20, 19, 12, 14, 13, 33, 34, 29, 5, 7, 6, 10, 8, 11, 9, 31, 32, 
26, 25, 24, 21, 23, 22, 35, 0, 4, 15, 17, 16, 18, 20, 19, 14, 12, 13, 33, 34, 29, 5, 7, 6, 10, 8, 11, 9, 31, 32, 30, 28, 27, 2, 1, 3, 36, 37, 39, 38, 40, 42, 41, 
35, 0, 4, 15, 17, 16, 18, 20, 19, 12, 14, 13, 33, 34, 29, 5, 7, 6, 10, 8, 11, 9, 31, 32, 30, 28, 27, 2, 1, 3, 36, 37, 39, 38, 40, 42, 41, 26, 25, 24, 21, 23, 22, 
32, 30, 28, 27, 2, 1, 3, 36, 37, 39, 38, 40, 42, 41, 26, 25, 24, 21, 23, 22, 35, 0, 4, 15, 17, 16, 18, 20, 19, 12, 14, 13, 33, 34, 29, 5, 7, 6, 10, 8, 11, 9, 31, 
40, 42, 41, 26, 25, 24, 21, 23, 22, 35, 0, 4, 15, 17, 16, 18, 20, 19, 12, 14, 13, 33, 34, 29, 5, 7, 6, 10, 8, 11, 9, 31, 32, 30, 28, 27, 2, 1, 3, 36, 37, 39, 38, 
13, 33, 34, 29, 5, 7, 6, 10, 8, 11, 9, 31, 32, 30, 28, 27, 2, 1, 3, 36, 37, 39, 38, 40, 42, 41, 26, 25, 24, 21, 23, 22, 35, 0, 4, 15, 17, 16, 18, 20, 19, 12, 14, 
0, 4, 15, 17, 16, 18, 20, 19, 12, 14, 13, 33, 34, 29, 5, 7, 6, 10, 8, 11, 9, 31, 32, 30, 28, 27, 2, 1, 3, 36, 37, 39, 38, 40, 42, 41, 26, 25, 24, 21, 23, 22, 35, 
0, 4, 15, 17, 16, 18, 20, 19, 12, 14, 13, 33, 34, 29, 5, 7, 6, 10, 8, 11, 9, 31, 32, 30, 28, 27, 2, 1, 3, 36, 37, 39, 38, 40, 42, 41, 26, 25, 24, 21, 23, 22, 35, 
6, 10, 8, 11, 9, 31, 32, 30, 28, 27, 2, 1, 3, 36, 37, 39, 38, 40, 42, 41, 26, 25, 24, 21, 23, 22, 35, 0, 4, 15, 17, 16, 18, 20, 19, 12, 14, 13, 33, 34, 29, 5, 7, 
27, 2, 1, 3, 36, 37, 39, 38, 40, 42, 41, 26, 25, 24, 21, 23, 22, 35, 0, 4, 15, 17, 16, 18, 20, 19, 12, 14, 13, 33, 34, 29, 5, 7, 6, 10, 8, 11, 9, 31, 32, 30, 28, 
4, 15, 17, 16, 18, 20, 19, 12, 14, 13, 33, 34, 29, 5, 7, 6, 10, 8, 11, 9, 31, 32, 30, 28, 27, 2, 1, 3, 36, 37, 39, 38, 40, 42, 41, 26, 25, 24, 21, 23, 22, 35, 0, 
7, 6, 10, 8, 11, 9, 31, 32, 30, 28, 27, 2, 1, 3, 36, 37, 39, 38, 40, 42, 41, 26, 25, 24, 21, 23, 22, 35, 0, 4, 15, 17, 16, 18, 20, 19, 12, 14, 13, 33, 34, 29, 5, 
20, 19, 12, 14, 13, 33, 34, 29, 5, 7, 6, 8, 10, 11, 9, 31, 32, 30, 28, 27, 2, 1, 3, 36, 37, 39, 38, 40, 42, 41, 26, 25, 24, 21, 23, 22, 35, 0, 4, 15, 17, 16, 18, 
38, 40, 42, 41, 26, 25, 24, 21, 23, 22, 35, 0, 4, 15, 17, 16, 18, 20, 19, 12, 14, 13, 33, 34, 29, 5, 7, 6, 10, 8, 11, 9, 31, 32, 30, 28, 27, 2, 1, 3, 36, 37, 39, 
6, 10, 8, 31, 9, 11, 32, 30, 28, 27, 2, 1, 3, 36, 37, 39, 38, 40, 42, 41, 26, 25, 24, 21, 23, 22, 35, 0, 4, 15, 17, 16, 18, 20, 19, 12, 14, 13, 33, 34, 29, 5, 7, 
38, 39, 37, 36, 3, 1, 2, 27, 28, 30, 32, 31, 9, 11, 8, 10, 6, 7, 5, 29, 34, 33, 13, 14, 12, 19, 20, 18, 16, 17, 15, 4, 0, 35, 22, 23, 21, 24, 25, 26, 41, 42, 40, 
27, 28, 30, 32, 31, 9, 11, 8, 10, 6, 7, 5, 29, 34, 33, 13, 14, 12, 19, 20, 18, 16, 17, 15, 4, 0, 35, 22, 23, 21, 24, 25, 26, 41, 42, 40, 38, 39, 37, 36, 3, 1, 2, 
9, 11, 8, 10, 6, 7, 5, 29, 34, 33, 13, 14, 12, 19, 20, 18, 16, 17, 15, 4, 0, 35, 22, 23, 21, 24, 25, 26, 41, 42, 40, 38, 39, 37, 36, 3, 1, 2, 27, 28, 30, 32, 31, 
15, 4, 0, 35, 22, 23, 21, 24, 25, 26, 41, 42, 40, 38, 39, 37, 36, 3, 1, 2, 27, 28, 30, 32, 31, 9, 11, 8, 10, 6, 7, 5, 29, 34, 33, 13, 14, 12, 19, 20, 18, 16, 17, 
34, 33, 13, 14, 12, 19, 20, 18, 16, 17, 15, 4, 0, 35, 22, 23, 21, 24, 25, 26, 41, 42, 40, 38, 39, 37, 36, 3, 1, 2, 27, 28, 30, 32, 31, 9, 11, 8, 10, 6, 7, 5, 29, 
26, 41, 42, 40, 38, 39, 37, 36, 3, 1, 2, 27, 28, 30, 32, 31, 9, 11, 8, 10, 6, 7, 5, 29, 34, 33, 13, 14, 12, 19, 20, 18, 16, 17, 15, 4, 0, 35, 22, 23, 21, 24, 25, 
9, 11, 8, 10, 6, 7, 5, 29, 34, 33, 13, 14, 12, 19, 20, 18, 16, 17, 15, 4, 0, 35, 22, 23, 21, 24, 25, 26, 41, 42, 40, 38, 39, 37, 36, 3, 1, 2, 27, 28, 30, 32, 31, 
23, 21, 24, 25, 26, 41, 42, 40, 38, 39, 37, 36, 3, 1, 2, 27, 28, 30, 32, 31, 9, 11, 8, 10, 6, 7, 5, 29, 34, 33, 13, 12, 14, 19, 20, 18, 16, 17, 15, 4, 0, 35, 22, 
8, 10, 6, 7, 5, 29, 34, 33, 13, 14, 12, 19, 20, 18, 16, 17, 15, 4, 0, 35, 22, 23, 21, 24, 25, 26, 41, 42, 40, 38, 39, 37, 36, 3, 1, 2, 27, 28, 30, 32, 31, 9, 11, 
41, 42, 40, 38, 39, 37, 36, 3, 1, 2, 27, 28, 30, 32, 31, 9, 11, 8, 10, 6, 7, 5, 29, 34, 33, 13, 14, 12, 19, 20, 18, 16, 17, 15, 4, 0, 35, 22, 23, 21, 24, 25, 26, 
41, 42, 40, 38, 39, 37, 36, 3, 1, 2, 27, 28, 30, 32, 31, 9, 11, 8, 10, 6, 7, 5, 29, 34, 33, 13, 12, 14, 19, 20, 18, 16, 17, 15, 4, 0, 35, 22, 23, 21, 24, 25, 26, 
7, 5, 29, 34, 33, 13, 14, 12, 19, 20, 18, 16, 17, 15, 4, 0, 35, 22, 23, 21, 24, 25, 26, 41, 42, 40, 38, 39, 37, 36, 3, 1, 2, 27, 28, 30, 32, 31, 9, 11, 8, 10, 6, 
42, 40, 38, 39, 37, 36, 3, 1, 2, 27, 28, 30, 32, 31, 9, 11, 8, 10, 6, 7, 5, 29, 34, 33, 13, 14, 12, 19, 20, 18, 16, 17, 15, 4, 0, 35, 22, 23, 21, 24, 25, 26, 41, 
15, 4, 0, 35, 22, 21, 23, 24, 25, 26, 41, 42, 40, 38, 39, 37, 36, 3, 1, 2, 27, 28, 30, 32, 31, 9, 11, 8, 10, 6, 7, 5, 29, 34, 33, 13, 14, 12, 19, 20, 18, 16, 17, 
38, 39, 37, 36, 3, 1, 2, 27, 28, 30, 32, 31, 9, 11, 8, 10, 6, 7, 5, 29, 34, 33, 13, 14, 12, 19, 20, 18, 16, 17, 15, 4, 0, 35, 22, 23, 21, 24, 25, 26, 41, 42, 40, 
14, 12, 19, 20, 18, 16, 17, 15, 4, 0, 35, 22, 23, 21, 24, 25, 26, 41, 42, 40, 38, 39, 37, 36, 3, 1, 2, 27, 28, 30, 32, 31, 9, 11, 8, 10, 6, 7, 5, 29, 34, 33, 13, 
31, 9, 11, 8, 10, 6, 7, 5, 29, 34, 33, 13, 14, 12, 19, 20, 18, 16, 17, 15, 4, 0, 35, 22, 23, 21, 24, 25, 26, 41, 42, 40, 38, 39, 37, 36, 3, 1, 2, 27, 28, 30, 32, 
19, 20, 18, 16, 17, 15, 4, 0, 35, 22, 23, 21, 24, 25, 26, 41, 42, 40, 38, 39, 37, 36, 3, 1, 2, 27, 28, 30, 32, 31, 9, 11, 8, 10, 6, 7, 5, 29, 34, 33, 13, 14, 12, 
30, 32, 31, 9, 11, 8, 10, 6, 7, 5, 29, 34, 33, 13, 14, 12, 19, 20, 18, 16, 17, 15, 4, 0, 35, 22, 23, 21, 24, 25, 26, 41, 42, 40, 38, 39, 37, 36, 3, 1, 2, 27, 28, 
7, 5, 29, 34, 33, 13, 14, 12, 19, 20, 18, 16, 17, 15, 4, 0, 35, 22, 23, 21, 24, 25, 26, 41, 42, 40, 38, 39, 37, 36, 3, 1, 2, 27, 28, 30, 32, 31, 9, 11, 8, 10, 6, 
11, 8, 10, 6, 7, 5, 29, 34, 33, 13, 14, 12, 19, 20, 18, 16, 17, 15, 4, 0, 35, 22, 23, 21, 24, 25, 26, 41, 42, 40, 38, 39, 37, 36, 3, 1, 2, 27, 28, 30, 32, 31, 9, 
12, 19, 20, 18, 16, 17, 15, 4, 0, 35, 22, 23, 21, 24, 25, 26, 41, 42, 40, 38, 39, 37, 36, 3, 1, 2, 27, 28, 30, 32, 31, 9, 11, 8, 10, 6, 7, 5, 29, 34, 33, 13, 14, 
6, 7, 5, 29, 34, 33, 13, 14, 12, 19, 20, 18, 16, 17, 15, 4, 0, 35, 22, 23, 21, 24, 25, 26, 41, 42, 40, 38, 39, 37, 36, 3, 1, 2, 27, 28, 30, 32, 31, 9, 11, 8, 10, 
3, 1, 2, 27, 28, 30, 32, 31, 9, 11, 8, 10, 6, 7, 5, 29, 34, 33, 13, 14, 12, 19, 20, 18, 16, 17, 15, 4, 0, 35, 22, 23, 21, 24, 25, 26, 41, 42, 40, 38, 39, 37, 36, 
12, 19, 20, 18, 16, 17, 15, 4, 0, 35, 22, 23, 21, 24, 25, 26, 41, 42, 40, 38, 39, 37, 36, 3, 1, 2, 27, 28, 30, 32, 31, 9, 11, 8, 10, 6, 7, 5, 29, 34, 33, 13, 14, 
40, 38, 39, 37, 36, 3, 1, 2, 27, 28, 30, 32, 31, 9, 11, 8, 10, 6, 7, 5, 29, 34, 33, 13, 14, 12, 19, 20, 18, 16, 17, 15, 4, 0, 35, 22, 23, 21, 24, 25, 26, 41, 42, 
24, 25, 26, 41, 42, 40, 38, 39, 37, 36, 3, 1, 2, 27, 28, 30, 32, 31, 9, 11, 8, 10, 6, 7, 5, 29, 34, 33, 13, 14, 12, 19, 20, 18, 16, 17, 15, 4, 0, 35, 22, 23, 21, 
8, 10, 6, 7, 5, 29, 34, 33, 13, 14, 12, 19, 20, 18, 16, 17, 15, 4, 0, 35, 22, 23, 21, 24, 25, 26, 41, 42, 40, 38, 39, 37, 36, 3, 1, 2, 27, 28, 30, 32, 31, 9, 11, 
0, 35, 22, 23, 21, 24, 25, 26, 41, 42, 40, 38, 39, 37, 36, 3, 1, 2, 27, 28, 30, 32, 31, 9, 11, 8, 10, 6, 7, 5, 29, 34, 33, 13, 14, 12, 19, 20, 18, 16, 17, 15, 4, 
41, 42, 40, 38, 39, 37, 36, 3, 1, 2, 27, 28, 30, 32, 31, 9, 11, 8, 10, 6, 7, 5, 29, 34, 33, 13, 14, 12, 19, 20, 18, 16, 17, 15, 4, 0, 35, 22, 23, 21, 24, 25, 26, 
11, 8, 10, 6, 7, 5, 29, 34, 33, 13, 14, 15, 19, 20, 18, 16, 17, 12, 4, 0, 35, 22, 23, 21, 24, 25, 26, 41, 42, 40, 38, 39, 37, 36, 3, 1, 2, 27, 28, 30, 32, 31, 9, 
23, 22, 35, 0, 4, 15, 17, 16, 18, 20, 19, 12, 14, 13, 33, 34, 29, 11, 7, 6, 10, 8, 5, 9, 31, 32, 30, 28, 27, 2, 1, 3, 36, 37, 39, 38, 40, 42, 41, 26, 25, 24, 21, 
10, 11, 9, 31, 32, 30, 28, 27, 2, 1, 3, 36, 37, 39, 38, 40, 42, 41, 26, 25, 24, 21, 23, 22, 35, 0, 4, 15, 17, 16, 18, 20, 19, 12, 14, 13, 5, 34, 29, 33, 7, 6, 8, 
13, 14, 12, 19, 20, 18, 16, 17, 15, 4, 0, 35, 22, 23, 21, 24, 25, 26, 41, 42, 40, 38, 39, 37, 36, 3, 1, 2, 27, 28, 30, 32, 31, 9, 11, 10, 6, 7, 5, 29, 34, 33, 8, 
19, 12, 14, 13, 33, 34, 29, 5, 7, 3, 10, 8, 11, 9, 31, 32, 30, 28, 27, 2, 1, 6, 36, 37, 39, 38, 40, 42, 41, 26, 25, 24, 21, 23, 22, 35, 0, 4, 15, 17, 16, 18, 20, 
34, 29, 5, 7, 6, 10, 8, 11, 9, 31, 32, 30, 28, 27, 2, 1, 3, 36, 37, 39, 38, 40, 42, 41, 26, 25, 24, 21, 23, 22, 35, 0, 4, 17, 16, 18, 20, 19, 12, 14, 13, 33, 15, 
42, 40, 38, 39, 37, 36, 3, 1, 2, 27, 32, 30, 28, 31, 9, 11, 10, 8, 6, 7, 5, 29, 34, 33, 13, 14, 12, 19, 20, 18, 16, 17, 15, 4, 0, 35, 22, 23, 21, 24, 25, 26, 41, 
24, 25, 26, 41, 42, 40, 38, 39, 37, 36, 3, 1, 2, 27, 28, 30, 32, 31, 9, 11, 8, 10, 6, 7, 33, 29, 34, 5, 13, 14, 12, 19, 20, 18, 16, 17, 15, 4, 0, 35, 22, 23, 21, 
21, 24, 25, 26, 41, 42, 40, 38, 39, 37, 5, 3, 1, 2, 27, 28, 30, 32, 31, 9, 11, 8, 10, 6, 7, 36, 29, 34, 33, 13, 14, 12, 19, 20, 18, 16, 17, 15, 4, 0, 35, 22, 23, 
5, 1, 34, 33, 13, 14, 12, 19, 20, 18, 16, 15, 17, 4, 0, 35, 22, 23, 21, 24, 25, 26, 41, 42, 40, 38, 39, 37, 36, 3, 29, 2, 27, 28, 30, 32, 31, 9, 11, 8, 10, 6, 7, 
25, 26, 41, 42, 40, 38, 39, 37, 36, 3, 1, 2, 27, 28, 30, 32, 31, 9, 11, 10, 8, 6, 15, 5, 29, 34, 33, 13, 14, 12, 19, 20, 18, 16, 17, 7, 4, 0, 35, 22, 23, 21, 24, 
3, 1, 2, 27, 28, 30, 32, 31, 9, 11, 8, 10, 15, 7, 5, 29, 34, 33, 13, 14, 12, 19, 20, 18, 16, 17, 6, 4, 0, 35, 22, 23, 21, 24, 25, 26, 41, 42, 40, 38, 39, 37, 36, 
24, 25, 26, 41, 42, 40, 38, 39, 37, 36, 3, 1, 2, 27, 28, 30, 32, 31, 9, 14, 8, 10, 6, 7, 5, 29, 34, 33, 13, 11, 12, 19, 20, 18, 16, 17, 15, 4, 0, 35, 22, 23, 21, 
15, 4, 0, 35, 22, 23, 21, 24, 25, 26, 41, 42, 40, 38, 39, 37, 36, 3, 1, 34, 27, 28, 30, 32, 31, 9, 11, 8, 10, 6, 7, 5, 29, 2, 33, 13, 14, 12, 19, 20, 18, 16, 17, 
31, 32, 30, 28, 27, 2, 1, 34, 36, 37, 39, 38, 40, 42, 41, 26, 25, 24, 21, 23, 22, 35, 0, 4, 15, 17, 16, 18, 20, 19, 14, 12, 13, 33, 3, 29, 5, 7, 6, 10, 8, 11, 9, 
19, 20, 18, 16, 15, 17, 4, 0, 35, 22, 23, 21, 24, 25, 26, 41, 42, 40, 38, 39, 37, 36, 3, 1, 2, 31, 28, 30, 32, 27, 9, 11, 8, 10, 6, 7, 5, 29, 34, 33, 13, 14, 12, 
37, 5, 29, 34, 33, 13, 14, 12, 19, 20, 15, 16, 18, 17, 4, 0, 35, 22, 23, 21, 24, 25, 26, 41, 42, 40, 38, 39, 7, 36, 3, 1, 2, 27, 28, 30, 32, 31, 9, 11, 8, 10, 6, 
11, 9, 31, 32, 30, 28, 27, 2, 1, 3, 36, 37, 39, 38, 40, 42, 41, 26, 25, 24, 21, 23, 22, 35, 0, 4, 15, 17, 16, 18, 20, 10, 12, 14, 13, 33, 34, 29, 5, 7, 6, 19, 8, 
31, 32, 30, 28, 27, 2, 1, 3, 36, 37, 39, 38, 40, 42, 41, 26, 25, 24, 21, 23, 22, 35, 0, 4, 15, 10, 16, 18, 20, 19, 14, 12, 13, 33, 34, 29, 5, 7, 6, 17, 8, 11, 9, 
38, 40, 42, 41, 26, 25, 24, 21, 23, 22, 35, 36, 4, 15, 17, 16, 18, 20, 19, 12, 14, 13, 33, 34, 29, 5, 7, 6, 10, 8, 11, 9, 31, 32, 30, 28, 27, 2, 1, 3, 0, 37, 39, 
1, 2, 27, 28, 30, 32, 31, 29, 11, 8, 10, 6, 7, 5, 9, 34, 33, 13, 14, 12, 19, 20, 18, 16, 17, 15, 4, 0, 35, 22, 21, 24, 25, 26, 41, 42, 40, 38, 39, 37, 36, 3, 23, 
38, 40, 42, 41, 3, 25, 24, 21, 23, 22, 35, 0, 4, 15, 17, 16, 18, 20, 19, 12, 14, 13, 33, 34, 29, 5, 7, 6, 10, 8, 11, 9, 31, 32, 30, 28, 27, 2, 1, 26, 36, 37, 39, 
0, 4, 15, 17, 16, 18, 20, 19, 12, 14, 13, 5, 34, 29, 33, 7, 6, 10, 8, 11, 9, 31, 36, 30, 28, 27, 2, 1, 3, 32, 37, 39, 38, 40, 42, 41, 26, 25, 24, 21, 23, 22, 35, 
23, 22, 35, 0, 4, 15, 2, 16, 18, 20, 19, 12, 14, 13, 33, 9, 29, 5, 7, 6, 10, 8, 11, 34, 31, 32, 30, 28, 27, 17, 1, 3, 36, 37, 39, 38, 40, 42, 41, 26, 25, 24, 21, 
11, 9, 31, 13, 30, 17, 27, 2, 1, 3, 36, 37, 39, 38, 40, 42, 41, 26, 25, 24, 21, 23, 22, 35, 0, 4, 15, 28, 16, 18, 20, 19, 12, 14, 32, 33, 34, 29, 5, 7, 6, 10, 8, 
11, 8, 4, 6, 7, 5, 29, 34, 33, 13, 14, 12, 19, 20, 18, 16, 17, 15, 10, 0, 35, 22, 23, 21, 24, 25, 26, 41, 42, 40, 38, 39, 37, 36, 3, 1, 2, 27, 28, 30, 32, 31, 9, 
34, 33, 13, 14, 12, 19, 20, 18, 16, 17, 15, 30, 0, 35, 22, 23, 21, 24, 25, 26, 41, 42, 40, 38, 39, 37, 36, 3, 1, 2, 27, 28, 4, 32, 31, 29, 11, 8, 10, 6, 7, 5, 9, 
42, 40, 38, 39, 37, 36, 3, 1, 2, 27, 28, 30, 4, 31, 9, 11, 10, 8, 6, 7, 5, 29, 34, 33, 13, 14, 12, 19, 20, 18, 16, 17, 15, 32, 0, 35, 22, 23, 21, 24, 25, 26, 41, 
41, 26, 25, 24, 21, 23, 22, 35, 0, 33, 15, 17, 16, 18, 20, 19, 12, 14, 13, 4, 34, 29, 5, 7, 6, 10, 8, 11, 9, 31, 32, 30, 28, 27, 2, 1, 3, 36, 37, 39, 38, 40, 42, 
3, 1, 2, 27, 4, 15, 28, 0, 35, 22, 23, 21, 24, 25, 26, 41, 42, 40, 38, 39, 37, 36, 12, 14, 13, 33, 34, 29, 5, 7, 6, 10, 8, 11, 9, 31, 32, 30, 18, 16, 17, 19, 20, 
22, 8, 0, 4, 15, 17, 16, 18, 20, 19, 12, 14, 13, 33, 34, 29, 5, 7, 6, 10, 35, 11, 9, 31, 32, 30, 28, 27, 2, 1, 3, 36, 37, 39, 38, 40, 42, 41, 26, 25, 24, 21, 23, 
38, 40, 42, 41, 26, 25, 24, 21, 23, 6, 35, 0, 4, 15, 17, 16, 18, 20, 19, 12, 14, 13, 33, 34, 29, 5, 7, 22, 10, 8, 11, 9, 31, 32, 30, 28, 27, 2, 1, 3, 36, 37, 39, 
2, 27, 4, 0, 35, 22, 23, 21, 24, 25, 26, 41, 42, 40, 38, 39, 37, 36, 3, 1, 18, 16, 17, 15, 28, 30, 32, 31, 9, 11, 8, 10, 6, 7, 5, 29, 34, 33, 13, 14, 12, 19, 20, 
26, 25, 24, 8, 23, 22, 35, 0, 4, 15, 17, 16, 18, 20, 19, 12, 14, 13, 5, 34, 29, 33, 7, 6, 10, 21, 11, 9, 31, 32, 30, 28, 27, 2, 1, 3, 36, 37, 39, 38, 40, 42, 41, 
26, 25, 24, 21, 8, 22, 35, 0, 4, 15, 17, 19, 18, 20, 16, 12, 14, 13, 5, 34, 29, 33, 7, 6, 10, 23, 11, 9, 31, 32, 30, 28, 27, 2, 1, 3, 36, 37, 39, 38, 40, 42, 41, 
41, 26, 25, 24, 21, 23, 22, 35, 0, 4, 15, 17, 16, 18, 20, 2, 12, 14, 13, 33, 34, 29, 5, 7, 6, 10, 8, 11, 9, 31, 32, 30, 28, 27, 19, 1, 3, 36, 37, 39, 38, 40, 42, 
22, 35, 0, 4, 21, 17, 16, 18, 20, 19, 12, 14, 13, 33, 34, 29, 5, 7, 6, 10, 8, 11, 9, 31, 32, 30, 28, 27, 2, 1, 3, 36, 37, 39, 38, 40, 42, 41, 26, 25, 24, 15, 23, 
30, 28, 18, 2, 1, 3, 36, 37, 39, 38, 40, 42, 41, 26, 25, 24, 21, 23, 22, 35, 0, 4, 15, 17, 16, 27, 20, 19, 12, 14, 13, 33, 34, 29, 5, 7, 6, 10, 8, 11, 9, 31, 32, 
42, 40, 38, 39, 37, 36, 3, 1, 2, 27, 20, 30, 32, 31, 9, 11, 10, 8, 6, 7, 5, 29, 34, 33, 13, 14, 12, 19, 28, 18, 16, 17, 15, 4, 0, 35, 22, 23, 21, 24, 25, 26, 41, 
42, 41, 26, 25, 24, 21, 13, 22, 35, 0, 4, 15, 17, 16, 18, 20, 19, 12, 14, 23, 33, 34, 29, 5, 7, 6, 10, 8, 11, 9, 31, 32, 30, 28, 27, 2, 1, 3, 36, 37, 39, 38, 40, 
23, 21, 24, 25, 26, 41, 42, 40, 38, 39, 37, 36, 3, 1, 2, 27, 28, 30, 32, 31, 9, 11, 8, 10, 6, 7, 5, 29, 34, 33, 13, 14, 12, 19, 15, 4, 0, 35, 22, 18, 16, 17, 20, 
25, 26, 41, 42, 40, 38, 39, 37, 36, 3, 1, 2, 27, 28, 30, 32, 31, 9, 11, 8, 10, 6, 7, 5, 29, 34, 33, 13, 14, 12, 19, 20, 18, 16, 0, 15, 4, 17, 35, 22, 23, 21, 24, 
15, 4, 0, 35, 13, 23, 21, 24, 25, 32, 41, 42, 40, 38, 39, 37, 36, 3, 1, 2, 27, 28, 30, 26, 31, 9, 11, 8, 10, 6, 7, 5, 29, 34, 33, 18, 14, 12, 19, 20, 22, 16, 17, 
15, 20, 18, 23, 17, 4, 0, 35, 22, 16, 21, 24, 25, 26, 41, 42, 40, 38, 39, 37, 36, 3, 1, 2, 27, 28, 30, 32, 31, 9, 11, 8, 10, 6, 7, 5, 29, 34, 33, 13, 14, 12, 19, 
23, 22, 35, 0, 4, 15, 17, 16, 18, 20, 19, 12, 14, 41, 33, 34, 29, 5, 7, 6, 10, 8, 11, 9, 31, 32, 30, 28, 27, 2, 1, 3, 36, 37, 39, 38, 40, 42, 13, 26, 25, 24, 21, 
Tiempo de ejecucion (total): 11.525
Best fitness a lo largo del tiempo: 
17123, 11991, 11734, 6513, 6362, 6108, 6108, 6089, 6063, 6047, 6026, 6007, 5965, 5965, 5963, 5937, 5911, 5893, 5869, 5869, 5848, 5848, 5848, 5848, 5848, 5836, 5833, 5833, 5785, 5785, 5785, 5781, 5771, 5771, 5771, 5767, 5749, 5749, 5749, 5745, 5741, 5741, 5713, 5713, 5711, 5711, 5711, 5710, 5710, 5708, 5708, 5708, 5700, 5700, 5699, 5699, 5693, 5693, 5693, 5693, 5693, 5692, 5690, 5690, 5683, 5683, 5683, 5680, 5678, 5673, 5673, 5673, 5673, 5673, 5673, 5673, 5673, 5658, 5658, 5658, 5658, 5658, 5658, 5658, 5658, 5657, 5657, 5657, 5657, 5657, 5656, 5642, 5642, 5642, 5642, 5642, 5642, 5642, 5642, 5642, 5642, 5642, 5642, 5642, 5642, 5642, 5642, 5642, 5642, 5640, 5640, 5640, 5640, 5640, 5640, 5640, 5640, 5640, 5640, 5640, 5640, 5640, 5640, 5640, 5640, 5640, 5640, 5640, 5640, 5640, 5640, 5640, 5640, 5638, 5638, 5638, 5638, 5638, 5638, 5638, 5638, 5638, 5638, 5638, 5638, 5638, 5638, 5638, 5638, 5638, 5638, 5638, 5638, 5638, 5638, 5638, 5638, 5638, 5638, 5638, 5638, 5638, 5638, 5638, 5638, 5638, 5638, 5638, 5638, 5638, 5638, 5638, 5638, 5638, 5638, 5638, 5638, 5638, 5638, 5638, 5638, 5638, 5638, 5638, 5638, 5638, 5638, 5638, 5638, 5638, 5638, 5638, 5638, 5638, 5638, 5638, 5638, 5638, 5637, 5637, 5637, 5637, 5637, 5637, 5637, 5637, 5637, 5637, 5637, 5637, 5637, 5637, 5637, 5637, 5637, 5637, 5637, 5637, 5637, 5637, 5637, 5637, 5637, 5637, 5637, 5637, 5637, 5637, 5637, 5637, 5637, 5637, 5637, 5637, 5637, 5637, 5637, 5637, 5637, 5637, 5637, 5637, 5637, 5637, 5637, 5637, 5637, 5637, 5637, 5637, 5637, 5637, 5637, 5637, 5637, 5637, 5637, 5637, 5637, 5637, 5637, 5637, 5637, 5637, 5637, 5637, 5637, 5637, 5637, 5637, 5637, 5637, 5637, 5637, 5637, 5637, 5637, 5637, 5637, 5637, 5637, 5637, 5637, 5637, 5637, 5637, 5637, 5637, 5637, 5637, 5637, 5637, 5637, 5637, 5637, 5637, 5637, 5637, 5637, 5637, 5637, 5637, 5637, 5637, 5637, 5637, 5637, 5637, 5637, 5637, 5637, 5637, 5637, 5637, 5637, 5637, 5637, 5637, 5637, 5637, 5637, 5637, 5637, 5637, 5637, 5637, 5637, 5637, 5637, 5637, 5637, 5637, 5637, 5637, 5637, 5637, 5637, 5637, 5637, 5637, 5637, 5637, 5637, 5637, 5637, 5637, 5637, 5637, 5637, 5637, 5637, 5637, 5637, 5637, 5637, 5637, 5637, 5637, 5637, 5637, 5637, 5637, 5637, 5637, 5637, 5637, 5637, 5637, 5637, 5637, 5637, 5637, 5637, 5637, 5637, 5637, 5637, 5637, 5637, 5637, 5637, 5637, 5637, 5637, 5637, 5637, 5637, 5637, 5637, 5637, 5637, 5637, 5637, 5637, 5637, 5637, 5637, 5637, 5637, 5637, 5637, 5631, 5631, 5631, 5631, 5631, 5631, 5631, 5631, 5631, 5631, 5631, 5631, 5631, 5631, 5631, 5631, 5631, 5631, 5631, 5631, 5631, 5631, 5631, 5631, 5631, 5631, 5631, 5631, 5631, 5631, 5631, 5631, 5631, 5631, 5631, 5631, 5631, 5631, 5631, 5631, 5631, 5631, 5631, 5631, 5631, 5631, 5631, 5631, 5631, 5631, 5631, 5631, 5631, 5631, 5631, 5631, 5631, 5631, 5631, 5631, 5631, 5631, 5631, 5631, 5631, 5631, 5631, 5631, 5631, 5631, 5631, 5631, 5631, 5631, 5631, 5631, 5631, 5631, 5631, 5631, 5631, 5631, 5631, 5631, 5631, 5631, 5631, 5631, 5631, 5631, 5631, 5631, 5631, 5631, 5631, 5631, 5631, 5631, 5631, 5631, 5631, 5631, 5631, 5631, 5631, 5631, 5631, 5631, 5631, 5631, 5631, 5631, 5631, 5631, 5631, 5631, 5631, 5631, 5631, 5631, 5631, 5631, 5631, 5631, 5631, 5631, 5631, 5631, 5631, 5631, 5631, 5631, 5631, 5631, 5631, 5631, 5631, 5631, 5631, 5631, 5631, 5631, 5631, 5631, 5631, 5631, 5631, 5631, 5631, 5631, 5631, 5631, 5631, 5631, 5631, 5631, 5631, 5631, 5631, 5631, 5631, 5631, 5631, 5631, 5631, 5631, 5631, 5631, 5631, 5631, 5631, 5631, 5631, 5631, 5631, 5631, 5631, 5631, 5631, 5631, 5631, 5631, 5631, 5631, 5631, 5631, 5631, 5631, 5631, 5631, 5631, 5631, 5631, 5631, 5631, 5631, 5631, 5631, 5631, 5631, 5631, 5631, 5631, 5631, 5631, 5631, 5631, 5631, 5631, 5631, 5631, 5631, 5631, 5631, 5631, 5631, 5631, 5631, 5631, 5631, 5631, 5631, 5631, 5631, 5631, 5631, 5631, 5631, 5631, 5631, 5631, 5631, 5631, 5631, 5631, 5631, 5631, 5631, 5631, 5631, 5631, 5631, 5631, 5631, 5631, 5631, 5631, 5631, 5631, 5631, 5631, 5631, 5631, 5631, 5631, 5631, 5631, 5631, 5631, 5631, 5631, 5631, 5631, 5631, 5631, 5631, 5631, 5631, 5631, 5631, 5631, 5631, 5631, 5631, 5631, 5631, 5631, 5631, 5631, 5631, 5631, 5631, 5631, 5631, 5631, 5631, 5631, 5631, 5631, 5631, 5631, 5631, 5631, 5631, 5631, 5631, 5631, 5631, 5631, 5631, 5631, 5631, 5631, 5631, 5631, 5631, 5631, 5631, 5631, 5631, 5631, 5631, 5631, 5631, 5631, 5631, 5631, 5631, 5631, 5631, 5631, 5631, 5631, 5631, 5631, 5631, 5631, 5631, 5631, 5631, 5631, 5631, 5631, 5631, 5631, 5631, 5631, 5631, 5631, 5631, 5631, 5631, 5631, 5631, 5631, 5631, 5631, 5631, 5631, 5631, 5631, 5631, 5631, 5631, 5631, 5631, 5631, 5631, 5631, 5631, 5631, 5631, 5631, 5631, 5631, 5631, 5631, 5631, 5631, 5631, 5631, 5631, 5631, 5631, 5631, 5631, 5631, 5631, 5631, 5631, 5631, 5631, 5631, 5631, 5631, 5631, 5631, 5631, 5631, 5631, 5631, 5631, 5631, 5631, 5631, 5631, 5631, 5631, 5631, 5631, 5631, 5631, 5631, 5631, 5631, 5631, 5631, 5631, 5631, 5631, 5631, 5631, 5631, 5631, 5631, 5631, 5631, 5631, 5631, 5631, 5631, 5631, 5631, 5631, 5631, 5631, 5631, 5631, 5631, 5631, 5631, 5631, 5631, 5631, 5631, 5631, 5631, 5631, 5631, 5631, 5631, 5631, 5631, 5631, 5631, 5631, 5631, 5631, 5631, 5631, 5631, 5631, 5631, 5631, 5631, 5631, 5631, 5631, 5631, 5631, 5631, 5631, 5631, 5631, 5631, 5631, 5631, 5631, 5631, 5631, 5631, 5631, 5631, 5631, 5631, 5631, 5631, 5631, 5631, 5631, 5631, 5631, 5631, 5631, 5631, 5631, 5631, 5631, 5631, 5631, 5631, 5631, 5631, 5631, 5631, 5631, 5631, 5631, 5631, 5631, 5631, 5631, 5631, 5631, 5631, 5631, 5631, 5631, 5631, 5631, 5631, 5631, 5631, 5631, 5631, 5631, 5631, 5631, 5631, 5631, 5631, 5631, 5631, 5631, 5631, 5631, 5631, 5631, 5631, 5631, 5631, 5631, 5631, 5631, 5631, 5631, 5631, 5631, 5631, 5631, 5631, 5631, 5631, 5631, 5631, 5631, 5631, 5631, 5631, 5631, 5631, 5631, 5631, 5631, 5631, 5631, 5631, 5631, 5631, 5631, 5631, 5631, 5631, 5631, 5631, 5631, 5631, 5631, 5631, 5631, 5631, 5631, 5631, 5631, 5631, 5631, 5631, 5631, 5631, 5631, 5631, 5631, 5631, 5631, 5631, 5631, 5631, 5631, 5631, 5631, 5631, 5631, 5631, 5631, 5631, 5631, 5631, 5631, 5631, 5631, 5631, 5631, 5631, 5631, 5631, 5631, 5631, 5631, 5631, 5631, 5631, 5631, 5631, 5631, 5631, 5631, 5631, 5631, 5631, 5631, 5631, 5631, 5631, 5631, 5631, 5631, 5631, 5631, 5631, 5631, 5631, 5631, 5631, 5631, 5631, 5631, 5631, 5631, 5631, 5631, 5631, 5631, 5631, 5631, 5631, 5631, 5631, 5631, 5631, 5631, 5631, 5631, 5631, 5631, 5631, 5631, 5631, 5631, 5631, 5631, 5631, 5631, 5631, 5631, 5631, 5631, 5631, 5631, 5631, 5631, 5631, 5631, 5631, 5631, 5631, 5631, 5631, 5631, 5631, 5631, 5631, 5631, 5631, 5631, 5631, 5631, 5631, 5631, 5631, 5631, 5631, 5631, 5631, 5631, 5631, 5631, 5631, 5631, 5631, 5631, 5631, 5631, 5631, 5631, 5631, 5631, 5631, 5631, 5631, 5631, 5631, 5631, 5631, 5631, 5631, 5631, 5631, 5631, 5631, 5631, 5631, 5631, 5631, 5631, 5631, 5631, 5631, 5631, 5631, 5631, 5631, 5631, 5631, 5631, 5631, 5631, 5631, 5631, 5631, 5631, 5631, 5631, 5631, 5631, 5631, 5631, 5631, 5631, 5631, 5631, 5631, 5631, 5631, 5631, 5631, 5631, 5631, 5631, 5631, 5631, 5631, 5631, 5631, 5631, 5631, 5631, 5631, 5631, 5631, 5631, 5631, 5631, 5631, 5631, 5631, 5631, 5631, 5631, 5631, 5631, 5631, 5631, 5631, 5631, 5631, 5631, 5631, 5631, 5631, 5631, 5631, 5631, 5631, 5631, 5631, 5631, 5631, 5631, 5631, 5631, 5631, 5631, 5631, 5631, 5631, 5631, 5631, 5631, 5631, 5631, 5631, 5631, 5631, 5631, 5631, 5631, 5631, 5631, 5631, 5631, 5631, 5631, 5631, 5631, 5631, 5631, 5631, 5631, 5631, 5631, 5631, 5631, 5631, 5631, 5631, 5631, 5631, 5631, 5631, 5631, 5631, 5631, 5631, 5631, 5631, 5631, 5631, 5631, 5631, 5631, 5631, 5631, 5631, 5631, 5631, 5631, 5631, 5631, 5631, 5631, 5631, 5631, 5631, 5631, 5631, 5631, 5631, 5631, 5631, 5631, 5631, 5631, 5631, 5631, 5631, 5631, 5631, 5631, 5631, 5631, 5631, 5631, 5631, 5631, 5631, 5631, 5631, 5631, 5631, 5631, 5631, 5631, 5631, 5631, 5631, 5631, 5631, 5631, 5631, 5631, 5631, 5631, 5631, 5631, 5631, 5631, 5631, 5631, 5631, 5631, 5631, 5631, 5631, 5631, 5631, 5631, 5631, 5631, 5631, 5631, 5631, 5631, 5631, 5631, 5631, 5631, 5631, 5631, 5631, 5631, 5631, 5631, 5631, 5631, 5631, 5631, 5631, 5631, 5631, 5631, 5631, 5631, 5631, 5631, 5631, 5631, 5631, 5631, 5631, 5631, 5631, 5631, 5631, 5631, 5631, 5631, 5631, 5631, 5631, 5631, 5631, 5631, 5631, 5631, 5631, 5631, 5631, 5628, 5628, 5628, 5628, 5628, 5628, 5628, 5628, 5628, 5628, 5628, 5628, 5628, 5628, 5628, 5628, 5628, 5628, 5628, 5628, 5628, 5628, 5628, 5628, 5628, 5628, 5628, 5628, 5628, 5628, 5628, 5628, 5628, 5628, 5628, 5628, 5628, 5628, 5628, 5628, 5628, 5628, 5628, 5628, 5628, 5628, 5628, 5628, 5628, 5628, 5628, 5628, 5628, 5628, 5628, 5628, 5628, 5628, 5628, 5628, 5628, 5628, 5628, 5628, 5628, 5628, 5628, 5628, 5628, 5628, 5628, 5628, 5628, 5628, 5628, 5628, 5628, 5628, 5628, 5628, 5628, 5628, 5628, 5628, 5628, 5628, 5628, 5628, 5628, 5628, 5628, 5628, 5628, 5628, 5628, 5628, 5628, 5628, 5628, 5628, 5628, 5628, 5628, 5628, 5628, 5628, 5628, 5628, 5628, 5628, 5628, 5628, 5628, 5628, 5628, 5628, 5628, 5628, 5628, 5628, 5628, 5628, 5628, 5628, 5628, 5628, 5628, 5628, 5628, 5628, 5628, 5628, 5628, 5628, 5628, 5628, 5628, 5628, 5628, 5628, 5628, 5628, 5628, 5628, 5628, 5628, 5628, 5628, 5628, 5628, 5628, 5628, 5628, 5628, 5628, 5628, 5628, 5628, 5628, 5628, 5628, 5628, 5628, 5628, 5628, 5628, 5628, 5628, 5628, 5628, 5628, 5628, 5628, 5628, 5628, 5628, 5628, 5628, 5628, 5628, 5628, 5628, 5628, 5628, 5628, 5628, 5628, 5628, 5628, 5628, 5628, 5628, 5628, 5628, 5628, 5628, 5628, 5628, 5628, 5628, 5628, 5628, 5628, 5628, 5628, 5628, 5628, 5628, 5628, 5628, 5628, 5628, 5628, 5628, 5628, 5628, 5628, 5628, 5628, 5628, 5628, 5628, 5628, 5628, 5628, 5628, 5628, 5628, 5628, 5628, 5628, 5628, 5628, 5628, 5628, 5628, 5628, 5628, 5628, 5628, 5628, 5628, 5628, 5628, 5628, 5628, 5628, 5628, 5628, 5628, 5628, 5628, 5628, 5628, 5628, 5628, 5628, 5628, 5628, 5628, 5628, 5628, 5628, 5628, 5628, 5628, 5628, 5628, 5628, 5628, 5628, 5628, 5628, 5628, 5628, 5628, 5628, 5628, 5628, 5628, 5628, 5628, 5628, 5628, 5628, 5628, 5628, 5628, 5628, 5628, 5628, 5628, 5628, 5628, 5628, 5628, 5628, 5628, 5628, 5628, 5628, 5628, 5628, 5628, 5628, 5628, 5628, 5628, 5628, 5628, 5628, 5628, 5628, 5628, 5628, 5628, 5628, 5628, 5628, 5628, 5628, 5628, 5628, 5628, 5628, 5628, 5628, 5628, 5628, 5628, 5628, 5628, 5628, 5628, 5628, 5628, 5628, 5628, 5628, 5628, 5628, 5628, 5628, 5628, 5628, 5628, 5628, 5628, 5628, 5628, 5628, 5628, 5628, 5628, 5628, 5628, 5628, 5628, 5628, 5628, 5628, 5628, 5628, 5628, 5628, 5628, 5628, 5628, 5628, 5628, 5628, 5628, 5628, 5628, 5628, 5628, 5628, 5628, 5628, 5628, 5628, 5628, 5628, 5628, 5628, 5628, 5628, 5628, 5628, 5628, 5628, 5628, 5628, 5628, 5628, 5628, 5628, 5628, 5628, 5628, 5628, 5628, 5628, 5628, 5628, 5628, 5628, 5628, 5628, 5628, 5628, 5628, 5628, 5628, 5628, 5628, 5628, 5628, 5628, 5628, 5628, 5628, 5628, 5628, 5628, 5628, 5628, 5628, 5628, 5628, 5628, 5628, 5628, 5628, 5628, 5628, 5628, 5628, 5628, 5628, 5628, 5628, 5628, 5628, 5628, 5628, 5628, 5628, 5628, 5628, 5628, 5628, 5628, 5628, 5628, 5628, 5628, 5628, 5628, 5628, 5628, 5628, 5628, 5628, 5628, 5628, 5628, 5628, 5628, 5628, 5628, 5628, 5628, 5628, 5628, 5628, 5628, 5628, 5628, 5628, 5628, 5628, 5628, 5628, 5628, 5628, 5628, 5628, 5628, 5628, 5628, 5628, 5628, 5628, 5628, 5628, 5628, 5628, 5628, 5628, 5628, 5628, 5628, 5628, 5628, 5628, 5628, 5628, 5628, 5628, 5628, 5628, 5628, 5628, 5628, 5628, 5628, 5628, 5628, 5628, 5628, 5628, 5628, 5628, 5628, 5628, 5628, 5628, 5628, 5628, 5628, 5628, 5628, 5628, 5628, 5628, 5628, 5628, 5628, 5628, 5628, 5628, 5628, 5628, 5628, 5628, 5628, 5628, 5628, 5628, 5628, 5628, 5628, 5628, 5628, 5628, 5628, 5628, 5628, 5628, 5628, 5628, 5628, 5628, 5628, 5628, 5628, 5628, 5628, 5628, 5628, 5628, 5628, 5628, 5628, 5628, 5628, 5628, 5628, 5628, 5628, 5628, 5628, 5628, 5628, 5628, 5628, 5628, 5628, 5628, 5628, 5628, 5628, 5628, 5628, 5628, 5628, 5628, 5628, 5628, 5628, 5628, 5628, 5628, 5628, 5628, 5628, 5628, 5628, 5628, 5628, 5628, 5628, 5628, 5628, 5628, 5628, 5628, 5628, 5628, 5628, 5628, 5628, 5628, 5628, 5628, 5628, 5628, 5628, 5628, 5628, 5628, 5628, 5628, 5628, 5628, 5628, 5628, 5628, 5628, 5628, 5628, 5628, 5628, 5628, 5628, 5628, 5628, 5628, 5628, 5628, 5628, 5628, 5628, 5628, 5628, 5628, 5628, 5628, 5628, 5628, 5628, 5628, 5628, 5628, 5628, 5628, 5628, 5628, 5628, 5628, 5628, 5628, 5628, 5628, 5628, 5628, 5628, 5628, 5628, 5628, 5628, 5628, 5628, 5628, 5628, 5628, 5628, 5628, 5628, 5628, 5628, 5628, 5628, 5628, 5628, 5628, 5628, 5628, 5628, 5628, 5628, 5628, 5628, 5628, 5628, 5628, 5628, 5628, 5628, 5628, 5628, 5628, 5628, 5628, 5628, 5628, 5628, 5628, 5628, 5628, 5628, 5628, 5628, 5628, 5628, 5628, 5628, 5628, 5628, 5628, 5628, 5628, 5628, 5628, 5628, 5628, 5628, 5628, 5628, 5628, 5628, 5628, 5628, 5628, 5628, 5628, 5628, 5628, 5628, 5628, 5628, 5628, 5628, 5628, 5628, 5628, 5628, 5628, 5628, 5628, 5628, 5628, 5628, 5628, 5628, 5628, 5628, 5628, 5628, 5628, 5628, 5628, 5628, 5628, 5628, 5628, 5628, 5628, 5628, 5628, 5628, 5628, 5628, 5628, 5628, 5628, 5628, 5628, 5628, 5628, 5628, 5628, 5628, 5628, 5628, 5628, 5628, 5628, 5628, 5628, 5628, 5628, 5628, 5628, 5628, 5628, 5628, 5628, 5628, 5628, 5628, 5628, 5628, 5628, 5628, 5628, 5628, 5628, 5628, 5628, 5628, 5628, 5628, 5628, 5628, 5628, 5628, 5628, 5628, 5628, 5628, 5628, 5628, 5628, 5628, 5628, 5628, 5628, 5628, 5628, 5628, 5628, 5628, 5628, 5628, 5628, 5628, 5628, 5628, 5628, 5628, 5628, 5628, 5628, 5628, 5628, 5628, 5628, 5628, 5628, 5628, 5628, 5628, 5628, 5628, 5628, 5628, 5628, 5628, 5628, 5628, 5628, 5628, 5628, 5628, 5628, 5628, 5628, 5628, 5628, 5628, 5628, 5628, 5628, 5628, 5628, 5628, 5628, 5628, 5628, 5628, 5628, 5628, 5628, 5628, 5628, 5628, 5628, 5628, 5628, 5628, 5628, 5628, 5628, 5628, 5628, 5628, 5628, 5628, 5628, 5628, 5628, 5628, 5628, 5628, 5628, 5628, 5628, 5628, 5628, 5628, 5628, 5628, 5628, 5628, 5628, 5628, 5628, 5628, 5628, 5628, 5628, 5628, 5628, 5628, 5628, 5628, 5628, 5628, 5628, 5628, 5628, 5628, 5628, 5628, 5628, 5628, 5628, 5628, 5628, 5628, 5628, 5628, 5628, 5628, 5628, 5628, 5628, 5628, 5628, 5628, 5628, 5628, 5628, 5628, 5628, 5628, 5628, 5628, 5628, 5628, 5628, 5628, 5628, 5628, 5628, 5628, 5628, 5628, 5628, 5628, 5628, 5628, 5628, 5628, 5628, 5628, 5628, 5628, 5628, 5628, 5628, 5628, 5628, 5628, 5628, 5628, 5628, 5628, 5628, 5628, 5628, 5628, 5628, 5628, 5628, 5628, 5628, 5628, 5628, 5628, 5628, 5628, 5628, 5628, 5628, 5628, 5628, 5628, 5628, 5628, 5628, 5628, 5628, 5628, 5628, 5628, 5628, 5628, 5628, 5628, 5628, 5628, 5628, 5628, 5628, 5628, 5628, 5628, 5628, 5628, 5628, 5628, 5628, 5628, 5628, 5628, 5628, 5628, 5628, 5628, 5628, 5628, 5628, 5628, 5628, 5628, 5628, 5628, 5628, 5628, 5628, 5628, 5628, 5628, 5628, 5628, 5628, 5628, 5628, 5628, 5628, 5628, 5628, 5628, 5628, 5628, 5628, 5628, 5628, 5628, 5628, 5628, 5628, 5628, 5628, 5628, 5628, 5628, 5628, 5628, 5628, 5628, 5628, 5628, 5628, 5628, 5628, 5628, 5628, 5628, 5628, 5628, 5628, 5628, 5628, 5628, 5628, 5628, 5628, 5628, 5628, 5628, 5628, 5628, 5628, 5628, 5628, 5628, 5628, 5628, 5628, 5628, 5628, 5628, 5628, 5628, 5628, 5628, 5628, 5628, 5628, 5628, 5628, 5628, 5628, 5628, 5628, 5628, 5628, 5628, 5628, 5628, 5628, 5628, 5628, 5628, 5628, 5628, 5628, 5628, 5628, 5628, 5628, 5628, 5628, 5628, 5628, 5628, 5628, 5628, 5628, 5628, 5628, 5628, 5628, 5628, 5628, 5628, 5628, 5628, 5628, 5628, 5628, 5628, 5628, 5628, 5628, 5628, 5628, 5628, 5628, 5628, 5628, 5628, 5628, 5628, 5628, 5628, 5628, 5628, 5628, 5628, 5628, 5628, 5628, 5628, 5628, 5628, 5628, 5628, 5628, 5628, 5628, 5628, 5628, 5628, 5628, 5628, 5628, 5628, 5628, 5628, 5628, 5628, 5628, 5628, 5628, 5628, 5628, 5628, 5628, 5628, 5628, 5628, 5628, 5628, 5628, 5628, 5628, 5628, 5628, 5628, 5628, 5628, 5628, 5628, 5628, 5628, 5628, 5628, 5628, 5628, 5628, 5628, 5628, 5628, 5628, 5628, 5628, 5628, 5628, 5628, 5628, 5628, 5628, 5628, 5624, 5624, 5624, 5624, 5624, 5624, 5624, 5624, 5624, 5624, 5624, 5624, 5624, 5624, 5624, 5624, 5624, 5624, 5624, 5624, 5624, 5624, 5624, 5624, 5624, 5624, 5624, 5624, 5624, 5624, 5624, 5624, 5624, 5624, 5624, 5624, 5624, 5624, 5624, 5624, 5624, 5624, 5624, 5624, 5624, 5624, 5624, 5624, 5624, 5624, 5624, 5624, 5624, 5624, 5624, 5624, 5624, 5624, 5624, 5624, 5624, 5624, 5624, 5624, 5624, 5624, 5624, 5624, 5624, 5624, 5624, 5624, 5624, 5624, 5624, 5624, 5624, 5624, 5624, 5624, 5624, 5624, 5624, 5624, 5624, 5624, 5624, 5624, 5624, 5624, 5624, 5624, 5624, 5624, 5624, 5624, 5624, 5624, 5624, 5624, 5624, 5624, 5624, 5624, 5624, 5624, 5624, 5624, 5624, 5624, 5624, 5624, 5624, 5624, 5624, 5624, 5624, 5624, 5624, 5624, 5624, 5624, 5624, 5624, 5624, 5624, 5624, 5624, 5624, 5624, 5624, 5624, 5624, 5624, 5624, 5624, 5624, 5624, 5624, 5624, 5624, 5624, 5624, 5624, 5624, 5624, 5624, 5624, 5624, 5624, 5624, 5624, 5624, 5624, 5624, 5624, 5624, 5624, 5624, 5624, 5624, 5624, 5624, 5624, 5624, 5624, 5624, 5624, 5624, 5624, 5624, 5624, 5624, 5624, 5624, 5624, 5624, 5624, 5624, 5624, 5624, 5624, 5624, 5624, 5624, 5624, 5624, 5624, 5624, 5624, 5624, 5624, 5624, 5624, 5624, 5624, 5624, 5624, 5624, 5624, 5624, 5624, 5624, 5624, 5624, 5624, 5624, 5624, 5624, 5624, 5624, 5624, 5624, 5624, 5624, 5624, 5624, 5624, 5624, 5624, 5624, 5624, 5624, 5624, 5624, 5624, 5624, 5624, 5624, 5624, 5624, 5624, 5624, 5624, 5624, 5624, 5624, 5624, 5624, 5624, 5624, 5624, 5624, 5624, 5624, 5624, 5624, 5624, 5624, 5624, 5624, 5624, 5624, 5624, 5624, 5624, 5624, 5624, 5624, 5624, 5624, 5624, 5624, 5624, 5624, 5624, 5624, 5624, 5624, 5624, 5624, 5624, 5624, 5624, 5624, 5624, 5624, 5624, 5624, 5624, 5624, 5624, 5624, 5624, 5624, 5624, 5624, 5624, 5624, 5624, 5624, 5624, 5624, 5624, 5624, 5624, 5624, 5624, 5624, 5624, 5624, 5624, 5624, 5624, 5624, 5624, 5620, 
Fitness promedio a lo largo del tiempo: 
20715, 17807, 16115, 12419, 10029, 7411, 6434, 6837, 6939, 7375, 7483, 6595, 6693, 7750, 6880, 6750, 7059, 6778, 7631, 6795, 6229, 6255, 6579, 6453, 6348, 6655, 6342, 6011, 6972, 6340, 6427, 6237, 5844, 5826, 6062, 7030, 6599, 5837, 7066, 6779, 7111, 6000, 6504, 6422, 7266, 7013, 7350, 6563, 6207, 7065, 6852, 6555, 6054, 6600, 6070, 6477, 6670, 6392, 6551, 7383, 7348, 6650, 7503, 6308, 7674, 6972, 6741, 6034, 6528, 6411, 7210, 6572, 7018, 7028, 6214, 6361, 6141, 6192, 6603, 6545, 7086, 6845, 6632, 6151, 5707, 5705, 5691, 6571, 6675, 6311, 6693, 6415, 5734, 6853, 6536, 6941, 6188, 6144, 6087, 6133, 6014, 6149, 6047, 6676, 6019, 6250, 5712, 6138, 6404, 6021, 5965, 6305, 6512, 6186, 6028, 5851, 6503, 6170, 6332, 5688, 5683, 5930, 5803, 6828, 6408, 5760, 5689, 5680, 6623, 6743, 6137, 5863, 5811, 6072, 5842, 5687, 6449, 5720, 6193, 7015, 6793, 6159, 6079, 6780, 5707, 7240, 6563, 5964, 6381, 6081, 6285, 6007, 6304, 6016, 5688, 6089, 6614, 6827, 6230, 5896, 6037, 6206, 6611, 6323, 5980, 6569, 6428, 6079, 5754, 5905, 6651, 6127, 6347, 5865, 6774, 6229, 6605, 5793, 6504, 6025, 6563, 7028, 5752, 5686, 6295, 5861, 6334, 6142, 6599, 6382, 6444, 5696, 6070, 5810, 5742, 6637, 6517, 6172, 5844, 6124, 5711, 6285, 6451, 6294, 6845, 6044, 6489, 5829, 5808, 6493, 5855, 6136, 6071, 5751, 5677, 5795, 6131, 6015, 5765, 6463, 5681, 6088, 6182, 7095, 5858, 6516, 5853, 5756, 5688, 6188, 6192, 6066, 5672, 6277, 6510, 5696, 5743, 6130, 5850, 5888, 5849, 6415, 5817, 6219, 5847, 6115, 5678, 5904, 5680, 6088, 5667, 6383, 5888, 5781, 5942, 5780, 5962, 5662, 6346, 5744, 6289, 5913, 6156, 5745, 5735, 5724, 5773, 6235, 5667, 5680, 5733, 5683, 6195, 5854, 5843, 5846, 5680, 5667, 5661, 6175, 6326, 6294, 5678, 6495, 6557, 6245, 5863, 5948, 5676, 5691, 6098, 6482, 6383, 6342, 5985, 6299, 6340, 6239, 5968, 5685, 6762, 5969, 6744, 5682, 5939, 6223, 6032, 5682, 6064, 6225, 5961, 6837, 6123, 6602, 5801, 6499, 5966, 5732, 6115, 6351, 6240, 5678, 5922, 5808, 6503, 5682, 6109, 5844, 6241, 6194, 5796, 6296, 5969, 6365, 6464, 6476, 5669, 5786, 6548, 6746, 5663, 5688, 5683, 5796, 6279, 5783, 5692, 6286, 5677, 6219, 6108, 5790, 6447, 6141, 5677, 5665, 5667, 5990, 5963, 5859, 5695, 5681, 6557, 5696, 6756, 5670, 5665, 5665, 5791, 6190, 5662, 7314, 5924, 5750, 5975, 5676, 6070, 5929, 5672, 6762, 6020, 6344, 6231, 5702, 6127, 6163, 5943, 6729, 6762, 5657, 6347, 6174, 6081, 6354, 6540, 6611, 5681, 5664, 6326, 6186, 6668, 5804, 5677, 5662, 6272, 5887, 6256, 6515, 6030, 5901, 5675, 5679, 6561, 6293, 6713, 6120, 5790, 6086, 5910, 6011, 5905, 5852, 6991, 6108, 5684, 5685, 6371, 6221, 5680, 5659, 5689, 6349, 6464, 5682, 5911, 6413, 5800, 5678, 5733, 6247, 6888, 5991, 5956, 5651, 5849, 6044, 5903, 5763, 5669, 6338, 5971, 5675, 5795, 6030, 5783, 5681, 6004, 6182, 6153, 6483, 6439, 6407, 6396, 5798, 5668, 6667, 6172, 5912, 6141, 6358, 5897, 5751, 5765, 6013, 6184, 6609, 6020, 6235, 5687, 5669, 6381, 5675, 6598, 5790, 5730, 6082, 6088, 6657, 5695, 6712, 6031, 6017, 5684, 5846, 5667, 5669, 5676, 6554, 5687, 5691, 6086, 6412, 6467, 6090, 5654, 5937, 6019, 6305, 6467, 5670, 5699, 6822, 6232, 5681, 5676, 6291, 6084, 6185, 6289, 5680, 6605, 5672, 6558, 5734, 6434, 5949, 6595, 5803, 6496, 6437, 5959, 6135, 5962, 5717, 5685, 6169, 6440, 5737, 6006, 6179, 5907, 6132, 6413, 6278, 5855, 6130, 5809, 5673, 5896, 6103, 5680, 6360, 5867, 6726, 5686, 5869, 5687, 6030, 6063, 6502, 5682, 5671, 5932, 6410, 5687, 5674, 6337, 5726, 5901, 5955, 6296, 5770, 5665, 6026, 5701, 5661, 5905, 5895, 6445, 5681, 6308, 5909, 6333, 5679, 5739, 6393, 6267, 5675, 6541, 5930, 5672, 6148, 5688, 5781, 6275, 5696, 5672, 6078, 5796, 5661, 6300, 6628, 5670, 6238, 6029, 6829, 5671, 6006, 6352, 6559, 5756, 5795, 6119, 5967, 5661, 6008, 5684, 5735, 5677, 6012, 5670, 5666, 5744, 6130, 5756, 5940, 5679, 5898, 5837, 6238, 5747, 5808, 5956, 5674, 5846, 6927, 5834, 5699, 5942, 5938, 5672, 6146, 5865, 5667, 5667, 5676, 5673, 5665, 6801, 5728, 6621, 5679, 6512, 6149, 6269, 5699, 6071, 5960, 5848, 5854, 6184, 5697, 5997, 5683, 6173, 6042, 5665, 5658, 5675, 6501, 5693, 6443, 5851, 5671, 6441, 5658, 5672, 5662, 6296, 6077, 5909, 6398, 5674, 6323, 5675, 6444, 6103, 6109, 6152, 6828, 5807, 5696, 5964, 5726, 5653, 5749, 5855, 5668, 6168, 6284, 5816, 6807, 6294, 5691, 6338, 6074, 5915, 6164, 5918, 6706, 6351, 6671, 6038, 6155, 5688, 5843, 6173, 6518, 5964, 6113, 6379, 6009, 6338, 5942, 5664, 5673, 6280, 6115, 5668, 6709, 6286, 6207, 6946, 6851, 6245, 6408, 6031, 5663, 5902, 5669, 6760, 6301, 5659, 5687, 6393, 5665, 6183, 6626, 5803, 6440, 6127, 5696, 5660, 5685, 6073, 6460, 5685, 6452, 5744, 5794, 5960, 5687, 6053, 5695, 5684, 6061, 6549, 5803, 6345, 5682, 5668, 5685, 6351, 6347, 5678, 5805, 7075, 6120, 6104, 6282, 6181, 5840, 6286, 6005, 5806, 6282, 5664, 5658, 6400, 5787, 6701, 6508, 5846, 5743, 6187, 6108, 5686, 6129, 6805, 6283, 6391, 5678, 5723, 6178, 6016, 6294, 5687, 6346, 6080, 5673, 5683, 6667, 6288, 6073, 5901, 5670, 5888, 5847, 5679, 5681, 5869, 6344, 5687, 5665, 6333, 6178, 5680, 5792, 6500, 6324, 5944, 5696, 5856, 5669, 5770, 6137, 5677, 6544, 6121, 5810, 6028, 5673, 5682, 6102, 5681, 6268, 6071, 5670, 5692, 5995, 5975, 5662, 5958, 5792, 5676, 5829, 6107, 6871, 6307, 6467, 5684, 5954, 5663, 6442, 5677, 5956, 6032, 6893, 6083, 6008, 5743, 5674, 6552, 5663, 6137, 5909, 5685, 6229, 6285, 6110, 5683, 6403, 6125, 5671, 5682, 5752, 6003, 6211, 6838, 6245, 6140, 5907, 6188, 5966, 5946, 6078, 6240, 6066, 6922, 6565, 5674, 6075, 5686, 6013, 5746, 6227, 5675, 5683, 5662, 5702, 5692, 5739, 5792, 5684, 6397, 6324, 6074, 6714, 6307, 6624, 6667, 5848, 5676, 6770, 6015, 6997, 5708, 6187, 5915, 5695, 5684, 5683, 5662, 5961, 5668, 6611, 6075, 5917, 7080, 6775, 5813, 6227, 6718, 5938, 6293, 6595, 6438, 6387, 5909, 6065, 5880, 6014, 6536, 5960, 6241, 5664, 5839, 6322, 5689, 5691, 5911, 5675, 5661, 6009, 6572, 5675, 6307, 5975, 5665, 5954, 6000, 6289, 6110, 6182, 5671, 6338, 5663, 5858, 5683, 5919, 5892, 5855, 5660, 5719, 5839, 5758, 6202, 5729, 5659, 5682, 6390, 6448, 6016, 6145, 7042, 6079, 6448, 5809, 6280, 6713, 5683, 5810, 5735, 6222, 6167, 6328, 6440, 5678, 6019, 5690, 5829, 6654, 6406, 6321, 6330, 6346, 6178, 5696, 5678, 6287, 5673, 6344, 6442, 5675, 5708, 6118, 6288, 6820, 6733, 5677, 6295, 5686, 5680, 5783, 5663, 5665, 6443, 5694, 5738, 5690, 7033, 6665, 5689, 6121, 5948, 6490, 6016, 6449, 5674, 6399, 6708, 5909, 5671, 6291, 6126, 5993, 5677, 5966, 6269, 5677, 5859, 6504, 6303, 6336, 5844, 6282, 6386, 5673, 6437, 6649, 6606, 5915, 5711, 5971, 6225, 5667, 6272, 6348, 5899, 5756, 5662, 6056, 6244, 5842, 5669, 5742, 5658, 5662, 6208, 5668, 5671, 5810, 5952, 5748, 5677, 6249, 6121, 5687, 6278, 5703, 6232, 5665, 6071, 5915, 6329, 6711, 5663, 6488, 6389, 5912, 5668, 6513, 5668, 5674, 6254, 5672, 5854, 5657, 5694, 5686, 6410, 5665, 5671, 5876, 5697, 5853, 6436, 6224, 5683, 6115, 5798, 5738, 6072, 5666, 5837, 5670, 5683, 5907, 5771, 5972, 5682, 5998, 5659, 6838, 5666, 6122, 5996, 5671, 5726, 6333, 5932, 6126, 6709, 5671, 6400, 5745, 5681, 5909, 5800, 5669, 5670, 5664, 6442, 6009, 6776, 5793, 6019, 6431, 5665, 6498, 6144, 5835, 6030, 5705, 6270, 6496, 6344, 5900, 6061, 6443, 6261, 5874, 6298, 5804, 6148, 6184, 6031, 5760, 5673, 6193, 5888, 5959, 5689, 5852, 5667, 6341, 5969, 5670, 5951, 5668, 5782, 6591, 5677, 6242, 6562, 6029, 6489, 5655, 5691, 6124, 6168, 6824, 5669, 5695, 5680, 6392, 5960, 5795, 6156, 6440, 6871, 7040, 5674, 6008, 5663, 6387, 6177, 6466, 6227, 5661, 5666, 5665, 5671, 6014, 5664, 6081, 5675, 5688, 5675, 5772, 5671, 6722, 5806, 6563, 6410, 6676, 6194, 5666, 5953, 6279, 6248, 5677, 6073, 5979, 6025, 5918, 6184, 6219, 6373, 5939, 5654, 6340, 6399, 5792, 5665, 5668, 6409, 5675, 5944, 6444, 5964, 5962, 6026, 5753, 5944, 6015, 5666, 6006, 5961, 5681, 5992, 6181, 6186, 5730, 7040, 5678, 6557, 6064, 5681, 5815, 5747, 6075, 6395, 5908, 5668, 5971, 5666, 5847, 6195, 6345, 5701, 5781, 7152, 5961, 6236, 5677, 6442, 6388, 6659, 5687, 5900, 6137, 6330, 5942, 6324, 6557, 6234, 5965, 5855, 6073, 6061, 5681, 6018, 6398, 5682, 5926, 6392, 6492, 5734, 5794, 6292, 6437, 5677, 5850, 5955, 6115, 5761, 5664, 6007, 6560, 6790, 6139, 6501, 6415, 5861, 5690, 6122, 5659, 6114, 5663, 6121, 6169, 6449, 6063, 6064, 5795, 6592, 5793, 6283, 6079, 6603, 6764, 5780, 5685, 6008, 5661, 6175, 6078, 6397, 5687, 6392, 6562, 5963, 5803, 6299, 5985, 6147, 6108, 6317, 6130, 5755, 5802, 5715, 5731, 6451, 6054, 5661, 5940, 5746, 5658, 6382, 6347, 6452, 6138, 5746, 5667, 6545, 6839, 6050, 5719, 5721, 5973, 6237, 6289, 6110, 5749, 6600, 6611, 5735, 5674, 5913, 6225, 6294, 6183, 5743, 5659, 5672, 6525, 6330, 5661, 5685, 6336, 6220, 5664, 6441, 6454, 5947, 5895, 6557, 7070, 5914, 6666, 5738, 6553, 5784, 6568, 6644, 6385, 6377, 6758, 6138, 6279, 6560, 6128, 6177, 6246, 6561, 6277, 5674, 5958, 5736, 5691, 6017, 6379, 6031, 5686, 5670, 6006, 6131, 6009, 5660, 5666, 5733, 5824, 5656, 6105, 5842, 5651, 5945, 5674, 5649, 7032, 5743, 5675, 6181, 5685, 5682, 6713, 6313, 5656, 6339, 6057, 6086, 6105, 5673, 6653, 5657, 5654, 6595, 5648, 5662, 5659, 5673, 5672, 6326, 6280, 5658, 6161, 5645, 6505, 5949, 6075, 6328, 6235, 5838, 5663, 6299, 6607, 6031, 5676, 6333, 6026, 6923, 5675, 6004, 5731, 6278, 5721, 6869, 6594, 6435, 6215, 6180, 5664, 6233, 6221, 6381, 5649, 6092, 5667, 5902, 5682, 5774, 5656, 5980, 6814, 5958, 5840, 5667, 6385, 6659, 5670, 5947, 6211, 6272, 5650, 5677, 5734, 6102, 6277, 5751, 5847, 6006, 6183, 6221, 5957, 6494, 6795, 6764, 5739, 6179, 6335, 5658, 5649, 5658, 5920, 5676, 6435, 6392, 6043, 5682, 5673, 6537, 6383, 5952, 5954, 5904, 5675, 6226, 6454, 6067, 6290, 5911, 6804, 6200, 6116, 6216, 5909, 5999, 5684, 5672, 5977, 5721, 6167, 5902, 5884, 6470, 5672, 5685, 6591, 5684, 6810, 6540, 6122, 5664, 6127, 5839, 6345, 5666, 5848, 6048, 5652, 6347, 5962, 6446, 6451, 5662, 6388, 5905, 5786, 5665, 5659, 5958, 5655, 6185, 6333, 6186, 5670, 6132, 5678, 5654, 6120, 5951, 6161, 6265, 6105, 5662, 6227, 6542, 6002, 5676, 5837, 5672, 6180, 6014, 5894, 6536, 6322, 5666, 6131, 6028, 6021, 5679, 5672, 6033, 5809, 5944, 5894, 6146, 6320, 6136, 6215, 6440, 5699, 6814, 6002, 6276, 5653, 5680, 5683, 5686, 5667, 6130, 6025, 6133, 6121, 6376, 6760, 6486, 6332, 6058, 6649, 5676, 6393, 6494, 5798, 5894, 5692, 6271, 5841, 5849, 6494, 6561, 5687, 5884, 5763, 6340, 6042, 6280, 6229, 5995, 6235, 5839, 6974, 6178, 6053, 6165, 6194, 6387, 6179, 6236, 5679, 6217, 6101, 5662, 5671, 6758, 5660, 6650, 5754, 5745, 5675, 5922, 6505, 5672, 6534, 6696, 6327, 6088, 6072, 5673, 5692, 5680, 6123, 5687, 5665, 5665, 5913, 6046, 6336, 6348, 5692, 6636, 5669, 5738, 5888, 5810, 6087, 6473, 5678, 6241, 6548, 5670, 5673, 6639, 5851, 5996, 5886, 6333, 5685, 5697, 6186, 5931, 5941, 6603, 6176, 5662, 6690, 5650, 6160, 5649, 6422, 6397, 5725, 6121, 6163, 5904, 5674, 6712, 6743, 6353, 6465, 5890, 5753, 5679, 6228, 5890, 6052, 6186, 5892, 5671, 5909, 5852, 5686, 5653, 6550, 5993, 6702, 5917, 5776, 5995, 6008, 6074, 6104, 6315, 5786, 5731, 5889, 6228, 5780, 6309, 5977, 6172, 6157, 6335, 6440, 5669, 6077, 6250, 6556, 6123, 5751, 6060, 5957, 6433, 5925, 6406, 5806, 6231, 5660, 5667, 6020, 5674, 6330, 6115, 5691, 5851, 6216, 5661, 6418, 6185, 6623, 6971, 5676, 5662, 6607, 5951, 5791, 6267, 6602, 6164, 6127, 6772, 6603, 6022, 6240, 5685, 5662, 5864, 6220, 6217, 6125, 5661, 6188, 6323, 5683, 6589, 5649, 5664, 5967, 5668, 5719, 6477, 5668, 5675, 6073, 6816, 5661, 6093, 5702, 5662, 5798, 5870, 5835, 5662, 6452, 6021, 5669, 6382, 5663, 7022, 6435, 5843, 5912, 6404, 6075, 6167, 6074, 5966, 6390, 6218, 6357, 5743, 5679, 6445, 6036, 5682, 7026, 6176, 6306, 6006, 6382, 5838, 6137, 6449, 5916, 5829, 5654, 6752, 6718, 6013, 5894, 6120, 5783, 6386, 6051, 5927, 6504, 5679, 5777, 6229, 6177, 6285, 5900, 5743, 5817, 6119, 5862, 5733, 5666, 5931, 5950, 5662, 6166, 5657, 5671, 6073, 6146, 5802, 5775, 6120, 5720, 5656, 5669, 5684, 6437, 6230, 5904, 6075, 6445, 6553, 5656, 6121, 6775, 6230, 5937, 6038, 5818, 5667, 5949, 6159, 6187, 5658, 5796, 6016, 5686, 6410, 5672, 5684, 6305, 5680, 6883, 6546, 5943, 6508, 6414, 6278, 5903, 6002, 5667, 5807, 5679, 5839, 6225, 6450, 6440, 6238, 6375, 6544, 5691, 6326, 6030, 5677, 5812, 5680, 5671, 5920, 5696, 5886, 6104, 6071, 6283, 6375, 5662, 6706, 5661, 5677, 6268, 6603, 5656, 5966, 5704, 5677, 6013, 6024, 6495, 6067, 5784, 6766, 5655, 6545, 5782, 6222, 5657, 6535, 6033, 5967, 6496, 5728, 5667, 6054, 5667, 6603, 5681, 5962, 6053, 6105, 5818, 5683, 6079, 6753, 6177, 5749, 6465, 6025, 5667, 6028, 6484, 5788, 6981, 6182, 6339, 5907, 5693, 5933, 5671, 5664, 5669, 6268, 6007, 5644, 6656, 5946, 6297, 5843, 5671, 6342, 6020, 6287, 5929, 6491, 5803, 5728, 6379, 5902, 6335, 6558, 5695, 5948, 5898, 6174, 5791, 6384, 6455, 5673, 5855, 5656, 6248, 5681, 5817, 6280, 5941, 5780, 5791, 6084, 6448, 6342, 5688, 5937, 5791, 6805, 6138, 5901, 5685, 5891, 6649, 5676, 5850, 6139, 6198, 5969, 5829, 5665, 6165, 5681, 6922, 6238, 5670, 5664, 6883, 5655, 5844, 5971, 6419, 6058, 5953, 6396, 5732, 5688, 5783, 5661, 5674, 5972, 6409, 5686, 6023, 6020, 6047, 6174, 6818, 6751, 5679, 5947, 5740, 5889, 6097, 6018, 5937, 5688, 5745, 5667, 6073, 6248, 5841, 6805, 5935, 5662, 6009, 5673, 6442, 5681, 5779, 5704, 6092, 5723, 5824, 5726, 5667, 6553, 5668, 6885, 6178, 7157, 5679, 6235, 5671, 5678, 5880, 5948, 6434, 6504, 6491, 5856, 5669, 5656, 5686, 5668, 5728, 5668, 7097, 5715, 5952, 5897, 5668, 5664, 5663, 6021, 5800, 5663, 5662, 5906, 7255, 6372, 5900, 5684, 6388, 6174, 5783, 5893, 5677, 5826, 5656, 6336, 6282, 6236, 5900, 5659, 6161, 5674, 6011, 5659, 6071, 6074, 5884, 5663, 6048, 6200, 5750, 5682, 5727, 5671, 6174, 5935, 5658, 5990, 6579, 6350, 5960, 5652, 6983, 6327, 6387, 5646, 5661, 5905, 5737, 6391, 5906, 5678, 5733, 6598, 5969, 6651, 5656, 6592, 5946, 6804, 6725, 6398, 6534, 5669, 5687, 5649, 6293, 6493, 5955, 5663, 5657, 6169, 5658, 6689, 5661, 6007, 6540, 5849, 5662, 5999, 6167, 6140, 6590, 6699, 5790, 6383, 6324, 6053, 6055, 5753, 6316, 6494, 6238, 6755, 6285, 5793, 5690, 6369, 6969, 6124, 5672, 5681, 6261, 5658, 5837, 6223, 6016, 6456, 5947, 5938, 5674, 5694, 6182, 6402, 5670, 5786, 5658, 5650, 5984, 7317, 5745, 6180, 5668, 6240, 5733, 6161, 6123, 6620, 6133, 5667, 5796, 6003, 5660, 5675, 6082, 6015, 6290, 5797, 5906, 5840, 6274, 5681, 5897, 5660, 5955, 6231, 6188, 5698, 5661, 6180, 5679, 6506, 5959, 5993, 6605, 5675, 5796, 6270, 6456, 5712, 5684, 5693, 6003, 6604, 6066, 6044, 5648, 5777, 6089, 5779, 6260, 6556, 5675, 5670, 5665, 5677, 6331, 5961, 6014, 5831, 6000, 6278, 5979, 5914, 6614, 6245, 6356, 5667, 5723, 5666, 5894, 6253, 5666, 5653, 6759, 5655, 5675, 6337, 6015, 5773, 6114, 6867, 5784, 6605, 6434, 6230, 6265, 5649, 6100, 6535, 6176, 6390, 5670, 6555, 6110, 5834, 5672, 5940, 6275, 5651, 6020, 6274, 5656, 5679, 5772, 6429, 5938, 6132, 6124, 6659, 6079, 6104, 6274, 5934, 5661, 6076, 6021, 6360, 5907, 5665, 5656, 5682, 6411, 5970, 5658, 6175, 6112, 6060, 6294, 5725, 5679, 6276, 5746, 5920, 6339, 5728, 5856, 6504, 6591, 5676, 6216, 7045, 6060, 5692, 6127, 5795, 5838, 5666, 5995, 6558, 5897, 5856, 6119, 6263, 6687, 5668, 6073, 6103, 6189, 6097, 5992, 6674, 6061, 6306, 5748, 5657, 6398, 5671, 6112, 5794, 6339, 6367, 5667, 5659, 6716, 6431, 6281, 6303, 6111, 6170, 6002, 5945, 5855, 6223, 5672, 5798, 6440, 6543, 5883, 6038, 5702, 6104, 5660, 6069, 6440, 5674, 6558, 5751, 5668, 5678, 5671, 5665, 6535, 6265, 6278, 5910, 5840, 6072, 5687, 6011, 6167, 6282, 6456, 6532, 6486, 6590, 5756, 7102, 5662, 6340, 6383, 6490, 5679, 6761, 5675, 6423, 6338, 5907, 5678, 6488, 5681, 5886, 5662, 6333, 5793, 5663, 5653, 6328, 6866, 6073, 6073, 6402, 6181, 6207, 6466, 5840, 5644, 6130, 6051, 5809, 5795, 5664, 6485, 6396, 6652, 6338, 5659, 6140, 5839, 6769, 5688, 6171, 5665, 5803, 5673, 6174, 6464, 6303, 5691, 6063, 5666, 5673, 6448, 6017, 6294, 6054, 5662, 6479, 6270, 6420, 5789, 5904, 6120, 6649, 5683, 6043, 6010, 5668, 5775, 6604, 5663, 6086, 6395, 5661, 5657, 5894, 5685, 6168, 5710, 5716, 6058, 6067, 6883, 6132, 6133, 5897, 5851, 6113, 6546, 5858, 5831, 6619, 6806, 5675, 5721, 5680, 6011, 5890, 5663, 6650, 6279, 5666, 6156, 5654, 6657, 6651, 5699, 6164, 5988, 5837, 5771, 6453, 5810, 6228, 5848, 5849, 6481, 6061, 6928, 5654, 5672, 5684, 6438, 5804, 5684, 6657, 6447, 6450, 6538, 6224, 5837, 5636, 5674, 6012, 6543, 5800, 5651, 6388, 5896, 6112, 6597, 5725, 6055, 5671, 5848, 6344, 6228, 6400, 6387, 6601, 5660, 6112, 5673, 6580, 5655, 5673, 6077, 5670, 6006, 5658, 5876, 6060, 5949, 6435, 5669, 6437, 6187, 6671, 5967, 5690, 6815, 5845, 5957, 5722, 6322, 5653, 5683, 5930, 6229, 6065, 5665, 5940, 5777, 6548, 5843, 5655, 6002, 5670, 5652, 6053, 6754, 5652, 6601, 6610, 5722, 6280, 5767, 6334, 5670, 5665, 6074, 5896, 5825, 6257, 5677, 6201, 6145, 5700, 5850, 5900, 5685, 6507, 5722, 6754, 6524, 6094, 6225, 5650, 5940, 5655, 6171, 5892, 6534, 6051, 6465, 6965, 6811, 5668, 5678, 5651, 6210, 6330, 6481, 5779, 6009, 6584, 5674, 5668, 6171, 6000, 5679, 6496, 6209, 6647, 5718, 5662, 6001, 5833, 6486, 5659, 6219, 6648, 6127, 6127, 6009, 5678, 6216, 5943, 5954, 5842, 5677, 5775, 5648, 6113, 6121, 6398, 6903, 6476, 6024, 5677, 6326, 6640, 5846, 5675, 5941, 5903, 5667, 6051, 5953, 5917, 6188, 5938, 5663, 6079, 6233, 5656, 5661, 5754, 5645, 5868, 5957, 6055, 6017, 6014, 5656, 5996, 5657, 5654, 6378, 6170, 6702, 5941, 5681, 6382, 6023, 6176, 5661, 6003, 5651, 6324, 5862, 6773, 6117, 5794, 5671, 5872, 6482, 6042, 5655, 6114, 6011, 5933, 6375, 5920, 5667, 6079, 5675, 6634, 5729, 6212, 5960, 6171, 6068, 6106, 5672, 5999, 5662, 6296, 6171, 6230, 5771, 5957, 6193, 5673, 5858, 5823, 6043, 6323, 5659, 5936, 5784, 5652, 5784, 6288, 5852, 6533, 6002, 5653, 6182, 6096, 5904, 5682, 5670, 6177, 6418, 5661, 6111, 5942, 6119, 6338, 5674, 6379, 5663, 5903, 5672, 5661, 5682, 5730, 6376, 5659, 6079, 5955, 5785, 6115, 5741, 
Mejor solucion obtenida: 30, 28, 27, 2, 1, 3, 36, 37, 39, 38, 40, 42, 41, 26, 25, 24, 21, 23, 22, 35, 0, 4, 15, 17, 16, 18, 20, 19, 12, 14, 13, 34, 33, 32, 31, 9, 11, 8, 10, 6, 7, 5, 29, || Fitness: 5620;