Archivo Usado: p43.atsp
Tamaño de la Poblacion: 100
Reemplazo por Generacion: 5
Tamaño de los Torneos: 5
Cantidad de ciudades: 43
Probabilidad de cruce: 75000
Probabilidad mutacion simple: 23000
Probabilidad mutacion compleja: 20000
Cruces minimos de la mutacion compleja: 4
Iteraciones ejecutadas: 10000
Largo del cruce PMX: 6
Operador de Cruce: 0
Metodo seleccion de Padres: 0
Operador de Mutacion: 0
Metodo seleccion de Supervivientes: 1
Cantidad de threads a usar: 16
24, 25, 21, 23, 22, 35, 0, 4, 15, 16, 17, 20, 18, 19, 14, 12, 34, 33, 13, 11, 31, 32, 8, 10, 9, 7, 6, 5, 29, 30, 27, 28, 2, 3, 1, 36, 37, 38, 39, 41, 42, 40, 26, 
18, 19, 14, 12, 34, 33, 13, 11, 31, 32, 8, 10, 9, 7, 6, 5, 29, 30, 27, 28, 2, 3, 1, 36, 37, 38, 39, 41, 42, 40, 26, 24, 25, 21, 23, 22, 35, 0, 4, 15, 16, 17, 20, 
23, 22, 35, 0, 4, 15, 16, 17, 20, 18, 19, 14, 12, 34, 33, 13, 11, 31, 32, 8, 10, 9, 7, 6, 5, 29, 30, 27, 28, 3, 2, 1, 36, 37, 38, 39, 41, 42, 40, 26, 24, 25, 21, 
34, 33, 13, 11, 31, 32, 8, 10, 9, 7, 6, 5, 29, 30, 27, 28, 2, 3, 1, 36, 37, 38, 39, 41, 42, 40, 26, 24, 25, 21, 23, 22, 35, 0, 4, 15, 16, 17, 20, 18, 19, 14, 12, 
7, 6, 5, 29, 30, 27, 28, 3, 2, 1, 36, 37, 38, 39, 41, 42, 40, 26, 24, 25, 21, 23, 22, 35, 0, 4, 15, 16, 17, 20, 18, 19, 14, 12, 34, 33, 13, 11, 31, 32, 8, 10, 9, 
40, 26, 24, 25, 21, 23, 22, 35, 0, 4, 15, 16, 17, 20, 18, 19, 13, 14, 12, 33, 34, 32, 31, 11, 8, 10, 9, 7, 6, 5, 29, 30, 28, 27, 3, 2, 1, 36, 37, 38, 39, 41, 42, 
17, 16, 20, 18, 19, 14, 12, 34, 33, 13, 9, 31, 32, 8, 10, 11, 7, 6, 5, 29, 30, 27, 28, 3, 2, 1, 36, 37, 38, 39, 41, 42, 40, 26, 24, 25, 21, 23, 22, 35, 0, 4, 15, 
12, 34, 33, 13, 11, 31, 32, 8, 10, 9, 7, 6, 5, 29, 30, 27, 28, 3, 2, 1, 36, 37, 38, 39, 41, 42, 40, 26, 24, 25, 21, 23, 22, 35, 0, 4, 15, 16, 17, 20, 18, 19, 14, 
6, 5, 29, 30, 27, 28, 3, 2, 1, 36, 37, 38, 39, 41, 42, 40, 26, 24, 25, 21, 23, 22, 35, 0, 4, 15, 16, 17, 20, 18, 19, 14, 12, 34, 33, 13, 11, 31, 32, 8, 10, 9, 7, 
7, 6, 5, 29, 30, 27, 28, 3, 2, 1, 36, 37, 38, 39, 41, 42, 40, 26, 24, 25, 21, 23, 22, 35, 0, 4, 15, 16, 17, 20, 18, 19, 14, 12, 34, 33, 13, 32, 31, 11, 8, 10, 9, 
14, 12, 34, 33, 13, 11, 31, 32, 8, 10, 9, 7, 6, 5, 29, 30, 27, 28, 3, 2, 1, 36, 37, 38, 39, 41, 42, 40, 26, 24, 25, 21, 23, 22, 35, 0, 4, 15, 16, 17, 20, 18, 19, 
24, 25, 21, 23, 22, 35, 0, 4, 15, 16, 17, 20, 18, 19, 14, 12, 34, 33, 13, 11, 31, 32, 8, 10, 9, 7, 6, 5, 29, 30, 27, 28, 3, 2, 1, 36, 37, 38, 39, 41, 42, 40, 26, 
7, 6, 5, 29, 30, 27, 28, 3, 2, 1, 36, 37, 38, 39, 41, 42, 40, 26, 24, 25, 21, 23, 22, 35, 0, 4, 15, 16, 17, 20, 18, 19, 14, 12, 34, 33, 13, 11, 31, 32, 8, 10, 9, 
36, 37, 38, 39, 41, 42, 40, 26, 24, 25, 21, 23, 22, 35, 0, 4, 15, 16, 17, 20, 18, 19, 14, 12, 34, 33, 13, 32, 31, 11, 8, 10, 9, 7, 6, 5, 29, 30, 27, 28, 3, 2, 1, 
24, 25, 21, 23, 22, 35, 0, 4, 15, 16, 17, 20, 18, 19, 14, 12, 34, 33, 13, 11, 31, 32, 8, 10, 9, 7, 6, 5, 29, 30, 27, 28, 2, 3, 1, 36, 37, 38, 39, 41, 42, 40, 26, 
24, 25, 21, 23, 22, 35, 0, 4, 15, 16, 17, 20, 18, 19, 14, 12, 34, 33, 13, 11, 31, 32, 8, 10, 9, 7, 6, 5, 29, 30, 27, 28, 3, 2, 1, 36, 37, 38, 39, 41, 42, 40, 26, 
27, 28, 3, 2, 1, 36, 37, 38, 39, 41, 42, 40, 26, 24, 25, 21, 23, 22, 35, 0, 4, 15, 16, 17, 20, 18, 19, 14, 12, 34, 33, 13, 11, 31, 32, 8, 10, 9, 7, 6, 5, 29, 30, 
34, 33, 13, 11, 31, 32, 8, 10, 9, 7, 6, 5, 29, 30, 27, 28, 3, 2, 1, 36, 37, 38, 39, 41, 42, 40, 26, 24, 25, 21, 23, 22, 35, 0, 4, 15, 16, 17, 20, 18, 19, 14, 12, 
7, 29, 30, 27, 28, 3, 2, 1, 36, 37, 38, 39, 41, 42, 40, 26, 24, 25, 21, 23, 22, 35, 0, 4, 15, 16, 17, 20, 18, 19, 14, 12, 34, 33, 13, 11, 31, 32, 8, 10, 9, 5, 6, 
26, 24, 25, 21, 23, 22, 35, 0, 4, 15, 16, 17, 20, 18, 19, 14, 12, 34, 33, 13, 11, 31, 32, 8, 10, 9, 7, 6, 5, 29, 30, 27, 28, 2, 3, 1, 36, 37, 38, 39, 41, 42, 40, 
5, 29, 30, 27, 28, 3, 2, 1, 36, 37, 38, 39, 41, 42, 40, 26, 24, 25, 21, 23, 22, 35, 0, 4, 15, 16, 17, 20, 18, 19, 14, 12, 34, 33, 13, 11, 31, 32, 8, 10, 9, 7, 6, 
0, 4, 15, 16, 17, 20, 18, 19, 14, 12, 34, 33, 13, 11, 31, 32, 8, 10, 9, 7, 6, 5, 29, 30, 27, 28, 3, 2, 1, 36, 37, 38, 39, 41, 42, 40, 26, 24, 25, 21, 23, 22, 35, 
3, 1, 36, 37, 38, 39, 41, 42, 40, 26, 24, 25, 21, 23, 22, 35, 0, 4, 15, 16, 17, 20, 18, 19, 14, 12, 34, 33, 13, 11, 31, 32, 8, 10, 9, 5, 6, 7, 29, 30, 27, 2, 28, 
15, 16, 17, 20, 18, 19, 13, 14, 12, 33, 34, 32, 31, 11, 8, 10, 9, 7, 6, 5, 29, 30, 27, 28, 3, 1, 36, 37, 38, 39, 41, 42, 40, 26, 24, 25, 21, 23, 22, 35, 0, 4, 2, 
15, 16, 17, 20, 18, 19, 14, 12, 34, 33, 13, 11, 31, 32, 8, 10, 6, 7, 9, 5, 29, 30, 27, 28, 3, 2, 1, 36, 37, 38, 39, 41, 42, 40, 26, 24, 25, 21, 23, 22, 35, 0, 4, 
34, 33, 13, 11, 31, 32, 8, 10, 9, 7, 6, 5, 29, 30, 27, 28, 36, 3, 1, 2, 37, 38, 39, 41, 42, 40, 26, 24, 25, 21, 23, 22, 35, 0, 4, 15, 16, 17, 20, 18, 19, 14, 12, 
33, 34, 12, 14, 19, 18, 20, 17, 16, 15, 4, 0, 35, 22, 23, 21, 25, 24, 26, 40, 42, 41, 39, 38, 37, 36, 1, 2, 3, 28, 27, 30, 29, 5, 6, 7, 9, 10, 8, 32, 31, 11, 13, 
22, 23, 21, 25, 24, 26, 40, 42, 41, 39, 38, 37, 36, 1, 2, 3, 28, 27, 30, 29, 5, 6, 7, 9, 10, 8, 11, 31, 32, 13, 33, 34, 12, 14, 19, 18, 20, 17, 16, 15, 4, 0, 35, 
19, 18, 20, 17, 16, 15, 4, 0, 35, 22, 23, 21, 25, 24, 26, 40, 42, 41, 39, 38, 37, 36, 1, 3, 2, 28, 27, 30, 29, 5, 6, 7, 9, 10, 8, 32, 31, 11, 13, 33, 34, 12, 14, 
42, 41, 39, 38, 37, 36, 1, 2, 3, 28, 27, 30, 29, 5, 6, 7, 9, 10, 8, 32, 31, 11, 13, 33, 34, 12, 14, 19, 18, 20, 17, 16, 15, 4, 0, 35, 22, 23, 21, 25, 24, 26, 40, 
15, 4, 0, 35, 22, 23, 21, 25, 24, 26, 40, 42, 41, 39, 38, 37, 36, 1, 3, 2, 28, 27, 30, 29, 5, 6, 7, 9, 10, 8, 32, 31, 11, 13, 33, 34, 12, 14, 19, 18, 20, 17, 16, 
12, 14, 19, 18, 20, 17, 16, 15, 4, 0, 35, 22, 23, 21, 25, 24, 26, 40, 42, 41, 39, 38, 37, 36, 1, 2, 3, 28, 27, 30, 29, 5, 6, 7, 9, 10, 8, 32, 31, 11, 13, 33, 34, 
11, 13, 34, 33, 12, 14, 19, 18, 20, 17, 16, 15, 4, 0, 35, 22, 23, 21, 25, 24, 26, 40, 42, 41, 39, 38, 37, 36, 1, 2, 3, 28, 27, 30, 29, 5, 6, 7, 9, 10, 8, 32, 31, 
28, 27, 30, 29, 5, 6, 7, 9, 10, 8, 32, 31, 11, 13, 33, 34, 12, 14, 19, 18, 20, 17, 16, 15, 4, 0, 35, 22, 23, 21, 25, 24, 26, 40, 42, 41, 39, 38, 37, 36, 1, 3, 2, 
9, 10, 8, 32, 31, 11, 13, 33, 34, 12, 14, 19, 18, 20, 17, 16, 15, 4, 0, 35, 22, 23, 21, 25, 24, 26, 40, 42, 41, 39, 38, 37, 36, 1, 2, 3, 28, 27, 30, 29, 5, 6, 7, 
8, 32, 31, 11, 13, 33, 34, 12, 14, 19, 18, 20, 17, 16, 15, 4, 0, 35, 22, 23, 21, 25, 24, 26, 40, 42, 41, 39, 38, 37, 36, 1, 3, 2, 28, 27, 30, 29, 5, 6, 7, 9, 10, 
33, 34, 12, 14, 19, 18, 20, 17, 16, 15, 4, 0, 35, 22, 23, 21, 25, 24, 26, 40, 42, 41, 39, 38, 37, 36, 1, 2, 3, 28, 27, 30, 29, 5, 6, 7, 9, 10, 8, 32, 31, 11, 13, 
31, 11, 13, 33, 34, 12, 14, 19, 18, 20, 17, 16, 15, 4, 0, 35, 22, 23, 21, 25, 24, 26, 40, 42, 41, 39, 38, 37, 36, 1, 3, 2, 28, 27, 30, 29, 5, 6, 7, 9, 10, 8, 32, 
42, 41, 39, 38, 37, 36, 1, 3, 2, 28, 27, 30, 29, 5, 6, 7, 9, 10, 8, 32, 31, 11, 13, 33, 34, 12, 14, 19, 18, 20, 17, 16, 15, 4, 0, 35, 22, 23, 21, 25, 24, 26, 40, 
14, 19, 18, 20, 17, 16, 15, 4, 0, 35, 22, 23, 21, 25, 24, 26, 40, 42, 41, 39, 38, 37, 36, 1, 2, 3, 28, 27, 30, 29, 5, 6, 7, 9, 10, 8, 32, 31, 11, 13, 33, 34, 12, 
5, 6, 7, 9, 10, 8, 32, 31, 11, 13, 33, 34, 12, 14, 19, 18, 20, 17, 16, 15, 4, 0, 35, 22, 23, 21, 25, 24, 26, 40, 42, 41, 39, 38, 37, 36, 1, 3, 2, 28, 27, 30, 29, 
38, 37, 36, 1, 2, 3, 28, 27, 30, 29, 5, 6, 7, 9, 10, 8, 32, 31, 11, 13, 33, 34, 12, 14, 19, 18, 20, 17, 16, 15, 4, 0, 35, 22, 23, 21, 25, 24, 26, 40, 42, 41, 39, 
26, 40, 42, 41, 39, 38, 37, 36, 1, 3, 2, 28, 27, 30, 29, 5, 6, 7, 9, 10, 8, 32, 31, 11, 13, 33, 34, 12, 14, 19, 18, 20, 17, 16, 15, 4, 0, 35, 22, 23, 21, 25, 24, 
13, 14, 31, 32, 8, 10, 9, 7, 6, 5, 29, 30, 27, 28, 3, 2, 1, 36, 37, 38, 39, 41, 42, 40, 26, 24, 25, 21, 23, 22, 35, 0, 4, 15, 16, 17, 20, 18, 19, 11, 12, 34, 33, 
16, 15, 4, 0, 35, 22, 23, 21, 25, 24, 26, 40, 42, 41, 39, 38, 37, 36, 1, 2, 28, 3, 27, 30, 29, 5, 6, 7, 9, 10, 8, 32, 31, 11, 13, 33, 34, 12, 14, 19, 18, 20, 17, 
1, 3, 2, 28, 27, 30, 29, 5, 6, 7, 9, 10, 8, 32, 31, 11, 33, 13, 34, 12, 14, 19, 18, 20, 17, 16, 15, 4, 0, 35, 22, 23, 21, 25, 24, 26, 40, 42, 41, 39, 38, 37, 36, 
7, 6, 27, 29, 30, 5, 28, 3, 2, 1, 36, 37, 38, 39, 41, 42, 40, 26, 24, 25, 21, 23, 22, 35, 0, 4, 15, 16, 17, 20, 18, 19, 14, 12, 34, 33, 13, 11, 31, 32, 8, 10, 9, 
20, 18, 19, 5, 12, 34, 33, 13, 9, 31, 32, 8, 10, 11, 7, 6, 14, 29, 30, 27, 28, 3, 2, 1, 36, 37, 38, 39, 41, 42, 40, 26, 24, 25, 21, 23, 22, 35, 0, 4, 15, 16, 17, 
7, 11, 13, 33, 34, 12, 14, 19, 18, 20, 17, 16, 15, 4, 0, 35, 22, 23, 21, 25, 24, 26, 40, 42, 41, 39, 38, 37, 36, 1, 2, 3, 28, 27, 30, 29, 5, 6, 10, 8, 32, 31, 9, 
21, 25, 24, 26, 40, 42, 41, 39, 38, 37, 36, 27, 2, 3, 28, 1, 30, 29, 7, 6, 5, 9, 10, 8, 32, 31, 11, 13, 33, 34, 12, 14, 19, 18, 20, 17, 16, 15, 4, 0, 35, 22, 23, 
21, 25, 24, 26, 40, 42, 41, 39, 38, 37, 36, 27, 2, 3, 28, 1, 30, 29, 7, 6, 5, 9, 10, 8, 32, 31, 11, 13, 33, 34, 12, 14, 19, 18, 20, 17, 16, 15, 4, 0, 35, 22, 23, 
34, 33, 13, 11, 31, 32, 8, 10, 9, 7, 6, 5, 29, 30, 27, 28, 3, 2, 1, 36, 37, 38, 39, 41, 42, 40, 26, 24, 25, 21, 23, 22, 35, 0, 4, 15, 17, 20, 18, 19, 14, 12, 16, 
34, 33, 13, 11, 31, 32, 8, 10, 9, 7, 6, 5, 29, 36, 27, 28, 2, 3, 1, 30, 37, 38, 39, 41, 42, 40, 26, 24, 25, 21, 23, 22, 35, 0, 4, 15, 16, 17, 20, 18, 19, 14, 12, 
16, 17, 20, 18, 19, 14, 12, 34, 33, 13, 11, 31, 32, 8, 10, 9, 7, 6, 5, 29, 30, 1, 37, 3, 2, 27, 36, 28, 38, 39, 41, 42, 40, 26, 24, 25, 21, 23, 22, 35, 0, 4, 15, 
31, 11, 8, 10, 9, 7, 6, 5, 29, 30, 27, 28, 3, 2, 1, 36, 37, 38, 39, 41, 42, 40, 26, 24, 25, 21, 23, 22, 35, 0, 4, 15, 17, 20, 18, 19, 14, 12, 34, 33, 13, 32, 16, 
8, 32, 31, 11, 13, 33, 34, 12, 14, 19, 18, 20, 17, 16, 15, 4, 0, 35, 22, 23, 21, 25, 24, 26, 40, 42, 41, 39, 38, 37, 27, 1, 2, 3, 28, 36, 30, 29, 5, 6, 7, 9, 10, 
22, 23, 21, 25, 24, 26, 40, 42, 41, 39, 38, 37, 36, 1, 2, 3, 28, 13, 30, 29, 5, 6, 7, 9, 10, 8, 32, 31, 11, 27, 33, 34, 12, 14, 19, 18, 20, 17, 16, 15, 4, 0, 35, 
28, 11, 31, 32, 8, 10, 9, 7, 6, 5, 29, 30, 27, 13, 3, 2, 1, 36, 37, 38, 39, 41, 42, 40, 26, 24, 25, 21, 23, 22, 35, 0, 4, 15, 16, 17, 20, 18, 19, 14, 12, 34, 33, 
31, 11, 13, 33, 34, 12, 14, 19, 18, 20, 16, 17, 32, 8, 10, 9, 7, 6, 5, 29, 30, 27, 28, 3, 2, 1, 36, 37, 38, 39, 41, 42, 40, 26, 24, 25, 21, 23, 22, 35, 0, 4, 15, 
14, 19, 18, 20, 17, 16, 15, 4, 0, 35, 22, 23, 21, 25, 24, 26, 40, 42, 41, 39, 38, 37, 36, 1, 2, 3, 28, 8, 30, 29, 5, 6, 7, 9, 10, 27, 32, 31, 11, 13, 33, 34, 12, 
15, 4, 0, 35, 22, 23, 21, 25, 24, 26, 40, 42, 41, 39, 38, 29, 36, 1, 2, 3, 28, 27, 30, 37, 5, 6, 7, 9, 10, 8, 32, 31, 11, 13, 33, 34, 12, 14, 19, 18, 20, 17, 16, 
39, 38, 37, 36, 1, 3, 15, 28, 27, 30, 29, 5, 6, 7, 9, 10, 8, 32, 31, 11, 13, 33, 34, 12, 14, 19, 18, 20, 17, 16, 2, 4, 0, 35, 22, 23, 21, 25, 24, 26, 40, 42, 41, 
23, 22, 35, 0, 4, 15, 16, 17, 20, 18, 19, 14, 12, 2, 33, 13, 11, 31, 32, 8, 10, 9, 7, 6, 5, 29, 30, 27, 28, 3, 34, 1, 36, 37, 38, 39, 41, 42, 40, 26, 24, 25, 21, 
29, 5, 17, 7, 9, 10, 8, 32, 31, 11, 13, 33, 34, 12, 14, 19, 18, 20, 6, 16, 15, 4, 0, 35, 22, 23, 21, 25, 24, 26, 40, 42, 41, 39, 38, 37, 36, 1, 3, 2, 28, 27, 30, 
26, 24, 25, 21, 23, 22, 35, 0, 4, 15, 17, 16, 20, 18, 19, 14, 12, 8, 27, 13, 11, 31, 32, 34, 10, 9, 7, 6, 5, 29, 30, 33, 28, 3, 36, 1, 2, 37, 38, 39, 41, 42, 40, 
27, 30, 29, 5, 6, 7, 9, 10, 8, 37, 31, 11, 13, 33, 34, 12, 14, 19, 18, 20, 17, 16, 15, 4, 0, 35, 22, 23, 21, 25, 24, 26, 40, 42, 41, 39, 38, 32, 36, 1, 3, 2, 28, 
32, 31, 11, 13, 33, 34, 12, 14, 19, 18, 20, 17, 16, 15, 4, 0, 35, 36, 23, 21, 25, 24, 26, 40, 42, 41, 39, 38, 37, 22, 1, 2, 3, 28, 27, 30, 29, 5, 6, 7, 9, 10, 8, 
22, 3, 2, 28, 27, 30, 29, 5, 6, 7, 9, 10, 8, 32, 31, 11, 13, 33, 34, 12, 14, 19, 18, 20, 17, 16, 15, 4, 0, 35, 1, 23, 21, 25, 24, 26, 40, 42, 41, 39, 38, 37, 36, 
33, 1, 12, 14, 19, 18, 20, 17, 16, 15, 4, 0, 35, 22, 23, 21, 25, 24, 26, 40, 42, 41, 39, 38, 37, 36, 34, 2, 3, 28, 27, 30, 29, 5, 6, 7, 9, 10, 8, 11, 31, 32, 13, 
24, 26, 37, 42, 41, 39, 38, 40, 36, 1, 2, 3, 28, 27, 30, 29, 5, 6, 7, 9, 10, 8, 32, 31, 11, 13, 33, 34, 12, 14, 19, 18, 20, 17, 16, 15, 4, 0, 35, 22, 23, 21, 25, 
23, 22, 35, 0, 4, 15, 16, 17, 12, 18, 19, 14, 20, 34, 33, 13, 11, 31, 32, 8, 10, 9, 7, 6, 5, 29, 30, 27, 28, 3, 2, 1, 36, 37, 38, 39, 41, 42, 40, 26, 24, 25, 21, 
37, 36, 0, 2, 3, 28, 27, 30, 29, 5, 6, 7, 9, 10, 8, 32, 31, 11, 13, 33, 34, 12, 14, 19, 18, 20, 17, 16, 15, 4, 1, 35, 22, 23, 21, 25, 24, 26, 40, 42, 41, 39, 38, 
0, 35, 22, 23, 24, 26, 40, 42, 41, 39, 38, 37, 36, 1, 2, 3, 28, 27, 30, 29, 5, 6, 7, 9, 10, 8, 32, 31, 11, 13, 33, 34, 12, 14, 19, 18, 20, 17, 16, 15, 4, 25, 21, 
39, 38, 37, 36, 1, 3, 2, 28, 21, 30, 29, 5, 6, 7, 9, 10, 8, 32, 31, 11, 13, 33, 34, 12, 14, 19, 18, 20, 17, 16, 15, 4, 0, 35, 22, 23, 27, 25, 24, 26, 40, 42, 41, 
38, 37, 36, 1, 3, 2, 28, 27, 30, 29, 5, 6, 7, 9, 10, 8, 24, 31, 11, 13, 33, 34, 12, 14, 19, 18, 20, 17, 16, 15, 4, 0, 35, 22, 23, 21, 25, 32, 26, 40, 42, 41, 39, 
2, 3, 1, 36, 37, 38, 39, 41, 42, 40, 26, 24, 25, 21, 23, 22, 35, 0, 4, 15, 16, 29, 10, 18, 19, 14, 12, 34, 33, 13, 11, 31, 32, 8, 20, 9, 5, 6, 7, 17, 30, 27, 28, 
3, 2, 28, 27, 30, 29, 5, 6, 7, 9, 10, 8, 32, 31, 11, 13, 33, 18, 12, 14, 19, 34, 20, 17, 16, 15, 4, 0, 35, 22, 23, 21, 25, 24, 26, 40, 42, 41, 39, 38, 37, 36, 1, 
20, 18, 19, 14, 12, 34, 33, 13, 9, 31, 32, 8, 10, 11, 7, 6, 5, 29, 30, 27, 28, 3, 2, 1, 36, 37, 38, 39, 41, 42, 40, 26, 24, 0, 21, 23, 22, 35, 25, 4, 15, 16, 17, 
24, 12, 21, 23, 22, 35, 0, 4, 15, 16, 17, 20, 18, 19, 14, 25, 34, 33, 13, 11, 31, 32, 8, 10, 9, 7, 6, 5, 29, 30, 27, 28, 2, 3, 1, 36, 37, 38, 39, 41, 42, 40, 26, 
17, 16, 20, 18, 19, 14, 12, 34, 33, 13, 11, 31, 32, 8, 10, 9, 0, 6, 5, 29, 30, 27, 28, 3, 2, 1, 36, 37, 38, 39, 41, 42, 40, 26, 24, 25, 21, 23, 22, 35, 7, 4, 15, 
25, 24, 26, 40, 42, 41, 39, 38, 37, 36, 1, 2, 3, 28, 27, 30, 29, 5, 6, 7, 9, 10, 8, 32, 31, 11, 13, 33, 34, 12, 14, 19, 18, 20, 16, 15, 4, 0, 35, 22, 23, 21, 17, 
32, 8, 10, 9, 7, 6, 5, 29, 30, 27, 28, 2, 1, 3, 17, 20, 18, 19, 14, 12, 34, 33, 13, 11, 31, 35, 22, 23, 21, 25, 24, 26, 40, 42, 41, 39, 38, 37, 36, 4, 0, 15, 16, 
20, 18, 19, 14, 12, 34, 33, 13, 3, 0, 32, 8, 11, 10, 27, 6, 5, 29, 30, 7, 28, 9, 2, 1, 36, 37, 38, 39, 41, 42, 40, 26, 24, 25, 21, 23, 22, 35, 31, 4, 15, 16, 17, 
29, 5, 6, 7, 9, 10, 8, 32, 31, 11, 13, 33, 34, 12, 14, 19, 18, 20, 17, 16, 15, 4, 0, 35, 22, 30, 21, 25, 24, 26, 40, 42, 41, 39, 38, 37, 36, 1, 2, 3, 28, 27, 23, 
29, 5, 6, 7, 9, 10, 8, 32, 31, 11, 13, 33, 34, 12, 14, 19, 18, 27, 17, 16, 15, 4, 0, 35, 22, 23, 21, 25, 24, 26, 40, 42, 41, 39, 38, 37, 36, 1, 3, 2, 28, 20, 30, 
10, 8, 32, 31, 11, 13, 33, 34, 40, 42, 41, 39, 38, 37, 36, 1, 3, 2, 28, 27, 30, 29, 5, 6, 7, 9, 25, 24, 26, 0, 35, 22, 23, 21, 14, 19, 18, 20, 17, 16, 15, 4, 12, 
27, 30, 29, 5, 6, 7, 9, 10, 8, 32, 31, 11, 13, 33, 34, 12, 14, 19, 18, 1, 17, 16, 15, 4, 0, 35, 22, 23, 21, 25, 24, 26, 40, 42, 41, 39, 38, 37, 36, 20, 3, 2, 28, 
27, 30, 12, 5, 6, 7, 9, 16, 8, 32, 31, 11, 13, 33, 34, 29, 14, 19, 18, 20, 17, 10, 15, 35, 0, 4, 26, 23, 21, 25, 24, 22, 40, 42, 41, 39, 38, 37, 36, 1, 3, 2, 28, 
38, 37, 36, 1, 2, 3, 28, 27, 30, 29, 5, 6, 7, 9, 10, 8, 32, 31, 11, 13, 33, 34, 12, 14, 19, 4, 20, 17, 16, 15, 18, 0, 35, 22, 23, 21, 25, 24, 26, 40, 42, 41, 39, 
26, 24, 25, 21, 23, 22, 16, 0, 4, 15, 35, 17, 20, 18, 19, 14, 12, 34, 33, 13, 11, 31, 32, 8, 10, 9, 7, 6, 5, 29, 30, 27, 28, 3, 2, 1, 36, 37, 38, 39, 41, 42, 40, 
28, 16, 17, 20, 18, 19, 14, 12, 34, 35, 13, 36, 31, 32, 8, 10, 9, 7, 29, 30, 27, 15, 3, 2, 4, 11, 37, 38, 39, 41, 42, 40, 26, 24, 25, 21, 23, 22, 33, 0, 1, 6, 5, 
25, 21, 23, 22, 35, 20, 0, 19, 14, 12, 34, 33, 13, 11, 31, 32, 8, 10, 9, 7, 6, 5, 29, 30, 27, 28, 3, 2, 1, 36, 37, 38, 39, 41, 42, 40, 26, 24, 18, 4, 15, 16, 17, 
33, 34, 12, 14, 19, 18, 20, 17, 16, 15, 4, 0, 35, 22, 23, 21, 25, 24, 26, 40, 42, 41, 37, 38, 39, 36, 1, 2, 3, 28, 27, 30, 29, 5, 6, 7, 11, 13, 9, 10, 8, 32, 31, 
19, 14, 12, 34, 33, 13, 32, 31, 11, 8, 10, 9, 7, 6, 5, 29, 30, 27, 28, 3, 2, 1, 40, 37, 38, 39, 41, 42, 36, 26, 24, 25, 21, 23, 22, 35, 0, 4, 15, 16, 17, 20, 18, 
28, 27, 30, 29, 5, 6, 7, 9, 10, 8, 32, 40, 11, 13, 33, 34, 12, 14, 19, 18, 20, 17, 16, 15, 4, 0, 35, 22, 23, 21, 25, 24, 26, 31, 42, 41, 39, 38, 37, 36, 1, 2, 3, 
18, 32, 31, 11, 13, 33, 34, 12, 14, 19, 0, 20, 36, 16, 15, 4, 8, 35, 22, 23, 21, 25, 24, 26, 28, 42, 41, 39, 38, 37, 17, 1, 2, 3, 40, 27, 30, 29, 5, 6, 7, 9, 10, 
13, 11, 31, 32, 8, 10, 9, 7, 6, 5, 29, 30, 27, 28, 3, 2, 1, 39, 37, 38, 36, 41, 42, 40, 26, 24, 25, 21, 23, 22, 35, 0, 4, 15, 16, 17, 20, 18, 19, 14, 12, 34, 33, 
17, 16, 20, 18, 19, 14, 12, 34, 33, 13, 11, 31, 32, 8, 10, 9, 41, 6, 5, 29, 30, 27, 28, 3, 2, 1, 36, 37, 38, 39, 7, 42, 40, 26, 24, 25, 21, 23, 22, 35, 0, 4, 15, 
5, 29, 30, 39, 28, 3, 2, 1, 36, 37, 38, 27, 41, 42, 40, 26, 24, 25, 21, 23, 22, 35, 0, 4, 15, 17, 20, 18, 19, 14, 12, 34, 33, 13, 11, 31, 32, 8, 10, 9, 7, 6, 16, 
16, 15, 4, 0, 35, 22, 23, 21, 25, 24, 26, 40, 42, 41, 12, 38, 37, 36, 1, 2, 3, 28, 27, 30, 29, 5, 6, 7, 9, 10, 8, 32, 31, 11, 13, 33, 34, 39, 14, 19, 18, 20, 17, 
Tiempo de ejecucion (total): 13.969
Best fitness a lo largo del tiempo: 
17199, 12173, 11633, 11507, 6620, 6314, 6230, 6230, 6117, 6117, 6085, 6018, 6018, 6018, 5987, 5980, 5959, 5912, 5858, 5858, 5858, 5830, 5814, 5814, 5799, 5790, 5790, 5788, 5784, 5777, 5777, 5777, 5777, 5776, 5765, 5763, 5743, 5743, 5739, 5739, 5739, 5723, 5722, 5722, 5722, 5721, 5709, 5709, 5709, 5707, 5705, 5705, 5705, 5704, 5704, 5698, 5698, 5698, 5698, 5694, 5694, 5692, 5689, 5688, 5682, 5682, 5680, 5680, 5680, 5670, 5670, 5670, 5670, 5670, 5670, 5670, 5668, 5668, 5668, 5668, 5668, 5668, 5668, 5668, 5668, 5668, 5668, 5668, 5668, 5668, 5668, 5668, 5668, 5668, 5668, 5668, 5668, 5668, 5668, 5668, 5668, 5668, 5668, 5668, 5668, 5666, 5664, 5664, 5664, 5664, 5664, 5664, 5664, 5664, 5664, 5664, 5664, 5664, 5664, 5663, 5663, 5663, 5663, 5662, 5662, 5662, 5662, 5661, 5661, 5661, 5661, 5661, 5661, 5661, 5661, 5660, 5642, 5630, 5630, 5630, 5630, 5630, 5630, 5630, 5630, 5630, 5630, 5630, 5630, 5630, 5630, 5630, 5630, 5630, 5630, 5630, 5630, 5630, 5630, 5630, 5630, 5630, 5630, 5630, 5630, 5630, 5630, 5630, 5630, 5630, 5630, 5630, 5630, 5630, 5630, 5630, 5630, 5630, 5630, 5630, 5630, 5630, 5630, 5630, 5630, 5630, 5630, 5630, 5630, 5630, 5630, 5630, 5630, 5630, 5630, 5630, 5630, 5630, 5630, 5630, 5630, 5630, 5630, 5630, 5630, 5630, 5630, 5630, 5630, 5630, 5630, 5630, 5630, 5630, 5630, 5630, 5630, 5630, 5630, 5630, 5630, 5630, 5630, 5630, 5630, 5630, 5630, 5630, 5630, 5630, 5630, 5630, 5630, 5630, 5630, 5630, 5630, 5630, 5630, 5630, 5630, 5630, 5630, 5630, 5630, 5630, 5630, 5630, 5630, 5630, 5630, 5630, 5630, 5630, 5630, 5630, 5630, 5630, 5630, 5630, 5630, 5630, 5630, 5630, 5630, 5630, 5630, 5630, 5630, 5630, 5630, 5630, 5630, 5630, 5630, 5630, 5630, 5630, 5630, 5630, 5630, 5630, 5630, 5630, 5630, 5630, 5630, 5630, 5630, 5630, 5630, 5630, 5630, 5630, 5630, 5630, 5630, 5630, 5630, 5630, 5630, 5630, 5630, 5630, 5630, 5630, 5630, 5630, 5630, 5630, 5630, 5630, 5630, 5630, 5630, 5630, 5630, 5630, 5630, 5630, 5630, 5630, 5630, 5630, 5630, 5630, 5630, 5630, 5630, 5630, 5630, 5630, 5630, 5630, 5630, 5630, 5630, 5630, 5630, 5630, 5630, 5630, 5630, 5630, 5630, 5630, 5630, 5630, 5630, 5630, 5630, 5630, 5630, 5630, 5630, 5630, 5630, 5630, 5630, 5630, 5630, 5630, 5630, 5630, 5630, 5630, 5630, 5630, 5630, 5630, 5630, 5630, 5630, 5630, 5630, 5630, 5630, 5630, 5630, 5630, 5630, 5630, 5630, 5630, 5630, 5630, 5630, 5630, 5630, 5630, 5630, 5630, 5630, 5630, 5630, 5630, 5630, 5630, 5630, 5630, 5630, 5630, 5630, 5630, 5630, 5630, 5630, 5630, 5630, 5630, 5630, 5630, 5630, 5630, 5630, 5630, 5630, 5630, 5630, 5630, 5630, 5630, 5630, 5630, 5630, 5630, 5630, 5630, 5630, 5630, 5630, 5630, 5630, 5630, 5630, 5630, 5630, 5630, 5630, 5630, 5630, 5630, 5630, 5630, 5630, 5630, 5630, 5630, 5630, 5630, 5630, 5630, 5630, 5630, 5630, 5630, 5630, 5630, 5630, 5630, 5630, 5630, 5630, 5630, 5630, 5630, 5630, 5630, 5630, 5630, 5630, 5630, 5630, 5630, 5630, 5630, 5630, 5630, 5630, 5630, 5630, 5630, 5630, 5630, 5630, 5630, 5630, 5630, 5630, 5630, 5630, 5630, 5630, 5630, 5630, 5630, 5630, 5630, 5630, 5630, 5630, 5630, 5630, 5630, 5630, 5630, 5630, 5630, 5630, 5630, 5630, 5630, 5630, 5630, 5630, 5630, 5630, 5630, 5630, 5630, 5630, 5630, 5630, 5630, 5630, 5630, 5630, 5630, 5630, 5630, 5630, 5630, 5630, 5630, 5630, 5630, 5630, 5630, 5630, 5630, 5630, 5630, 5630, 5630, 5630, 5630, 5630, 5630, 5630, 5630, 5630, 5630, 5630, 5630, 5630, 5630, 5630, 5630, 5630, 5630, 5630, 5630, 5630, 5628, 5628, 5628, 5628, 5628, 5628, 5628, 5628, 5628, 5628, 5628, 5628, 5628, 5628, 5628, 5628, 5628, 5628, 5628, 5628, 5628, 5628, 5628, 5628, 5628, 5628, 5628, 5628, 5628, 5628, 5628, 5628, 5628, 5628, 5628, 5628, 5628, 5628, 5628, 5628, 5628, 5628, 5628, 5628, 5628, 5628, 5628, 5628, 5628, 5628, 5628, 5628, 5628, 5628, 5628, 5628, 5628, 5628, 5628, 5628, 5628, 5628, 5628, 5628, 5628, 5628, 5628, 5628, 5628, 5628, 5628, 5628, 5628, 5628, 5628, 5628, 5628, 5628, 5628, 5628, 5628, 5628, 5628, 5628, 5628, 5628, 5628, 5628, 5628, 5628, 5628, 5628, 5628, 5628, 5628, 5628, 5628, 5628, 5628, 5628, 5628, 5628, 5628, 5628, 5628, 5628, 5628, 5628, 5628, 5628, 5628, 5628, 5628, 5628, 5628, 5628, 5628, 5628, 5628, 5628, 5628, 5628, 5628, 5628, 5628, 5628, 5628, 5628, 5628, 5628, 5628, 5628, 5628, 5628, 5628, 5628, 5628, 5628, 5628, 5628, 5628, 5628, 5628, 5628, 5628, 5628, 5628, 5628, 5628, 5628, 5628, 5628, 5628, 5628, 5628, 5628, 5628, 5628, 5628, 5628, 5628, 5628, 5628, 5628, 5628, 5626, 5626, 5626, 5626, 5626, 5626, 5626, 5626, 5626, 5626, 5626, 5626, 5626, 5626, 5626, 5626, 5626, 5626, 5626, 5626, 5626, 5626, 5626, 5626, 5626, 5626, 5626, 5626, 5626, 5626, 5626, 5626, 5626, 5626, 5626, 5626, 5626, 5626, 5626, 5626, 5626, 5626, 5626, 5626, 5626, 5626, 5626, 5626, 5626, 5626, 5626, 5626, 5626, 5626, 5626, 5626, 5626, 5626, 5626, 5626, 5626, 5626, 5626, 5626, 5626, 5626, 5626, 5626, 5626, 5626, 5626, 5626, 5626, 5626, 5626, 5626, 5626, 5626, 5626, 5626, 5626, 5626, 5626, 5626, 5626, 5626, 5626, 5626, 5626, 5626, 5626, 5626, 5626, 5626, 5626, 5626, 5626, 5626, 5626, 5626, 5626, 5626, 5626, 5626, 5626, 5626, 5626, 5626, 5626, 5626, 5626, 5626, 5626, 5626, 5626, 5626, 5626, 5626, 5626, 5626, 5626, 5626, 5626, 5626, 5626, 5626, 5626, 5626, 5626, 5626, 5626, 5626, 5626, 5626, 5626, 5626, 5626, 5626, 5626, 5626, 5626, 5626, 5626, 5626, 5626, 5626, 5626, 5626, 5626, 5626, 5626, 5626, 5626, 5626, 5626, 5626, 5626, 5626, 5626, 5626, 5626, 5626, 5626, 5626, 5626, 5626, 5626, 5626, 5626, 5626, 5626, 5626, 5626, 5626, 5626, 5626, 5626, 5626, 5626, 5626, 5626, 5626, 5626, 5626, 5626, 5626, 5626, 5626, 5626, 5626, 5626, 5626, 5626, 5626, 5626, 5626, 5624, 5624, 5624, 5624, 5624, 5624, 5624, 5624, 5624, 5624, 5624, 5624, 5624, 5624, 5624, 5624, 5624, 5624, 5624, 5624, 5624, 5624, 5624, 5624, 5624, 5624, 5624, 5624, 5624, 5624, 5624, 5624, 5624, 5624, 5624, 5624, 5624, 5624, 5624, 5624, 5624, 5624, 5624, 5624, 5624, 5624, 5624, 5624, 5624, 5624, 5624, 5624, 5624, 5624, 5624, 5624, 5624, 5624, 5624, 5624, 5624, 5624, 5624, 5624, 5624, 5624, 5624, 5624, 5624, 5624, 5624, 5624, 5624, 5624, 5624, 5624, 5624, 5624, 5624, 5624, 5624, 5624, 5624, 5624, 5624, 5624, 5624, 5624, 5624, 5624, 5624, 5624, 5624, 5624, 5624, 5624, 5624, 5624, 5624, 5624, 5624, 5624, 5624, 5624, 5624, 5624, 5624, 5624, 5624, 5624, 5624, 5624, 5624, 5624, 5624, 5624, 5624, 5624, 5624, 5624, 5624, 5624, 5624, 5624, 5624, 5624, 5624, 5624, 5624, 5624, 5624, 5624, 5624, 5624, 5624, 5624, 5624, 5624, 5624, 5624, 5624, 5624, 5624, 5624, 5624, 5624, 5624, 5624, 5624, 5624, 5624, 5624, 5624, 5624, 5624, 5624, 5624, 5624, 5624, 5624, 5624, 5624, 5624, 5624, 5624, 5624, 5624, 5624, 5624, 5624, 5624, 5624, 5624, 5624, 5624, 5624, 5624, 5624, 5624, 5624, 5624, 5624, 5624, 5624, 5624, 5624, 5624, 5624, 5624, 5624, 5624, 5624, 5624, 5624, 5624, 5624, 5624, 5624, 5624, 5624, 5624, 5624, 5624, 5624, 5624, 5624, 5624, 5624, 5624, 5624, 5624, 5624, 5624, 5624, 5624, 5624, 5624, 5624, 5624, 5624, 5624, 5624, 5624, 5622, 5622, 5622, 5622, 5622, 5622, 5622, 5622, 5622, 5622, 5622, 5622, 5622, 5622, 5622, 5622, 5622, 5622, 5622, 5622, 5622, 5622, 5622, 5622, 5622, 5622, 5622, 5622, 5622, 5622, 5622, 5622, 5622, 5622, 5622, 5622, 5622, 5622, 5622, 5622, 5622, 5622, 5622, 5622, 5622, 5622, 5622, 5622, 5622, 5622, 5622, 5622, 5622, 5622, 5622, 5622, 5622, 5622, 5622, 5622, 5622, 5622, 5622, 5622, 5622, 5622, 5622, 5622, 5622, 5622, 5622, 5622, 5622, 5622, 5622, 5622, 5622, 5622, 5622, 5622, 5622, 5622, 5622, 5622, 5622, 5622, 5622, 5622, 5622, 5622, 5622, 5622, 5622, 5622, 5622, 5622, 5622, 5622, 5622, 5622, 5622, 5622, 5622, 5622, 5622, 5622, 5622, 5622, 5622, 5622, 5622, 5622, 5622, 5622, 5622, 5622, 5622, 5622, 5622, 5622, 5622, 5622, 5622, 5622, 5622, 5622, 5622, 5622, 5622, 5622, 5622, 5622, 5622, 5622, 5622, 5622, 5622, 5622, 5622, 5622, 5622, 5622, 5622, 5622, 5622, 5622, 5622, 5622, 5622, 5622, 5622, 5622, 5622, 5622, 5622, 5622, 5622, 5622, 5622, 5622, 5622, 5622, 5622, 5622, 5622, 5622, 5622, 5622, 5622, 5622, 5622, 5622, 5622, 5622, 5622, 5622, 5622, 5622, 5622, 5622, 5622, 5622, 5622, 5622, 5622, 5622, 5622, 5622, 5622, 5622, 5622, 5622, 5622, 5622, 5622, 5622, 5622, 5622, 5622, 5622, 5622, 5622, 5622, 5622, 5622, 5622, 5622, 5622, 5622, 5622, 5622, 5622, 5622, 5622, 5622, 5622, 5622, 5622, 5622, 5622, 5622, 5622, 5622, 5622, 5622, 5622, 5622, 5622, 5622, 5622, 5622, 5622, 5622, 5622, 5622, 5622, 5622, 5622, 5622, 5622, 5622, 5622, 5622, 5622, 5622, 5622, 5622, 5622, 5622, 5622, 5622, 5622, 5622, 5622, 5622, 5622, 5622, 5622, 5622, 5622, 5622, 5622, 5622, 5622, 5622, 5622, 5622, 5622, 5622, 5622, 5622, 5622, 5622, 5622, 5622, 5622, 5622, 5622, 5622, 5622, 5622, 5622, 5622, 5622, 5622, 5622, 5622, 5622, 5622, 5622, 5622, 5622, 5622, 5622, 5622, 5622, 5622, 5622, 5622, 5622, 5622, 5622, 5622, 5622, 5622, 5622, 5622, 5622, 5622, 5622, 5622, 5622, 5622, 5622, 5622, 5622, 5622, 5622, 5622, 5622, 5622, 5622, 5622, 5622, 5622, 5622, 5622, 5622, 5622, 5622, 5622, 5622, 5622, 5622, 5622, 5622, 5622, 5622, 5622, 5622, 5622, 5622, 5622, 5622, 5622, 5622, 5622, 5622, 5622, 5622, 5622, 5622, 5622, 5622, 5622, 5622, 5622, 5622, 5622, 5622, 5622, 5622, 5622, 5622, 5622, 5622, 5622, 5622, 5622, 5622, 5622, 5622, 5622, 5622, 5622, 5622, 5622, 5622, 5622, 5622, 5622, 5622, 5622, 5622, 5622, 5622, 5622, 5622, 5622, 5622, 5622, 5622, 5622, 5622, 5622, 5622, 5622, 5622, 5622, 5622, 5622, 5622, 5622, 5622, 5622, 5622, 5622, 5622, 5622, 5622, 5622, 5622, 5622, 5622, 5622, 5622, 5622, 5622, 5622, 5622, 5622, 5622, 5622, 5622, 5622, 5622, 5622, 5622, 5622, 5622, 5622, 5622, 5622, 5622, 5622, 5622, 5622, 5622, 5622, 5622, 5622, 5622, 5622, 5622, 5622, 5622, 5622, 5622, 5622, 5622, 5622, 5622, 5622, 5622, 5622, 5622, 5622, 5622, 5622, 5622, 5622, 5622, 5622, 5622, 5622, 5622, 5622, 5622, 5622, 5622, 5622, 5622, 5622, 5622, 5622, 5622, 5622, 5622, 5622, 5622, 5622, 5622, 5622, 5622, 5622, 5622, 5622, 5622, 5622, 5622, 5622, 5622, 5622, 5622, 5622, 5622, 5622, 5622, 5622, 5622, 5622, 5622, 5622, 5622, 5622, 5622, 5622, 5622, 5622, 5622, 5622, 5622, 5622, 5622, 5622, 5622, 5622, 5622, 5622, 5622, 5622, 5622, 5622, 5622, 5622, 5622, 5622, 5622, 5622, 5622, 5622, 5622, 5622, 5622, 5622, 5622, 5622, 5622, 5622, 5622, 5622, 5622, 5622, 5622, 5622, 5622, 5622, 5622, 5622, 5622, 5622, 5622, 5622, 5622, 5622, 5622, 5622, 5622, 5622, 5622, 5622, 5622, 5622, 5622, 5622, 5622, 5622, 5622, 5622, 5622, 5622, 5622, 5622, 5622, 5622, 5622, 5622, 5622, 5622, 5622, 5622, 5622, 5622, 5622, 5622, 5622, 5622, 5622, 5622, 5622, 5622, 5622, 5622, 5622, 5622, 5622, 5622, 5622, 5622, 5622, 5622, 5622, 5622, 5622, 5622, 5622, 5622, 5622, 5622, 5622, 5622, 5622, 5622, 5622, 5622, 5622, 5622, 5622, 5622, 5622, 5622, 5622, 5622, 5622, 5622, 5622, 5622, 5622, 5622, 5622, 5622, 5622, 5622, 5622, 5622, 5622, 5622, 5622, 5622, 5622, 5622, 5622, 5622, 5622, 5622, 5622, 5622, 5622, 5622, 5622, 5622, 5622, 5622, 5622, 5622, 5622, 5622, 5622, 5622, 5622, 5622, 5622, 5622, 5622, 5622, 5622, 5622, 5622, 5622, 5622, 5622, 5622, 5622, 5622, 5622, 5622, 5622, 5622, 5622, 5622, 5622, 5622, 5622, 5622, 5622, 5622, 5622, 5622, 5622, 5622, 5622, 5622, 5622, 5622, 5622, 5622, 5622, 5622, 5622, 5622, 5622, 5622, 5622, 5622, 5622, 5622, 5622, 5622, 5622, 5622, 5622, 5622, 5622, 5622, 5622, 5622, 5622, 5622, 5622, 5622, 5622, 5622, 5622, 5622, 5622, 5622, 5622, 5622, 5622, 5622, 5622, 5622, 5622, 5622, 5622, 5622, 5622, 5622, 5622, 5622, 5622, 5622, 5622, 5622, 5622, 5622, 5622, 5622, 5622, 5622, 5622, 5622, 5622, 5622, 5622, 5622, 5622, 5622, 5622, 5622, 5622, 5622, 5622, 5622, 5622, 5622, 5622, 5622, 5622, 5622, 5622, 5622, 5622, 5622, 5622, 5622, 5622, 5622, 5622, 5622, 5622, 5622, 5622, 5622, 5622, 5622, 5622, 5622, 5622, 5622, 5622, 5622, 5622, 5622, 5622, 5622, 5622, 5622, 5622, 5622, 5622, 5622, 5622, 5622, 5622, 5622, 5622, 5622, 5622, 5622, 5622, 5622, 5622, 5622, 5622, 5622, 5622, 5622, 5622, 5622, 5622, 5622, 5622, 5622, 5622, 5622, 5622, 5622, 5622, 5622, 5622, 5622, 5622, 5622, 5622, 5622, 5622, 5622, 5622, 5622, 5622, 5622, 5622, 5622, 5622, 5622, 5622, 5622, 5622, 5622, 5622, 5622, 5622, 5622, 5622, 5622, 5622, 5622, 5622, 5622, 5622, 5622, 5622, 5622, 5622, 5622, 5622, 5622, 5622, 5622, 5622, 5622, 5622, 5622, 5622, 5622, 5622, 5622, 5622, 5622, 5622, 5622, 5622, 5622, 5622, 5622, 5622, 5622, 5622, 5622, 5622, 5622, 5622, 5622, 5622, 5622, 5622, 5622, 5622, 5622, 5622, 5622, 5622, 5622, 5622, 5622, 5622, 5622, 5622, 5622, 5622, 5622, 5622, 5622, 5622, 5622, 5622, 5622, 5622, 5622, 5622, 5622, 5622, 5622, 5622, 5622, 5622, 5622, 5622, 5622, 5622, 5622, 5622, 5622, 5622, 5622, 5622, 5622, 5622, 5622, 5622, 5622, 5622, 5622, 5622, 5622, 5622, 5622, 5622, 5622, 5622, 5622, 5622, 5622, 5622, 5622, 5622, 5622, 5622, 5622, 5622, 5622, 5622, 5622, 5622, 5622, 5622, 5622, 5622, 5622, 5622, 5622, 5622, 5622, 5622, 5622, 5622, 5622, 5622, 5622, 5622, 5622, 5622, 5622, 5622, 5622, 5622, 5622, 5622, 5622, 5622, 5622, 5622, 5622, 5622, 5622, 5622, 5622, 5622, 5622, 5622, 5622, 5622, 5622, 5622, 5622, 5622, 5622, 5622, 5622, 5622, 5622, 5622, 5622, 5622, 5622, 5622, 5622, 5622, 5622, 5622, 5622, 5622, 5622, 5622, 5622, 5622, 5622, 5622, 5622, 5622, 5622, 5622, 5622, 5622, 5622, 5622, 5622, 5622, 5622, 5622, 5622, 5622, 5622, 5622, 5622, 5622, 5622, 5622, 5622, 5622, 5622, 5622, 5622, 5622, 5622, 5622, 5622, 5622, 5622, 5622, 5622, 5622, 5622, 5622, 5622, 5622, 5622, 5622, 5622, 5622, 5622, 5622, 5622, 5622, 5622, 5622, 5622, 5622, 5622, 5622, 5622, 5622, 5622, 5622, 5622, 5622, 5622, 5622, 5622, 5622, 5622, 5622, 5622, 5622, 5622, 5622, 5622, 5622, 5622, 5622, 5622, 5622, 5622, 5622, 5622, 5622, 5622, 5622, 5622, 5622, 5622, 5622, 5622, 5622, 5622, 5622, 5622, 5622, 5622, 5622, 5622, 5622, 5622, 5622, 5622, 5622, 5622, 5622, 5622, 5622, 5622, 5622, 5622, 5622, 5622, 5622, 5622, 5622, 5622, 5622, 5622, 5622, 5622, 5622, 5622, 5622, 5622, 5622, 5622, 5622, 5622, 5622, 5622, 5622, 5622, 5622, 5622, 5622, 5622, 5622, 5622, 5622, 5622, 5622, 5622, 5622, 5622, 5622, 5622, 5622, 5622, 5622, 5622, 5622, 5622, 5622, 5622, 5622, 5622, 5622, 5622, 5622, 5622, 5622, 5622, 5622, 5622, 5622, 5622, 5622, 5622, 5622, 5622, 5622, 5622, 5622, 5622, 5622, 5622, 5622, 5622, 5622, 5622, 5622, 5622, 5622, 5622, 5622, 5622, 5622, 5622, 5622, 5622, 5622, 5622, 5622, 5622, 5622, 5622, 5622, 5622, 5622, 5622, 5622, 5622, 5622, 5622, 5622, 5622, 5622, 5622, 5622, 5622, 5622, 5622, 5622, 5622, 5622, 5622, 5622, 5622, 5622, 5622, 5622, 5622, 5622, 5622, 5622, 5622, 5622, 5622, 5622, 5622, 5622, 5622, 5622, 5622, 5622, 5622, 5622, 5622, 5622, 5622, 5622, 5622, 5622, 5622, 5622, 5622, 5622, 5622, 5622, 5622, 5622, 5622, 5622, 5622, 5622, 5622, 5622, 5622, 5622, 5622, 5622, 5622, 5622, 5622, 5622, 5622, 5622, 5622, 5622, 5622, 5622, 5622, 5622, 5622, 5622, 5622, 5622, 5622, 5622, 5622, 5622, 5622, 5622, 5622, 5622, 5622, 5622, 5622, 5622, 5622, 5622, 5622, 5622, 5622, 5622, 5622, 5622, 5622, 5622, 5622, 5622, 5622, 5622, 5622, 5622, 5622, 5622, 5622, 5622, 5622, 5622, 5622, 5622, 5622, 5622, 5622, 5622, 5622, 5622, 5622, 5622, 5622, 5622, 5622, 5622, 5622, 5622, 5622, 5622, 5622, 5622, 5622, 5622, 5622, 5622, 5622, 5622, 5622, 5622, 5622, 5622, 5622, 5622, 5622, 5622, 5622, 5622, 5622, 5622, 5622, 5622, 5622, 5622, 5622, 5622, 5622, 5622, 5622, 5622, 5622, 5622, 5622, 5622, 5622, 5622, 5622, 5622, 5622, 5622, 5622, 5622, 5622, 5622, 5622, 5622, 5622, 5622, 5622, 5622, 5622, 5622, 5622, 5622, 5622, 5622, 5622, 5622, 5622, 5622, 5622, 5622, 5622, 5622, 5622, 5622, 5622, 5622, 5622, 5622, 5622, 5622, 5622, 5622, 5622, 5622, 5622, 5622, 5622, 5622, 5622, 5622, 5622, 5622, 5622, 5622, 5622, 5622, 5622, 5622, 5622, 5622, 5622, 5622, 5622, 5622, 5622, 5622, 5622, 5622, 5622, 5622, 5622, 5622, 5622, 5622, 5622, 5622, 5622, 5622, 5622, 5622, 5622, 5622, 5622, 5622, 5622, 5622, 5622, 5622, 5622, 5622, 5622, 5622, 5622, 5622, 5622, 5622, 5622, 5622, 5622, 5622, 5622, 5622, 5622, 5622, 5622, 5622, 5622, 5622, 5622, 5622, 5622, 5622, 5622, 5622, 5622, 5622, 5622, 5622, 5622, 5622, 5622, 5622, 5622, 5622, 5622, 5622, 5622, 5622, 5622, 5622, 5622, 5622, 5622, 5622, 5622, 5622, 5622, 5622, 5622, 5622, 5622, 5622, 5622, 5622, 5622, 5622, 5622, 5622, 5622, 5622, 5622, 5622, 5622, 5622, 5622, 5622, 5622, 5622, 5622, 5622, 5622, 5622, 5622, 5622, 5622, 5622, 5622, 5622, 5622, 5622, 5622, 5622, 5622, 5622, 5622, 5622, 5622, 5622, 5622, 5622, 5622, 5622, 5622, 5622, 5622, 5622, 5622, 5622, 5622, 5622, 5622, 5622, 5622, 5622, 5622, 5622, 5622, 5622, 5622, 5622, 5622, 5622, 5622, 5622, 5622, 5622, 5622, 5622, 5622, 5622, 5622, 5622, 5622, 5622, 5622, 5622, 5622, 5622, 5622, 5622, 5622, 5622, 5622, 5622, 5622, 5622, 5622, 5622, 5622, 5622, 5622, 5622, 5622, 5622, 5622, 5622, 5622, 5622, 5622, 5622, 5622, 5622, 5622, 5622, 5622, 5622, 5622, 5622, 5622, 5622, 5622, 5622, 5622, 5622, 5622, 5622, 5622, 5622, 5622, 5622, 5622, 5622, 5622, 5622, 5622, 5622, 5622, 5622, 5622, 5622, 5622, 5622, 5622, 5622, 5622, 5622, 5622, 5622, 5622, 5622, 5622, 5622, 5622, 5622, 5622, 5622, 5622, 5622, 5622, 5622, 5622, 5622, 5622, 5622, 5622, 5622, 5622, 5622, 5622, 5622, 5622, 5622, 5622, 5622, 5622, 5622, 5622, 5622, 5622, 5622, 5622, 5622, 5622, 5622, 5622, 5622, 5622, 5622, 5622, 5622, 5622, 5622, 5622, 5622, 5622, 5622, 5622, 5622, 5622, 5622, 5622, 5622, 5622, 5622, 5622, 5622, 5622, 5622, 5622, 5622, 5622, 5622, 5622, 5622, 5622, 5622, 5622, 5622, 5622, 5622, 5622, 5622, 5622, 5622, 5622, 5622, 5622, 5622, 5622, 5622, 5622, 5622, 5622, 5622, 5622, 5622, 5622, 5622, 5622, 5622, 5622, 5622, 5622, 5622, 5622, 5622, 5622, 5622, 5622, 5622, 5622, 5622, 5622, 5622, 5622, 5622, 5622, 5622, 5622, 5622, 5622, 5622, 5622, 5622, 5622, 5622, 5622, 5622, 5622, 5622, 5622, 5622, 5622, 5622, 5622, 5622, 5622, 5622, 5622, 5622, 5622, 5622, 5622, 5622, 5622, 5622, 5622, 5622, 5622, 5622, 5622, 5622, 5622, 5622, 5622, 5622, 5622, 5622, 5622, 5622, 5622, 5622, 5622, 5622, 5622, 5622, 5622, 5622, 5622, 5622, 5622, 5622, 5622, 5622, 5622, 5622, 5622, 5622, 5622, 5622, 5622, 5622, 5622, 5622, 5622, 5622, 5622, 5622, 5622, 5622, 5622, 5622, 5622, 5622, 5622, 5622, 5622, 5622, 5622, 5622, 5622, 5622, 5622, 5622, 5622, 5622, 5622, 5622, 5622, 5622, 5622, 5622, 5622, 5622, 5622, 5622, 5622, 5622, 5622, 5622, 5622, 5622, 5622, 5622, 5622, 5622, 5622, 5622, 5622, 5622, 5622, 5622, 5622, 5622, 5622, 5622, 5622, 5622, 5622, 5622, 5622, 5622, 5622, 5622, 5622, 5622, 5622, 5622, 5622, 5622, 5622, 5622, 5622, 5622, 5622, 5622, 5622, 5622, 5622, 5622, 5622, 5622, 5622, 5622, 5622, 5622, 5622, 5622, 5622, 5622, 5622, 5622, 5622, 5622, 5622, 5622, 5622, 5622, 5622, 5622, 5622, 5622, 5622, 5622, 5622, 5622, 5622, 5622, 5622, 5622, 5622, 5622, 5622, 5622, 5622, 5622, 5622, 5622, 5622, 5622, 5622, 5622, 5622, 5622, 5622, 5622, 5622, 5622, 5622, 5622, 5622, 5622, 5622, 5622, 5622, 5622, 5622, 5622, 5622, 5622, 5622, 5622, 5622, 5622, 5622, 5622, 5622, 5622, 5622, 5622, 5622, 5622, 5622, 5622, 5622, 5622, 5622, 5622, 5622, 5622, 5622, 5622, 5622, 5622, 5622, 5622, 5622, 5622, 5622, 5622, 5622, 5622, 5622, 5622, 5622, 5622, 5622, 5622, 5622, 5622, 5622, 5622, 5622, 5622, 5622, 5622, 5622, 5622, 5622, 5622, 5622, 5622, 5622, 5622, 5622, 5622, 5622, 5622, 5622, 5622, 5622, 5622, 5622, 5622, 5622, 5622, 5622, 5622, 5622, 5622, 5622, 5622, 5622, 5622, 5622, 5622, 5622, 5622, 5622, 5622, 5622, 5622, 5622, 5622, 5622, 5622, 5622, 5622, 5622, 5622, 5622, 5622, 5622, 5622, 5622, 5622, 5622, 5622, 5622, 5622, 5622, 5622, 5622, 5622, 5622, 5622, 5622, 5622, 5622, 5622, 5622, 5622, 5622, 5622, 5622, 5622, 5622, 5620, 
Fitness promedio a lo largo del tiempo: 
20323, 17832, 16840, 14107, 11659, 10091, 7548, 7558, 6698, 8321, 7593, 7408, 7462, 7453, 6781, 7804, 7734, 6933, 7183, 7030, 7326, 6909, 6987, 6804, 7154, 7951, 7378, 7163, 7079, 7037, 7039, 6365, 7205, 6933, 6437, 6522, 6965, 6600, 6810, 6468, 7059, 7400, 7248, 6990, 6181, 6810, 7241, 6565, 7001, 6871, 7323, 6418, 6339, 7027, 6274, 6895, 6889, 5983, 5937, 6582, 6796, 6694, 7158, 6306, 6417, 5926, 6293, 6512, 5922, 6442, 5719, 6878, 6660, 6335, 6361, 5842, 6060, 5789, 5792, 7179, 5708, 6063, 5853, 6177, 6443, 6449, 6549, 5711, 6162, 6150, 6094, 5835, 5878, 6334, 5730, 7152, 5947, 6385, 6015, 5824, 6223, 6374, 6384, 6555, 5781, 5855, 6064, 6115, 6648, 7017, 6777, 6664, 6878, 5717, 6643, 6104, 5739, 5998, 5994, 6485, 6154, 6707, 6225, 7086, 7074, 7023, 6383, 6377, 6039, 6858, 6170, 5886, 5993, 6107, 6259, 5996, 6479, 6572, 6375, 6447, 6129, 6740, 6070, 6153, 6361, 6055, 5675, 5985, 5862, 6172, 5696, 6284, 6562, 6927, 6237, 6283, 6604, 6287, 6006, 5653, 5810, 6389, 6021, 6237, 6288, 5700, 5681, 6329, 6606, 7030, 5715, 6249, 5743, 5913, 5865, 5698, 6770, 5908, 5842, 5923, 5954, 6575, 6182, 5812, 5703, 6608, 5796, 7153, 6085, 6241, 6040, 5885, 5842, 5682, 5647, 5690, 6678, 5745, 6123, 6047, 7136, 5825, 6249, 6069, 5802, 5674, 6402, 6199, 6387, 5972, 5861, 6733, 5874, 6334, 6354, 5842, 6275, 5669, 5957, 7186, 6241, 6341, 5824, 6219, 6496, 5683, 5699, 5992, 6336, 5907, 5716, 6227, 6395, 6192, 6306, 6648, 5811, 5689, 6229, 5818, 5674, 6830, 5983, 6938, 6231, 5678, 6003, 6637, 6249, 6126, 6115, 5758, 6350, 6291, 6266, 5925, 6546, 6138, 5746, 6309, 6238, 6015, 6129, 5741, 6453, 6294, 6361, 6146, 6082, 5822, 6029, 5688, 6293, 6403, 5788, 6063, 6932, 6141, 6616, 6325, 6407, 6004, 5724, 6595, 6139, 6333, 5701, 5847, 5918, 6394, 6162, 5799, 6121, 5690, 5816, 7048, 6228, 5681, 6021, 5696, 6071, 6450, 5792, 5683, 6059, 5669, 5749, 5736, 6434, 6025, 6610, 7374, 5772, 5686, 6636, 5968, 5969, 5684, 7208, 6878, 5868, 5963, 6942, 5920, 5693, 5864, 5744, 5692, 6131, 5904, 6255, 5862, 5686, 6454, 6074, 6335, 6717, 6094, 5918, 6381, 5965, 5691, 5833, 6977, 5817, 6504, 6083, 5983, 5975, 6245, 6432, 6083, 6182, 6062, 6809, 5981, 5922, 6433, 6117, 6012, 5854, 6381, 6690, 5983, 6617, 7657, 5895, 5907, 6688, 6163, 7062, 6074, 6051, 6075, 6702, 5837, 6382, 6116, 5754, 6234, 6270, 6446, 6347, 6440, 6151, 5691, 6033, 5960, 5675, 5924, 6239, 6009, 6723, 6405, 6781, 6130, 6025, 6458, 5750, 7200, 5977, 6127, 6602, 6051, 5906, 5969, 5671, 5965, 6567, 5773, 6178, 6384, 5893, 6999, 6441, 6113, 6221, 6125, 5673, 5964, 6228, 6070, 6457, 5700, 6494, 5698, 5879, 5668, 6284, 5852, 6507, 6624, 5763, 6130, 5704, 6204, 6138, 5808, 5697, 5865, 6495, 5799, 5953, 5685, 6096, 6206, 6025, 6058, 6124, 6966, 6722, 6059, 6304, 6643, 6068, 6096, 5804, 6190, 6149, 5854, 6532, 6768, 6130, 6410, 6043, 5910, 6308, 6863, 6071, 5908, 5866, 5955, 5897, 5861, 5669, 5878, 6052, 5899, 6237, 6876, 6344, 5752, 5684, 6210, 6336, 6026, 6092, 6397, 5929, 6025, 5656, 6349, 6663, 6290, 6084, 5857, 5711, 5697, 5660, 7146, 6045, 7321, 6023, 6404, 6068, 6086, 6035, 5678, 6609, 6420, 6462, 6485, 6825, 6381, 5987, 6893, 6510, 5787, 6067, 6446, 6891, 6672, 7051, 6183, 6944, 6116, 6495, 7104, 6253, 6049, 7325, 6517, 6189, 6455, 6613, 6621, 6283, 6332, 6340, 6011, 6122, 6371, 6250, 6393, 5952, 6673, 5684, 6633, 5979, 6938, 5812, 5808, 7485, 5994, 7153, 6635, 6120, 6415, 5686, 6298, 6130, 6247, 6117, 6758, 6520, 6180, 6509, 5807, 6559, 5921, 5872, 6519, 6405, 6017, 6256, 5807, 6348, 5698, 5683, 6447, 5963, 5907, 5655, 6979, 6533, 6203, 5840, 5696, 5889, 5848, 6374, 6667, 7106, 6032, 6017, 6082, 7093, 6010, 6113, 6438, 5955, 5662, 5655, 5914, 6565, 7039, 5745, 6158, 6193, 7052, 6205, 5711, 6591, 6015, 6332, 6500, 5956, 6320, 6603, 5672, 6191, 6227, 6707, 5886, 6279, 6208, 5655, 5965, 6528, 5848, 5883, 5956, 7056, 6446, 5792, 6701, 5688, 5741, 6253, 5672, 6101, 6348, 6533, 5690, 6552, 5838, 5788, 5996, 6181, 5678, 6013, 6158, 6116, 5754, 6133, 5838, 5982, 5953, 6500, 7688, 6566, 6091, 5733, 6659, 6818, 6091, 5686, 6064, 6128, 6250, 5912, 5673, 6593, 6457, 5675, 6392, 6125, 6132, 6067, 6442, 5674, 5656, 6185, 5807, 6301, 6062, 6017, 6591, 6119, 6219, 6031, 5835, 6126, 6164, 6196, 6052, 5910, 6085, 6556, 5906, 6020, 6382, 6235, 6497, 5681, 6403, 5979, 6228, 6169, 5695, 5666, 5863, 5996, 7298, 6167, 5649, 6140, 6079, 5678, 6130, 5745, 5680, 6657, 6086, 6919, 5758, 6086, 5992, 6479, 6455, 5781, 5801, 5710, 5788, 7140, 6293, 6298, 5889, 6077, 5676, 6103, 5676, 5797, 5692, 6055, 5955, 6000, 6292, 5728, 6182, 5703, 6284, 5676, 6330, 6082, 6129, 5904, 6477, 6598, 6299, 6104, 5679, 6004, 6488, 6344, 6113, 6153, 6262, 5671, 5658, 6656, 6107, 5778, 6884, 5667, 6052, 6556, 5676, 5743, 5694, 6657, 5681, 5964, 6169, 5844, 5692, 5685, 6004, 6105, 6427, 6862, 6771, 5828, 5719, 6869, 6172, 6537, 6455, 5914, 6176, 6004, 5674, 6288, 6227, 5662, 6287, 6558, 5906, 5706, 5666, 6417, 6010, 6436, 6664, 6009, 6067, 5676, 6115, 6129, 5865, 5702, 6350, 5672, 5655, 6314, 6024, 5675, 6120, 5683, 6054, 5851, 5965, 5674, 6121, 5903, 6347, 6121, 5746, 5665, 6458, 6325, 5788, 7032, 6910, 5766, 5846, 6655, 5669, 5894, 6594, 5662, 5891, 5683, 5945, 6320, 6314, 6215, 6004, 6576, 6017, 6605, 6055, 6483, 5692, 5843, 6062, 6170, 6017, 5888, 6391, 6114, 6612, 6410, 6033, 6000, 6498, 6056, 5688, 6446, 6331, 6282, 5661, 5915, 7059, 5810, 6072, 5679, 6336, 5688, 5667, 6115, 5659, 6543, 5671, 5854, 6659, 6317, 6077, 6817, 6867, 5744, 6566, 5754, 6815, 5661, 6003, 6532, 5673, 6011, 6497, 5679, 5694, 5847, 6329, 6219, 6542, 6824, 5895, 6711, 6273, 5948, 5685, 6282, 6719, 6756, 5875, 6491, 6503, 6339, 6065, 5969, 5680, 5794, 5690, 6340, 6449, 5730, 5749, 6113, 5965, 6395, 6551, 6075, 5792, 7206, 6005, 5848, 6078, 5849, 6277, 6299, 6179, 6072, 5897, 5667, 6190, 5692, 6551, 5951, 5660, 5661, 6228, 6490, 6696, 5786, 5676, 5864, 5963, 5679, 6696, 5896, 5653, 5687, 6777, 5668, 5983, 6006, 6025, 5945, 6380, 5942, 6535, 5790, 6428, 5667, 5690, 5975, 5835, 5694, 6214, 7032, 6230, 5946, 6540, 6123, 5685, 6584, 5952, 5908, 5694, 5744, 6378, 5668, 5681, 6086, 5667, 6072, 6694, 5679, 5684, 6380, 5952, 6209, 6181, 5664, 6244, 6027, 6441, 6331, 6452, 5683, 6431, 5685, 6560, 5687, 6496, 5660, 6232, 6049, 5692, 5897, 5746, 6338, 5673, 5949, 5848, 5676, 6596, 5742, 5674, 5753, 6219, 6349, 6344, 6061, 6172, 5754, 6078, 6238, 5667, 5980, 6058, 6100, 6072, 5659, 5655, 5795, 6076, 6120, 5838, 5727, 5680, 6592, 5792, 6495, 6197, 6872, 6337, 5898, 6017, 6228, 5675, 6170, 6863, 6224, 6493, 6393, 6059, 6805, 5674, 5675, 5692, 5777, 6427, 6652, 6287, 6446, 6186, 5669, 6053, 5683, 6111, 5943, 6598, 6023, 5789, 5971, 6020, 5695, 5915, 5960, 6472, 5844, 6319, 6053, 6695, 6134, 5678, 6861, 6086, 5948, 5901, 6338, 5691, 6289, 6244, 6501, 5976, 5786, 6446, 6010, 5886, 5672, 5676, 5725, 5676, 6165, 6493, 6814, 6317, 5855, 5944, 6155, 5923, 5854, 5734, 5702, 5959, 6439, 6541, 6065, 5905, 6165, 6143, 5935, 6188, 5948, 6107, 5955, 6603, 6402, 6051, 6278, 6782, 6016, 6392, 6241, 6020, 5664, 6651, 6397, 6398, 6143, 5853, 6120, 5950, 6539, 5998, 6455, 5676, 6165, 6073, 6664, 5953, 5984, 6222, 6775, 6406, 5666, 6222, 6386, 6000, 6395, 6321, 6227, 5962, 5684, 6509, 6643, 5735, 6061, 6215, 6123, 5849, 6129, 6411, 6455, 5692, 6555, 6695, 6230, 5674, 6057, 6488, 6125, 6555, 5680, 5687, 6112, 6518, 5783, 6160, 5952, 6463, 5805, 6122, 5948, 6240, 6700, 5670, 6004, 6118, 5845, 6066, 6511, 6170, 5756, 6350, 5915, 6167, 6057, 6295, 5960, 6064, 5675, 5850, 5887, 5864, 6510, 5957, 6353, 5745, 5870, 6339, 5891, 5790, 6175, 6287, 5968, 5674, 5906, 6058, 6696, 5685, 5658, 6277, 6262, 5672, 5670, 6343, 5684, 5945, 6060, 6181, 5754, 6400, 6768, 6022, 7128, 5905, 6286, 5677, 5918, 5690, 6670, 5675, 6541, 5743, 6632, 5669, 5784, 5701, 5775, 5949, 6499, 6715, 6186, 6897, 5685, 6666, 6073, 6124, 5853, 6853, 6013, 6481, 6131, 5671, 6010, 6077, 5705, 6551, 5684, 5819, 6496, 5977, 6120, 5679, 5899, 6164, 5691, 6119, 6072, 5814, 5859, 5682, 5731, 7031, 5847, 6735, 6755, 5845, 5695, 6001, 6040, 5684, 6080, 5660, 5645, 5680, 5666, 6835, 6160, 6006, 6760, 5993, 6831, 5856, 6064, 6541, 6119, 5806, 5854, 6111, 6590, 6662, 6154, 5695, 6229, 5992, 5908, 5942, 5715, 5649, 6674, 6131, 6108, 5995, 5672, 5679, 5700, 5911, 6223, 6148, 6402, 6111, 5677, 5761, 6484, 6884, 5684, 6086, 6257, 5734, 5743, 5954, 5647, 6270, 5666, 6696, 5701, 5688, 6159, 6234, 5793, 6068, 5684, 6124, 5930, 5848, 6395, 6119, 5727, 5662, 6749, 6002, 6148, 5692, 5676, 6232, 6063, 5698, 5688, 5897, 5968, 6017, 6331, 6449, 7100, 5805, 5915, 6186, 6338, 5690, 6031, 6496, 6000, 6324, 5659, 6499, 5985, 6105, 6230, 6118, 5788, 6567, 5897, 5858, 6591, 5668, 5666, 5687, 5944, 6109, 5682, 5943, 5692, 6452, 5657, 6305, 6686, 5857, 5671, 5693, 7377, 6293, 6011, 6197, 6184, 6492, 6588, 5952, 6520, 5666, 6179, 6567, 5767, 6278, 5670, 6228, 6627, 6499, 6370, 5952, 6036, 6324, 5678, 6572, 6777, 5733, 6453, 6975, 6025, 5859, 6491, 5662, 5665, 5691, 6163, 5686, 6171, 5674, 5951, 6355, 6119, 6329, 5752, 7148, 6549, 5768, 6119, 5686, 6415, 6614, 6653, 5962, 5898, 5804, 6565, 6061, 6608, 5795, 5847, 5823, 6000, 6120, 5660, 6283, 6073, 6645, 6351, 6271, 5958, 6220, 5801, 6399, 6071, 5694, 5661, 5902, 6571, 5858, 5806, 6970, 7251, 5912, 6255, 6079, 6330, 6276, 5844, 5709, 5691, 5672, 5660, 6336, 5861, 6353, 5956, 6437, 6772, 6222, 6213, 5774, 5947, 6434, 5865, 5953, 5673, 5905, 5858, 6256, 6216, 5745, 6085, 6395, 6890, 5836, 5684, 5752, 6951, 6439, 5790, 6010, 6237, 6017, 5806, 6568, 5907, 6325, 6075, 6986, 6121, 5973, 6605, 5680, 6250, 5848, 6182, 6244, 5681, 5804, 6225, 5974, 6822, 5960, 7146, 6349, 5963, 6918, 6503, 6399, 5833, 5956, 6224, 6013, 5676, 5958, 6710, 5970, 5664, 5843, 6403, 5829, 5648, 5728, 6110, 6056, 6165, 5690, 6023, 6025, 5739, 6069, 6275, 6161, 5805, 5909, 5701, 5669, 6279, 6336, 6240, 6399, 6122, 6017, 6299, 5844, 5697, 6623, 6192, 6323, 5885, 6173, 5691, 6219, 5961, 6024, 5751, 6615, 5895, 5959, 6055, 6125, 6594, 5858, 5856, 6194, 6127, 6612, 6060, 5963, 5787, 6292, 5685, 6461, 5689, 6183, 5810, 5659, 5959, 6113, 5954, 5823, 5896, 6639, 6062, 5794, 7028, 6023, 6335, 6013, 5674, 6476, 5702, 6016, 6231, 6622, 6318, 6325, 5909, 5965, 6218, 5915, 5696, 6045, 6290, 6171, 5673, 5763, 6710, 6367, 6173, 6598, 5907, 6711, 5690, 5694, 6116, 6544, 5957, 5943, 5663, 6609, 5677, 5684, 5853, 5902, 5680, 6090, 6550, 6296, 6008, 5844, 6339, 6231, 6493, 6438, 5912, 5813, 6061, 6316, 5670, 6661, 6637, 5679, 5959, 6395, 6877, 5690, 5686, 6557, 5681, 6444, 5755, 5808, 6052, 7032, 5848, 5785, 6020, 6650, 5661, 6333, 5667, 5848, 6120, 6695, 5686, 6585, 5660, 5855, 6295, 5848, 5746, 6122, 5782, 6643, 6449, 5737, 6446, 6340, 5856, 6069, 6173, 6299, 5978, 6332, 5676, 6243, 6773, 6296, 5670, 5661, 5949, 6175, 5885, 5795, 6018, 6159, 6931, 6246, 5816, 5736, 5677, 5750, 6493, 5907, 5659, 6969, 6073, 6008, 6073, 6336, 5747, 6062, 5672, 6167, 6146, 6176, 6203, 5687, 6286, 6843, 5820, 5903, 6062, 5671, 5813, 5708, 5913, 5913, 6005, 5847, 5796, 5653, 6007, 5808, 5666, 6516, 6285, 5986, 6546, 6025, 6048, 6657, 5982, 6658, 5670, 6403, 6815, 6227, 6290, 6292, 6167, 6267, 6401, 6463, 5680, 5662, 5909, 6241, 5746, 6558, 6063, 6107, 7179, 6512, 5831, 5674, 5826, 6105, 6365, 5955, 6492, 5663, 5805, 5872, 6234, 5865, 6953, 6821, 5799, 6224, 6118, 6727, 6387, 5837, 5655, 6449, 5723, 6077, 6267, 6043, 5869, 5677, 6063, 6813, 6432, 6234, 6320, 6286, 6217, 6599, 5677, 5956, 5955, 5677, 5886, 5893, 5883, 6066, 6660, 6346, 6563, 5691, 6125, 6551, 6130, 6026, 5868, 5789, 5953, 5671, 5855, 5797, 5687, 5787, 6212, 6341, 6354, 6343, 7157, 6129, 6078, 6115, 6172, 6868, 6001, 6075, 6450, 6922, 6223, 6758, 5995, 6015, 6433, 5856, 6006, 6229, 6700, 5904, 6089, 6333, 5700, 5787, 6767, 6227, 5675, 6543, 5803, 7168, 5972, 5999, 5963, 5959, 5905, 5907, 5839, 5831, 6294, 5855, 6004, 7353, 6503, 6979, 6979, 5700, 6172, 6174, 5907, 6439, 6766, 6115, 6601, 6656, 6054, 6387, 5976, 6326, 6069, 6119, 5738, 6227, 5664, 5957, 5672, 5830, 5662, 5722, 6206, 6890, 5667, 6063, 6154, 5799, 6075, 6280, 6016, 5920, 6818, 5663, 6438, 6126, 6614, 6283, 7128, 5756, 5942, 6554, 6075, 5898, 6282, 6153, 5996, 5809, 6075, 5805, 5947, 5675, 6387, 5895, 6228, 5901, 6177, 5946, 5733, 6167, 5849, 6113, 5683, 5903, 5657, 5894, 5678, 5671, 6507, 5666, 6564, 6065, 5689, 5846, 5678, 6008, 6233, 6543, 5960, 5790, 6122, 6348, 5687, 5984, 6241, 6277, 6063, 5801, 6062, 6754, 5751, 5963, 6461, 5657, 5903, 6110, 5997, 5684, 5848, 6746, 6621, 6486, 6062, 6493, 6339, 5682, 6077, 5902, 5898, 5657, 6281, 5672, 5679, 6190, 5892, 6525, 6451, 6287, 5859, 5683, 6221, 6135, 5856, 6281, 5802, 5924, 5681, 6333, 5670, 6276, 5954, 5954, 5678, 6658, 6659, 5977, 6245, 6071, 6003, 6131, 5960, 6453, 6824, 6153, 5681, 6815, 5809, 5648, 5757, 6270, 5949, 5853, 6652, 5800, 5948, 5682, 5946, 6174, 5731, 6805, 6117, 5660, 6581, 6123, 6283, 6553, 5962, 6104, 5680, 6708, 6253, 7235, 6461, 6235, 5703, 6283, 5890, 5789, 6319, 5662, 6164, 6069, 6235, 6415, 6826, 5971, 5797, 5700, 6056, 6061, 6115, 5679, 5901, 6260, 5684, 6054, 6005, 6275, 5738, 6756, 6638, 6381, 5685, 6111, 5943, 6120, 6114, 5955, 6168, 6023, 6394, 5937, 6114, 6120, 6355, 6067, 5794, 6444, 6559, 6648, 6289, 5801, 6481, 6127, 5974, 5909, 6120, 6037, 5901, 6539, 5693, 5671, 6073, 6018, 5808, 5943, 6441, 6555, 5854, 6291, 5659, 6389, 5706, 6316, 6646, 5667, 6178, 5701, 6174, 6694, 6708, 6290, 5733, 6808, 5785, 6486, 6075, 5699, 5888, 5939, 6351, 6178, 5798, 5697, 5950, 5666, 6978, 5958, 6559, 6217, 6286, 5701, 5685, 6667, 5732, 5808, 5652, 5695, 6169, 6231, 5795, 5816, 6604, 6334, 5962, 6200, 5716, 6331, 5963, 6329, 5747, 5875, 6669, 5683, 5844, 6236, 6085, 6453, 6340, 6812, 5664, 6601, 5808, 6737, 5852, 5675, 5672, 6125, 5896, 6594, 5777, 5815, 6054, 5682, 6419, 6053, 5691, 6086, 6776, 6758, 6599, 5888, 5671, 6491, 6111, 6403, 5672, 5901, 5913, 6212, 6657, 6555, 5671, 6171, 6410, 5957, 6122, 6659, 6223, 6739, 6582, 5735, 6003, 5691, 5781, 6761, 5893, 5661, 5682, 5661, 6172, 6284, 6558, 6719, 6078, 6338, 6075, 6429, 5991, 6457, 6299, 6492, 6290, 5764, 6401, 5675, 6400, 6933, 5968, 5916, 6297, 6653, 6512, 5711, 6681, 6007, 6224, 5689, 6386, 5687, 6139, 6111, 6176, 5894, 6648, 5956, 6484, 5898, 6178, 6594, 5959, 6281, 6391, 6233, 5905, 5912, 6230, 6538, 5708, 6638, 6176, 6502, 5806, 7129, 6178, 5864, 6580, 6830, 6030, 7049, 6125, 5815, 6276, 5848, 5714, 6666, 7003, 6267, 6125, 6622, 6245, 5687, 6117, 5666, 5688, 6052, 5969, 6018, 5875, 6744, 6005, 6396, 6394, 5905, 6350, 5805, 6072, 5659, 5669, 6171, 6111, 6533, 5796, 5857, 6310, 6001, 6706, 5870, 6702, 5745, 6476, 6387, 6282, 6004, 6135, 5669, 5675, 5671, 6187, 5902, 6001, 6245, 5769, 5971, 5687, 5690, 6225, 6497, 5757, 5687, 6117, 5667, 6168, 5865, 6404, 6136, 6625, 5678, 5841, 6493, 5963, 5665, 5850, 5710, 5677, 6358, 5680, 5896, 5805, 5829, 6113, 6156, 6063, 6129, 6835, 5671, 6267, 6070, 6931, 6121, 5820, 5963, 6228, 6517, 6217, 6063, 6492, 5967, 5797, 6053, 5952, 5836, 5905, 6174, 6006, 5891, 5930, 5658, 5664, 6827, 6519, 5692, 5682, 5697, 5667, 6623, 5860, 6224, 6229, 5872, 5747, 5898, 5663, 6004, 6395, 6181, 5660, 6021, 5860, 5910, 5750, 6372, 7086, 5688, 5676, 6137, 5943, 5957, 5677, 5648, 6187, 6352, 6343, 5903, 6766, 6339, 5748, 5999, 5840, 5843, 5915, 5999, 5805, 6314, 6206, 6622, 5660, 5729, 6166, 6320, 5962, 5810, 6336, 5708, 6462, 5669, 6071, 5910, 6327, 5688, 6075, 6179, 6541, 5823, 6651, 6074, 6570, 7041, 6620, 6185, 6089, 5707, 6205, 6056, 6052, 5882, 6339, 6438, 5675, 5862, 6333, 6002, 5892, 5945, 6179, 6664, 6804, 6061, 5958, 5897, 5678, 5651, 6547, 5728, 6002, 6292, 6047, 5687, 6000, 5687, 6615, 5676, 6039, 6113, 6638, 6330, 5964, 5752, 6772, 6255, 6018, 6443, 6135, 6970, 5697, 6402, 5742, 6396, 6727, 6225, 6297, 6543, 6277, 6535, 6863, 6482, 5679, 5689, 6708, 6168, 5866, 5907, 6049, 6528, 5688, 5965, 5865, 5939, 6488, 5807, 5847, 5647, 6442, 5996, 5924, 5681, 5915, 6008, 5739, 5672, 6344, 5727, 5678, 6392, 6130, 6443, 6324, 5674, 6185, 6102, 5655, 5839, 6778, 5681, 6342, 6143, 5754, 5680, 6053, 6100, 6063, 6723, 5995, 5670, 6164, 5746, 6344, 5845, 6549, 6723, 6236, 5678, 6287, 5687, 6064, 6659, 6284, 5883, 5649, 6388, 5897, 5880, 5700, 5683, 5865, 6444, 6306, 6224, 5656, 6540, 6171, 5697, 5837, 6192, 6027, 6169, 6711, 5686, 6088, 6973, 5716, 6065, 5848, 5863, 5944, 6398, 6877, 5678, 6920, 5789, 6790, 5692, 5681, 5855, 5664, 6128, 6489, 6386, 5680, 7364, 6191, 6170, 6124, 6853, 6427, 7034, 6449, 5683, 5673, 6870, 6136, 6549, 6665, 6388, 5687, 6638, 6443, 5950, 5676, 6430, 6140, 6668, 5905, 6166, 5697, 6369, 6181, 6337, 6544, 6287, 5653, 6194, 5781, 5683, 5750, 5713, 5981, 6355, 6545, 5793, 5950, 6140, 5694, 6110, 5670, 5661, 6165, 6670, 6084, 6277, 5739, 6235, 6304, 6111, 7026, 5859, 5673, 5756, 6009, 6233, 6019, 5728, 5737, 5679, 6488, 5661, 6429, 5727, 6221, 5956, 5963, 6722, 6966, 6399, 7158, 6018, 5708, 5664, 6070, 6289, 6068, 6226, 6070, 5804, 5908, 6114, 5944, 6263, 6314, 6278, 5790, 6651, 5825, 6075, 6226, 5858, 6110, 5892, 5805, 6076, 6170, 5810, 6376, 5659, 6271, 5666, 6223, 6083, 5998, 5897, 5907, 6482, 5864, 5654, 5667, 6128, 5990, 6400, 5814, 6859, 5749, 5817, 7238, 6603, 6998, 6340, 5809, 6231, 6103, 6887, 6292, 6664, 5707, 5662, 5884, 6402, 6650, 6614, 6005, 5682, 5944, 6039, 5846, 5789, 6381, 5865, 5745, 5867, 6123, 5885, 5660, 5692, 5853, 6053, 6043, 6817, 6495, 5937, 6324, 6452, 5879, 5922, 5748, 5904, 5673, 5880, 6218, 6164, 6225, 6161, 5674, 6014, 6564, 6002, 5996, 5800, 6172, 6228, 6113, 5973, 6933, 5679, 5951, 6130, 6324, 6223, 6098, 6016, 5649, 6252, 5700, 6881, 6663, 6321, 6124, 6595, 5681, 6213, 5854, 5807, 5677, 6067, 5698, 6256, 6226, 6269, 5800, 6806, 5972, 5969, 6166, 5906, 6221, 6281, 5684, 5669, 6524, 5688, 6057, 6454, 6563, 6667, 6205, 5941, 6515, 5891, 6500, 5652, 6356, 6110, 5960, 5825, 5787, 5662, 5857, 6362, 6172, 6319, 6278, 6098, 5683, 6055, 6380, 6075, 6575, 5670, 5754, 5668, 6066, 5979, 5951, 6135, 5967, 6675, 6223, 6058, 5798, 5823, 6333, 6115, 5949, 5954, 6282, 5745, 6275, 6676, 5706, 6005, 5680, 5689, 6015, 6114, 5663, 6922, 6011, 6405, 5662, 5671, 5665, 6123, 5784, 6113, 5676, 5848, 6303, 5670, 6057, 5998, 6621, 6072, 6080, 5941, 5740, 6016, 6998, 6616, 5698, 6113, 6533, 6918, 5666, 5670, 6235, 5658, 6012, 5672, 6171, 6251, 5916, 5837, 6402, 6178, 5850, 5681, 6277, 5804, 6112, 5684, 5800, 5971, 5656, 5742, 6112, 6995, 6277, 6537, 6611, 6732, 6609, 6127, 6189, 6419, 6218, 6991, 6127, 5670, 5909, 6587, 5677, 5956, 6000, 6004, 7116, 6506, 6160, 5957, 5669, 6252, 5668, 6989, 6229, 6019, 5673, 6004, 5674, 5655, 5684, 5805, 5915, 6051, 6370, 6603, 6378, 6327, 6444, 6892, 6061, 7005, 6060, 6335, 5650, 5678, 5907, 5675, 6543, 5678, 6328, 5935, 5696, 6168, 5660, 6352, 5961, 5667, 5916, 6355, 6642, 6220, 6440, 5674, 5903, 6430, 6775, 6106, 6129, 5756, 6069, 5670, 6632, 6078, 6714, 6783, 6019, 5817, 7087, 6381, 6030, 6187, 6341, 5954, 5744, 6041, 6323, 6374, 6530, 5687, 6050, 5703, 5858, 5963, 5741, 6053, 5852, 7152, 5696, 5839, 6090, 7169, 6053, 6021, 5668, 5676, 6236, 5969, 6666, 6662, 5655, 5958, 6877, 5905, 5842, 5810, 5848, 6480, 6033, 6005, 5801, 5832, 5797, 5796, 6595, 5821, 5674, 6725, 5701, 6217, 6222, 6112, 6571, 5877, 6006, 5899, 7003, 6128, 5664, 6171, 6280, 6836, 6020, 5682, 6587, 5803, 6866, 6651, 5947, 6431, 5674, 6385, 6065, 6021, 6025, 6417, 6055, 6344, 5843, 5667, 5971, 6543, 5670, 5844, 6280, 6596, 5860, 5905, 5704, 6518, 5944, 6063, 6168, 6221, 6115, 5699, 5669, 6349, 5975, 5949, 6365, 5679, 5658, 5796, 5655, 6819, 5651, 6128, 5738, 5816, 5966, 5855, 6294, 5667, 5668, 5844, 6593, 5766, 5791, 5682, 5683, 5744, 5754, 5729, 6334, 
Mejor solucion obtenida: 40, 26, 24, 25, 21, 23, 22, 35, 0, 4, 15, 16, 17, 20, 18, 19, 13, 14, 12, 33, 34, 32, 31, 11, 8, 10, 9, 7, 6, 5, 29, 30, 28, 27, 3, 2, 1, 36, 37, 38, 39, 41, 42, || Fitness: 5620;