Archivo Usado: p43.atsp
Tamaño de la Poblacion: 100
Reemplazo por Generacion: 5
Tamaño de los Torneos: 6
Cantidad de ciudades: 43
Probabilidad de cruce: 70000
Probabilidad mutacion simple: 23000
Probabilidad mutacion compleja: 20000
Cruces minimos de la mutacion compleja: 4
Iteraciones ejecutadas: 10000
Largo del cruce PMX: 6
Operador de Cruce: 0
Metodo seleccion de Padres: 0
Operador de Mutacion: 0
Metodo seleccion de Supervivientes: 1
Cantidad de threads a usar: 16
0, 4, 17, 18, 20, 19, 16, 15, 13, 12, 14, 34, 33, 10, 9, 8, 11, 32, 31, 29, 7, 6, 5, 30, 28, 27, 3, 2, 1, 36, 37, 39, 38, 42, 40, 41, 26, 25, 24, 21, 22, 23, 35, 
9, 8, 11, 31, 32, 29, 7, 6, 5, 30, 27, 28, 3, 2, 1, 36, 37, 39, 38, 42, 40, 41, 26, 25, 24, 21, 22, 23, 35, 0, 4, 17, 18, 20, 19, 16, 15, 13, 12, 14, 34, 33, 10, 
9, 8, 11, 32, 31, 29, 7, 6, 5, 30, 27, 28, 3, 2, 1, 36, 37, 39, 38, 42, 40, 41, 26, 25, 24, 21, 22, 23, 35, 0, 4, 17, 18, 20, 19, 16, 15, 13, 12, 14, 34, 33, 10, 
36, 37, 39, 38, 42, 40, 41, 26, 25, 24, 21, 22, 23, 35, 0, 4, 17, 18, 20, 19, 16, 15, 13, 12, 14, 34, 33, 10, 9, 8, 11, 32, 31, 29, 7, 6, 5, 30, 28, 27, 3, 2, 1, 
22, 23, 35, 0, 4, 17, 18, 20, 19, 16, 15, 13, 12, 14, 34, 33, 10, 9, 8, 11, 32, 31, 29, 7, 6, 5, 30, 28, 27, 3, 2, 1, 36, 37, 39, 38, 42, 40, 41, 26, 25, 24, 21, 
28, 27, 3, 2, 1, 36, 37, 39, 38, 42, 40, 41, 26, 25, 24, 21, 22, 23, 35, 0, 4, 17, 18, 20, 19, 16, 15, 13, 12, 14, 34, 33, 31, 32, 11, 8, 9, 10, 5, 6, 7, 29, 30, 
6, 7, 5, 30, 28, 27, 3, 2, 1, 36, 37, 39, 38, 42, 40, 41, 26, 24, 25, 21, 22, 23, 35, 0, 4, 17, 18, 20, 19, 16, 15, 13, 12, 14, 34, 33, 10, 9, 8, 11, 32, 31, 29, 
22, 23, 35, 0, 4, 17, 18, 19, 20, 16, 15, 13, 12, 14, 34, 33, 10, 9, 8, 11, 32, 31, 29, 7, 6, 5, 30, 28, 27, 3, 2, 1, 36, 37, 39, 38, 42, 40, 41, 26, 25, 24, 21, 
36, 37, 39, 38, 42, 40, 41, 26, 25, 24, 21, 22, 23, 35, 0, 4, 17, 18, 20, 19, 16, 15, 13, 12, 14, 34, 33, 10, 8, 9, 11, 32, 31, 29, 7, 6, 5, 30, 28, 27, 3, 2, 1, 
27, 3, 2, 1, 36, 37, 39, 38, 42, 40, 41, 26, 25, 24, 21, 22, 23, 35, 0, 4, 17, 18, 20, 19, 16, 15, 13, 12, 14, 34, 33, 10, 9, 8, 11, 32, 31, 29, 7, 6, 5, 30, 28, 
23, 35, 0, 4, 17, 18, 20, 19, 16, 15, 13, 12, 14, 34, 33, 10, 9, 8, 11, 32, 31, 29, 7, 6, 5, 30, 28, 27, 3, 2, 1, 36, 37, 39, 38, 42, 40, 41, 26, 25, 24, 21, 22, 
35, 0, 4, 17, 18, 20, 19, 16, 15, 13, 12, 14, 34, 33, 10, 9, 8, 11, 32, 31, 29, 7, 6, 5, 30, 28, 27, 3, 2, 1, 36, 37, 39, 38, 42, 40, 41, 26, 25, 24, 21, 22, 23, 
14, 34, 33, 10, 9, 8, 11, 32, 31, 29, 7, 6, 5, 30, 28, 27, 3, 2, 1, 36, 37, 39, 38, 42, 40, 41, 26, 25, 24, 21, 22, 23, 35, 0, 4, 17, 18, 20, 19, 16, 15, 13, 12, 
13, 12, 14, 34, 33, 10, 9, 8, 11, 32, 31, 29, 7, 6, 5, 30, 28, 27, 3, 2, 1, 36, 37, 39, 38, 42, 40, 41, 26, 25, 24, 21, 22, 23, 35, 0, 4, 17, 18, 20, 19, 16, 15, 
11, 32, 31, 29, 7, 6, 5, 30, 28, 27, 3, 2, 1, 36, 37, 39, 38, 42, 40, 41, 26, 25, 24, 21, 22, 23, 35, 0, 4, 17, 18, 20, 19, 16, 15, 13, 12, 14, 34, 33, 10, 9, 8, 
22, 23, 35, 0, 4, 17, 18, 20, 19, 16, 15, 13, 12, 14, 34, 33, 10, 11, 8, 9, 32, 31, 29, 7, 6, 5, 30, 28, 27, 3, 2, 1, 36, 37, 39, 38, 42, 40, 41, 26, 25, 24, 21, 
30, 28, 27, 3, 2, 1, 36, 37, 39, 38, 42, 40, 41, 26, 25, 24, 21, 22, 23, 35, 0, 4, 17, 18, 20, 19, 16, 15, 13, 12, 14, 34, 33, 10, 9, 8, 11, 32, 31, 29, 7, 6, 5, 
37, 39, 38, 42, 40, 41, 26, 25, 24, 21, 22, 23, 35, 0, 4, 17, 18, 20, 19, 16, 15, 13, 12, 14, 34, 33, 10, 9, 8, 11, 32, 31, 29, 7, 6, 5, 30, 28, 27, 3, 2, 1, 36, 
8, 11, 32, 31, 29, 7, 6, 5, 30, 28, 27, 3, 2, 1, 36, 37, 39, 38, 42, 40, 41, 26, 25, 24, 21, 22, 23, 35, 0, 4, 17, 18, 20, 19, 16, 15, 13, 12, 14, 34, 33, 10, 9, 
38, 42, 40, 41, 26, 25, 24, 21, 22, 23, 35, 0, 4, 17, 18, 20, 19, 16, 15, 13, 12, 14, 34, 33, 10, 9, 8, 11, 32, 31, 29, 7, 6, 5, 30, 28, 27, 3, 2, 1, 36, 37, 39, 
13, 12, 14, 34, 33, 10, 9, 8, 11, 32, 31, 29, 7, 6, 5, 30, 28, 27, 3, 2, 1, 36, 37, 39, 38, 42, 40, 41, 26, 25, 24, 21, 22, 23, 35, 0, 4, 17, 18, 20, 19, 16, 15, 
9, 8, 11, 32, 31, 29, 7, 6, 5, 30, 28, 27, 3, 2, 1, 36, 37, 39, 38, 42, 40, 41, 26, 25, 24, 21, 22, 23, 35, 0, 4, 17, 18, 20, 19, 16, 15, 13, 12, 14, 34, 33, 10, 
37, 39, 38, 42, 40, 41, 26, 25, 24, 21, 22, 23, 35, 0, 4, 17, 18, 20, 19, 16, 15, 13, 12, 14, 34, 33, 10, 9, 8, 11, 32, 31, 29, 7, 6, 5, 30, 28, 27, 3, 2, 1, 36, 
19, 16, 15, 13, 12, 14, 34, 33, 10, 9, 8, 11, 32, 31, 29, 7, 6, 5, 30, 28, 27, 3, 2, 1, 36, 37, 39, 38, 42, 40, 41, 26, 25, 24, 21, 22, 23, 35, 0, 4, 17, 18, 20, 
4, 17, 18, 20, 19, 16, 15, 13, 12, 14, 34, 33, 10, 9, 8, 11, 32, 31, 29, 7, 6, 5, 30, 28, 27, 3, 2, 1, 36, 37, 39, 38, 42, 40, 41, 26, 25, 24, 21, 22, 23, 35, 0, 
18, 20, 19, 16, 15, 13, 12, 14, 34, 33, 10, 9, 8, 11, 32, 31, 29, 7, 6, 5, 30, 28, 27, 3, 2, 1, 36, 37, 39, 38, 42, 40, 41, 26, 25, 24, 21, 22, 23, 35, 0, 4, 17, 
12, 14, 34, 33, 10, 9, 8, 11, 32, 31, 29, 7, 6, 5, 30, 28, 27, 3, 2, 1, 36, 37, 39, 38, 42, 40, 41, 26, 25, 24, 21, 22, 23, 35, 0, 4, 17, 18, 20, 19, 16, 15, 13, 
25, 24, 21, 22, 23, 35, 0, 4, 17, 18, 20, 19, 16, 15, 13, 12, 14, 34, 33, 10, 9, 8, 11, 32, 31, 29, 7, 6, 5, 30, 28, 27, 3, 2, 1, 36, 37, 39, 38, 42, 40, 41, 26, 
4, 17, 18, 20, 19, 16, 15, 13, 14, 12, 34, 33, 31, 9, 8, 11, 32, 10, 29, 7, 6, 5, 30, 28, 27, 3, 2, 1, 36, 37, 39, 38, 42, 40, 41, 26, 25, 24, 21, 22, 23, 35, 0, 
16, 15, 13, 12, 14, 34, 33, 10, 9, 8, 11, 32, 31, 29, 7, 6, 5, 28, 30, 27, 3, 2, 1, 36, 37, 39, 38, 42, 40, 41, 26, 25, 24, 21, 22, 23, 35, 0, 4, 17, 18, 20, 19, 
15, 16, 19, 20, 18, 17, 4, 0, 35, 23, 22, 21, 24, 25, 26, 41, 40, 42, 38, 39, 37, 36, 1, 2, 3, 27, 28, 30, 5, 6, 7, 29, 10, 9, 8, 11, 32, 31, 33, 34, 14, 12, 13, 
3, 27, 28, 30, 5, 6, 7, 29, 31, 32, 11, 8, 9, 10, 33, 34, 14, 12, 13, 15, 16, 19, 20, 18, 17, 4, 0, 35, 23, 22, 21, 24, 25, 26, 41, 40, 42, 38, 39, 37, 36, 1, 2, 
30, 5, 6, 7, 29, 32, 31, 11, 8, 9, 10, 33, 34, 14, 12, 13, 15, 16, 19, 20, 18, 17, 4, 0, 35, 23, 22, 21, 24, 25, 26, 41, 40, 42, 38, 39, 37, 36, 1, 2, 3, 28, 27, 
10, 33, 34, 14, 12, 13, 15, 16, 19, 20, 18, 17, 4, 0, 35, 23, 22, 21, 24, 25, 26, 41, 40, 42, 38, 39, 37, 36, 1, 2, 3, 27, 28, 30, 5, 6, 7, 29, 31, 32, 11, 8, 9, 
14, 12, 13, 15, 16, 19, 20, 18, 17, 4, 0, 35, 23, 22, 21, 24, 25, 26, 41, 40, 42, 38, 39, 37, 36, 1, 2, 3, 27, 28, 30, 5, 6, 7, 29, 31, 32, 11, 8, 9, 10, 33, 34, 
8, 9, 10, 33, 34, 14, 12, 13, 15, 16, 19, 20, 18, 17, 4, 0, 35, 23, 22, 21, 24, 25, 26, 41, 40, 42, 38, 39, 37, 36, 1, 2, 3, 27, 28, 30, 5, 6, 7, 29, 31, 32, 11, 
16, 19, 20, 18, 17, 4, 0, 35, 23, 22, 21, 24, 25, 26, 41, 40, 42, 38, 39, 37, 36, 1, 2, 3, 27, 28, 30, 5, 6, 7, 29, 31, 32, 11, 8, 9, 10, 33, 34, 14, 12, 13, 15, 
14, 12, 13, 15, 16, 19, 20, 18, 17, 4, 0, 35, 23, 22, 21, 24, 25, 26, 41, 40, 42, 38, 39, 37, 36, 1, 2, 3, 27, 28, 30, 5, 6, 7, 29, 31, 32, 11, 8, 9, 10, 33, 34, 
8, 9, 10, 33, 34, 14, 12, 13, 15, 16, 19, 20, 18, 17, 4, 0, 35, 23, 22, 21, 24, 25, 26, 41, 40, 42, 38, 39, 37, 36, 1, 2, 3, 27, 28, 30, 5, 6, 7, 29, 31, 32, 11, 
24, 25, 26, 41, 40, 42, 38, 39, 37, 36, 1, 2, 3, 27, 28, 30, 5, 6, 7, 29, 31, 32, 11, 8, 9, 10, 33, 34, 14, 12, 13, 15, 16, 19, 20, 18, 17, 4, 0, 35, 23, 22, 21, 
16, 19, 20, 18, 17, 4, 0, 35, 23, 22, 21, 24, 25, 26, 41, 40, 42, 38, 39, 37, 36, 1, 2, 3, 28, 27, 30, 5, 6, 7, 29, 31, 32, 11, 8, 9, 10, 33, 34, 14, 12, 13, 15, 
29, 31, 32, 11, 8, 9, 7, 33, 34, 14, 12, 13, 15, 16, 19, 20, 18, 17, 4, 0, 35, 23, 22, 21, 24, 25, 26, 41, 40, 42, 38, 39, 37, 36, 1, 2, 3, 27, 28, 30, 5, 6, 10, 
4, 17, 18, 20, 19, 16, 15, 13, 14, 10, 34, 33, 12, 9, 8, 11, 32, 31, 29, 7, 6, 5, 30, 28, 27, 3, 2, 1, 36, 37, 39, 38, 42, 40, 41, 26, 25, 24, 21, 22, 23, 35, 0, 
6, 7, 5, 30, 28, 27, 3, 2, 1, 36, 37, 39, 38, 42, 40, 41, 26, 25, 24, 21, 22, 23, 35, 0, 4, 17, 18, 20, 19, 16, 15, 13, 12, 14, 34, 10, 33, 9, 8, 11, 32, 31, 29, 
6, 7, 29, 31, 32, 11, 8, 9, 10, 33, 34, 14, 12, 13, 15, 16, 19, 20, 18, 17, 4, 0, 35, 24, 22, 21, 23, 25, 26, 41, 40, 42, 38, 39, 37, 36, 1, 2, 3, 27, 28, 30, 5, 
13, 15, 16, 19, 20, 18, 17, 4, 0, 35, 23, 22, 21, 24, 25, 26, 41, 40, 42, 38, 39, 37, 36, 1, 2, 3, 27, 28, 30, 33, 34, 14, 12, 29, 7, 6, 5, 10, 9, 8, 11, 32, 31, 
12, 14, 34, 33, 10, 9, 8, 11, 32, 31, 29, 7, 6, 5, 30, 27, 3, 2, 1, 36, 37, 39, 38, 42, 40, 41, 26, 25, 24, 21, 22, 23, 35, 0, 4, 17, 18, 20, 19, 16, 15, 13, 28, 
12, 13, 15, 16, 19, 20, 18, 17, 4, 0, 35, 23, 22, 21, 24, 25, 26, 41, 40, 42, 38, 39, 37, 36, 7, 2, 3, 27, 28, 30, 5, 6, 1, 29, 31, 32, 11, 8, 9, 10, 33, 34, 14, 
42, 38, 39, 37, 36, 1, 2, 3, 27, 28, 30, 5, 6, 7, 29, 31, 32, 11, 8, 9, 10, 33, 34, 15, 12, 13, 14, 16, 19, 20, 18, 17, 4, 0, 35, 23, 22, 21, 24, 25, 26, 41, 40, 
33, 31, 14, 12, 13, 15, 16, 19, 20, 18, 17, 4, 0, 35, 23, 22, 21, 24, 25, 26, 41, 40, 42, 38, 39, 37, 36, 1, 2, 3, 27, 28, 34, 29, 32, 11, 8, 9, 10, 7, 6, 5, 30, 
5, 6, 7, 29, 31, 32, 11, 8, 9, 10, 33, 34, 14, 12, 30, 28, 13, 15, 16, 19, 20, 18, 17, 4, 0, 35, 23, 22, 21, 24, 25, 26, 41, 40, 42, 38, 39, 37, 36, 1, 2, 3, 27, 
2, 3, 28, 27, 30, 5, 6, 7, 29, 12, 32, 11, 8, 9, 10, 33, 34, 14, 31, 13, 15, 16, 19, 20, 18, 17, 4, 0, 35, 23, 22, 21, 24, 25, 26, 41, 40, 42, 38, 39, 37, 36, 1, 
5, 6, 7, 29, 31, 32, 11, 8, 9, 10, 33, 34, 14, 12, 13, 15, 16, 19, 20, 18, 17, 4, 0, 37, 23, 22, 21, 24, 25, 26, 41, 40, 42, 38, 39, 35, 36, 1, 2, 3, 27, 28, 30, 
36, 37, 39, 38, 42, 40, 41, 26, 25, 24, 21, 22, 23, 35, 0, 4, 17, 18, 20, 19, 16, 15, 13, 12, 14, 3, 33, 10, 9, 8, 11, 32, 31, 29, 7, 6, 5, 30, 28, 27, 34, 2, 1, 
20, 19, 16, 15, 13, 12, 27, 34, 33, 10, 9, 8, 11, 32, 31, 29, 7, 6, 5, 30, 28, 14, 3, 2, 1, 36, 37, 39, 38, 42, 40, 41, 26, 25, 24, 21, 22, 23, 35, 0, 4, 17, 18, 
28, 30, 5, 6, 7, 29, 31, 32, 11, 8, 9, 10, 33, 34, 14, 1, 13, 15, 16, 19, 20, 18, 17, 4, 0, 35, 23, 22, 21, 24, 25, 26, 41, 40, 42, 38, 39, 37, 36, 12, 2, 3, 27, 
9, 8, 11, 31, 32, 29, 7, 6, 5, 30, 27, 28, 3, 2, 1, 36, 37, 39, 38, 42, 40, 41, 33, 25, 24, 21, 22, 23, 35, 0, 4, 17, 18, 20, 19, 16, 15, 13, 12, 14, 34, 26, 10, 
11, 32, 31, 29, 7, 6, 5, 10, 28, 27, 3, 34, 1, 36, 37, 39, 38, 42, 40, 41, 26, 25, 24, 21, 22, 23, 35, 0, 4, 17, 18, 19, 20, 16, 15, 13, 12, 14, 2, 33, 30, 9, 8, 
35, 23, 22, 21, 24, 25, 26, 41, 40, 42, 38, 39, 31, 36, 1, 2, 3, 27, 28, 30, 5, 6, 7, 29, 37, 32, 11, 8, 9, 10, 33, 34, 14, 12, 13, 15, 16, 19, 20, 18, 17, 4, 0, 
14, 12, 13, 15, 16, 19, 20, 18, 17, 37, 0, 35, 23, 22, 21, 24, 25, 26, 41, 40, 42, 38, 39, 4, 36, 1, 2, 3, 27, 28, 30, 5, 6, 7, 29, 31, 32, 11, 8, 9, 10, 33, 34, 
22, 23, 35, 0, 4, 17, 5, 20, 19, 16, 15, 13, 12, 14, 34, 33, 10, 9, 8, 11, 32, 31, 29, 7, 6, 18, 30, 28, 27, 3, 2, 1, 36, 37, 39, 38, 42, 40, 41, 26, 25, 24, 21, 
23, 35, 0, 4, 17, 31, 20, 19, 16, 15, 13, 12, 14, 34, 33, 10, 9, 8, 11, 32, 18, 29, 7, 6, 5, 30, 28, 27, 3, 2, 1, 36, 37, 39, 38, 42, 40, 41, 26, 25, 24, 21, 22, 
9, 8, 11, 31, 32, 29, 7, 6, 5, 30, 27, 28, 3, 2, 1, 36, 37, 39, 38, 42, 40, 41, 26, 15, 24, 21, 22, 23, 35, 0, 4, 17, 18, 20, 19, 16, 25, 13, 12, 14, 34, 33, 10, 
38, 39, 37, 36, 1, 2, 3, 27, 28, 30, 5, 6, 7, 29, 19, 32, 11, 8, 9, 10, 33, 34, 14, 12, 13, 15, 16, 31, 20, 18, 17, 4, 0, 35, 23, 22, 21, 24, 25, 26, 41, 40, 42, 
10, 33, 34, 14, 12, 13, 15, 16, 19, 20, 18, 17, 4, 0, 35, 23, 22, 21, 24, 32, 26, 41, 40, 42, 38, 39, 37, 36, 1, 2, 3, 27, 28, 30, 5, 6, 7, 29, 31, 25, 11, 8, 9, 
36, 1, 2, 3, 27, 28, 30, 5, 6, 7, 29, 31, 32, 11, 8, 9, 10, 33, 34, 25, 12, 13, 15, 16, 19, 20, 18, 17, 4, 0, 35, 23, 22, 21, 24, 14, 26, 41, 40, 42, 38, 39, 37, 
17, 37, 39, 38, 42, 40, 41, 26, 25, 24, 21, 22, 23, 35, 0, 4, 36, 18, 20, 19, 16, 15, 13, 12, 14, 34, 33, 10, 9, 8, 11, 32, 31, 29, 7, 6, 5, 30, 28, 27, 3, 2, 1, 
34, 3, 27, 12, 30, 5, 6, 7, 29, 31, 32, 11, 8, 9, 10, 33, 2, 14, 28, 13, 15, 16, 19, 20, 18, 17, 4, 0, 35, 23, 22, 21, 24, 25, 26, 41, 40, 42, 38, 39, 37, 36, 1, 
9, 8, 11, 31, 4, 29, 7, 6, 5, 30, 27, 28, 3, 2, 1, 36, 37, 39, 38, 42, 40, 41, 26, 25, 24, 21, 22, 23, 35, 0, 32, 17, 18, 20, 19, 16, 15, 13, 12, 14, 34, 33, 10, 
38, 39, 37, 36, 1, 2, 3, 27, 28, 30, 5, 6, 7, 29, 31, 20, 11, 8, 9, 10, 33, 34, 14, 12, 13, 15, 16, 19, 32, 18, 17, 4, 0, 35, 23, 22, 21, 24, 25, 26, 41, 40, 42, 
42, 38, 39, 37, 36, 1, 2, 3, 27, 28, 30, 5, 6, 7, 29, 31, 32, 11, 8, 9, 10, 33, 20, 14, 12, 13, 15, 16, 19, 34, 18, 17, 4, 0, 35, 23, 22, 21, 24, 25, 26, 41, 40, 
10, 33, 34, 14, 12, 13, 15, 16, 19, 20, 18, 17, 4, 0, 35, 23, 28, 21, 24, 25, 26, 41, 40, 42, 38, 39, 37, 36, 1, 2, 3, 27, 22, 30, 5, 6, 7, 29, 31, 32, 11, 8, 9, 
28, 30, 5, 6, 7, 29, 31, 9, 11, 8, 32, 10, 33, 37, 14, 27, 13, 15, 18, 19, 20, 16, 17, 4, 0, 35, 23, 22, 21, 24, 25, 26, 41, 40, 42, 38, 39, 34, 36, 1, 2, 3, 12, 
6, 7, 5, 0, 28, 27, 3, 2, 1, 36, 37, 39, 38, 42, 40, 41, 26, 25, 24, 21, 22, 23, 35, 30, 4, 17, 18, 20, 19, 16, 15, 13, 12, 14, 34, 33, 10, 9, 8, 11, 32, 31, 29, 
22, 21, 24, 25, 26, 41, 40, 42, 38, 39, 37, 36, 1, 2, 3, 27, 28, 30, 5, 6, 7, 29, 31, 33, 34, 14, 12, 13, 15, 16, 19, 20, 18, 17, 4, 0, 35, 23, 11, 32, 10, 9, 8, 
7, 4, 17, 18, 20, 19, 16, 15, 13, 12, 14, 34, 33, 10, 9, 8, 11, 32, 31, 29, 0, 6, 5, 30, 28, 27, 3, 2, 1, 36, 37, 39, 38, 42, 40, 41, 26, 25, 24, 21, 22, 23, 35, 
36, 37, 39, 38, 42, 40, 41, 26, 25, 24, 10, 22, 23, 35, 0, 4, 17, 18, 20, 19, 16, 15, 13, 12, 14, 34, 33, 21, 9, 8, 11, 32, 31, 29, 7, 6, 5, 30, 28, 27, 3, 2, 1, 
38, 39, 37, 36, 1, 2, 3, 27, 28, 30, 5, 6, 7, 29, 31, 32, 35, 8, 9, 10, 33, 34, 14, 12, 13, 15, 16, 19, 20, 18, 17, 4, 0, 11, 23, 22, 21, 24, 25, 26, 41, 40, 42, 
5, 6, 7, 29, 23, 32, 11, 8, 9, 10, 33, 34, 14, 12, 13, 15, 16, 19, 20, 18, 17, 4, 0, 35, 31, 22, 21, 24, 25, 26, 41, 40, 42, 38, 39, 37, 36, 1, 2, 3, 27, 28, 30, 
27, 28, 30, 5, 6, 7, 22, 31, 32, 11, 8, 9, 10, 33, 34, 14, 12, 13, 15, 16, 19, 20, 18, 17, 4, 0, 35, 23, 29, 21, 24, 25, 26, 41, 40, 42, 38, 39, 37, 36, 1, 2, 3, 
4, 17, 18, 20, 19, 16, 15, 13, 14, 12, 34, 35, 10, 9, 8, 11, 32, 31, 29, 7, 6, 5, 30, 28, 27, 3, 2, 1, 36, 37, 39, 38, 42, 40, 41, 26, 25, 24, 21, 22, 23, 33, 0, 
36, 37, 39, 38, 42, 40, 41, 26, 25, 24, 21, 22, 23, 12, 0, 4, 17, 18, 20, 19, 16, 15, 13, 35, 14, 34, 33, 10, 9, 8, 11, 32, 31, 29, 7, 6, 5, 30, 28, 27, 3, 2, 1, 
41, 40, 42, 38, 39, 37, 36, 1, 18, 3, 27, 28, 30, 5, 6, 7, 29, 31, 32, 11, 8, 9, 10, 33, 34, 14, 12, 13, 15, 16, 19, 20, 2, 17, 4, 0, 35, 23, 22, 21, 24, 25, 26, 
8, 11, 32, 31, 29, 7, 6, 5, 30, 28, 27, 3, 2, 1, 36, 37, 39, 38, 42, 40, 41, 26, 25, 24, 21, 22, 23, 34, 0, 4, 17, 18, 20, 19, 16, 15, 13, 12, 14, 35, 33, 10, 9, 
9, 8, 11, 31, 32, 26, 7, 6, 5, 30, 27, 28, 3, 2, 1, 36, 37, 40, 38, 42, 39, 41, 29, 25, 24, 21, 0, 10, 35, 22, 4, 17, 18, 20, 19, 16, 15, 13, 12, 14, 34, 33, 23, 
28, 30, 5, 6, 7, 29, 31, 32, 11, 8, 9, 10, 33, 34, 14, 12, 13, 15, 16, 19, 20, 35, 17, 4, 0, 18, 23, 22, 21, 24, 25, 26, 41, 40, 42, 38, 39, 37, 36, 1, 2, 3, 27, 
34, 33, 10, 9, 8, 11, 32, 31, 29, 7, 6, 5, 30, 39, 27, 3, 2, 1, 36, 37, 28, 38, 42, 40, 41, 26, 25, 24, 21, 22, 23, 35, 0, 4, 17, 18, 20, 19, 16, 15, 13, 12, 14, 
9, 8, 11, 31, 32, 29, 7, 6, 5, 30, 27, 28, 3, 2, 1, 36, 37, 35, 38, 42, 40, 41, 26, 25, 24, 21, 22, 23, 39, 0, 4, 17, 18, 20, 19, 16, 15, 13, 12, 14, 34, 33, 10, 
38, 10, 37, 36, 1, 2, 3, 28, 27, 30, 5, 6, 7, 29, 32, 31, 11, 8, 9, 39, 33, 34, 14, 12, 13, 15, 16, 19, 20, 18, 17, 4, 0, 35, 23, 22, 21, 24, 25, 26, 41, 40, 42, 
24, 21, 22, 23, 35, 0, 4, 17, 18, 20, 19, 16, 15, 13, 12, 14, 34, 33, 10, 9, 8, 11, 32, 31, 29, 6, 5, 7, 41, 26, 25, 30, 28, 27, 3, 2, 1, 36, 37, 39, 38, 42, 40, 
6, 7, 5, 30, 28, 27, 3, 2, 1, 36, 37, 39, 38, 42, 40, 10, 26, 25, 24, 21, 22, 23, 35, 0, 4, 17, 18, 20, 19, 16, 15, 13, 12, 14, 34, 33, 41, 9, 8, 11, 32, 31, 29, 
9, 8, 11, 31, 32, 29, 7, 6, 5, 30, 27, 28, 3, 2, 1, 36, 37, 23, 38, 42, 40, 41, 26, 25, 24, 21, 22, 39, 35, 0, 4, 17, 18, 20, 19, 16, 15, 13, 12, 14, 34, 33, 10, 
41, 40, 42, 38, 0, 37, 36, 1, 2, 3, 27, 28, 30, 5, 6, 7, 29, 31, 32, 11, 8, 9, 10, 33, 34, 14, 12, 13, 15, 16, 19, 20, 18, 17, 4, 39, 35, 23, 22, 21, 24, 25, 26, 
2, 3, 27, 28, 30, 5, 6, 7, 29, 31, 32, 11, 8, 9, 10, 33, 34, 14, 12, 13, 15, 16, 19, 20, 18, 17, 4, 0, 35, 23, 22, 38, 39, 37, 36, 1, 24, 25, 26, 41, 40, 42, 21, 
20, 19, 16, 15, 13, 12, 35, 39, 33, 10, 1, 8, 11, 32, 31, 29, 7, 6, 5, 30, 28, 27, 3, 2, 9, 36, 37, 23, 38, 42, 40, 41, 26, 25, 24, 21, 22, 34, 14, 0, 4, 17, 18, 
0, 4, 17, 18, 20, 19, 16, 15, 13, 12, 14, 34, 33, 10, 9, 8, 11, 32, 31, 42, 7, 6, 5, 30, 28, 27, 3, 2, 1, 36, 37, 39, 38, 29, 40, 41, 26, 25, 24, 21, 22, 23, 35, 
0, 4, 17, 18, 20, 19, 16, 15, 13, 12, 14, 34, 33, 10, 9, 38, 11, 32, 31, 29, 7, 6, 5, 30, 28, 27, 3, 2, 1, 36, 37, 39, 8, 42, 40, 41, 26, 25, 24, 21, 22, 23, 35, 
11, 39, 37, 36, 1, 2, 3, 28, 27, 30, 5, 6, 7, 29, 32, 31, 38, 8, 9, 10, 33, 34, 14, 12, 13, 15, 16, 19, 20, 18, 17, 4, 0, 35, 23, 22, 21, 24, 25, 26, 41, 40, 42, 
22, 23, 35, 0, 4, 17, 18, 20, 19, 16, 15, 13, 12, 14, 34, 33, 10, 9, 8, 11, 32, 31, 29, 7, 6, 5, 30, 28, 40, 3, 2, 1, 36, 37, 39, 38, 42, 27, 41, 26, 25, 24, 21, 
6, 7, 29, 31, 32, 11, 8, 9, 10, 33, 34, 14, 12, 13, 15, 16, 19, 20, 18, 17, 4, 0, 35, 23, 22, 21, 24, 25, 26, 41, 27, 42, 38, 39, 37, 36, 1, 2, 3, 40, 28, 30, 5, 
Tiempo de ejecucion (total): 6.416
Best fitness a lo largo del tiempo: 
16911, 12211, 11618, 11570, 6494, 6278, 6131, 6131, 6131, 6109, 6046, 5973, 5973, 5962, 5962, 5919, 5839, 5839, 5815, 5815, 5815, 5793, 5793, 5782, 5775, 5773, 5763, 5763, 5756, 5752, 5734, 5734, 5734, 5728, 5726, 5722, 5722, 5718, 5718, 5718, 5712, 5712, 5712, 5712, 5706, 5698, 5698, 5696, 5696, 5696, 5694, 5694, 5694, 5692, 5692, 5678, 5678, 5678, 5676, 5674, 5674, 5674, 5674, 5674, 5674, 5674, 5670, 5670, 5670, 5670, 5670, 5670, 5670, 5670, 5666, 5666, 5666, 5666, 5666, 5666, 5666, 5666, 5666, 5666, 5666, 5664, 5656, 5656, 5650, 5648, 5648, 5648, 5648, 5648, 5648, 5648, 5648, 5648, 5644, 5644, 5644, 5644, 5644, 5644, 5644, 5644, 5644, 5644, 5644, 5644, 5644, 5644, 5644, 5644, 5644, 5644, 5644, 5644, 5642, 5642, 5642, 5642, 5642, 5642, 5642, 5642, 5636, 5636, 5636, 5636, 5636, 5630, 5630, 5630, 5630, 5630, 5630, 5628, 5628, 5628, 5628, 5628, 5628, 5628, 5628, 5628, 5628, 5628, 5628, 5628, 5628, 5628, 5628, 5628, 5628, 5628, 5628, 5628, 5628, 5628, 5628, 5628, 5628, 5628, 5628, 5628, 5628, 5628, 5628, 5628, 5628, 5628, 5628, 5628, 5628, 5628, 5628, 5628, 5628, 5628, 5628, 5628, 5628, 5628, 5628, 5628, 5628, 5628, 5628, 5628, 5628, 5628, 5628, 5628, 5628, 5628, 5628, 5628, 5628, 5628, 5628, 5628, 5628, 5628, 5628, 5628, 5628, 5628, 5628, 5628, 5628, 5628, 5628, 5628, 5628, 5628, 5628, 5628, 5628, 5628, 5628, 5628, 5628, 5628, 5628, 5628, 5628, 5628, 5628, 5628, 5628, 5628, 5628, 5628, 5628, 5628, 5628, 5628, 5628, 5628, 5628, 5628, 5628, 5628, 5628, 5628, 5628, 5628, 5628, 5628, 5628, 5628, 5628, 5628, 5628, 5628, 5628, 5628, 5628, 5628, 5628, 5628, 5628, 5628, 5628, 5628, 5628, 5628, 5628, 5628, 5628, 5628, 5628, 5628, 5628, 5628, 5628, 5628, 5628, 5628, 5628, 5628, 5628, 5628, 5628, 5628, 5628, 5628, 5628, 5628, 5628, 5628, 5628, 5628, 5628, 5628, 5628, 5628, 5628, 5628, 5628, 5628, 5628, 5628, 5628, 5628, 5628, 5628, 5628, 5628, 5628, 5628, 5628, 5628, 5628, 5628, 5628, 5628, 5628, 5628, 5628, 5628, 5628, 5628, 5628, 5628, 5628, 5628, 5628, 5628, 5628, 5628, 5628, 5628, 5628, 5628, 5628, 5628, 5628, 5628, 5628, 5628, 5628, 5628, 5628, 5628, 5628, 5628, 5628, 5628, 5628, 5628, 5628, 5628, 5628, 5628, 5628, 5628, 5628, 5628, 5628, 5628, 5628, 5628, 5628, 5628, 5628, 5628, 5628, 5628, 5628, 5628, 5628, 5628, 5628, 5628, 5628, 5628, 5628, 5628, 5628, 5628, 5628, 5628, 5628, 5628, 5628, 5628, 5628, 5628, 5628, 5628, 5628, 5628, 5628, 5628, 5628, 5628, 5628, 5628, 5628, 5628, 5628, 5628, 5628, 5628, 5628, 5628, 5628, 5628, 5628, 5628, 5628, 5628, 5628, 5628, 5628, 5628, 5628, 5628, 5628, 5628, 5628, 5628, 5628, 5628, 5628, 5628, 5628, 5628, 5628, 5628, 5628, 5628, 5628, 5628, 5628, 5628, 5628, 5628, 5628, 5628, 5628, 5628, 5628, 5628, 5628, 5628, 5628, 5628, 5628, 5628, 5628, 5628, 5628, 5628, 5628, 5628, 5628, 5628, 5628, 5628, 5628, 5628, 5628, 5628, 5628, 5628, 5628, 5628, 5628, 5628, 5628, 5628, 5628, 5628, 5628, 5628, 5628, 5628, 5628, 5628, 5628, 5628, 5628, 5628, 5628, 5628, 5628, 5628, 5628, 5628, 5628, 5628, 5628, 5628, 5628, 5628, 5628, 5628, 5628, 5628, 5628, 5628, 5628, 5628, 5628, 5628, 5628, 5628, 5628, 5628, 5628, 5628, 5628, 5628, 5628, 5628, 5628, 5628, 5628, 5628, 5628, 5628, 5628, 5628, 5628, 5628, 5628, 5628, 5628, 5628, 5628, 5628, 5628, 5628, 5628, 5628, 5628, 5628, 5628, 5628, 5628, 5628, 5628, 5628, 5628, 5628, 5628, 5628, 5628, 5628, 5628, 5628, 5628, 5628, 5628, 5628, 5628, 5628, 5628, 5628, 5628, 5628, 5628, 5628, 5628, 5628, 5628, 5628, 5628, 5628, 5628, 5628, 5628, 5628, 5628, 5628, 5628, 5628, 5628, 5628, 5628, 5628, 5628, 5628, 5628, 5628, 5628, 5628, 5628, 5628, 5628, 5628, 5628, 5628, 5628, 5628, 5628, 5628, 5628, 5628, 5628, 5628, 5628, 5628, 5628, 5628, 5628, 5628, 5628, 5628, 5628, 5628, 5628, 5628, 5628, 5628, 5628, 5628, 5628, 5628, 5628, 5628, 5628, 5628, 5628, 5628, 5628, 5628, 5628, 5628, 5628, 5628, 5628, 5628, 5628, 5628, 5628, 5628, 5628, 5628, 5628, 5628, 5628, 5628, 5628, 5628, 5628, 5628, 5628, 5628, 5628, 5628, 5628, 5628, 5628, 5628, 5628, 5628, 5628, 5628, 5628, 5628, 5628, 5628, 5628, 5628, 5628, 5628, 5628, 5628, 5628, 5628, 5628, 5628, 5628, 5628, 5628, 5628, 5628, 5628, 5628, 5628, 5628, 5628, 5628, 5628, 5628, 5628, 5628, 5628, 5628, 5628, 5628, 5628, 5628, 5628, 5628, 5628, 5628, 5628, 5628, 5628, 5628, 5628, 5628, 5628, 5628, 5628, 5628, 5628, 5628, 5628, 5628, 5628, 5628, 5628, 5628, 5628, 5628, 5628, 5628, 5628, 5628, 5628, 5628, 5628, 5628, 5628, 5628, 5628, 5628, 5628, 5628, 5628, 5628, 5628, 5628, 5628, 5628, 5628, 5628, 5628, 5628, 5628, 5628, 5628, 5628, 5628, 5628, 5628, 5628, 5628, 5628, 5628, 5628, 5628, 5628, 5628, 5628, 5628, 5628, 5628, 5628, 5628, 5628, 5628, 5628, 5628, 5628, 5628, 5628, 5628, 5628, 5628, 5628, 5628, 5628, 5628, 5628, 5628, 5628, 5628, 5628, 5628, 5628, 5628, 5628, 5628, 5628, 5628, 5628, 5628, 5628, 5628, 5628, 5628, 5628, 5628, 5628, 5628, 5628, 5628, 5628, 5628, 5628, 5628, 5628, 5628, 5628, 5628, 5628, 5628, 5628, 5628, 5628, 5628, 5628, 5628, 5628, 5628, 5628, 5628, 5628, 5628, 5628, 5628, 5628, 5628, 5628, 5628, 5628, 5628, 5628, 5628, 5628, 5628, 5628, 5628, 5628, 5628, 5628, 5628, 5628, 5628, 5628, 5628, 5628, 5628, 5628, 5628, 5628, 5628, 5628, 5628, 5628, 5628, 5628, 5628, 5628, 5628, 5628, 5628, 5628, 5628, 5628, 5628, 5628, 5628, 5628, 5628, 5628, 5628, 5628, 5628, 5628, 5628, 5628, 5628, 5628, 5628, 5628, 5628, 5628, 5628, 5628, 5628, 5628, 5628, 5628, 5628, 5628, 5628, 5628, 5628, 5628, 5628, 5628, 5628, 5628, 5628, 5628, 5628, 5628, 5628, 5628, 5628, 5628, 5628, 5628, 5628, 5628, 5628, 5628, 5628, 5628, 5628, 5628, 5628, 5628, 5628, 5628, 5628, 5628, 5628, 5628, 5628, 5628, 5628, 5628, 5628, 5628, 5628, 5628, 5628, 5626, 5626, 5626, 5626, 5626, 5626, 5626, 5626, 5626, 5626, 5626, 5626, 5626, 5626, 5626, 5626, 5626, 5626, 5626, 5626, 5626, 5626, 5626, 5626, 5626, 5626, 5626, 5626, 5626, 5626, 5626, 5626, 5626, 5626, 5626, 5626, 5626, 5626, 5626, 5626, 5626, 5626, 5626, 5626, 5626, 5626, 5626, 5626, 5626, 5626, 5626, 5626, 5626, 5626, 5626, 5626, 5626, 5626, 5626, 5626, 5626, 5626, 5626, 5626, 5626, 5626, 5626, 5626, 5626, 5626, 5626, 5626, 5626, 5626, 5626, 5626, 5626, 5626, 5626, 5626, 5626, 5626, 5626, 5626, 5626, 5626, 5626, 5626, 5626, 5626, 5626, 5626, 5626, 5626, 5626, 5626, 5626, 5626, 5626, 5626, 5626, 5626, 5626, 5626, 5626, 5626, 5626, 5626, 5626, 5626, 5626, 5626, 5626, 5626, 5626, 5626, 5626, 5626, 5626, 5626, 5626, 5626, 5626, 5626, 5626, 5626, 5626, 5626, 5626, 5626, 5626, 5626, 5626, 5626, 5626, 5626, 5626, 5626, 5626, 5626, 5626, 5626, 5626, 5626, 5626, 5626, 5626, 5626, 5626, 5626, 5626, 5626, 5626, 5626, 5626, 5626, 5626, 5626, 5626, 5626, 5626, 5626, 5626, 5626, 5626, 5626, 5626, 5626, 5626, 5626, 5626, 5626, 5626, 5626, 5626, 5626, 5626, 5626, 5626, 5626, 5626, 5626, 5626, 5626, 5626, 5626, 5626, 5626, 5626, 5626, 5626, 5626, 5626, 5626, 5626, 5626, 5626, 5626, 5626, 5626, 5626, 5626, 5626, 5626, 5626, 5626, 5626, 5626, 5626, 5626, 5626, 5626, 5626, 5626, 5626, 5626, 5626, 5626, 5626, 5626, 5626, 5626, 5626, 5626, 5626, 5626, 5626, 5626, 5626, 5626, 5626, 5626, 5626, 5626, 5626, 5626, 5626, 5626, 5626, 5626, 5626, 5626, 5626, 5626, 5626, 5626, 5626, 5626, 5626, 5626, 5626, 5626, 5626, 5626, 5626, 5626, 5626, 5626, 5626, 5626, 5626, 5626, 5626, 5626, 5626, 5626, 5626, 5626, 5626, 5626, 5626, 5626, 5626, 5626, 5626, 5626, 5626, 5626, 5626, 5626, 5626, 5626, 5626, 5626, 5626, 5626, 5626, 5626, 5626, 5626, 5626, 5626, 5626, 5626, 5626, 5626, 5626, 5626, 5626, 5626, 5626, 5626, 5626, 5626, 5626, 5626, 5626, 5626, 5626, 5626, 5626, 5626, 5626, 5626, 5626, 5626, 5626, 5626, 5626, 5626, 5626, 5626, 5626, 5626, 5626, 5626, 5626, 5626, 5626, 5626, 5626, 5626, 5626, 5626, 5626, 5626, 5626, 5626, 5626, 5626, 5626, 5626, 5626, 5626, 5626, 5626, 5626, 5626, 5626, 5626, 5626, 5626, 5626, 5626, 5626, 5626, 5626, 5626, 5624, 5624, 5624, 5624, 5624, 5624, 5624, 5624, 5624, 5624, 5624, 5624, 5624, 5624, 5624, 5624, 5624, 5624, 5624, 5624, 5624, 5624, 5624, 5624, 5624, 5624, 5624, 5624, 5624, 5624, 5624, 5624, 5624, 5624, 5624, 5624, 5624, 5624, 5624, 5624, 5624, 5624, 5624, 5624, 5624, 5624, 5624, 5624, 5624, 5624, 5624, 5624, 5624, 5624, 5624, 5624, 5624, 5624, 5624, 5624, 5624, 5624, 5624, 5624, 5624, 5624, 5624, 5624, 5624, 5624, 5624, 5624, 5624, 5624, 5624, 5624, 5624, 5624, 5624, 5624, 5624, 5624, 5624, 5624, 5624, 5624, 5624, 5624, 5624, 5624, 5624, 5624, 5624, 5624, 5624, 5624, 5624, 5624, 5624, 5624, 5624, 5624, 5624, 5624, 5624, 5624, 5624, 5624, 5624, 5624, 5624, 5624, 5624, 5624, 5624, 5624, 5624, 5624, 5624, 5624, 5624, 5624, 5624, 5624, 5624, 5624, 5624, 5624, 5624, 5624, 5624, 5624, 5624, 5624, 5624, 5624, 5624, 5624, 5624, 5624, 5624, 5624, 5624, 5624, 5624, 5624, 5624, 5624, 5624, 5624, 5624, 5624, 5624, 5624, 5624, 5624, 5624, 5624, 5624, 5624, 5624, 5624, 5624, 5624, 5624, 5624, 5624, 5624, 5624, 5624, 5624, 5624, 5624, 5624, 5624, 5624, 5624, 5624, 5624, 5624, 5624, 5624, 5624, 5624, 5624, 5624, 5624, 5624, 5624, 5624, 5624, 5624, 5622, 5622, 5622, 5622, 5622, 5622, 5622, 5622, 5622, 5622, 5622, 5622, 5622, 5622, 5622, 5622, 5622, 5622, 5622, 5622, 5622, 5622, 5622, 5622, 5622, 5622, 5622, 5622, 5622, 5622, 5622, 5622, 5622, 5622, 5622, 5622, 5622, 5622, 5622, 5622, 5622, 5622, 5622, 5622, 5622, 5622, 5622, 5622, 5622, 5622, 5622, 5622, 5622, 5622, 5622, 5622, 5622, 5622, 5622, 5622, 5622, 5622, 5622, 5622, 5622, 5622, 5622, 5622, 5622, 5622, 5622, 5622, 5622, 5622, 5622, 5622, 5622, 5622, 5622, 5622, 5622, 5622, 5622, 5622, 5622, 5622, 5622, 5622, 5622, 5622, 5622, 5622, 5622, 5622, 5622, 5622, 5622, 5622, 5622, 5622, 5622, 5622, 5622, 5622, 5622, 5622, 5622, 5622, 5622, 5622, 5622, 5622, 5622, 5622, 5622, 5622, 5622, 5622, 5622, 5622, 5622, 5622, 5622, 5622, 5622, 5622, 5622, 5622, 5622, 5622, 5622, 5622, 5622, 5622, 5622, 5620, 
Fitness promedio a lo largo del tiempo: 
21228, 18146, 14835, 13177, 12749, 11709, 9372, 6965, 7757, 7243, 7049, 7124, 7176, 7126, 7619, 6708, 6336, 6815, 7037, 7065, 7621, 7211, 6602, 6421, 7382, 7340, 6722, 6218, 6402, 7047, 7618, 7266, 5811, 6120, 7146, 6669, 6973, 6025, 6660, 6322, 6952, 7546, 6847, 6662, 6440, 6713, 6765, 7117, 6330, 6873, 6954, 6324, 6272, 6893, 6453, 6666, 6523, 5750, 6211, 6215, 6689, 6503, 7106, 7439, 6164, 7481, 6263, 6978, 6229, 6475, 7394, 6657, 6714, 6186, 6475, 6687, 6357, 5713, 6239, 6321, 5992, 6095, 6602, 6649, 5712, 7226, 6855, 7400, 6378, 6580, 6654, 6217, 6920, 6902, 6559, 7380, 6005, 7013, 6860, 6283, 7317, 6344, 6595, 6138, 6435, 6271, 6640, 7024, 6416, 6834, 6861, 6373, 6149, 6309, 7346, 6407, 5762, 6904, 6583, 5943, 6361, 5691, 6031, 6261, 6416, 5721, 5826, 5721, 5686, 6590, 6125, 6207, 6453, 5699, 7318, 6446, 6333, 7135, 6434, 6835, 6536, 5872, 6086, 6707, 6538, 7261, 6044, 6925, 6238, 6406, 7474, 7379, 6310, 6043, 6626, 6933, 6584, 6379, 6219, 6622, 7666, 6573, 5917, 6307, 6245, 7116, 5767, 5801, 7065, 5784, 6990, 6305, 6133, 6349, 6151, 6222, 6347, 6062, 6542, 6849, 7110, 5800, 6726, 7003, 6234, 6027, 6514, 6440, 7251, 5875, 6254, 6196, 6467, 6599, 6395, 6801, 5769, 5709, 6722, 6826, 6598, 6541, 6752, 5937, 5958, 6403, 6242, 7266, 6487, 6501, 5670, 6395, 5680, 6617, 5992, 6918, 5972, 6253, 6989, 6570, 6345, 6837, 5807, 5871, 5930, 6020, 6384, 6247, 5860, 6500, 6456, 6394, 6236, 6784, 6143, 6408, 5688, 6343, 5763, 6067, 6461, 6566, 6454, 6157, 5921, 6226, 5664, 6399, 5862, 7424, 6671, 6183, 6287, 6636, 5715, 6409, 6114, 6412, 5972, 6627, 6092, 6352, 6077, 6608, 6179, 7057, 6562, 6617, 6715, 5897, 6080, 6343, 7048, 5849, 6768, 6568, 5697, 6120, 6889, 6736, 6242, 7302, 6674, 6246, 6726, 6149, 7017, 6258, 6230, 6125, 6286, 5959, 5677, 6448, 5753, 6112, 5803, 6160, 6341, 6332, 6205, 6065, 6396, 6229, 7085, 6530, 6425, 6888, 6340, 5908, 7533, 6984, 6509, 6179, 6706, 6236, 6129, 7101, 6639, 5698, 5687, 6884, 6003, 5709, 5681, 6164, 6589, 6286, 5805, 6313, 6346, 6457, 5797, 6997, 6407, 6941, 6741, 6183, 5954, 6022, 6790, 7047, 6073, 6635, 6106, 7140, 6291, 6986, 6895, 6522, 6693, 6673, 6463, 6503, 6074, 6722, 6843, 6290, 6023, 5758, 6236, 6019, 5913, 6412, 6469, 6401, 7212, 6443, 5838, 5681, 6451, 6783, 6548, 6995, 5687, 6205, 6383, 6186, 6512, 6118, 6513, 6467, 6615, 6733, 6065, 5968, 6492, 6061, 6063, 6830, 5959, 6662, 6774, 6521, 6553, 7041, 6538, 5940, 6076, 6182, 5922, 7512, 6950, 5963, 6429, 6794, 6418, 5960, 6401, 6479, 5746, 6401, 7044, 6144, 7749, 5874, 6453, 6032, 5719, 6007, 6409, 5970, 6289, 6587, 6684, 6584, 6516, 5689, 6835, 5990, 6402, 6486, 6520, 6139, 6456, 6629, 6091, 6677, 6277, 6578, 6589, 6295, 6453, 6289, 6449, 6544, 5968, 6119, 6190, 6726, 6702, 6771, 6075, 6021, 6217, 7206, 6957, 5756, 5678, 6298, 6282, 6476, 6634, 7059, 6488, 6198, 6014, 6330, 6801, 6087, 6273, 6844, 6213, 6037, 6014, 6327, 5698, 5693, 5843, 6020, 5776, 6250, 7201, 6924, 5742, 6901, 5984, 5678, 7042, 6358, 5703, 6353, 5755, 6728, 5804, 6228, 6297, 6627, 6454, 6012, 6363, 6614, 7214, 6231, 6539, 6860, 5775, 6883, 6839, 5912, 6298, 6180, 6436, 5923, 6362, 6664, 6565, 6124, 6462, 5700, 6248, 5959, 6611, 6727, 6579, 5697, 6456, 6018, 6816, 5865, 6509, 5701, 6784, 6122, 6625, 6520, 7795, 6507, 6731, 6229, 6676, 5922, 5842, 6112, 5982, 6638, 6432, 6764, 6082, 5694, 6355, 6558, 6769, 5798, 6166, 7049, 6270, 5933, 6424, 5820, 5956, 5695, 5862, 6368, 6862, 6460, 6738, 5970, 6668, 6628, 6400, 6597, 6028, 7173, 6237, 6296, 6496, 5831, 7355, 6529, 6137, 6236, 6617, 6387, 7377, 6740, 6187, 5858, 6843, 6844, 6893, 6062, 6223, 5677, 5834, 7196, 6940, 6351, 6301, 7141, 6073, 6375, 6612, 6199, 6288, 6728, 6366, 7476, 6471, 6906, 5907, 6239, 6322, 5750, 6747, 6082, 7200, 5961, 6621, 6480, 6360, 6346, 6358, 7583, 6241, 6301, 6693, 6871, 6070, 6238, 6731, 6062, 7000, 5833, 6673, 5904, 6414, 6178, 6572, 6446, 6630, 6390, 7542, 6736, 5702, 6363, 6417, 5748, 5993, 6112, 7000, 5688, 6565, 6367, 5953, 6405, 5708, 7070, 6447, 6079, 6388, 6032, 5722, 6223, 5711, 6687, 5980, 6882, 5963, 6128, 6402, 6022, 5762, 5678, 6127, 6089, 6927, 6557, 7007, 5974, 7537, 6289, 5978, 7104, 6544, 6188, 6241, 5983, 5964, 5947, 6844, 7219, 7050, 5893, 5987, 5781, 5824, 5814, 6132, 5696, 6634, 6132, 6276, 6016, 6618, 6747, 5698, 6229, 6076, 6656, 6295, 6670, 6504, 6127, 6073, 6009, 6190, 6156, 6769, 6413, 6462, 6564, 6938, 6240, 5738, 6823, 7105, 6337, 6068, 6291, 5803, 6099, 5685, 6394, 5974, 6572, 6399, 6787, 6312, 6559, 6332, 5808, 6282, 7176, 6472, 6363, 6407, 6613, 7091, 7049, 6138, 6446, 6736, 5696, 6865, 6517, 5690, 6234, 5686, 5710, 6183, 6283, 6013, 5697, 5707, 5992, 5697, 5923, 6064, 5931, 5744, 6734, 6718, 5915, 6436, 6721, 6974, 6506, 6661, 6675, 6263, 6804, 6747, 6540, 5947, 7047, 7202, 6451, 6249, 6679, 6483, 6156, 5855, 6460, 6421, 6639, 5798, 6409, 6013, 6245, 6331, 6102, 6127, 6839, 6394, 6969, 6368, 5699, 6683, 6890, 6222, 5903, 6660, 5852, 6241, 6014, 6008, 5855, 6391, 6054, 6481, 5979, 7101, 5691, 6166, 5701, 5686, 6068, 6337, 6461, 6015, 6287, 6563, 5966, 6571, 6036, 6283, 6394, 6570, 6568, 6936, 6784, 6318, 6614, 6413, 5677, 6530, 5897, 6079, 6842, 6613, 5694, 5919, 6748, 7044, 6517, 6294, 6269, 6634, 6778, 6712, 6473, 6125, 5974, 6415, 6620, 6731, 7211, 6487, 6790, 6352, 6070, 5747, 5695, 6497, 6995, 6686, 6278, 6359, 6664, 6243, 6821, 6227, 6023, 6210, 6096, 6371, 5925, 6163, 7150, 6606, 6438, 7118, 6579, 6761, 7111, 6062, 6706, 7107, 6813, 6253, 6046, 6137, 5980, 5918, 5691, 7041, 7204, 5692, 6610, 6446, 5915, 6527, 6380, 6249, 6783, 6239, 6671, 6029, 6096, 6030, 6277, 6136, 6394, 5934, 6066, 6133, 5926, 5705, 5959, 6525, 7100, 6429, 5705, 6668, 6166, 6786, 6120, 6074, 6331, 6350, 6412, 6516, 5757, 6081, 6070, 6605, 5740, 5848, 5853, 6446, 5730, 6813, 6004, 5682, 6042, 6516, 6072, 5692, 6287, 6250, 6457, 6414, 6160, 5851, 5799, 6620, 6718, 6014, 5708, 6295, 5743, 7197, 6839, 6393, 6386, 5875, 6058, 6708, 5680, 6643, 5720, 6291, 6229, 5671, 6763, 5788, 6774, 6219, 6923, 6201, 5792, 7360, 6650, 7158, 6782, 6292, 5845, 7409, 6061, 6480, 6114, 6282, 5675, 6351, 6821, 6992, 6562, 5757, 5859, 6020, 6672, 6516, 6357, 6402, 6561, 6546, 6082, 6294, 6016, 5687, 5695, 7140, 6057, 5972, 6072, 5920, 6444, 6236, 6417, 5701, 6680, 6118, 5674, 6750, 6288, 6504, 5982, 6497, 6110, 6337, 6208, 6099, 5962, 6659, 5910, 6306, 6452, 6047, 5759, 5961, 6182, 6069, 6463, 6723, 5971, 6220, 6136, 5697, 5808, 6396, 5950, 6198, 6219, 5664, 6025, 6505, 6341, 7195, 5694, 5851, 5823, 6414, 5741, 7099, 6943, 6710, 7414, 6663, 6965, 7158, 6788, 6289, 6377, 6682, 7293, 6290, 5767, 6023, 5659, 6004, 5858, 6962, 5714, 5889, 6408, 5680, 5959, 6273, 6993, 5972, 6203, 6147, 6144, 6113, 6285, 6119, 6360, 6380, 6411, 6785, 6457, 6840, 6724, 6564, 5763, 5705, 6571, 6333, 5974, 6263, 6250, 5854, 6576, 6020, 6660, 5669, 6397, 6440, 6334, 7047, 5869, 5788, 6303, 5695, 5953, 5746, 5977, 6507, 5708, 6891, 5904, 5677, 5679, 5864, 6538, 5978, 5660, 5995, 6509, 6552, 6452, 6346, 6084, 6687, 7472, 7413, 6875, 6131, 5668, 6564, 6563, 5864, 6344, 6717, 6775, 6269, 5846, 5664, 6171, 6027, 6455, 6688, 6566, 5694, 6066, 6356, 6716, 6045, 6158, 5672, 6227, 6669, 5790, 6013, 6445, 5775, 5805, 6386, 6436, 5877, 6320, 5989, 5857, 6939, 6678, 6004, 6022, 6590, 6193, 6108, 6271, 6357, 5957, 6017, 6552, 7128, 6148, 6029, 6220, 6718, 6613, 6767, 5979, 5667, 7212, 6080, 5699, 6127, 5841, 6126, 5841, 5679, 5997, 6891, 6734, 6784, 5684, 5939, 6129, 6164, 6714, 7109, 6497, 6771, 6290, 5819, 5688, 6935, 6016, 5801, 5909, 5856, 6003, 6168, 6776, 5831, 5871, 5998, 5676, 6121, 6501, 5739, 6060, 5956, 6974, 5997, 5657, 6429, 6284, 5954, 6942, 6556, 6779, 6571, 6252, 5953, 6070, 6064, 5976, 6122, 5689, 6775, 5790, 6442, 5676, 5676, 5909, 5915, 6000, 7182, 7575, 5680, 5752, 6296, 5904, 6393, 5699, 6279, 6735, 6344, 6190, 5907, 5709, 6676, 6979, 7217, 6647, 7104, 6840, 6667, 6977, 6401, 6771, 6281, 6328, 6927, 6645, 6034, 6664, 6451, 6616, 7245, 6063, 6804, 7052, 7194, 5791, 7249, 6226, 5915, 6552, 6227, 6997, 5755, 6043, 6659, 5686, 6762, 6632, 7290, 6669, 6873, 7097, 6237, 6126, 7035, 6777, 6286, 7008, 6514, 6076, 6182, 6299, 5842, 5850, 5711, 6751, 6173, 6236, 6233, 6235, 6948, 6867, 6975, 6292, 6227, 6037, 6672, 6835, 6251, 6260, 6624, 6810, 5678, 5955, 5867, 6380, 6511, 6501, 6548, 6828, 6436, 5680, 6668, 7622, 6210, 7080, 6771, 5844, 6128, 7255, 7031, 7119, 6420, 5905, 6563, 6609, 6484, 5687, 5897, 7327, 6393, 6460, 5848, 5897, 6341, 6365, 6334, 6199, 6353, 5688, 6493, 6493, 6987, 5760, 6169, 6018, 5956, 5800, 6166, 6022, 6400, 6666, 6267, 6059, 7160, 6175, 6054, 6468, 6218, 6825, 7050, 6985, 6581, 6820, 6551, 6169, 6329, 6296, 6304, 7808, 7225, 6194, 6686, 5750, 7045, 6714, 7080, 6833, 6365, 6091, 6022, 6558, 6563, 5950, 6552, 7345, 6544, 5904, 6216, 6447, 6181, 6461, 5951, 5838, 5732, 5666, 6633, 6282, 6390, 6305, 5729, 5676, 6582, 6863, 6063, 6056, 6342, 6729, 6829, 5954, 6315, 6418, 6405, 6427, 6829, 6718, 6736, 5800, 6451, 6190, 6181, 6751, 6689, 6567, 6784, 5842, 7035, 6402, 5959, 5902, 7190, 5698, 5696, 6738, 6275, 5947, 6393, 5947, 6034, 6261, 6082, 6728, 6124, 6715, 6015, 6660, 6020, 5684, 6141, 5804, 6023, 5669, 5693, 6493, 6188, 6153, 7103, 6450, 5676, 6705, 7204, 5709, 7117, 5671, 5666, 6350, 6783, 6288, 5848, 6254, 6938, 5942, 5896, 6295, 6130, 6300, 5753, 5980, 6196, 7046, 6122, 5682, 6197, 6449, 5738, 5898, 5902, 5698, 6289, 5766, 5692, 6836, 5906, 6343, 6070, 5831, 6035, 5709, 6188, 5694, 6917, 6276, 6346, 6673, 5690, 6011, 6265, 5694, 5787, 6651, 5895, 5726, 5899, 5940, 5909, 5649, 5815, 6227, 6556, 6884, 5677, 6750, 6150, 6872, 6458, 5793, 6485, 5669, 6226, 6812, 5919, 6573, 5701, 5779, 6771, 5737, 6137, 6483, 5970, 7208, 6113, 6572, 5741, 6281, 7517, 5665, 6123, 6889, 5686, 6199, 6619, 6075, 6070, 5695, 5944, 5910, 6232, 6601, 6706, 
Mejor solucion obtenida: 28, 27, 3, 2, 1, 36, 37, 39, 38, 42, 40, 41, 26, 25, 24, 21, 22, 23, 35, 0, 4, 17, 18, 20, 19, 16, 15, 13, 12, 14, 34, 33, 31, 32, 11, 8, 9, 10, 5, 6, 7, 29, 30, || Fitness: 5620;