Archivo Usado: p43.atsp
Tamaño de la Poblacion: 100
Reemplazo por Generacion: 5
Tamaño de los Torneos: 7
Cantidad de ciudades: 43
Probabilidad de cruce: 75000
Probabilidad mutacion simple: 13000
Probabilidad mutacion compleja: 25000
Cruces minimos de la mutacion compleja: 4
Iteraciones ejecutadas: 10000
Largo del cruce PMX: 6
Operador de Cruce: 0
Metodo seleccion de Padres: 0
Operador de Mutacion: 0
Metodo seleccion de Supervivientes: 1
Cantidad de threads a usar: 16
28, 1, 2, 3, 36, 37, 38, 39, 41, 42, 40, 26, 25, 24, 21, 22, 23, 35, 0, 4, 15, 19, 20, 18, 16, 17, 14, 12, 13, 33, 34, 31, 32, 11, 8, 9, 10, 5, 7, 30, 29, 6, 27, 
39, 41, 42, 40, 26, 25, 24, 21, 22, 23, 35, 0, 4, 15, 19, 20, 18, 16, 17, 14, 12, 13, 33, 34, 31, 32, 11, 8, 9, 10, 5, 7, 30, 29, 6, 27, 28, 1, 2, 3, 36, 37, 38, 
26, 25, 24, 21, 22, 23, 35, 0, 4, 15, 19, 20, 18, 16, 17, 14, 12, 13, 33, 34, 31, 32, 11, 8, 9, 10, 5, 7, 30, 29, 6, 27, 28, 1, 2, 3, 36, 37, 38, 39, 41, 42, 40, 
6, 27, 28, 1, 2, 3, 36, 37, 38, 39, 41, 42, 40, 26, 25, 24, 21, 22, 23, 35, 0, 4, 15, 19, 20, 18, 16, 17, 14, 12, 13, 33, 34, 31, 32, 11, 8, 9, 10, 5, 7, 30, 29, 
26, 25, 24, 21, 22, 23, 35, 0, 4, 15, 19, 20, 18, 16, 17, 14, 12, 13, 33, 34, 31, 32, 11, 8, 9, 10, 5, 7, 30, 29, 6, 27, 28, 3, 2, 1, 36, 37, 38, 39, 41, 42, 40, 
28, 1, 2, 3, 36, 37, 38, 39, 41, 42, 40, 26, 25, 24, 21, 22, 23, 35, 0, 4, 15, 19, 20, 18, 16, 17, 14, 12, 13, 33, 34, 31, 32, 11, 8, 9, 10, 5, 7, 6, 29, 30, 27, 
26, 25, 24, 21, 22, 23, 35, 0, 4, 15, 19, 20, 18, 16, 17, 14, 12, 13, 33, 34, 31, 32, 11, 8, 9, 10, 5, 7, 30, 29, 6, 27, 28, 1, 2, 3, 36, 37, 39, 38, 41, 42, 40, 
15, 16, 20, 18, 19, 17, 14, 12, 13, 33, 34, 31, 32, 11, 8, 9, 10, 5, 7, 30, 29, 6, 27, 28, 3, 2, 1, 36, 37, 38, 39, 41, 42, 40, 26, 25, 24, 21, 22, 23, 35, 0, 4, 
8, 9, 10, 5, 7, 30, 29, 6, 27, 28, 1, 2, 3, 36, 37, 38, 39, 41, 42, 40, 26, 25, 24, 21, 22, 23, 35, 0, 4, 15, 19, 20, 18, 16, 17, 14, 12, 13, 33, 34, 31, 32, 11, 
2, 1, 36, 37, 38, 39, 41, 42, 40, 26, 25, 24, 21, 22, 23, 35, 0, 4, 15, 16, 20, 18, 19, 17, 14, 12, 13, 33, 34, 31, 32, 11, 8, 9, 10, 5, 7, 30, 29, 6, 27, 28, 3, 
10, 5, 7, 30, 29, 6, 27, 28, 1, 2, 3, 36, 37, 38, 39, 41, 42, 40, 26, 25, 24, 21, 22, 23, 35, 0, 4, 15, 19, 20, 18, 16, 17, 14, 12, 13, 33, 34, 31, 32, 11, 8, 9, 
7, 5, 10, 9, 8, 11, 32, 31, 34, 33, 13, 12, 14, 17, 16, 18, 20, 19, 15, 4, 0, 35, 23, 22, 21, 24, 25, 26, 40, 42, 41, 39, 38, 37, 36, 3, 2, 1, 28, 27, 6, 29, 30, 
24, 25, 26, 40, 42, 41, 39, 38, 37, 36, 3, 2, 1, 28, 27, 6, 29, 30, 7, 5, 10, 9, 8, 11, 32, 31, 34, 33, 13, 12, 14, 17, 16, 18, 20, 19, 15, 4, 0, 35, 23, 22, 21, 
21, 24, 25, 26, 40, 42, 41, 39, 38, 37, 36, 3, 2, 1, 28, 27, 6, 29, 30, 7, 5, 10, 9, 8, 11, 32, 31, 34, 33, 13, 12, 14, 17, 19, 18, 20, 16, 15, 4, 0, 35, 23, 22, 
5, 10, 9, 8, 11, 32, 31, 34, 33, 13, 12, 14, 17, 16, 18, 20, 19, 15, 4, 0, 35, 23, 22, 21, 24, 25, 26, 40, 42, 41, 39, 38, 37, 36, 3, 2, 1, 28, 27, 6, 29, 30, 7, 
11, 32, 31, 34, 33, 13, 12, 14, 17, 16, 18, 20, 19, 15, 4, 0, 35, 23, 22, 21, 24, 25, 26, 40, 42, 41, 39, 38, 37, 36, 3, 2, 1, 28, 27, 6, 29, 30, 7, 5, 10, 9, 8, 
26, 40, 42, 41, 39, 38, 37, 36, 3, 2, 1, 28, 27, 6, 29, 30, 7, 5, 10, 9, 8, 11, 32, 31, 34, 33, 13, 12, 14, 17, 16, 18, 20, 19, 15, 4, 0, 35, 23, 22, 21, 24, 25, 
13, 12, 14, 17, 16, 18, 20, 19, 15, 4, 0, 35, 23, 22, 21, 24, 25, 26, 40, 42, 41, 39, 38, 37, 36, 3, 2, 1, 28, 27, 6, 29, 30, 7, 5, 10, 9, 8, 11, 32, 31, 34, 33, 
26, 40, 42, 41, 39, 38, 37, 36, 3, 2, 1, 28, 27, 6, 29, 30, 7, 5, 10, 9, 8, 11, 32, 31, 34, 33, 13, 12, 14, 17, 19, 18, 20, 16, 15, 4, 0, 35, 23, 22, 21, 24, 25, 
7, 5, 10, 9, 8, 11, 32, 31, 34, 33, 13, 12, 14, 17, 16, 18, 20, 19, 15, 4, 0, 35, 23, 22, 21, 24, 25, 26, 40, 42, 41, 39, 38, 37, 36, 3, 2, 1, 28, 27, 6, 29, 30, 
39, 38, 37, 36, 1, 2, 3, 28, 27, 6, 29, 30, 7, 5, 10, 9, 8, 11, 32, 31, 34, 33, 13, 12, 14, 17, 16, 18, 20, 19, 15, 4, 0, 35, 23, 22, 21, 24, 25, 26, 40, 42, 41, 
13, 12, 14, 17, 16, 18, 20, 19, 15, 4, 0, 35, 23, 22, 21, 24, 25, 26, 40, 42, 41, 39, 38, 37, 36, 3, 2, 1, 28, 27, 6, 29, 30, 7, 5, 10, 9, 8, 11, 32, 31, 34, 33, 
19, 15, 4, 0, 35, 23, 22, 21, 24, 25, 26, 40, 42, 41, 39, 38, 37, 36, 3, 2, 1, 28, 27, 6, 29, 30, 7, 5, 10, 9, 8, 11, 32, 31, 34, 33, 13, 12, 14, 17, 16, 18, 20, 
19, 15, 4, 0, 35, 23, 22, 21, 24, 25, 26, 40, 42, 41, 39, 38, 37, 36, 3, 2, 1, 28, 27, 6, 29, 30, 7, 5, 10, 9, 8, 11, 32, 31, 34, 33, 13, 12, 14, 17, 16, 18, 20, 
32, 31, 34, 33, 13, 12, 14, 17, 16, 18, 20, 19, 15, 4, 0, 35, 23, 22, 21, 24, 25, 26, 40, 42, 41, 39, 38, 37, 36, 1, 2, 3, 28, 27, 6, 29, 30, 7, 5, 10, 9, 8, 11, 
34, 33, 13, 12, 14, 17, 16, 18, 20, 19, 15, 4, 0, 35, 23, 22, 21, 24, 25, 26, 40, 42, 41, 39, 38, 37, 36, 3, 2, 1, 28, 27, 6, 29, 30, 7, 5, 10, 9, 8, 11, 32, 31, 
17, 16, 18, 20, 19, 15, 4, 0, 35, 23, 22, 21, 24, 25, 26, 40, 42, 41, 39, 38, 37, 36, 1, 2, 3, 28, 27, 6, 29, 30, 7, 5, 10, 9, 8, 11, 32, 31, 34, 33, 13, 12, 14, 
5, 10, 9, 8, 11, 32, 31, 34, 33, 13, 12, 14, 17, 19, 18, 20, 16, 15, 4, 0, 35, 23, 22, 21, 24, 25, 26, 40, 42, 41, 39, 38, 37, 36, 3, 2, 1, 28, 27, 6, 29, 30, 7, 
17, 16, 18, 20, 19, 15, 4, 0, 35, 23, 22, 21, 24, 25, 26, 40, 42, 41, 39, 38, 37, 36, 3, 2, 1, 28, 27, 6, 29, 30, 7, 5, 10, 9, 8, 11, 32, 31, 34, 33, 13, 12, 14, 
31, 34, 33, 13, 12, 14, 17, 16, 18, 20, 19, 15, 4, 0, 35, 23, 22, 21, 24, 25, 26, 40, 42, 41, 39, 38, 37, 36, 3, 2, 1, 28, 27, 6, 29, 30, 7, 5, 10, 9, 8, 11, 32, 
5, 10, 9, 8, 11, 32, 31, 34, 33, 13, 12, 14, 17, 16, 18, 20, 19, 15, 4, 0, 35, 23, 22, 21, 24, 25, 26, 40, 42, 41, 39, 38, 37, 36, 3, 2, 1, 28, 27, 6, 29, 30, 7, 
31, 34, 33, 13, 12, 14, 17, 16, 18, 20, 19, 15, 4, 0, 35, 23, 22, 21, 24, 25, 26, 40, 42, 41, 39, 38, 37, 36, 3, 2, 1, 28, 27, 6, 29, 30, 7, 5, 10, 9, 8, 11, 32, 
7, 5, 10, 9, 8, 11, 32, 31, 34, 33, 13, 12, 14, 17, 16, 18, 20, 19, 15, 4, 0, 35, 23, 22, 21, 24, 25, 26, 40, 42, 41, 39, 38, 37, 36, 3, 2, 1, 28, 27, 6, 29, 30, 
26, 40, 42, 41, 39, 38, 37, 36, 3, 2, 1, 28, 27, 6, 29, 30, 7, 5, 10, 9, 8, 11, 32, 31, 34, 33, 13, 12, 14, 17, 16, 18, 20, 19, 15, 4, 0, 35, 23, 22, 21, 24, 25, 
18, 20, 19, 15, 4, 0, 35, 23, 22, 21, 24, 25, 26, 40, 42, 41, 39, 38, 37, 36, 3, 2, 1, 28, 27, 6, 29, 30, 7, 5, 10, 9, 8, 11, 32, 31, 34, 33, 13, 12, 14, 17, 16, 
4, 0, 35, 23, 22, 21, 24, 25, 26, 40, 42, 41, 39, 38, 37, 36, 3, 2, 1, 28, 27, 6, 29, 30, 7, 5, 10, 9, 8, 11, 32, 31, 34, 33, 13, 12, 14, 17, 16, 18, 20, 19, 15, 
41, 39, 38, 37, 36, 3, 2, 1, 28, 27, 6, 29, 30, 7, 5, 10, 9, 8, 11, 32, 31, 34, 33, 13, 12, 14, 17, 16, 18, 20, 19, 15, 4, 0, 35, 23, 22, 21, 24, 25, 26, 40, 42, 
1, 28, 27, 6, 29, 30, 7, 5, 10, 9, 8, 11, 32, 31, 34, 33, 13, 12, 14, 17, 16, 18, 20, 19, 15, 4, 0, 35, 23, 22, 21, 24, 25, 26, 40, 42, 41, 39, 38, 37, 36, 3, 2, 
31, 34, 33, 13, 12, 14, 17, 16, 18, 20, 19, 15, 4, 0, 35, 23, 22, 21, 24, 25, 26, 40, 42, 41, 39, 38, 37, 36, 3, 2, 1, 28, 27, 6, 29, 30, 7, 5, 10, 9, 8, 11, 32, 
41, 39, 38, 37, 36, 3, 2, 1, 28, 27, 6, 29, 30, 7, 5, 10, 9, 8, 11, 32, 31, 34, 33, 13, 12, 14, 17, 16, 18, 20, 19, 15, 4, 0, 35, 23, 22, 21, 24, 25, 26, 40, 42, 
26, 40, 42, 41, 39, 38, 37, 36, 1, 2, 3, 28, 27, 6, 29, 30, 7, 5, 10, 9, 8, 11, 32, 31, 34, 33, 13, 12, 14, 17, 16, 18, 20, 19, 15, 4, 0, 35, 23, 22, 21, 24, 25, 
42, 41, 39, 38, 37, 36, 3, 2, 1, 28, 27, 6, 29, 30, 7, 5, 10, 9, 8, 11, 32, 31, 34, 33, 13, 12, 14, 17, 16, 18, 20, 19, 15, 4, 0, 35, 23, 22, 21, 24, 25, 26, 40, 
39, 38, 37, 36, 1, 2, 3, 28, 27, 6, 29, 30, 7, 5, 10, 9, 8, 11, 32, 31, 34, 33, 13, 12, 14, 17, 16, 18, 20, 19, 15, 4, 0, 35, 23, 22, 21, 24, 25, 26, 40, 42, 41, 
41, 39, 38, 37, 36, 3, 2, 1, 28, 27, 6, 29, 30, 7, 5, 10, 9, 8, 11, 32, 31, 34, 33, 13, 12, 14, 17, 16, 18, 20, 19, 15, 4, 0, 35, 23, 22, 21, 24, 25, 26, 40, 42, 
15, 4, 0, 35, 23, 22, 21, 24, 25, 26, 40, 42, 41, 39, 38, 37, 36, 3, 2, 1, 28, 27, 6, 29, 30, 7, 5, 10, 9, 8, 11, 32, 31, 34, 33, 13, 12, 14, 17, 19, 18, 20, 16, 
8, 11, 32, 31, 34, 33, 13, 12, 14, 17, 16, 18, 20, 19, 15, 4, 0, 35, 23, 22, 21, 24, 25, 26, 40, 42, 41, 39, 38, 37, 36, 3, 2, 1, 28, 27, 6, 29, 30, 7, 5, 10, 9, 
36, 1, 2, 3, 28, 27, 6, 29, 30, 7, 5, 10, 9, 8, 11, 32, 31, 34, 33, 13, 12, 14, 17, 16, 18, 20, 19, 15, 4, 0, 35, 23, 22, 21, 24, 25, 26, 40, 42, 41, 39, 38, 37, 
33, 13, 12, 14, 17, 16, 18, 20, 19, 15, 4, 0, 35, 23, 22, 21, 24, 25, 26, 40, 42, 41, 39, 38, 37, 36, 3, 2, 1, 28, 27, 6, 29, 30, 7, 5, 10, 9, 8, 11, 32, 31, 34, 
2, 1, 28, 27, 6, 29, 30, 7, 5, 10, 9, 8, 11, 32, 31, 34, 33, 13, 12, 14, 17, 16, 18, 20, 19, 15, 4, 0, 35, 23, 22, 21, 24, 25, 26, 40, 42, 41, 39, 38, 37, 36, 3, 
14, 17, 16, 18, 20, 19, 15, 4, 0, 35, 23, 22, 21, 24, 25, 26, 40, 42, 41, 39, 38, 37, 36, 3, 2, 1, 28, 27, 6, 29, 30, 7, 5, 10, 9, 8, 11, 32, 31, 34, 33, 13, 12, 
34, 33, 13, 12, 14, 17, 16, 18, 20, 19, 15, 4, 0, 35, 23, 22, 21, 24, 25, 26, 40, 42, 41, 39, 38, 37, 36, 3, 2, 1, 28, 27, 6, 29, 30, 7, 5, 10, 9, 8, 11, 32, 31, 
12, 14, 17, 16, 18, 20, 19, 15, 4, 0, 35, 23, 22, 21, 24, 25, 26, 40, 42, 41, 39, 38, 37, 36, 3, 2, 1, 28, 27, 6, 29, 30, 7, 5, 10, 9, 8, 11, 32, 31, 34, 33, 13, 
34, 33, 13, 12, 14, 17, 16, 18, 20, 19, 15, 4, 0, 35, 23, 22, 21, 24, 25, 26, 40, 42, 41, 39, 38, 37, 36, 3, 2, 1, 28, 27, 6, 29, 30, 7, 5, 10, 9, 8, 11, 32, 31, 
6, 27, 28, 1, 2, 3, 36, 37, 38, 39, 41, 42, 40, 26, 25, 24, 21, 22, 23, 35, 0, 4, 15, 19, 20, 18, 16, 17, 14, 12, 13, 33, 34, 31, 32, 7, 8, 9, 10, 5, 11, 30, 29, 
27, 28, 2, 1, 3, 36, 37, 38, 39, 41, 42, 40, 26, 25, 24, 21, 22, 23, 35, 0, 4, 15, 19, 20, 18, 16, 17, 14, 12, 13, 33, 34, 31, 30, 11, 8, 9, 10, 5, 7, 32, 29, 6, 
17, 14, 12, 13, 33, 10, 31, 32, 11, 8, 9, 34, 5, 7, 30, 29, 6, 27, 28, 1, 2, 3, 36, 37, 38, 39, 41, 42, 40, 26, 25, 24, 21, 22, 23, 35, 0, 4, 15, 19, 20, 18, 16, 
4, 0, 35, 23, 22, 21, 24, 25, 26, 40, 42, 41, 39, 38, 37, 36, 28, 2, 1, 3, 27, 6, 29, 30, 7, 5, 10, 9, 8, 11, 32, 31, 34, 33, 13, 12, 14, 17, 19, 18, 20, 16, 15, 
32, 11, 8, 9, 27, 5, 7, 30, 29, 6, 10, 28, 1, 2, 3, 36, 37, 38, 39, 41, 42, 40, 26, 25, 24, 21, 22, 23, 35, 0, 4, 15, 19, 20, 18, 16, 17, 14, 12, 13, 33, 34, 31, 
28, 29, 2, 3, 36, 37, 38, 39, 41, 42, 40, 26, 25, 24, 21, 22, 23, 35, 0, 4, 15, 19, 20, 18, 16, 17, 14, 12, 13, 33, 34, 31, 32, 11, 8, 9, 10, 5, 7, 30, 1, 6, 27, 
10, 9, 8, 11, 32, 31, 34, 33, 13, 12, 14, 17, 16, 18, 20, 19, 15, 4, 0, 35, 23, 22, 21, 24, 25, 26, 40, 42, 41, 39, 38, 37, 36, 3, 28, 27, 6, 29, 30, 7, 5, 1, 2, 
5, 10, 9, 8, 11, 32, 31, 34, 33, 13, 12, 14, 17, 16, 18, 20, 19, 15, 4, 0, 35, 23, 22, 21, 24, 25, 26, 40, 42, 41, 39, 38, 37, 36, 3, 28, 27, 6, 29, 30, 7, 1, 2, 
10, 9, 8, 11, 32, 31, 34, 33, 13, 12, 14, 17, 16, 18, 20, 19, 15, 4, 0, 35, 23, 22, 21, 24, 25, 26, 40, 42, 41, 39, 38, 37, 36, 3, 2, 1, 28, 7, 5, 27, 6, 29, 30, 
26, 25, 24, 21, 22, 23, 35, 0, 4, 10, 19, 20, 18, 16, 17, 14, 12, 13, 33, 34, 31, 32, 11, 8, 9, 15, 5, 7, 30, 29, 6, 27, 28, 3, 2, 1, 36, 37, 38, 39, 41, 42, 40, 
27, 28, 2, 1, 3, 36, 35, 38, 39, 41, 42, 40, 26, 25, 24, 21, 22, 23, 37, 0, 4, 15, 19, 20, 18, 16, 17, 14, 12, 13, 33, 34, 31, 32, 11, 8, 9, 10, 5, 7, 30, 29, 6, 
32, 31, 34, 33, 13, 12, 14, 17, 16, 18, 20, 19, 15, 4, 0, 35, 23, 22, 21, 24, 25, 26, 40, 42, 41, 39, 38, 37, 36, 3, 1, 28, 27, 6, 29, 30, 7, 5, 10, 9, 8, 11, 2, 
39, 38, 37, 36, 3, 2, 1, 28, 34, 6, 29, 30, 7, 5, 10, 9, 8, 11, 32, 31, 27, 33, 13, 12, 14, 17, 16, 18, 20, 19, 15, 4, 0, 35, 23, 22, 21, 24, 25, 26, 40, 42, 41, 
12, 14, 17, 16, 18, 20, 19, 15, 4, 0, 35, 23, 22, 21, 24, 25, 26, 40, 42, 41, 39, 38, 37, 36, 1, 28, 27, 6, 29, 30, 7, 5, 10, 9, 8, 11, 32, 31, 34, 33, 13, 3, 2, 
2, 9, 36, 37, 38, 39, 41, 42, 40, 26, 25, 24, 21, 22, 23, 35, 0, 4, 15, 19, 20, 18, 16, 17, 14, 12, 13, 33, 34, 31, 32, 11, 8, 3, 10, 5, 7, 30, 29, 6, 27, 28, 1, 
24, 25, 26, 40, 42, 41, 39, 38, 37, 36, 1, 28, 27, 6, 29, 30, 7, 5, 10, 9, 8, 11, 32, 31, 34, 33, 13, 12, 14, 17, 16, 18, 20, 19, 15, 4, 0, 35, 23, 22, 21, 3, 2, 
6, 27, 28, 13, 2, 3, 36, 37, 38, 39, 41, 42, 40, 26, 25, 24, 21, 22, 23, 35, 0, 4, 15, 19, 20, 18, 16, 17, 14, 12, 1, 33, 34, 31, 32, 11, 8, 9, 10, 5, 7, 30, 29, 
14, 12, 13, 33, 34, 31, 32, 11, 8, 9, 10, 5, 16, 30, 29, 6, 27, 28, 1, 2, 3, 36, 37, 38, 39, 41, 42, 40, 26, 25, 24, 21, 22, 23, 35, 0, 4, 15, 19, 20, 18, 7, 17, 
36, 37, 38, 39, 40, 42, 41, 26, 25, 24, 21, 22, 23, 35, 0, 4, 15, 19, 20, 18, 16, 3, 14, 12, 13, 33, 34, 31, 32, 11, 8, 9, 10, 5, 7, 30, 29, 6, 27, 28, 1, 2, 17, 
26, 41, 42, 40, 39, 38, 37, 36, 1, 28, 27, 6, 29, 30, 7, 5, 10, 9, 8, 11, 32, 31, 34, 33, 13, 12, 14, 17, 19, 18, 20, 16, 15, 4, 0, 35, 23, 22, 21, 24, 25, 3, 2, 
26, 40, 42, 41, 39, 38, 37, 36, 3, 1, 28, 27, 6, 29, 30, 7, 5, 10, 9, 8, 11, 32, 31, 34, 33, 13, 12, 14, 17, 16, 18, 20, 19, 15, 4, 0, 35, 23, 22, 21, 24, 25, 2, 
33, 29, 12, 14, 17, 16, 18, 20, 19, 15, 4, 0, 35, 23, 22, 21, 24, 25, 26, 40, 42, 41, 39, 38, 37, 36, 1, 2, 3, 28, 31, 6, 13, 30, 7, 5, 10, 9, 8, 11, 32, 27, 34, 
17, 2, 3, 36, 37, 38, 39, 41, 42, 40, 26, 25, 24, 21, 22, 23, 35, 0, 4, 15, 19, 20, 18, 16, 1, 14, 12, 13, 33, 34, 31, 32, 11, 5, 9, 10, 8, 7, 30, 29, 6, 27, 28, 
26, 25, 24, 21, 22, 23, 35, 0, 28, 15, 19, 20, 18, 16, 17, 14, 12, 13, 33, 34, 31, 32, 11, 8, 9, 10, 5, 7, 30, 29, 6, 27, 4, 3, 2, 1, 36, 37, 38, 39, 41, 42, 40, 
0, 35, 23, 22, 21, 24, 25, 26, 40, 42, 41, 39, 38, 37, 36, 3, 28, 27, 6, 29, 30, 7, 5, 10, 9, 8, 11, 32, 31, 34, 33, 13, 12, 14, 17, 16, 18, 20, 19, 15, 4, 1, 2, 
3, 13, 37, 38, 39, 41, 42, 40, 26, 25, 22, 21, 24, 23, 35, 0, 4, 15, 19, 20, 18, 16, 17, 14, 12, 36, 33, 34, 31, 32, 11, 8, 9, 10, 5, 7, 30, 29, 6, 27, 28, 1, 2, 
17, 14, 12, 13, 33, 34, 31, 32, 11, 8, 9, 10, 5, 7, 30, 29, 6, 27, 28, 1, 2, 25, 36, 37, 38, 39, 41, 42, 40, 26, 3, 24, 21, 22, 23, 35, 0, 4, 15, 19, 20, 18, 16, 
16, 18, 20, 19, 15, 4, 0, 35, 23, 22, 21, 24, 25, 26, 40, 42, 41, 39, 38, 37, 36, 1, 13, 12, 14, 17, 29, 30, 7, 5, 10, 9, 8, 11, 32, 31, 34, 33, 3, 28, 27, 6, 2, 
12, 14, 17, 11, 18, 20, 19, 15, 4, 0, 35, 23, 22, 21, 24, 25, 26, 40, 42, 41, 39, 38, 37, 36, 3, 2, 1, 28, 27, 6, 29, 30, 7, 5, 10, 9, 8, 16, 32, 31, 34, 33, 13, 
8, 9, 10, 5, 7, 19, 29, 6, 27, 28, 1, 2, 3, 36, 37, 38, 39, 41, 42, 40, 26, 25, 24, 21, 22, 23, 35, 0, 4, 15, 30, 20, 18, 16, 17, 14, 12, 13, 33, 34, 31, 32, 11, 
28, 1, 26, 3, 36, 37, 38, 39, 41, 42, 40, 2, 25, 24, 21, 22, 23, 35, 0, 4, 15, 19, 20, 18, 16, 17, 14, 12, 13, 33, 34, 31, 32, 11, 8, 9, 10, 5, 7, 30, 29, 6, 27, 
14, 17, 16, 18, 20, 19, 15, 4, 0, 35, 23, 22, 21, 24, 25, 26, 11, 32, 31, 34, 33, 13, 12, 37, 36, 3, 2, 1, 28, 27, 6, 29, 30, 7, 5, 10, 9, 8, 42, 41, 39, 38, 40, 
26, 25, 24, 21, 28, 23, 35, 0, 4, 15, 19, 20, 18, 16, 17, 14, 12, 13, 33, 34, 31, 32, 11, 8, 9, 10, 5, 7, 30, 29, 6, 27, 22, 3, 2, 1, 36, 37, 38, 39, 41, 42, 40, 
10, 9, 8, 11, 25, 31, 34, 33, 13, 12, 14, 17, 19, 18, 20, 16, 15, 4, 0, 35, 23, 22, 21, 24, 32, 26, 40, 42, 41, 39, 38, 37, 36, 3, 2, 1, 28, 27, 6, 29, 30, 5, 7, 
21, 0, 23, 35, 22, 4, 15, 19, 20, 18, 16, 17, 14, 12, 13, 33, 34, 31, 32, 11, 8, 9, 10, 5, 7, 30, 29, 6, 27, 28, 1, 2, 3, 36, 37, 38, 39, 41, 42, 40, 26, 25, 24, 
21, 22, 23, 35, 0, 25, 15, 19, 20, 18, 16, 17, 14, 12, 13, 33, 34, 31, 32, 11, 8, 9, 10, 5, 7, 30, 29, 6, 27, 28, 1, 2, 3, 36, 37, 38, 39, 41, 42, 40, 26, 4, 24, 
7, 5, 10, 9, 8, 11, 32, 31, 34, 33, 13, 12, 14, 27, 19, 18, 20, 16, 15, 4, 0, 35, 23, 22, 21, 24, 25, 26, 40, 42, 41, 39, 38, 37, 36, 3, 2, 1, 28, 17, 6, 29, 30, 
32, 11, 19, 9, 10, 5, 7, 30, 29, 6, 27, 28, 1, 2, 3, 36, 13, 38, 39, 41, 42, 40, 26, 25, 24, 21, 22, 23, 35, 0, 4, 15, 8, 20, 18, 16, 17, 14, 12, 37, 33, 34, 31, 
1, 36, 37, 38, 39, 41, 42, 40, 26, 25, 24, 21, 22, 23, 35, 0, 33, 15, 19, 20, 18, 16, 17, 14, 12, 13, 4, 34, 31, 32, 11, 8, 9, 10, 5, 7, 30, 29, 6, 27, 28, 3, 2, 
21, 22, 23, 35, 0, 4, 15, 19, 20, 18, 16, 17, 14, 12, 13, 33, 34, 31, 32, 24, 8, 9, 10, 5, 7, 30, 29, 6, 27, 28, 1, 2, 3, 36, 37, 38, 39, 41, 42, 40, 26, 25, 11, 
4, 0, 35, 23, 22, 21, 24, 25, 26, 1, 28, 27, 6, 29, 30, 7, 20, 10, 9, 8, 11, 32, 31, 34, 33, 13, 12, 14, 17, 16, 18, 5, 19, 15, 37, 36, 3, 2, 41, 39, 38, 42, 40, 
32, 11, 8, 9, 10, 5, 7, 30, 29, 6, 27, 28, 1, 2, 3, 36, 37, 38, 39, 41, 42, 40, 26, 25, 24, 21, 22, 23, 35, 0, 17, 15, 16, 20, 18, 19, 4, 14, 12, 13, 33, 34, 31, 
26, 25, 24, 21, 22, 23, 30, 0, 4, 7, 19, 20, 18, 16, 17, 14, 12, 13, 33, 34, 31, 10, 11, 8, 9, 32, 5, 15, 35, 29, 6, 27, 28, 1, 2, 3, 36, 37, 38, 39, 41, 42, 40, 
33, 34, 31, 32, 11, 8, 9, 10, 5, 7, 30, 29, 6, 27, 28, 1, 2, 3, 36, 37, 38, 39, 41, 42, 40, 26, 25, 24, 21, 22, 23, 35, 14, 4, 15, 19, 20, 18, 16, 17, 0, 12, 13, 
10, 9, 8, 11, 32, 31, 34, 33, 13, 12, 14, 17, 19, 18, 3, 16, 15, 4, 0, 35, 23, 22, 21, 24, 25, 26, 40, 42, 41, 39, 38, 37, 36, 20, 2, 1, 28, 27, 6, 29, 30, 5, 7, 
26, 40, 42, 41, 39, 38, 37, 0, 3, 2, 1, 28, 27, 6, 29, 30, 7, 5, 10, 9, 8, 24, 25, 20, 19, 15, 4, 36, 35, 23, 22, 21, 33, 13, 12, 14, 17, 16, 18, 31, 34, 11, 32, 
3, 36, 37, 38, 39, 41, 42, 40, 26, 25, 24, 15, 22, 23, 35, 0, 4, 21, 19, 20, 18, 16, 17, 14, 12, 13, 33, 34, 31, 32, 11, 8, 9, 10, 5, 7, 30, 29, 6, 27, 28, 1, 2, 
Tiempo de ejecucion (total): 31.904
Best fitness a lo largo del tiempo: 
17102, 11696, 11601, 6379, 6245, 6245, 6239, 6105, 6080, 6080, 6038, 6002, 6002, 5933, 5933, 5933, 5932, 5931, 5922, 5900, 5900, 5900, 5859, 5859, 5859, 5859, 5848, 5848, 5836, 5831, 5831, 5831, 5791, 5771, 5768, 5768, 5768, 5768, 5746, 5738, 5738, 5737, 5726, 5726, 5724, 5716, 5716, 5707, 5702, 5694, 5694, 5694, 5692, 5692, 5692, 5692, 5692, 5692, 5692, 5692, 5686, 5680, 5680, 5680, 5680, 5680, 5680, 5680, 5680, 5680, 5680, 5680, 5680, 5680, 5680, 5672, 5672, 5672, 5672, 5672, 5672, 5672, 5672, 5672, 5672, 5672, 5672, 5672, 5672, 5672, 5672, 5672, 5672, 5672, 5672, 5672, 5670, 5670, 5670, 5670, 5670, 5670, 5670, 5670, 5670, 5670, 5670, 5670, 5670, 5670, 5670, 5670, 5670, 5670, 5670, 5670, 5670, 5670, 5670, 5670, 5670, 5670, 5670, 5670, 5670, 5670, 5670, 5670, 5670, 5670, 5670, 5670, 5670, 5670, 5670, 5670, 5670, 5670, 5670, 5670, 5670, 5670, 5670, 5670, 5670, 5670, 5670, 5670, 5670, 5670, 5670, 5670, 5670, 5670, 5670, 5670, 5670, 5670, 5670, 5670, 5670, 5670, 5670, 5670, 5670, 5670, 5670, 5670, 5670, 5670, 5670, 5670, 5670, 5670, 5670, 5670, 5670, 5670, 5670, 5670, 5670, 5670, 5670, 5670, 5670, 5670, 5670, 5670, 5670, 5670, 5669, 5669, 5663, 5663, 5663, 5663, 5663, 5663, 5663, 5663, 5663, 5663, 5663, 5663, 5663, 5663, 5663, 5663, 5663, 5663, 5663, 5663, 5661, 5661, 5661, 5661, 5661, 5661, 5661, 5661, 5661, 5661, 5661, 5661, 5661, 5661, 5661, 5661, 5661, 5661, 5661, 5661, 5661, 5661, 5661, 5661, 5661, 5661, 5661, 5661, 5661, 5661, 5661, 5661, 5657, 5657, 5657, 5657, 5657, 5657, 5657, 5657, 5657, 5657, 5657, 5657, 5657, 5657, 5657, 5657, 5657, 5657, 5657, 5657, 5657, 5657, 5657, 5657, 5657, 5657, 5657, 5657, 5657, 5657, 5657, 5657, 5657, 5657, 5657, 5645, 5645, 5645, 5645, 5645, 5645, 5645, 5645, 5645, 5645, 5645, 5645, 5645, 5645, 5645, 5645, 5645, 5645, 5645, 5645, 5645, 5645, 5645, 5645, 5645, 5645, 5645, 5645, 5645, 5645, 5645, 5645, 5645, 5645, 5645, 5645, 5645, 5645, 5645, 5645, 5645, 5645, 5645, 5645, 5645, 5645, 5645, 5645, 5645, 5645, 5645, 5645, 5645, 5645, 5645, 5645, 5645, 5645, 5645, 5645, 5645, 5645, 5645, 5645, 5645, 5645, 5645, 5645, 5645, 5645, 5645, 5645, 5645, 5645, 5645, 5645, 5645, 5645, 5645, 5645, 5645, 5645, 5645, 5645, 5645, 5645, 5645, 5645, 5645, 5645, 5645, 5645, 5645, 5645, 5645, 5645, 5645, 5645, 5645, 5645, 5645, 5645, 5645, 5645, 5645, 5645, 5645, 5645, 5645, 5645, 5645, 5645, 5645, 5645, 5645, 5645, 5645, 5645, 5645, 5645, 5645, 5645, 5645, 5645, 5645, 5645, 5645, 5645, 5645, 5645, 5645, 5645, 5645, 5645, 5645, 5645, 5645, 5645, 5645, 5645, 5645, 5645, 5645, 5645, 5645, 5645, 5645, 5645, 5645, 5645, 5645, 5645, 5645, 5645, 5645, 5645, 5645, 5645, 5645, 5645, 5645, 5645, 5645, 5645, 5645, 5645, 5645, 5645, 5645, 5645, 5645, 5645, 5645, 5645, 5645, 5645, 5645, 5645, 5645, 5645, 5645, 5645, 5645, 5645, 5645, 5645, 5645, 5645, 5645, 5645, 5645, 5645, 5645, 5645, 5645, 5645, 5645, 5645, 5645, 5645, 5645, 5645, 5645, 5645, 5645, 5645, 5645, 5645, 5645, 5645, 5645, 5645, 5645, 5645, 5645, 5645, 5645, 5645, 5645, 5645, 5645, 5645, 5645, 5645, 5645, 5645, 5645, 5645, 5645, 5645, 5645, 5645, 5645, 5645, 5645, 5645, 5645, 5645, 5645, 5645, 5645, 5645, 5645, 5645, 5645, 5645, 5645, 5645, 5645, 5645, 5645, 5645, 5645, 5645, 5645, 5645, 5645, 5645, 5645, 5645, 5645, 5645, 5645, 5645, 5645, 5645, 5645, 5645, 5645, 5645, 5645, 5645, 5645, 5645, 5645, 5645, 5645, 5645, 5645, 5645, 5645, 5645, 5645, 5643, 5643, 5643, 5643, 5643, 5643, 5643, 5643, 5643, 5643, 5643, 5643, 5643, 5643, 5643, 5643, 5643, 5643, 5643, 5643, 5643, 5643, 5643, 5643, 5643, 5643, 5643, 5643, 5643, 5643, 5643, 5643, 5643, 5643, 5643, 5643, 5643, 5643, 5643, 5643, 5643, 5643, 5643, 5643, 5643, 5643, 5643, 5643, 5643, 5643, 5643, 5643, 5643, 5643, 5643, 5643, 5643, 5643, 5643, 5643, 5643, 5643, 5643, 5643, 5643, 5643, 5643, 5643, 5643, 5643, 5643, 5643, 5643, 5643, 5643, 5643, 5643, 5643, 5643, 5643, 5643, 5643, 5643, 5643, 5643, 5643, 5643, 5643, 5643, 5643, 5643, 5643, 5643, 5643, 5643, 5643, 5643, 5643, 5643, 5643, 5643, 5643, 5643, 5643, 5643, 5643, 5643, 5643, 5643, 5643, 5643, 5643, 5643, 5643, 5643, 5643, 5643, 5643, 5643, 5643, 5643, 5643, 5643, 5643, 5643, 5643, 5643, 5643, 5643, 5643, 5643, 5643, 5643, 5643, 5643, 5643, 5643, 5643, 5643, 5643, 5643, 5643, 5643, 5643, 5643, 5643, 5643, 5643, 5643, 5643, 5643, 5643, 5643, 5643, 5643, 5643, 5643, 5643, 5643, 5643, 5643, 5643, 5643, 5643, 5643, 5643, 5643, 5643, 5643, 5643, 5643, 5643, 5643, 5643, 5643, 5643, 5643, 5643, 5643, 5643, 5643, 5643, 5643, 5643, 5643, 5643, 5643, 5643, 5643, 5643, 5643, 5643, 5643, 5643, 5643, 5643, 5643, 5643, 5643, 5643, 5643, 5643, 5643, 5643, 5643, 5643, 5643, 5643, 5643, 5643, 5643, 5643, 5643, 5643, 5643, 5643, 5643, 5643, 5643, 5643, 5643, 5643, 5643, 5643, 5643, 5643, 5643, 5643, 5643, 5643, 5643, 5643, 5643, 5643, 5643, 5643, 5643, 5643, 5643, 5643, 5643, 5643, 5643, 5643, 5643, 5643, 5643, 5643, 5643, 5643, 5643, 5643, 5643, 5643, 5643, 5643, 5643, 5643, 5643, 5643, 5643, 5643, 5643, 5643, 5643, 5643, 5643, 5643, 5643, 5643, 5643, 5643, 5643, 5643, 5643, 5643, 5643, 5643, 5643, 5643, 5643, 5643, 5643, 5643, 5643, 5643, 5643, 5643, 5643, 5643, 5643, 5643, 5643, 5643, 5643, 5643, 5643, 5643, 5643, 5643, 5643, 5643, 5643, 5643, 5643, 5643, 5643, 5643, 5643, 5643, 5643, 5643, 5643, 5643, 5643, 5643, 5643, 5643, 5643, 5643, 5643, 5643, 5643, 5643, 5643, 5643, 5643, 5643, 5643, 5643, 5643, 5643, 5643, 5643, 5643, 5643, 5643, 5643, 5643, 5643, 5643, 5643, 5643, 5643, 5643, 5643, 5643, 5642, 5642, 5642, 5642, 5642, 5642, 5642, 5642, 5642, 5642, 5642, 5642, 5642, 5642, 5642, 5642, 5642, 5642, 5642, 5642, 5642, 5642, 5642, 5642, 5642, 5642, 5642, 5642, 5642, 5642, 5642, 5642, 5642, 5642, 5642, 5642, 5642, 5642, 5642, 5642, 5642, 5642, 5642, 5642, 5642, 5642, 5642, 5642, 5642, 5642, 5642, 5642, 5642, 5642, 5642, 5642, 5642, 5642, 5642, 5642, 5642, 5642, 5642, 5642, 5642, 5642, 5642, 5642, 5642, 5642, 5642, 5642, 5642, 5642, 5642, 5642, 5642, 5642, 5642, 5642, 5642, 5642, 5642, 5642, 5642, 5642, 5642, 5642, 5642, 5642, 5642, 5638, 5638, 5638, 5638, 5638, 5638, 5638, 5638, 5638, 5638, 5638, 5638, 5638, 5638, 5638, 5638, 5638, 5638, 5638, 5638, 5638, 5638, 5638, 5638, 5638, 5638, 5638, 5638, 5638, 5638, 5638, 5638, 5638, 5638, 5638, 5638, 5638, 5638, 5638, 5638, 5638, 5638, 5638, 5638, 5638, 5638, 5638, 5638, 5638, 5638, 5638, 5638, 5638, 5638, 5638, 5638, 5638, 5638, 5638, 5638, 5638, 5638, 5638, 5638, 5638, 5638, 5638, 5638, 5638, 5638, 5638, 5638, 5638, 5638, 5638, 5638, 5638, 5638, 5638, 5638, 5638, 5638, 5638, 5638, 5638, 5638, 5638, 5638, 5638, 5638, 5638, 5638, 5638, 5638, 5638, 5638, 5638, 5638, 5638, 5638, 5638, 5638, 5638, 5638, 5638, 5638, 5638, 5638, 5638, 5638, 5638, 5638, 5638, 5638, 5638, 5638, 5638, 5638, 5638, 5638, 5638, 5638, 5638, 5638, 5638, 5638, 5638, 5638, 5638, 5638, 5638, 5638, 5638, 5638, 5638, 5638, 5638, 5638, 5638, 5638, 5638, 5638, 5638, 5638, 5638, 5638, 5638, 5638, 5638, 5638, 5638, 5638, 5638, 5638, 5638, 5638, 5638, 5638, 5638, 5638, 5638, 5638, 5638, 5638, 5638, 5638, 5638, 5638, 5638, 5638, 5638, 5638, 5638, 5638, 5638, 5638, 5638, 5638, 5638, 5638, 5638, 5638, 5638, 5638, 5638, 5638, 5638, 5638, 5638, 5638, 5638, 5638, 5638, 5638, 5638, 5638, 5638, 5638, 5638, 5638, 5638, 5638, 5638, 5638, 5638, 5638, 5638, 5638, 5638, 5638, 5638, 5638, 5638, 5638, 5638, 5638, 5638, 5638, 5638, 5638, 5638, 5638, 5638, 5638, 5638, 5638, 5638, 5638, 5638, 5638, 5638, 5638, 5638, 5638, 5638, 5638, 5638, 5638, 5638, 5638, 5638, 5638, 5638, 5638, 5638, 5638, 5638, 5638, 5638, 5638, 5638, 5638, 5638, 5638, 5638, 5638, 5638, 5638, 5638, 5638, 5638, 5638, 5638, 5638, 5638, 5638, 5638, 5638, 5638, 5638, 5638, 5638, 5638, 5638, 5638, 5638, 5638, 5638, 5638, 5638, 5638, 5638, 5638, 5638, 5638, 5638, 5638, 5638, 5638, 5638, 5638, 5638, 5638, 5638, 5638, 5638, 5638, 5638, 5638, 5638, 5638, 5638, 5638, 5638, 5638, 5638, 5638, 5638, 5638, 5638, 5638, 5638, 5638, 5638, 5638, 5638, 5638, 5638, 5638, 5638, 5638, 5638, 5638, 5638, 5638, 5638, 5638, 5638, 5638, 5638, 5638, 5638, 5638, 5638, 5638, 5638, 5638, 5638, 5638, 5638, 5638, 5638, 5638, 5638, 5638, 5638, 5638, 5638, 5638, 5638, 5638, 5638, 5638, 5638, 5638, 5638, 5638, 5638, 5638, 5638, 5638, 5638, 5638, 5638, 5638, 5638, 5638, 5638, 5638, 5638, 5638, 5638, 5638, 5638, 5638, 5638, 5638, 5638, 5638, 5638, 5638, 5638, 5638, 5638, 5638, 5638, 5638, 5638, 5638, 5638, 5638, 5638, 5638, 5638, 5638, 5638, 5638, 5638, 5638, 5638, 5638, 5638, 5638, 5638, 5638, 5638, 5638, 5638, 5638, 5638, 5638, 5638, 5638, 5638, 5638, 5638, 5638, 5638, 5638, 5638, 5638, 5638, 5638, 5638, 5638, 5638, 5638, 5638, 5638, 5638, 5638, 5638, 5638, 5638, 5638, 5638, 5638, 5638, 5638, 5638, 5638, 5638, 5638, 5638, 5638, 5638, 5638, 5638, 5638, 5638, 5638, 5638, 5638, 5638, 5638, 5638, 5638, 5638, 5638, 5638, 5638, 5638, 5638, 5638, 5638, 5638, 5638, 5638, 5638, 5638, 5638, 5638, 5638, 5638, 5638, 5638, 5638, 5638, 5638, 5638, 5638, 5638, 5638, 5638, 5638, 5638, 5638, 5638, 5638, 5638, 5638, 5638, 5638, 5638, 5638, 5638, 5638, 5638, 5638, 5638, 5638, 5638, 5638, 5638, 5638, 5638, 5638, 5638, 5638, 5638, 5638, 5638, 5638, 5638, 5638, 5638, 5638, 5638, 5638, 5638, 5638, 5638, 5638, 5638, 5638, 5638, 5638, 5638, 5638, 5638, 5638, 5638, 5638, 5638, 5638, 5638, 5638, 5638, 5638, 5638, 5638, 5638, 5638, 5638, 5638, 5638, 5638, 5638, 5638, 5638, 5638, 5638, 5638, 5638, 5638, 5638, 5638, 5638, 5638, 5638, 5638, 5638, 5638, 5638, 5638, 5638, 5638, 5638, 5638, 5638, 5638, 5638, 5638, 5638, 5638, 5638, 5638, 5638, 5638, 5638, 5638, 5638, 5638, 5638, 5638, 5638, 5638, 5638, 5638, 5638, 5638, 5638, 5638, 5638, 5638, 5638, 5638, 5638, 5638, 5638, 5638, 5638, 5638, 5638, 5638, 5638, 5638, 5638, 5638, 5638, 5638, 5638, 5638, 5638, 5638, 5638, 5638, 5638, 5638, 5638, 5638, 5638, 5638, 5638, 5638, 5638, 5638, 5638, 5638, 5638, 5638, 5638, 5638, 5638, 5638, 5638, 5638, 5638, 5638, 5638, 5638, 5638, 5638, 5638, 5638, 5638, 5638, 5638, 5638, 5638, 5638, 5638, 5638, 5638, 5638, 5638, 5638, 5638, 5638, 5638, 5638, 5638, 5638, 5638, 5638, 5638, 5638, 5638, 5638, 5638, 5638, 5638, 5638, 5638, 5638, 5638, 5638, 5638, 5638, 5638, 5638, 5638, 5638, 5638, 5638, 5638, 5638, 5638, 5638, 5638, 5638, 5638, 5638, 5638, 5638, 5638, 5638, 5638, 5638, 5638, 5638, 5638, 5638, 5638, 5638, 5638, 5638, 5638, 5638, 5638, 5638, 5638, 5638, 5638, 5638, 5638, 5638, 5638, 5638, 5638, 5638, 5638, 5638, 5638, 5638, 5638, 5638, 5638, 5638, 5638, 5638, 5638, 5638, 5638, 5638, 5638, 5638, 5638, 5638, 5638, 5638, 5638, 5638, 5638, 5638, 5638, 5638, 5638, 5638, 5638, 5638, 5638, 5638, 5638, 5638, 5638, 5638, 5638, 5638, 5638, 5638, 5638, 5638, 5638, 5638, 5638, 5638, 5638, 5638, 5638, 5638, 5638, 5638, 5638, 5638, 5638, 5638, 5638, 5638, 5638, 5638, 5638, 5638, 5638, 5638, 5638, 5638, 5638, 5638, 5638, 5638, 5638, 5638, 5638, 5638, 5638, 5638, 5638, 5638, 5638, 5638, 5638, 5638, 5638, 5638, 5638, 5638, 5638, 5638, 5638, 5638, 5638, 5638, 5638, 5638, 5638, 5638, 5638, 5638, 5638, 5638, 5638, 5638, 5638, 5638, 5638, 5638, 5638, 5638, 5638, 5638, 5638, 5638, 5638, 5638, 5638, 5638, 5638, 5638, 5638, 5638, 5638, 5638, 5638, 5638, 5638, 5638, 5638, 5638, 5638, 5638, 5638, 5638, 5638, 5638, 5638, 5638, 5638, 5638, 5638, 5638, 5638, 5638, 5638, 5638, 5638, 5638, 5638, 5638, 5638, 5638, 5638, 5638, 5638, 5638, 5638, 5638, 5638, 5638, 5638, 5638, 5638, 5638, 5638, 5638, 5638, 5638, 5638, 5638, 5638, 5638, 5638, 5638, 5638, 5638, 5638, 5638, 5638, 5638, 5638, 5638, 5638, 5638, 5638, 5638, 5638, 5638, 5638, 5638, 5638, 5638, 5638, 5638, 5638, 5638, 5638, 5638, 5638, 5638, 5638, 5638, 5635, 5635, 5635, 5635, 5635, 5635, 5635, 5635, 5635, 5635, 5635, 5635, 5635, 5635, 5635, 5635, 5635, 5635, 5635, 5635, 5635, 5635, 5635, 5635, 5635, 5635, 5635, 5635, 5635, 5635, 5635, 5635, 5635, 5635, 5634, 5634, 5634, 5634, 5634, 5634, 5628, 5628, 5628, 5628, 5628, 5628, 5628, 5628, 5628, 5628, 5628, 5628, 5628, 5628, 5628, 5628, 5628, 5628, 5628, 5628, 5628, 5628, 5628, 5628, 5628, 5628, 5628, 5628, 5628, 5628, 5628, 5628, 5628, 5628, 5628, 5628, 5628, 5628, 5628, 5628, 5628, 5626, 5626, 5626, 5626, 5626, 5626, 5626, 5626, 5626, 5626, 5626, 5626, 5626, 5626, 5626, 5626, 5626, 5626, 5626, 5626, 5626, 5626, 5626, 5626, 5626, 5626, 5626, 5626, 5626, 5626, 5626, 5626, 5626, 5626, 5626, 5626, 5626, 5626, 5626, 5626, 5626, 5626, 5626, 5626, 5626, 5626, 5626, 5626, 5626, 5626, 5626, 5626, 5626, 5626, 5626, 5626, 5626, 5626, 5626, 5626, 5626, 5626, 5626, 5626, 5626, 5626, 5626, 5626, 5626, 5626, 5626, 5626, 5626, 5626, 5626, 5626, 5626, 5626, 5626, 5626, 5626, 5626, 5626, 5626, 5626, 5626, 5626, 5626, 5626, 5626, 5626, 5626, 5626, 5626, 5626, 5626, 5626, 5626, 5626, 5626, 5626, 5626, 5626, 5626, 5626, 5626, 5626, 5626, 5626, 5626, 5626, 5626, 5626, 5626, 5626, 5626, 5626, 5626, 5626, 5626, 5626, 5626, 5626, 5626, 5626, 5626, 5626, 5626, 5626, 5626, 5626, 5626, 5626, 5626, 5626, 5626, 5626, 5626, 5626, 5626, 5626, 5626, 5626, 5626, 5626, 5626, 5626, 5626, 5626, 5626, 5626, 5626, 5626, 5626, 5626, 5626, 5626, 5626, 5626, 5626, 5626, 5626, 5626, 5626, 5626, 5626, 5626, 5626, 5626, 5626, 5626, 5626, 5626, 5626, 5626, 5626, 5626, 5626, 5626, 5626, 5626, 5626, 5626, 5626, 5626, 5626, 5626, 5626, 5626, 5626, 5626, 5626, 5626, 5626, 5626, 5626, 5626, 5626, 5626, 5626, 5626, 5626, 5626, 5626, 5626, 5626, 5626, 5626, 5626, 5626, 5626, 5626, 5626, 5626, 5626, 5626, 5626, 5626, 5626, 5626, 5626, 5626, 5626, 5626, 5626, 5626, 5626, 5626, 5626, 5626, 5626, 5626, 5626, 5626, 5626, 5626, 5626, 5626, 5626, 5626, 5626, 5626, 5626, 5626, 5626, 5626, 5626, 5626, 5626, 5626, 5626, 5626, 5626, 5626, 5626, 5626, 5626, 5626, 5626, 5626, 5626, 5626, 5626, 5626, 5626, 5626, 5626, 5626, 5626, 5626, 5626, 5626, 5626, 5626, 5626, 5626, 5626, 5626, 5626, 5626, 5626, 5626, 5626, 5626, 5626, 5626, 5626, 5626, 5626, 5626, 5626, 5626, 5626, 5626, 5626, 5626, 5626, 5626, 5626, 5626, 5626, 5626, 5626, 5626, 5626, 5626, 5626, 5626, 5626, 5626, 5626, 5626, 5626, 5626, 5626, 5626, 5626, 5626, 5626, 5626, 5626, 5626, 5626, 5626, 5626, 5626, 5626, 5626, 5626, 5626, 5626, 5626, 5626, 5626, 5626, 5626, 5626, 5626, 5626, 5626, 5626, 5626, 5626, 5626, 5626, 5626, 5626, 5626, 5626, 5626, 5626, 5626, 5626, 5626, 5626, 5626, 5626, 5626, 5626, 5626, 5626, 5626, 5626, 5626, 5626, 5626, 5626, 5626, 5626, 5626, 5626, 5626, 5626, 5626, 5626, 5626, 5626, 5626, 5626, 5626, 5626, 5626, 5626, 5626, 5626, 5626, 5626, 5626, 5626, 5626, 5626, 5626, 5626, 5626, 5626, 5626, 5626, 5626, 5626, 5626, 5626, 5626, 5626, 5626, 5626, 5626, 5626, 5626, 5626, 5626, 5626, 5626, 5626, 5626, 5626, 5626, 5626, 5626, 5626, 5626, 5626, 5626, 5626, 5626, 5626, 5626, 5626, 5626, 5626, 5626, 5626, 5626, 5626, 5626, 5626, 5626, 5626, 5626, 5626, 5626, 5626, 5626, 5626, 5626, 5626, 5626, 5626, 5626, 5626, 5626, 5626, 5626, 5626, 5626, 5626, 5626, 5626, 5626, 5626, 5626, 5626, 5626, 5626, 5626, 5626, 5626, 5626, 5626, 5626, 5626, 5626, 5626, 5626, 5626, 5626, 5626, 5626, 5626, 5626, 5626, 5626, 5626, 5626, 5626, 5626, 5626, 5626, 5626, 5626, 5626, 5626, 5626, 5626, 5626, 5626, 5626, 5626, 5626, 5626, 5626, 5626, 5626, 5626, 5626, 5626, 5626, 5626, 5626, 5626, 5626, 5626, 5626, 5626, 5626, 5626, 5626, 5626, 5626, 5626, 5626, 5626, 5626, 5626, 5626, 5626, 5626, 5626, 5626, 5626, 5626, 5626, 5626, 5626, 5626, 5626, 5626, 5626, 5626, 5626, 5626, 5626, 5626, 5626, 5626, 5626, 5626, 5626, 5626, 5626, 5626, 5626, 5626, 5626, 5626, 5626, 5626, 5626, 5626, 5626, 5626, 5626, 5626, 5626, 5626, 5626, 5626, 5626, 5626, 5626, 5626, 5626, 5626, 5626, 5626, 5626, 5626, 5626, 5626, 5626, 5626, 5626, 5626, 5626, 5626, 5626, 5626, 5626, 5626, 5626, 5626, 5626, 5626, 5626, 5626, 5626, 5626, 5626, 5626, 5626, 5626, 5626, 5626, 5626, 5626, 5626, 5626, 5626, 5626, 5626, 5626, 5626, 5626, 5626, 5626, 5626, 5626, 5626, 5626, 5626, 5626, 5626, 5626, 5626, 5626, 5626, 5626, 5626, 5626, 5626, 5626, 5626, 5626, 5626, 5626, 5626, 5626, 5626, 5626, 5626, 5626, 5626, 5626, 5626, 5626, 5626, 5626, 5626, 5626, 5626, 5626, 5626, 5626, 5626, 5626, 5626, 5626, 5626, 5626, 5626, 5626, 5626, 5626, 5626, 5626, 5626, 5626, 5626, 5626, 5626, 5626, 5626, 5626, 5626, 5626, 5626, 5626, 5626, 5626, 5626, 5626, 5626, 5626, 5626, 5626, 5626, 5626, 5626, 5626, 5626, 5626, 5626, 5626, 5626, 5626, 5626, 5626, 5626, 5626, 5626, 5626, 5626, 5626, 5626, 5626, 5626, 5626, 5626, 5626, 5626, 5626, 5626, 5626, 5626, 5626, 5626, 5626, 5626, 5626, 5626, 5626, 5626, 5626, 5626, 5626, 5626, 5626, 5626, 5626, 5626, 5626, 5626, 5626, 5626, 5626, 5626, 5626, 5626, 5626, 5626, 5626, 5626, 5626, 5626, 5626, 5626, 5626, 5626, 5626, 5626, 5626, 5626, 5626, 5626, 5626, 5626, 5626, 5626, 5626, 5626, 5626, 5626, 5626, 5626, 5626, 5626, 5626, 5626, 5626, 5626, 5626, 5626, 5626, 5626, 5626, 5626, 5626, 5626, 5626, 5626, 5626, 5626, 5626, 5626, 5626, 5626, 5626, 5626, 5626, 5626, 5626, 5626, 5626, 5626, 5626, 5626, 5626, 5626, 5626, 5626, 5626, 5626, 5626, 5626, 5626, 5626, 5626, 5626, 5626, 5626, 5626, 5626, 5626, 5626, 5626, 5626, 5626, 5626, 5626, 5626, 5626, 5626, 5626, 5626, 5626, 5626, 5626, 5626, 5626, 5626, 5626, 5626, 5626, 5626, 5626, 5626, 5626, 5626, 5626, 5626, 5626, 5626, 5626, 5626, 5626, 5626, 5626, 5626, 5626, 5626, 5626, 5626, 5626, 5626, 5626, 5626, 5626, 5626, 5626, 5626, 5626, 5626, 5626, 5626, 5626, 5626, 5626, 5626, 5626, 5626, 5626, 5626, 5626, 5626, 5626, 5626, 5626, 5626, 5626, 5626, 5626, 5626, 5626, 5626, 5626, 5626, 5626, 5626, 5626, 5626, 5626, 5626, 5626, 5626, 5626, 5626, 5626, 5626, 5626, 5626, 5626, 5626, 5626, 5626, 5626, 5626, 5626, 5626, 5626, 5626, 5626, 5626, 5626, 5626, 5626, 5626, 5626, 5626, 5626, 5626, 5626, 5626, 5626, 5626, 5626, 5626, 5626, 5626, 5626, 5626, 5626, 5626, 5626, 5626, 5626, 5626, 5626, 5626, 5626, 5626, 5626, 5626, 5626, 5626, 5626, 5626, 5626, 5626, 5626, 5626, 5626, 5626, 5626, 5626, 5626, 5626, 5626, 5626, 5626, 5626, 5626, 5626, 5626, 5626, 5626, 5626, 5626, 5626, 5626, 5626, 5626, 5626, 5626, 5626, 5626, 5626, 5626, 5626, 5626, 5626, 5626, 5626, 5626, 5626, 5626, 5626, 5626, 5626, 5626, 5626, 5626, 5626, 5626, 5626, 5626, 5626, 5626, 5626, 5626, 5626, 5626, 5626, 5626, 5626, 5626, 5626, 5626, 5626, 5626, 5626, 5626, 5626, 5626, 5626, 5626, 5626, 5626, 5626, 5626, 5626, 5626, 5626, 5626, 5626, 5626, 5626, 5626, 5626, 5626, 5626, 5626, 5626, 5626, 5626, 5626, 5626, 5626, 5626, 5626, 5626, 5626, 5626, 5626, 5626, 5626, 5626, 5626, 5626, 5626, 5626, 5626, 5626, 5626, 5626, 5626, 5626, 5626, 5626, 5626, 5626, 5626, 5626, 5626, 5626, 5626, 5626, 5626, 5626, 5626, 5626, 5626, 5626, 5626, 5626, 5626, 5626, 5626, 5626, 5626, 5626, 5626, 5626, 5626, 5626, 5626, 5626, 5626, 5626, 5626, 5626, 5626, 5626, 5626, 5626, 5626, 5626, 5626, 5626, 5626, 5626, 5626, 5626, 5626, 5626, 5626, 5626, 5626, 5626, 5626, 5626, 5626, 5626, 5626, 5626, 5626, 5626, 5626, 5626, 5626, 5626, 5626, 5626, 5626, 5626, 5626, 5626, 5626, 5626, 5626, 5626, 5626, 5626, 5626, 5626, 5626, 5626, 5626, 5626, 5626, 5626, 5626, 5626, 5626, 5626, 5626, 5626, 5626, 5626, 5626, 5626, 5626, 5626, 5626, 5626, 5626, 5626, 5626, 5626, 5626, 5626, 5626, 5626, 5626, 5626, 5626, 5626, 5626, 5626, 5626, 5626, 5626, 5626, 5626, 5626, 5626, 5626, 5626, 5626, 5626, 5626, 5626, 5626, 5626, 5626, 5626, 5626, 5626, 5626, 5626, 5626, 5626, 5626, 5626, 5626, 5626, 5626, 5626, 5626, 5626, 5626, 5626, 5626, 5626, 5626, 5626, 5626, 5626, 5626, 5626, 5626, 5626, 5626, 5626, 5626, 5626, 5626, 5626, 5626, 5626, 5626, 5626, 5626, 5626, 5626, 5626, 5626, 5626, 5626, 5626, 5626, 5626, 5626, 5626, 5626, 5626, 5626, 5626, 5626, 5626, 5626, 5626, 5626, 5626, 5626, 5626, 5626, 5626, 5626, 5626, 5626, 5626, 5626, 5626, 5626, 5626, 5626, 5626, 5626, 5626, 5626, 5626, 5626, 5626, 5626, 5626, 5626, 5626, 5626, 5626, 5626, 5626, 5626, 5626, 5626, 5626, 5626, 5626, 5626, 5626, 5626, 5626, 5626, 5626, 5626, 5626, 5626, 5626, 5626, 5626, 5626, 5626, 5626, 5626, 5626, 5626, 5626, 5626, 5626, 5626, 5626, 5626, 5626, 5626, 5626, 5626, 5626, 5626, 5626, 5626, 5626, 5626, 5626, 5626, 5626, 5626, 5626, 5626, 5626, 5626, 5626, 5626, 5626, 5626, 5626, 5626, 5626, 5626, 5626, 5626, 5626, 5626, 5626, 5626, 5626, 5626, 5626, 5626, 5626, 5626, 5626, 5626, 5626, 5626, 5626, 5626, 5626, 5626, 5626, 5626, 5626, 5626, 5626, 5626, 5626, 5626, 5626, 5626, 5626, 5626, 5626, 5626, 5626, 5626, 5626, 5626, 5626, 5626, 5626, 5626, 5626, 5626, 5626, 5626, 5626, 5626, 5626, 5626, 5626, 5626, 5626, 5626, 5626, 5626, 5626, 5626, 5626, 5626, 5626, 5626, 5626, 5626, 5626, 5626, 5626, 5626, 5626, 5626, 5626, 5626, 5626, 5626, 5626, 5626, 5626, 5626, 5626, 5626, 5626, 5626, 5626, 5626, 5626, 5626, 5626, 5626, 5626, 5626, 5626, 5626, 5626, 5626, 5626, 5626, 5626, 5626, 5626, 5626, 5626, 5626, 5626, 5626, 5626, 5626, 5626, 5626, 5626, 5626, 5626, 5626, 5626, 5626, 5626, 5626, 5626, 5626, 5626, 5626, 5626, 5626, 5626, 5626, 5626, 5626, 5626, 5626, 5626, 5626, 5626, 5626, 5626, 5626, 5626, 5626, 5626, 5626, 5626, 5626, 5626, 5626, 5626, 5626, 5626, 5626, 5626, 5626, 5626, 5626, 5626, 5626, 5626, 5626, 5626, 5626, 5626, 5626, 5626, 5626, 5626, 5626, 5626, 5626, 5626, 5626, 5626, 5626, 5626, 5626, 5626, 5626, 5626, 5626, 5626, 5626, 5626, 5626, 5626, 5626, 5626, 5626, 5626, 5626, 5626, 5626, 5626, 5626, 5626, 5626, 5626, 5626, 5626, 5626, 5626, 5626, 5626, 5626, 5626, 5626, 5626, 5626, 5626, 5626, 5626, 5626, 5626, 5626, 5626, 5626, 5626, 5626, 5626, 5626, 5626, 5626, 5626, 5626, 5626, 5626, 5626, 5626, 5626, 5626, 5626, 5626, 5626, 5626, 5626, 5626, 5626, 5626, 5626, 5626, 5626, 5626, 5626, 5626, 5626, 5626, 5626, 5626, 5626, 5626, 5626, 5626, 5626, 5626, 5626, 5626, 5626, 5626, 5626, 5626, 5626, 5626, 5626, 5626, 5626, 5626, 5626, 5626, 5626, 5626, 5626, 5626, 5626, 5626, 5626, 5626, 5626, 5626, 5626, 5626, 5626, 5626, 5626, 5626, 5626, 5626, 5626, 5626, 5626, 5626, 5626, 5626, 5626, 5626, 5626, 5626, 5626, 5626, 5626, 5626, 5626, 5626, 5626, 5626, 5626, 5626, 5626, 5626, 5626, 5626, 5626, 5626, 5626, 5626, 5626, 5626, 5626, 5626, 5626, 5626, 5626, 5626, 5626, 5626, 5626, 5626, 5626, 5626, 5626, 5626, 5626, 5626, 5626, 5626, 5626, 5626, 5626, 5626, 5626, 5626, 5626, 5626, 5626, 5626, 5626, 5626, 5626, 5626, 5626, 5626, 5626, 5626, 5626, 5626, 5626, 5626, 5626, 5626, 5626, 5626, 5626, 5626, 5626, 5626, 5626, 5626, 5626, 5626, 5626, 5626, 5626, 5626, 5626, 5626, 5626, 5626, 5626, 5626, 5626, 5626, 5626, 5626, 5626, 5626, 5626, 5626, 5626, 5626, 5626, 5626, 5626, 5626, 5626, 5626, 5626, 5626, 5626, 5626, 5626, 5626, 5626, 5626, 5626, 5626, 5626, 5626, 5626, 5626, 5626, 5626, 5626, 5626, 5626, 5626, 5626, 5626, 5626, 5626, 5626, 5626, 5626, 5626, 5626, 5626, 5626, 5626, 5626, 5626, 5626, 5626, 5626, 5626, 5626, 5626, 5626, 5626, 5626, 5626, 5626, 5626, 5626, 5626, 5626, 5626, 5626, 5626, 5626, 5626, 5626, 5626, 5626, 5626, 5626, 5626, 5626, 5626, 5626, 5626, 5626, 5626, 5626, 5626, 5626, 5626, 5626, 5626, 5626, 5626, 5626, 5626, 5626, 5626, 5626, 5626, 5626, 5626, 5626, 5626, 5626, 5626, 5626, 5626, 5626, 5626, 5626, 5626, 5626, 5626, 5626, 5626, 5626, 5626, 5626, 5626, 5626, 5626, 5626, 5626, 5626, 5626, 5626, 5626, 5626, 5626, 5626, 5626, 5626, 5626, 5626, 5626, 5626, 5626, 5626, 5626, 5626, 5626, 5626, 5626, 5626, 5626, 5626, 5626, 5626, 5626, 5626, 5626, 5626, 5626, 5626, 5626, 5626, 5626, 5626, 5626, 5626, 5626, 5626, 5626, 5626, 5626, 5626, 5626, 5626, 5626, 5626, 5626, 5626, 5626, 5626, 5626, 5626, 5626, 5626, 5626, 5626, 5626, 5626, 5626, 5626, 5626, 5626, 5626, 5626, 5626, 5626, 5626, 5626, 5626, 5626, 5626, 5626, 5626, 5626, 5626, 5626, 5626, 5626, 5626, 5626, 5626, 5626, 5626, 5626, 5626, 5626, 5626, 5626, 5626, 5626, 5626, 5626, 5626, 5626, 5626, 5626, 5626, 5626, 5626, 5626, 5626, 5626, 5626, 5626, 5626, 5626, 5626, 5626, 5626, 5626, 5626, 5626, 5626, 5626, 5626, 5626, 5626, 5626, 5626, 5626, 5626, 5626, 5626, 5626, 5626, 5626, 5626, 5626, 5626, 5626, 5626, 5626, 5626, 5626, 5626, 5626, 5626, 5626, 5626, 5626, 5626, 5626, 5626, 5626, 5626, 5626, 5626, 5626, 5626, 5626, 5626, 5626, 5626, 5626, 5626, 5626, 5626, 5626, 5626, 5626, 5626, 5626, 5626, 5626, 5626, 5626, 5626, 5626, 5626, 5626, 5626, 5626, 5626, 5626, 5626, 5626, 5626, 5626, 5626, 5626, 5626, 5626, 5626, 5626, 5626, 5626, 5626, 5626, 5626, 5626, 5626, 5626, 5626, 5626, 5626, 5626, 5626, 5626, 5626, 5626, 5626, 5626, 5626, 5626, 5626, 5626, 5626, 5626, 5626, 5626, 5626, 5626, 5626, 5626, 5626, 5626, 5626, 5626, 5626, 5626, 5626, 5626, 5626, 5626, 5626, 5626, 5626, 5626, 5626, 5626, 5626, 5626, 5626, 5626, 5626, 5626, 5626, 5626, 5626, 5626, 5626, 5626, 5626, 5626, 5626, 5626, 5626, 5626, 5626, 5626, 5626, 5626, 5626, 5626, 5626, 5626, 5626, 5626, 5626, 5626, 5626, 5626, 5626, 5626, 5626, 5626, 5626, 5626, 5626, 5626, 5626, 5626, 5626, 5626, 5626, 5626, 5626, 5626, 5626, 5626, 5626, 5626, 5626, 5626, 5626, 5626, 5626, 5626, 5626, 5626, 5626, 5626, 5626, 5626, 5626, 5626, 5626, 5626, 5626, 5626, 5626, 5626, 5626, 5626, 5626, 5626, 5626, 5626, 5626, 5626, 5626, 5626, 5626, 5626, 5626, 5626, 5626, 5626, 5626, 5626, 5626, 5626, 5626, 5626, 5626, 5626, 5626, 5626, 5626, 5626, 5626, 5626, 5626, 5626, 5626, 5626, 5626, 5626, 5626, 5626, 5626, 5626, 5626, 5626, 5626, 5626, 5626, 5626, 5626, 5626, 5626, 5626, 5626, 5626, 5626, 5626, 5626, 5626, 5626, 5626, 5626, 5626, 5626, 5626, 5626, 5626, 5626, 5626, 5626, 5626, 5626, 5626, 5626, 5626, 5626, 5626, 5626, 5626, 5626, 5626, 5626, 5626, 5626, 5626, 5626, 5626, 5626, 5626, 5626, 5626, 5626, 5626, 5626, 5626, 5626, 5626, 5626, 5626, 5626, 5626, 5626, 5626, 5626, 5626, 5626, 5626, 5626, 5626, 5626, 5626, 5626, 5626, 5626, 5626, 5626, 5626, 5626, 5626, 5626, 5626, 5626, 5626, 5626, 5626, 5626, 5626, 5626, 5626, 5626, 5626, 5626, 5626, 5626, 5626, 5626, 5626, 5626, 5626, 5626, 5626, 5626, 5626, 5626, 5626, 5626, 5626, 5626, 5626, 5626, 5626, 5626, 5626, 5626, 5626, 5626, 5626, 5626, 5626, 5626, 5626, 5626, 5626, 5626, 5626, 5626, 5626, 5626, 5626, 5626, 5626, 5626, 5626, 5626, 5626, 5626, 5626, 5626, 5626, 5626, 5626, 5626, 5626, 5626, 5626, 5626, 5626, 5626, 5626, 5626, 5626, 5626, 5626, 5626, 5626, 5626, 5626, 5626, 5626, 5626, 5626, 5626, 5626, 5626, 5626, 5626, 5626, 5626, 5626, 5626, 5626, 5626, 5626, 5626, 5626, 5626, 5626, 5626, 5626, 5626, 5626, 5626, 5626, 5626, 5626, 5626, 5626, 5626, 5626, 5626, 5626, 5626, 5626, 5626, 5626, 5626, 5626, 5626, 5626, 5626, 5626, 5626, 5626, 5626, 5626, 5626, 5626, 5626, 5626, 5626, 5626, 5626, 5626, 5626, 5626, 5626, 5626, 5626, 5626, 5626, 5626, 5626, 5626, 5626, 5626, 5626, 5626, 5626, 5626, 5626, 5626, 5626, 5626, 5626, 5626, 5626, 5626, 5626, 5626, 5626, 5626, 5626, 5626, 5626, 5626, 5626, 5626, 5626, 5626, 5626, 5626, 5626, 5626, 5626, 5626, 5626, 5626, 5626, 5626, 5626, 5626, 5626, 5626, 5626, 5626, 5626, 5626, 5626, 5626, 5626, 5626, 5626, 5626, 5626, 5626, 5626, 5626, 5626, 5626, 5626, 5626, 5626, 5626, 5626, 5626, 5626, 5626, 5626, 5626, 5626, 5626, 5626, 5626, 5626, 5626, 5626, 5626, 5626, 5626, 5626, 5626, 5626, 5626, 5626, 5626, 5626, 5626, 5626, 5626, 5626, 5626, 5626, 5626, 5626, 5626, 5626, 5626, 5626, 5626, 5626, 5626, 5626, 5626, 5626, 5626, 5626, 5626, 5626, 5626, 5626, 5626, 5626, 5626, 5626, 5626, 5626, 5626, 5626, 5626, 5626, 5626, 5626, 5626, 5626, 5626, 5626, 5626, 5626, 5626, 5626, 5626, 5626, 5626, 5626, 5626, 5626, 5626, 5626, 5626, 5626, 5626, 5626, 5626, 5626, 5626, 5626, 5626, 5626, 5626, 5626, 5626, 5626, 5626, 5626, 5626, 5626, 5626, 5626, 5626, 5626, 5626, 5626, 5626, 5626, 5626, 5626, 5626, 5626, 5626, 5626, 5626, 5626, 5626, 5626, 5626, 5626, 5626, 5626, 5626, 5626, 5626, 5626, 5626, 5626, 5626, 5626, 5626, 5626, 5626, 5626, 5626, 5626, 5626, 5626, 5626, 5626, 5626, 5626, 5626, 5626, 5626, 5626, 5626, 5626, 5626, 5626, 5626, 5626, 5626, 5626, 5626, 5626, 5626, 5626, 5626, 5626, 5626, 5626, 5626, 5626, 5626, 5626, 5626, 5626, 5626, 5626, 5626, 5626, 5626, 5626, 5626, 5626, 5626, 5626, 5626, 5626, 5626, 5626, 5626, 5626, 5626, 5626, 5626, 5626, 5626, 5626, 5626, 5626, 5626, 5626, 5626, 5626, 5626, 5626, 5626, 5626, 5626, 5626, 5626, 5626, 5626, 5626, 5626, 5626, 5626, 5626, 5626, 5626, 5626, 5626, 5626, 5626, 5626, 5626, 5626, 5626, 5626, 5626, 5626, 5626, 5626, 5626, 5626, 5626, 5626, 5626, 5626, 5626, 5626, 5626, 5626, 5626, 5626, 5626, 5626, 5626, 5626, 5626, 5626, 5626, 5626, 5626, 5626, 5626, 5626, 5626, 5626, 5626, 5626, 5626, 5626, 5626, 5626, 5626, 5626, 5626, 5626, 5626, 5626, 5626, 5626, 5626, 5626, 5626, 5626, 5626, 5626, 5626, 5626, 5626, 5626, 5626, 5626, 5626, 5626, 5626, 5626, 5626, 5626, 5626, 5626, 5626, 5626, 5626, 5626, 5626, 5626, 5626, 5626, 5626, 5626, 5626, 5626, 5626, 5626, 5626, 5626, 5626, 5626, 5626, 5626, 5626, 5626, 5626, 5626, 5626, 5626, 5626, 5626, 5626, 5626, 5626, 5626, 5626, 5626, 5626, 5626, 5626, 5626, 5626, 5626, 5626, 5626, 5626, 5626, 5626, 5626, 5626, 5626, 5626, 5626, 5626, 5626, 5626, 5626, 5626, 5626, 5626, 5626, 5626, 5626, 5626, 5626, 5626, 5626, 5626, 5626, 5626, 5626, 5626, 5626, 5626, 5626, 5626, 5626, 5626, 5626, 5626, 5626, 5626, 5626, 5626, 5626, 5626, 5626, 5626, 5626, 5626, 5626, 5626, 5626, 5626, 5626, 5626, 5626, 5626, 5626, 5626, 5626, 5626, 5626, 5626, 5626, 5626, 5626, 5626, 5626, 5626, 5626, 5626, 5626, 5626, 5626, 5626, 5626, 5626, 5626, 5626, 5626, 5626, 5626, 5626, 5626, 5626, 5626, 5626, 5626, 5626, 5626, 5626, 5626, 5626, 5626, 5626, 5626, 5626, 5626, 5626, 5626, 5626, 5626, 5626, 5626, 5626, 5626, 5626, 5626, 5626, 5626, 5626, 5626, 5626, 5626, 5626, 5626, 5626, 5626, 5626, 5626, 5626, 5626, 5626, 5626, 5626, 5626, 5626, 5626, 5626, 5626, 5626, 5626, 5626, 5626, 5626, 5626, 5626, 5626, 5626, 5626, 5626, 5626, 5626, 5626, 5626, 5626, 5626, 5626, 5626, 5626, 5626, 5626, 5626, 5626, 5626, 5626, 5626, 5626, 5626, 5626, 5626, 5626, 5626, 5626, 5626, 5626, 5626, 5626, 5626, 5626, 5626, 5626, 5626, 5626, 5626, 5626, 5626, 5626, 5626, 5626, 5626, 5626, 5626, 5626, 5626, 5626, 5626, 5626, 5626, 5626, 5626, 5626, 5626, 5626, 5626, 5626, 5626, 5626, 5626, 5626, 5626, 5626, 5626, 5626, 5626, 5626, 5626, 5626, 5626, 5626, 5626, 5626, 5626, 5626, 5626, 5626, 5626, 5626, 5626, 5626, 5626, 5626, 5626, 5626, 5626, 5626, 5626, 5626, 5626, 5626, 5626, 5626, 5626, 5626, 5626, 5626, 5626, 5626, 5626, 5626, 5626, 5626, 5626, 5626, 5626, 5626, 5626, 5626, 5626, 5626, 5626, 5626, 5626, 5626, 5626, 5626, 5626, 5626, 5626, 5626, 5626, 5626, 5626, 5626, 5626, 5626, 5626, 5626, 5626, 5626, 5626, 5626, 5626, 5626, 5626, 5626, 5626, 5626, 5626, 5626, 5626, 5626, 5626, 5626, 5626, 5626, 5626, 5626, 5626, 5626, 5626, 5626, 5626, 5626, 5626, 5626, 5626, 5626, 5626, 5626, 5626, 5626, 5626, 5626, 5626, 5626, 5626, 5626, 5626, 5626, 5626, 5626, 5626, 5626, 5626, 5626, 5626, 5626, 5626, 5626, 5626, 5626, 5626, 5626, 5626, 5626, 5626, 5626, 5626, 5626, 5626, 5626, 5626, 5626, 5626, 5626, 5626, 5626, 5626, 5626, 5626, 5626, 5626, 5626, 5626, 5626, 5626, 5626, 5626, 5626, 5626, 5626, 5626, 5626, 5626, 5626, 5626, 5626, 5626, 5626, 5626, 5626, 5626, 5626, 5626, 5626, 5626, 5626, 5626, 5626, 5626, 5626, 5626, 5626, 5626, 5626, 5626, 5626, 5626, 5626, 5626, 5626, 5626, 5626, 5626, 5626, 5626, 5626, 5626, 5626, 5626, 5626, 5626, 5626, 5626, 5626, 5626, 5626, 5626, 5626, 5626, 5626, 5626, 5626, 5626, 5626, 5626, 5626, 5626, 5626, 5626, 5626, 5626, 5626, 5626, 5626, 5626, 5626, 5626, 5626, 5626, 5626, 5626, 5626, 5626, 5626, 5626, 5626, 5626, 5626, 5626, 5626, 5626, 5626, 5626, 5626, 5626, 5626, 5626, 5626, 5626, 5626, 5626, 5626, 5626, 5626, 5626, 5626, 5626, 5626, 5626, 5626, 5626, 5626, 5626, 5626, 5626, 5626, 5626, 5626, 5626, 5626, 5626, 5626, 5626, 5626, 5626, 5626, 5626, 5626, 5626, 5626, 5626, 5626, 5626, 5626, 5626, 5626, 5626, 5626, 5626, 5626, 5626, 5626, 5626, 5626, 5626, 5626, 5626, 5626, 5626, 5626, 5626, 5626, 5626, 5626, 5626, 5626, 5626, 5626, 5626, 5626, 5626, 5626, 5626, 5626, 5626, 5626, 5626, 5626, 5626, 5626, 5626, 5626, 5626, 5626, 5626, 5626, 5626, 5626, 5626, 5626, 5626, 5626, 5626, 5626, 5626, 5626, 5626, 5626, 5626, 5626, 5626, 5626, 5626, 5626, 5626, 5626, 5626, 5626, 5626, 5626, 5626, 5626, 5626, 5626, 5626, 5626, 5626, 5626, 5626, 5626, 5626, 5626, 5626, 5626, 5626, 5626, 5626, 5626, 5626, 5626, 5626, 5626, 5626, 5626, 5626, 5626, 5626, 5626, 5626, 5626, 5626, 5626, 5626, 5626, 5626, 5626, 5626, 5626, 5626, 5626, 5626, 5626, 5626, 5626, 5626, 5626, 5626, 5626, 5626, 5626, 5626, 5626, 5626, 5626, 5626, 5626, 5626, 5626, 5626, 5626, 5626, 5626, 5626, 5626, 5626, 5626, 5626, 5626, 5626, 5626, 5626, 5626, 5626, 5626, 5626, 5626, 5624, 5624, 5624, 5624, 5624, 5624, 5624, 5624, 5624, 5624, 5624, 5624, 5624, 5624, 5624, 5624, 5624, 5624, 5624, 5624, 5624, 5624, 5624, 5624, 5624, 5624, 5624, 5624, 5624, 5624, 5624, 5624, 5624, 5624, 5624, 5624, 5624, 5624, 5624, 5624, 5624, 5624, 5624, 5624, 5624, 5624, 5624, 5624, 5624, 5624, 5624, 5624, 5624, 5624, 5624, 5624, 5624, 5624, 5624, 5624, 5624, 5624, 5624, 5624, 5624, 5624, 5624, 5624, 5624, 5624, 5624, 5624, 5624, 5624, 5624, 5624, 5624, 5624, 5624, 5624, 5624, 5624, 5624, 5624, 5624, 5624, 5624, 5624, 5624, 5624, 5624, 5624, 5624, 5624, 5624, 5624, 5624, 5624, 5624, 5624, 5624, 5624, 5624, 5624, 5624, 5624, 5624, 5624, 5624, 5624, 5624, 5624, 5624, 5624, 5624, 5624, 5624, 5624, 5624, 5624, 5624, 5624, 5624, 5624, 5624, 5624, 5624, 5624, 5624, 5624, 5624, 5624, 5624, 5624, 5624, 5624, 5624, 5624, 5624, 5624, 5624, 5624, 5624, 5624, 5624, 5624, 5624, 5624, 5624, 5624, 5624, 5624, 5624, 5624, 5624, 5624, 5624, 5624, 5624, 5624, 5624, 5624, 5624, 5624, 5624, 5624, 5624, 5624, 5624, 5624, 5624, 5624, 5624, 5624, 5624, 5624, 5624, 5624, 5624, 5624, 5624, 5624, 5624, 5624, 5624, 5624, 5624, 5624, 5624, 5624, 5624, 5624, 5624, 5624, 5624, 5624, 5624, 5624, 5624, 5624, 5624, 5624, 5624, 5624, 5624, 5624, 5624, 5624, 5624, 5624, 5624, 5624, 5624, 5624, 5624, 5624, 5624, 5624, 5624, 5624, 5624, 5624, 5624, 5624, 5624, 5624, 5624, 5624, 5624, 5624, 5624, 5624, 5624, 5624, 5624, 5624, 5624, 5624, 5624, 5624, 5624, 5624, 5624, 5624, 5624, 5624, 5624, 5624, 5624, 5624, 5624, 5624, 5624, 5624, 5624, 5624, 5624, 5624, 5624, 5624, 5624, 5624, 5624, 5624, 5624, 5624, 5624, 5624, 5624, 5624, 5624, 5624, 5624, 5624, 5624, 5624, 5624, 5624, 5624, 5624, 5624, 5624, 5624, 5624, 5624, 5624, 5624, 5624, 5624, 5624, 5624, 5624, 5624, 5624, 5624, 5624, 5624, 5624, 5624, 5624, 5624, 5624, 5624, 5624, 5624, 5624, 5624, 5624, 5624, 5624, 5624, 5624, 5624, 5624, 5624, 5624, 5624, 5624, 5624, 5624, 5624, 5624, 5624, 5624, 5624, 5624, 5624, 5624, 5624, 5624, 5624, 5624, 5624, 5624, 5624, 5624, 5624, 5624, 5624, 5624, 5624, 5624, 5624, 5624, 5624, 5624, 5624, 5624, 5624, 5624, 5624, 5624, 5624, 5624, 5624, 5624, 5624, 5624, 5624, 5624, 5624, 5624, 5624, 5624, 5624, 5624, 5624, 5624, 5624, 5624, 5624, 5624, 5624, 5624, 5624, 5624, 5624, 5624, 5624, 5624, 5624, 5624, 5624, 5624, 5624, 5624, 5624, 5624, 5624, 5624, 5624, 5624, 5624, 5624, 5624, 5624, 5624, 5624, 5624, 5624, 5624, 5624, 5624, 5624, 5624, 5624, 5624, 5624, 5624, 5624, 5624, 5624, 5624, 5624, 5624, 5624, 5624, 5624, 5624, 5624, 5624, 5624, 5624, 5624, 5624, 5624, 5624, 5624, 5624, 5624, 5624, 5624, 5624, 5624, 5624, 5624, 5624, 5624, 5624, 5624, 5624, 5624, 5624, 5624, 5624, 5624, 5624, 5624, 5624, 5624, 5624, 5624, 5624, 5624, 5624, 5624, 5624, 5624, 5624, 5624, 5624, 5624, 5624, 5624, 5624, 5624, 5624, 5624, 5624, 5624, 5624, 5624, 5624, 5624, 5624, 5624, 5624, 5624, 5624, 5624, 5624, 5624, 5624, 5624, 5624, 5624, 5624, 5624, 5624, 5624, 5624, 5624, 5624, 5624, 5624, 5624, 5624, 5624, 5624, 5624, 5624, 5624, 5624, 5624, 5624, 5624, 5624, 5624, 5624, 5624, 5624, 5624, 5624, 5624, 5624, 5624, 5624, 5624, 5624, 5624, 5624, 5624, 5624, 5624, 5624, 5624, 5624, 5624, 5624, 5624, 5624, 5624, 5624, 5624, 5624, 5624, 5624, 5624, 5624, 5624, 5624, 5624, 5624, 5624, 5624, 5624, 5624, 5624, 5624, 5624, 5624, 5624, 5624, 5624, 5624, 5624, 5624, 5624, 5624, 5624, 5624, 5624, 5624, 5624, 5624, 5624, 5624, 5624, 5624, 5624, 5624, 5624, 5624, 5624, 5624, 5624, 5624, 5624, 5624, 5624, 5624, 5624, 5624, 5624, 5624, 5624, 5624, 5624, 5624, 5624, 5624, 5624, 5624, 5624, 5624, 5624, 5624, 5624, 5624, 5624, 5624, 5624, 5624, 5624, 5624, 5624, 5624, 5624, 5624, 5624, 5624, 5624, 5624, 5624, 5624, 5624, 5624, 5624, 5624, 5624, 5624, 5624, 5624, 5624, 5624, 5624, 5624, 5624, 5624, 5624, 5624, 5624, 5624, 5624, 5624, 5624, 5624, 5624, 5624, 5624, 5624, 5624, 5624, 5624, 5624, 5624, 5624, 5624, 5624, 5624, 5624, 5624, 5624, 5624, 5624, 5624, 5624, 5624, 5624, 5624, 5624, 5624, 5624, 5624, 5624, 5624, 5624, 5624, 5624, 5624, 5624, 5624, 5624, 5624, 5624, 5624, 5624, 5624, 5624, 5624, 5624, 5624, 5624, 5624, 5624, 5624, 5624, 5624, 5624, 5624, 5624, 5624, 5624, 5624, 5624, 5624, 5624, 5624, 5624, 5624, 5624, 5624, 5624, 5624, 5624, 5624, 5624, 5624, 5624, 5624, 5624, 5624, 5624, 5624, 5624, 5624, 5624, 5624, 5624, 5624, 5624, 5624, 5624, 5624, 5624, 5624, 5624, 5624, 5624, 5624, 5624, 5624, 5624, 5624, 5624, 5624, 5624, 5624, 5624, 5624, 5624, 5624, 5624, 5624, 5624, 5624, 5624, 5624, 5624, 5624, 5624, 5624, 5624, 5624, 5624, 5624, 5624, 5624, 5624, 5624, 5624, 5624, 5624, 5624, 5624, 5624, 5624, 5624, 5624, 5624, 5624, 5624, 5624, 5624, 5624, 5624, 5624, 5624, 5624, 5624, 5624, 5624, 5624, 5624, 5624, 5624, 5624, 5624, 5624, 5624, 5624, 5624, 5624, 5624, 5624, 5624, 5624, 5624, 5624, 5624, 5624, 5624, 5624, 5624, 5624, 5624, 5624, 5624, 5624, 5624, 5624, 5624, 5624, 5624, 5624, 5624, 5624, 5624, 5624, 5624, 5624, 5624, 5624, 5624, 5624, 5624, 5624, 5624, 5624, 5624, 5624, 5624, 5624, 5624, 5624, 5624, 5624, 5624, 5624, 5624, 5624, 5624, 5624, 5624, 5624, 5624, 5624, 5624, 5624, 5624, 5624, 5624, 5624, 5624, 5624, 5624, 5624, 5624, 5624, 5624, 5624, 5624, 5624, 5624, 5624, 5624, 5624, 5624, 5624, 5624, 5624, 5624, 5624, 5624, 5624, 5624, 5624, 5624, 5624, 5624, 5624, 5624, 5624, 5624, 5624, 5624, 5624, 5624, 5624, 5624, 5624, 5624, 5624, 5624, 5624, 5624, 5624, 5624, 5624, 5624, 5624, 5624, 5624, 5624, 5624, 5624, 5624, 5624, 5624, 5624, 5624, 5624, 5624, 5624, 5624, 5624, 5624, 5624, 5624, 5624, 5624, 5624, 5624, 5624, 5624, 5624, 5624, 5624, 5624, 5624, 5624, 5624, 5624, 5624, 5624, 5624, 5624, 5624, 5624, 5624, 5624, 5624, 5624, 5624, 5624, 5624, 5624, 5624, 5624, 5624, 5624, 5624, 5624, 5624, 5624, 5624, 5624, 5624, 5624, 5624, 5624, 5624, 5624, 5624, 5624, 5624, 5624, 5624, 5624, 5624, 5624, 5624, 5624, 5624, 5624, 5624, 5624, 5624, 5624, 5624, 5624, 5624, 5624, 5624, 5624, 5624, 5624, 5624, 5624, 5624, 5624, 5624, 5624, 5624, 5624, 5624, 5624, 5624, 5624, 5624, 5624, 5624, 5624, 5624, 5624, 5624, 5624, 5624, 5624, 5624, 5624, 5624, 5624, 5624, 5624, 5624, 5624, 5624, 5624, 5624, 5624, 5624, 5624, 5624, 5624, 5624, 5624, 5624, 5624, 5624, 5624, 5624, 5624, 5624, 5624, 5624, 5624, 5624, 5624, 5624, 5624, 5624, 5624, 5624, 5624, 5624, 5624, 5624, 5624, 5624, 5624, 5624, 5624, 5624, 5624, 5624, 5624, 5624, 5624, 5624, 5624, 5624, 5624, 5624, 5624, 5624, 5624, 5624, 5624, 5624, 5624, 5624, 5624, 5624, 5624, 5624, 5624, 5624, 5624, 5624, 5624, 5624, 5624, 5624, 5624, 5624, 5624, 5624, 5624, 5624, 5624, 5624, 5624, 5624, 5624, 5624, 5624, 5624, 5624, 5624, 5624, 5624, 5624, 5624, 5624, 5624, 5624, 5624, 5624, 5624, 5624, 5624, 5624, 5624, 5624, 5624, 5624, 5624, 5624, 5624, 5624, 5624, 5624, 5624, 5624, 5624, 5624, 5624, 5624, 5624, 5624, 5624, 5624, 5624, 5624, 5624, 5624, 5624, 5624, 5624, 5624, 5624, 5624, 5624, 5624, 5624, 5624, 5624, 5624, 5624, 5624, 5624, 5624, 5624, 5624, 5624, 5624, 5624, 5624, 5624, 5624, 5624, 5624, 5624, 5624, 5624, 5624, 5624, 5624, 5624, 5624, 5624, 5624, 5624, 5624, 5624, 5624, 5624, 5624, 5624, 5624, 5624, 5624, 5624, 5624, 5624, 5624, 5624, 5624, 5624, 5624, 5624, 5624, 5624, 5624, 5624, 5624, 5624, 5624, 5624, 5624, 5624, 5624, 5624, 5624, 5624, 5624, 5624, 5624, 5624, 5624, 5624, 5624, 5624, 5624, 5624, 5624, 5624, 5624, 5624, 5624, 5624, 5624, 5624, 5624, 5624, 5624, 5624, 5624, 5624, 5624, 5624, 5624, 5624, 5624, 5624, 5624, 5624, 5624, 5624, 5624, 5624, 5624, 5624, 5624, 5624, 5624, 5624, 5624, 5624, 5624, 5624, 5624, 5624, 5624, 5624, 5624, 5624, 5624, 5624, 5624, 5624, 5624, 5624, 5624, 5624, 5624, 5624, 5624, 5624, 5624, 5624, 5624, 5624, 5624, 5624, 5624, 5624, 5624, 5624, 5624, 5624, 5624, 5624, 5624, 5624, 5624, 5624, 5624, 5624, 5624, 5624, 5624, 5624, 5624, 5624, 5624, 5624, 5624, 5624, 5624, 5624, 5624, 5624, 5624, 5624, 5624, 5624, 5624, 5624, 5624, 5624, 5624, 5624, 5624, 5624, 5624, 5624, 5624, 5624, 5624, 5624, 5624, 5624, 5624, 5624, 5624, 5624, 5624, 5624, 5624, 5624, 5624, 5624, 5624, 5624, 5624, 5624, 5624, 5624, 5624, 5624, 5624, 5624, 5624, 5624, 5624, 5624, 5624, 5624, 5624, 5624, 5624, 5624, 5624, 5624, 5624, 5624, 5624, 5624, 5624, 5624, 5624, 5624, 5624, 5624, 5624, 5624, 5624, 5624, 5624, 5624, 5624, 5624, 5624, 5624, 5624, 5624, 5624, 5624, 5624, 5624, 5624, 5624, 5624, 5624, 5624, 5624, 5624, 5624, 5624, 5624, 5624, 5622, 5622, 5622, 5622, 5622, 5622, 5622, 5622, 5622, 5622, 5622, 5622, 5622, 5622, 5622, 5622, 5622, 5622, 5622, 5622, 5622, 5622, 5622, 5622, 5622, 5622, 5622, 5622, 5622, 5622, 5622, 5622, 5622, 5622, 5622, 5622, 5622, 5622, 5622, 5622, 5622, 5622, 5622, 5622, 5622, 5622, 5622, 5622, 5622, 5622, 5622, 5622, 5622, 5622, 5622, 5622, 5622, 5622, 5622, 5622, 5622, 5622, 5622, 5622, 5622, 5622, 5622, 5622, 5622, 5622, 5622, 5622, 5622, 5622, 5622, 5622, 5622, 5622, 5622, 5622, 5622, 5622, 5622, 5622, 5622, 5622, 5622, 5622, 5622, 5622, 5622, 5622, 5622, 5622, 5622, 5622, 5622, 5622, 5622, 5622, 5622, 5622, 5622, 5622, 5622, 5622, 5622, 5620, 
Fitness promedio a lo largo del tiempo: 
20564, 17503, 15334, 12684, 9849, 7757, 8309, 7516, 6968, 7625, 7490, 6641, 7481, 7316, 6532, 7537, 6644, 8086, 7222, 7532, 7402, 6629, 7536, 7536, 6994, 6571, 6526, 7228, 6923, 7877, 6651, 6780, 7428, 7030, 6898, 7447, 6303, 6678, 7166, 7102, 6032, 6082, 6184, 6241, 6451, 5929, 6385, 7295, 6177, 6488, 6960, 6154, 6598, 5853, 6099, 6521, 6839, 6679, 5926, 6085, 6178, 6300, 6075, 6742, 6992, 5748, 6487, 6150, 6609, 5739, 6177, 6369, 6992, 6235, 5727, 5833, 5944, 6272, 5734, 5701, 6210, 5891, 6045, 6439, 6210, 6101, 5944, 5711, 6287, 6470, 5698, 6015, 5711, 5929, 6662, 7346, 6454, 5937, 6448, 6815, 6712, 6052, 6143, 6254, 5702, 7405, 7012, 6605, 7060, 6323, 5708, 6046, 6542, 6053, 6670, 7073, 6324, 6479, 6011, 5731, 6477, 6345, 5984, 5736, 6107, 6862, 6048, 5989, 6032, 5946, 6238, 5889, 6437, 7012, 6172, 6821, 6519, 6583, 5732, 6169, 6043, 6756, 6148, 6493, 6422, 6269, 5898, 5770, 6192, 5825, 5934, 6056, 6142, 6432, 6663, 5836, 5978, 6108, 6095, 5939, 5992, 6314, 6252, 6043, 6110, 5714, 6060, 6480, 5736, 5906, 5893, 5944, 5719, 6697, 6234, 6157, 5722, 6362, 5925, 5720, 6603, 5799, 6435, 5723, 5985, 6110, 6863, 5727, 6101, 6501, 6096, 6264, 6144, 6166, 7200, 5707, 5750, 6426, 5687, 6036, 5828, 6598, 5696, 5989, 6744, 5921, 5980, 5987, 6102, 6266, 5701, 6204, 5982, 5828, 6047, 6631, 5942, 6001, 5823, 5764, 6638, 6910, 5709, 5689, 6859, 6733, 6140, 6408, 6095, 5722, 6058, 5980, 5933, 6254, 6592, 6251, 6741, 6157, 6265, 6170, 6524, 5789, 6190, 5718, 5763, 6024, 6043, 5723, 5694, 6356, 6191, 5701, 6255, 5697, 6726, 6183, 5922, 5703, 6094, 5974, 5701, 5682, 6208, 5671, 5985, 5723, 6084, 6966, 5697, 5982, 6199, 6396, 5909, 5743, 5960, 5740, 5929, 6236, 5919, 6469, 6052, 6694, 5983, 6113, 5707, 6011, 6086, 5699, 6546, 6019, 5816, 6224, 5927, 6712, 5818, 6063, 6197, 6356, 6248, 5976, 7045, 6015, 6197, 5954, 5687, 6090, 6343, 6287, 5909, 6623, 6352, 6309, 5745, 6490, 6082, 6184, 5687, 5670, 6283, 7331, 6500, 6406, 5761, 6498, 6219, 5674, 5954, 5685, 5701, 6186, 6130, 6576, 6406, 5703, 7034, 6195, 5682, 5686, 6435, 5954, 6115, 6195, 5960, 5850, 5755, 6620, 6378, 5857, 6143, 5687, 6233, 5673, 5688, 5958, 5861, 6026, 6342, 6061, 5730, 5697, 6203, 5801, 5690, 5752, 6358, 5698, 6116, 5804, 5739, 5765, 6363, 5697, 5703, 5696, 6014, 5710, 5662, 6340, 5707, 6746, 6374, 6032, 5696, 5906, 6339, 5821, 5671, 6226, 6009, 5661, 6084, 5683, 6251, 5906, 6015, 6099, 6419, 6561, 5994, 6687, 5792, 6009, 5697, 5900, 5803, 6061, 5913, 7260, 5709, 6662, 5862, 6023, 6072, 5927, 6027, 5691, 5803, 6518, 5706, 6233, 6554, 5873, 6854, 6628, 6288, 5913, 6287, 6496, 6552, 5948, 5698, 5683, 5681, 6532, 5924, 6745, 6476, 5682, 6060, 6062, 6007, 6123, 6454, 7003, 6118, 7267, 6194, 6181, 6356, 5804, 6181, 6454, 6171, 5971, 5998, 6205, 6502, 6683, 6476, 5970, 6142, 6279, 6294, 5798, 6347, 6226, 5840, 5673, 6496, 6368, 6588, 6392, 6127, 5791, 6129, 6177, 6915, 5807, 5855, 5968, 6443, 5858, 6519, 5982, 6378, 6451, 6518, 5667, 5679, 6944, 6284, 5668, 6680, 6230, 6734, 6382, 6108, 5676, 6347, 6479, 6781, 5928, 5661, 6041, 6178, 6297, 6700, 6125, 6072, 5943, 5708, 5688, 6747, 6231, 6946, 6621, 6193, 5704, 5846, 5797, 6177, 5671, 5700, 6019, 6182, 6214, 5705, 5854, 6235, 5852, 6246, 6070, 6446, 6703, 6414, 5708, 6372, 5680, 5809, 6127, 5811, 5663, 5696, 6521, 5870, 7335, 5969, 6296, 6838, 6403, 6510, 5883, 6330, 6022, 6252, 6130, 5904, 6022, 5661, 6547, 6117, 5667, 5808, 6294, 6355, 6447, 6136, 5697, 6014, 5672, 6068, 6679, 5660, 5691, 5662, 6435, 6653, 5681, 5688, 5659, 5909, 5752, 6284, 5989, 6008, 5789, 5696, 5896, 5894, 5961, 5967, 5693, 5670, 5795, 6162, 5691, 6181, 6021, 5797, 6079, 6296, 6222, 6449, 5955, 6391, 6311, 6005, 5739, 6461, 6403, 6341, 6209, 5870, 5919, 5958, 5787, 6160, 6634, 5792, 6342, 6443, 6380, 6183, 6139, 6229, 6090, 6296, 6191, 5908, 6606, 5677, 6472, 6287, 6514, 5969, 6026, 6490, 5816, 6189, 5928, 6667, 5930, 6655, 5960, 5695, 5665, 5687, 5812, 5798, 6301, 5846, 5698, 5681, 6336, 5700, 5670, 6277, 6230, 6230, 5665, 6228, 6169, 6007, 5852, 5850, 5696, 5744, 5670, 6135, 5669, 6026, 6170, 5921, 6200, 5741, 6222, 6348, 5879, 6695, 6227, 5872, 6027, 5678, 6129, 5809, 6069, 5966, 5681, 6650, 6239, 5798, 5703, 5982, 5798, 6127, 6484, 5830, 6112, 5683, 5751, 6287, 5967, 5965, 5689, 6075, 5806, 6074, 6355, 5912, 5912, 6571, 6129, 5758, 7058, 5711, 6063, 6657, 6344, 5670, 6353, 6240, 5854, 5652, 6133, 5956, 5788, 6049, 5671, 6218, 5795, 5899, 6772, 6002, 5800, 6069, 6307, 6468, 5757, 6126, 6670, 5767, 6453, 5674, 5701, 6615, 6723, 6121, 5714, 6405, 6067, 6235, 6694, 5684, 5668, 5666, 5681, 5946, 5964, 6028, 5700, 5692, 6307, 5914, 5846, 5696, 6411, 5907, 6929, 6012, 5691, 6069, 6122, 5683, 5810, 5682, 6120, 6827, 6904, 6209, 5973, 6362, 6280, 6397, 6546, 6075, 6613, 5654, 6063, 6223, 5674, 6005, 6864, 6067, 6376, 5970, 5947, 5658, 6019, 5771, 5868, 5682, 5852, 6081, 5958, 6067, 5905, 6243, 5857, 5955, 6352, 5804, 5700, 6668, 5961, 5658, 5840, 6390, 6547, 6352, 6167, 5692, 6722, 5955, 5661, 6497, 5696, 6226, 5944, 6014, 6173, 6505, 5666, 5682, 6495, 6977, 6105, 6115, 5685, 5686, 6061, 5699, 6125, 6222, 5682, 5792, 5999, 6672, 6290, 6077, 6320, 5796, 5705, 5829, 5927, 6303, 5686, 6144, 5683, 5732, 6465, 5974, 6011, 5984, 5670, 6440, 6392, 5905, 5837, 5955, 6121, 5685, 6325, 6355, 5910, 6647, 5713, 5967, 5676, 6585, 6954, 6242, 6284, 6575, 5706, 6556, 6073, 6240, 6757, 5843, 5681, 6113, 6551, 6821, 5869, 6524, 5658, 6631, 6562, 5689, 5682, 5689, 5668, 5688, 6246, 5672, 6236, 5841, 6396, 5686, 6338, 5970, 6184, 6281, 5976, 5687, 6370, 6734, 6231, 5896, 6612, 6964, 6410, 5939, 6041, 5912, 5990, 6078, 6423, 6319, 6031, 5747, 5922, 6287, 5924, 6011, 6069, 6236, 6599, 7138, 6186, 5956, 5974, 5750, 5955, 6124, 5875, 5773, 6957, 5921, 6351, 6295, 5709, 6670, 5714, 5665, 6288, 5756, 6616, 6667, 6066, 6672, 6392, 5841, 5694, 6051, 5976, 6023, 5675, 5703, 5792, 5762, 6611, 6562, 7392, 6273, 6264, 6069, 5991, 5748, 6664, 6457, 6133, 6337, 6359, 5816, 5686, 6498, 6085, 6517, 5963, 6572, 5874, 6507, 5690, 5675, 5676, 6204, 6413, 5917, 6264, 6831, 6762, 6172, 6325, 5903, 5937, 6021, 5760, 5916, 5692, 6236, 6071, 5776, 5696, 5692, 5693, 6086, 5777, 5969, 5678, 6254, 5760, 6825, 6220, 6616, 5693, 6272, 6178, 5693, 5702, 5690, 5974, 5870, 5950, 5956, 6246, 5701, 5700, 6338, 5691, 6125, 5753, 5761, 5751, 5664, 6422, 5677, 6080, 5843, 5677, 6616, 6228, 6326, 6665, 6175, 5684, 6038, 5866, 6205, 5693, 6133, 6070, 6214, 6030, 6412, 5687, 6122, 6465, 5875, 5671, 6520, 5691, 5671, 6234, 6085, 6572, 6070, 6168, 5753, 5662, 6126, 6559, 6031, 6120, 6298, 5691, 6567, 5918, 5705, 5700, 6119, 6351, 6897, 6131, 7140, 6404, 5690, 6075, 5692, 5698, 5811, 6206, 6040, 6013, 5741, 5680, 5704, 6025, 5683, 6067, 5679, 5752, 5695, 6301, 6028, 5691, 6231, 5870, 5957, 5701, 6663, 5860, 6124, 6415, 5674, 5916, 5890, 5796, 6524, 5910, 6236, 6024, 6448, 6150, 6020, 5676, 6072, 5690, 6102, 5909, 5679, 6927, 5674, 5931, 5696, 6506, 6020, 6715, 5684, 5700, 5701, 6236, 6303, 5693, 6136, 5910, 5691, 5818, 5696, 6643, 6387, 6074, 6672, 5698, 6060, 5899, 5803, 6728, 6184, 6766, 6126, 6013, 5969, 5667, 6130, 5671, 5702, 6084, 5861, 6015, 5800, 5689, 5874, 6177, 5803, 6160, 5667, 5700, 6389, 5680, 6544, 5962, 6966, 6116, 6041, 6020, 5693, 5916, 6571, 6192, 5746, 6538, 6356, 5914, 5697, 5754, 5695, 6992, 6589, 5980, 6013, 6081, 5809, 5913, 5981, 6903, 6178, 6287, 6008, 6521, 5691, 5862, 6084, 6041, 5687, 5802, 6017, 6014, 6895, 6725, 6185, 6312, 5954, 5689, 5703, 5797, 5664, 6749, 6301, 6654, 5690, 5674, 6274, 6134, 5968, 6246, 5919, 5960, 6233, 6135, 6165, 7276, 6794, 5694, 6786, 6095, 6234, 5696, 6769, 6125, 5874, 5694, 5674, 6234, 6452, 6007, 5845, 6395, 6528, 5749, 5978, 5978, 6419, 6038, 5690, 6234, 6346, 5907, 6598, 5686, 5701, 6095, 6035, 6127, 6408, 5968, 5957, 5742, 6129, 6241, 6246, 5962, 6173, 6506, 5747, 5753, 5692, 5659, 6025, 5697, 5734, 5682, 6502, 6099, 5916, 6786, 6072, 6217, 5826, 5799, 6221, 5742, 6087, 5689, 6554, 6281, 6018, 6034, 5706, 6485, 5849, 5950, 5962, 5963, 5915, 6117, 5874, 5696, 6361, 5802, 6393, 6735, 5693, 5882, 6152, 5708, 6121, 5759, 6286, 6076, 6078, 6357, 5761, 6250, 6625, 5797, 6677, 6466, 5806, 6084, 5681, 5867, 5836, 6222, 5975, 6344, 5668, 5660, 5659, 6673, 6940, 6130, 6669, 6411, 5872, 5972, 5679, 5822, 6300, 6056, 6409, 6076, 5671, 6702, 6881, 5691, 5968, 6465, 6209, 5683, 5684, 6196, 6229, 5752, 5663, 5672, 6073, 6549, 6282, 6489, 6041, 6402, 6244, 6019, 6492, 5808, 6710, 5707, 5966, 6120, 6069, 6066, 6591, 5717, 6445, 5694, 6015, 6390, 5685, 5681, 6544, 6295, 6005, 7046, 7113, 5983, 5667, 6119, 5701, 5682, 5676, 6289, 6659, 5831, 5706, 5829, 5683, 5905, 5706, 5684, 5857, 5696, 5957, 5974, 6179, 5658, 5676, 5915, 6269, 6762, 5698, 6048, 6122, 5810, 5688, 5850, 5755, 5756, 6290, 6444, 6555, 5700, 6900, 5687, 6108, 6458, 6185, 6333, 6028, 5675, 5871, 6994, 5692, 5686, 6587, 6208, 6112, 5699, 6026, 6119, 6612, 5806, 5810, 6625, 6086, 5927, 5900, 5876, 5797, 6071, 5660, 5898, 6130, 6254, 6344, 5775, 6194, 5696, 6188, 6087, 6501, 6943, 6680, 5792, 6170, 5689, 6285, 5697, 6032, 6462, 5814, 5971, 5739, 6089, 5675, 6443, 5868, 6410, 6299, 5854, 5665, 6981, 5702, 6290, 5707, 5968, 5664, 6721, 6248, 5903, 5672, 6122, 5676, 5691, 6024, 5986, 5689, 6397, 6571, 5700, 5809, 5904, 5810, 6568, 5678, 6394, 6085, 5686, 5962, 5667, 6075, 6358, 6622, 5671, 6247, 6196, 6178, 5653, 6949, 6358, 5995, 6459, 5694, 5673, 5930, 5668, 6177, 5965, 7161, 6123, 5703, 5902, 6545, 5966, 5654, 5666, 5783, 6140, 5685, 5820, 6464, 6136, 5681, 6086, 5737, 5894, 6126, 6188, 6464, 6030, 5841, 5946, 5676, 6292, 5984, 5689, 6068, 5976, 5684, 5803, 5966, 5958, 6043, 5697, 6722, 6187, 5684, 5672, 6353, 5820, 6295, 6195, 5928, 5923, 6682, 5811, 6518, 5662, 5962, 5688, 5715, 6213, 5802, 6520, 5718, 6081, 6215, 6016, 6392, 6393, 5708, 6342, 6012, 5682, 5699, 5787, 6358, 6310, 5758, 6192, 5899, 6521, 5739, 6727, 6258, 5974, 6089, 6442, 5866, 5909, 6197, 6390, 6799, 5683, 5914, 5710, 5735, 6128, 6622, 6944, 6271, 5749, 5752, 6574, 5958, 6336, 6394, 5854, 6078, 6432, 6061, 6296, 5924, 5699, 6063, 5841, 5911, 5957, 6885, 5869, 5950, 6568, 6567, 5682, 5813, 5678, 5962, 5810, 6125, 5862, 6942, 6026, 5658, 6096, 5701, 7282, 5974, 6393, 6540, 5671, 5703, 5680, 5693, 6180, 5717, 5681, 6130, 5681, 6189, 5963, 5668, 5986, 6120, 5684, 5669, 5757, 6241, 5706, 5852, 6811, 6077, 5684, 6377, 5682, 5662, 5932, 5938, 5696, 5909, 5676, 5852, 6041, 6023, 5974, 6354, 5680, 6067, 6628, 5658, 6732, 5859, 6403, 5675, 5790, 5894, 6424, 5709, 5684, 5746, 5908, 6311, 5687, 6416, 5957, 6503, 6570, 5817, 6084, 5675, 5852, 5742, 6663, 6479, 6295, 6253, 6098, 6495, 5679, 5664, 5890, 5739, 6774, 5689, 5683, 6501, 5691, 6672, 6043, 6678, 6657, 5711, 5668, 6358, 7082, 6028, 6288, 5672, 6544, 6004, 6123, 5693, 5868, 6174, 5781, 5901, 5680, 6679, 5676, 6746, 5977, 5742, 5681, 6621, 5839, 6486, 6028, 6407, 6449, 5968, 5950, 6053, 5691, 6875, 6137, 6394, 5678, 5737, 5853, 6061, 5955, 5727, 5683, 6384, 6098, 5670, 6075, 6190, 5726, 6025, 5741, 5709, 5907, 5910, 6073, 6337, 6236, 5681, 5803, 5930, 5969, 5691, 6361, 6301, 6423, 5672, 5698, 5977, 6598, 6020, 6463, 6854, 6468, 5688, 5668, 6111, 6320, 6612, 5727, 5796, 6010, 6188, 5699, 6350, 6301, 6239, 5856, 6139, 5754, 6350, 6176, 6287, 6352, 6092, 5701, 6739, 5706, 6784, 5671, 6551, 6397, 6725, 6338, 6555, 5744, 6252, 5701, 5677, 5873, 5673, 5803, 5676, 5672, 5664, 5682, 6034, 6139, 5979, 5810, 6074, 6349, 5796, 6584, 5776, 6182, 6077, 6289, 6230, 5952, 6289, 5961, 6117, 5797, 5692, 6242, 5962, 5973, 6596, 6793, 6677, 5990, 6245, 5858, 6126, 5689, 5689, 6284, 6246, 6072, 6842, 6150, 5710, 5920, 6033, 5693, 6852, 5671, 6279, 5685, 6139, 6295, 6232, 5957, 5925, 6066, 6486, 6174, 6434, 5910, 6613, 5805, 6269, 6089, 6024, 5782, 5697, 5850, 5850, 5986, 6085, 5893, 6067, 5847, 6127, 5672, 6079, 5691, 6361, 5773, 5748, 6179, 5695, 6401, 5974, 6081, 6237, 5838, 5803, 6825, 6060, 5690, 5661, 5701, 6263, 6444, 6066, 6154, 5691, 6169, 6443, 5653, 5993, 6125, 5921, 6001, 6762, 6151, 6497, 5753, 6772, 5843, 5890, 6018, 6030, 6274, 6614, 6543, 6163, 6078, 6381, 5660, 6018, 6545, 6326, 6652, 6111, 5955, 5914, 5660, 5891, 5666, 6530, 5753, 5990, 5962, 6386, 5912, 5671, 6928, 6705, 5677, 5684, 6112, 6756, 6230, 5656, 5653, 6361, 6389, 6060, 6346, 5787, 5991, 6998, 6328, 5915, 5995, 7026, 6063, 6220, 5647, 5665, 5907, 6092, 6281, 6224, 6081, 6240, 6396, 5730, 5847, 5954, 6006, 6344, 5783, 5692, 6168, 5654, 6301, 6105, 5663, 5936, 5790, 6653, 6079, 5675, 5658, 6667, 5657, 6287, 5670, 6819, 5661, 6325, 5652, 5937, 6593, 6107, 6310, 5823, 6915, 6537, 5946, 5960, 6065, 6370, 6051, 6045, 6379, 6509, 6375, 5691, 6171, 6615, 5908, 5955, 5688, 6243, 5774, 6281, 6283, 6118, 5933, 5660, 5675, 6212, 6800, 6159, 5687, 6302, 5905, 6011, 5890, 5696, 6204, 6638, 5864, 5899, 5650, 5717, 5828, 6268, 6342, 5686, 6241, 6117, 6283, 5987, 5899, 6161, 6107, 6706, 6477, 6529, 5728, 6219, 6488, 5902, 5839, 6201, 5655, 5862, 5946, 6123, 5646, 5664, 5653, 5989, 6301, 6772, 6380, 6108, 6180, 6355, 5685, 6313, 6387, 5948, 5664, 6300, 5658, 5916, 5877, 5660, 6065, 5676, 6500, 6197, 5677, 5669, 6556, 5677, 6606, 5671, 6569, 6446, 6175, 6491, 6253, 6180, 5885, 5775, 5962, 5731, 6316, 6051, 6448, 5897, 5832, 6222, 5846, 5683, 5902, 6444, 6168, 5647, 5828, 5660, 6120, 6111, 6830, 6206, 6393, 5659, 5955, 6376, 6056, 5714, 6066, 6335, 6012, 6619, 5665, 5989, 6363, 6971, 5986, 6326, 5884, 6071, 6278, 6651, 5998, 6470, 5675, 6822, 5904, 6395, 5777, 5780, 5903, 6007, 7140, 6286, 6132, 5675, 6234, 6073, 6152, 5893, 6127, 6218, 6045, 5675, 5795, 6763, 5858, 6021, 6346, 6597, 6340, 6118, 6450, 5648, 6065, 6057, 5678, 6298, 6319, 5694, 6109, 5775, 5900, 5686, 6015, 6011, 6012, 6323, 6227, 5664, 6103, 6311, 6319, 6481, 5690, 5676, 5959, 5763, 5680, 5666, 5871, 5647, 5653, 5671, 5657, 6657, 6065, 5789, 6067, 5955, 5965, 6207, 6289, 6113, 6002, 5661, 5888, 6291, 5757, 6341, 5909, 5662, 6332, 6876, 5747, 5835, 5647, 5943, 5677, 6424, 5944, 6000, 6214, 5679, 6498, 5654, 6317, 5674, 6393, 5680, 5673, 5995, 5657, 5646, 5692, 6493, 6780, 6185, 5657, 6530, 6012, 5690, 6012, 5688, 5678, 5781, 6067, 5674, 6206, 5794, 6174, 6598, 5704, 6049, 5826, 6409, 5896, 5658, 5895, 5891, 6225, 6067, 6568, 5654, 6410, 5692, 6457, 6165, 5910, 5937, 5645, 6232, 6016, 5893, 5676, 5838, 5830, 6066, 5730, 5690, 5680, 5795, 5910, 5705, 6892, 5824, 6149, 5881, 5965, 5946, 5667, 6049, 5996, 6508, 6628, 6854, 6128, 5698, 6589, 6336, 5692, 5783, 5644, 5647, 5640, 5677, 5680, 6016, 5673, 6453, 6479, 5888, 5671, 6798, 5902, 6233, 6112, 6061, 5952, 5676, 6557, 5740, 6058, 5910, 5825, 6422, 5797, 6015, 6246, 6010, 6314, 5673, 6455, 5888, 6228, 6161, 5887, 5681, 6713, 5777, 5991, 5741, 5842, 5995, 6378, 5911, 6332, 6200, 5719, 5679, 5787, 6372, 6604, 5725, 6104, 6652, 6419, 6268, 5673, 5678, 6344, 5795, 6380, 6300, 6195, 6284, 5659, 5848, 5683, 5692, 6278, 5942, 6068, 5673, 6875, 5838, 5903, 5963, 5741, 7086, 6582, 5671, 5857, 5687, 5969, 5692, 5888, 6022, 5747, 5905, 6101, 6161, 5854, 5896, 5665, 5685, 5790, 5896, 6391, 5641, 6177, 6001, 6110, 5995, 5682, 5907, 5891, 7074, 5842, 5943, 5694, 6507, 6487, 5926, 6440, 6707, 6032, 7200, 6490, 6833, 6486, 6118, 6125, 6101, 6778, 6121, 6009, 5667, 5795, 5665, 5647, 6377, 5861, 6669, 6286, 5954, 5781, 6065, 5655, 5977, 6266, 5674, 6341, 6736, 6659, 6063, 5850, 5733, 6452, 5952, 6005, 5663, 6489, 6103, 6052, 5962, 5656, 5641, 5690, 5682, 5892, 5682, 5672, 5682, 5660, 5661, 5907, 5679, 5969, 6061, 6010, 6554, 5840, 6549, 6069, 5955, 5758, 5683, 6000, 6095, 5908, 6766, 5891, 6277, 5743, 6230, 5677, 5994, 6709, 6489, 6158, 5663, 5939, 5706, 5745, 5677, 5951, 6969, 6437, 5839, 5891, 6062, 5680, 6303, 6594, 7275, 6030, 5752, 6377, 5670, 5691, 5653, 6331, 6494, 6715, 6719, 6098, 6061, 6128, 6066, 6462, 5988, 5676, 6321, 5996, 6005, 5671, 5842, 5880, 5724, 5693, 5670, 5655, 6020, 5784, 6772, 6001, 6542, 6300, 7183, 6936, 5679, 6000, 5937, 5883, 5657, 6067, 5685, 5746, 5886, 6380, 5691, 5891, 5658, 5658, 5656, 6076, 6422, 5706, 6849, 5660, 6292, 6127, 6171, 5840, 6465, 5749, 6577, 6559, 5955, 6932, 6809, 6680, 5670, 5801, 5844, 6335, 5730, 6271, 6267, 5962, 5747, 6231, 6212, 6261, 5898, 6219, 6152, 6384, 6894, 5670, 6382, 6047, 6587, 6713, 6157, 6381, 5894, 5894, 5659, 6027, 6352, 6641, 5766, 5734, 6323, 5746, 5685, 6677, 6220, 5697, 6113, 5724, 5671, 5809, 6235, 6813, 5661, 6775, 6001, 5995, 5667, 6059, 6220, 6051, 6256, 6350, 6056, 6057, 6538, 5693, 6538, 5946, 5952, 5881, 6275, 6511, 6676, 6049, 6339, 5674, 5999, 6597, 6395, 6920, 6107, 5787, 5795, 6273, 6540, 6056, 5867, 6224, 5666, 5653, 5965, 6064, 5666, 6674, 6203, 5961, 5855, 5904, 6138, 6278, 5790, 5902, 6275, 5674, 5896, 5770, 5739, 6374, 6103, 6207, 5677, 6013, 5654, 5672, 6117, 5788, 5910, 6011, 5957, 5939, 5665, 5792, 5778, 5675, 6222, 6387, 5662, 6332, 6925, 5999, 6554, 6224, 6362, 5747, 6073, 6881, 5868, 5654, 6235, 5691, 6211, 6764, 6291, 5776, 5794, 5847, 5677, 5667, 6378, 6071, 6040, 6119, 6024, 6183, 6314, 6108, 6564, 6172, 6316, 6003, 6329, 6486, 6503, 5889, 6061, 5934, 5665, 6183, 6659, 6035, 5927, 5666, 5848, 5661, 5658, 5661, 6141, 5689, 6491, 6343, 6457, 6059, 6145, 6011, 6021, 6483, 5901, 6283, 6500, 7085, 6618, 5846, 6075, 6002, 5786, 6921, 5655, 5789, 6451, 6048, 6006, 5754, 5904, 5670, 6533, 5914, 6126, 6157, 5804, 6449, 5975, 6710, 6403, 6371, 5665, 6012, 6599, 5673, 5835, 5738, 5661, 6224, 6067, 5674, 5749, 6721, 5852, 6014, 6259, 5654, 6569, 5859, 5954, 6005, 5650, 5979, 6134, 5794, 6709, 6477, 6221, 5788, 6810, 6959, 6580, 6856, 6581, 5833, 6428, 6036, 5757, 5750, 6349, 6728, 5732, 5684, 6499, 6454, 5645, 6558, 5733, 5897, 6192, 6256, 5684, 5675, 6260, 5836, 5736, 6049, 5833, 5963, 5735, 6390, 5851, 5782, 5951, 5703, 6220, 5792, 5957, 6014, 6204, 5885, 6373, 5663, 6166, 5731, 5700, 6723, 6122, 5905, 6255, 7001, 6060, 6334, 6219, 5729, 6826, 5670, 5702, 5665, 6589, 6104, 5734, 5671, 6269, 5654, 5694, 6642, 6584, 6057, 5987, 6079, 5996, 6163, 5887, 5991, 5682, 6223, 7903, 5652, 6009, 6545, 5674, 6185, 5997, 6364, 5875, 5744, 5938, 6490, 5849, 6554, 5685, 6004, 6220, 6227, 6207, 6105, 5856, 6382, 5830, 6008, 6163, 5643, 5806, 6480, 5907, 5667, 6772, 5849, 5928, 6602, 6374, 6810, 6056, 5647, 6314, 6035, 6596, 5848, 5887, 6328, 6259, 6432, 5835, 5695, 6010, 6062, 6233, 5993, 5664, 6393, 6189, 6603, 5669, 6002, 5753, 5838, 6121, 6155, 6549, 5974, 6056, 6309, 6126, 6059, 5939, 6132, 6718, 6140, 5784, 5787, 6992, 6562, 5947, 5719, 5667, 5645, 6110, 6058, 6627, 5668, 5794, 7084, 5922, 5661, 5742, 6379, 5659, 5667, 5667, 5904, 6378, 6053, 6774, 5729, 5756, 5888, 6221, 5668, 5953, 5883, 6545, 5792, 5908, 6257, 5854, 6072, 6010, 6650, 5906, 6216, 5677, 6064, 6009, 6020, 6118, 6126, 5652, 6025, 6219, 6479, 5673, 6379, 5676, 6720, 5667, 5935, 5735, 5680, 6072, 6113, 5671, 6010, 6558, 6547, 5959, 5740, 6684, 5893, 5826, 5779, 5785, 5904, 6571, 6076, 6497, 6054, 6082, 7034, 6053, 5935, 6333, 6109, 6042, 5679, 5884, 6067, 6212, 6265, 5899, 5823, 5684, 5677, 5678, 6882, 6705, 6173, 5661, 5847, 7217, 6326, 6337, 5836, 6015, 6198, 5890, 6872, 5752, 6064, 6068, 5675, 6547, 6055, 5654, 6155, 6213, 5852, 6227, 6051, 6042, 6148, 5682, 6474, 5950, 6378, 6051, 6104, 5722, 5856, 6229, 5779, 6442, 6282, 5653, 6756, 6503, 5854, 6334, 5679, 6215, 6647, 6710, 5890, 6150, 6479, 6180, 6223, 6067, 6006, 5938, 6863, 6380, 5673, 5820, 5648, 5890, 5852, 5776, 5777, 5823, 7149, 5905, 5659, 5736, 6264, 6008, 6447, 5933, 6380, 6325, 6009, 6182, 6612, 5948, 6573, 5957, 6471, 6171, 6071, 6770, 5791, 5686, 6048, 5733, 5674, 5846, 6073, 5997, 5676, 5810, 5676, 6095, 5670, 7043, 6120, 6002, 6823, 6204, 6133, 6686, 5650, 5652, 6078, 6056, 6225, 6013, 5806, 6399, 6537, 6771, 6042, 6271, 6517, 6321, 6372, 6039, 6597, 5962, 5902, 5732, 5995, 6290, 5658, 6330, 5902, 5657, 6160, 6736, 5664, 5687, 6057, 6559, 5943, 5661, 6075, 6501, 6068, 6227, 5681, 6004, 5671, 6111, 6116, 6442, 5756, 6062, 5700, 6011, 5726, 5792, 5677, 5968, 6066, 6006, 6539, 5964, 5739, 5695, 5748, 5958, 5636, 5946, 6222, 5659, 6006, 6009, 5900, 6495, 6014, 6347, 5983, 6170, 6174, 5682, 5657, 5919, 6165, 5694, 6004, 5988, 6107, 5725, 6065, 5797, 5734, 5846, 7301, 5657, 5659, 5790, 6711, 5656, 5671, 5669, 6108, 6265, 6162, 6018, 5788, 5680, 5676, 6225, 5677, 5671, 5685, 5991, 6693, 6856, 6287, 6562, 6849, 5728, 5674, 6341, 6112, 5679, 5689, 6593, 6573, 5823, 6253, 5672, 5663, 6052, 5677, 6130, 6115, 5696, 6019, 6205, 5650, 6657, 5661, 5666, 5833, 5956, 6063, 6587, 5915, 5944, 6066, 6070, 6056, 6649, 6539, 6887, 7032, 6016, 6272, 6262, 5679, 5688, 6070, 6114, 6350, 5679, 6501, 5956, 6229, 6134, 5648, 6555, 6037, 5846, 6603, 5887, 5649, 6372, 5674, 5663, 5891, 6646, 6806, 5694, 6006, 5652, 6605, 5851, 5839, 6061, 6631, 5996, 5748, 5774, 5659, 5962, 6070, 5895, 5675, 5930, 5660, 5769, 5979, 5802, 5690, 6394, 5686, 5684, 6277, 5995, 5846, 5886, 5689, 5853, 5642, 5675, 5666, 5648, 6232, 5659, 5683, 5735, 5843, 6069, 5672, 6663, 6498, 5881, 5903, 5834, 5788, 6054, 5901, 5680, 6764, 5952, 6492, 6051, 5675, 5668, 6100, 6757, 6872, 5649, 5657, 6335, 6008, 5956, 5670, 5768, 6038, 6115, 5799, 6117, 5965, 6332, 5848, 7255, 6010, 6019, 5677, 6008, 5650, 5960, 6113, 5794, 6109, 6546, 5683, 5648, 5739, 6058, 6103, 6163, 5678, 5723, 5946, 5839, 5960, 6497, 6509, 6720, 6150, 6820, 6519, 5883, 5660, 6706, 5805, 5836, 6287, 5924, 5681, 6056, 6377, 6162, 6121, 5665, 6083, 5838, 5699, 5680, 6070, 6014, 6931, 6170, 5907, 5682, 5677, 5837, 5786, 6058, 6096, 6312, 5661, 5848, 6630, 5707, 6237, 6105, 6393, 6095, 5725, 6044, 6030, 6861, 6683, 5677, 6372, 5657, 6163, 5663, 6123, 5849, 6063, 5656, 5824, 6471, 5682, 6724, 5970, 5653, 5728, 5741, 6910, 6644, 6145, 6261, 5675, 7081, 6109, 6308, 5881, 6335, 5887, 6048, 5949, 5737, 5682, 6690, 5675, 5677, 5741, 5682, 6225, 6813, 5820, 6285, 5938, 5790, 5893, 6818, 6113, 6059, 5776, 5919, 6484, 5896, 6075, 6193, 5847, 5748, 6696, 5935, 5744, 6636, 5995, 6437, 6133, 6052, 5907, 5965, 6271, 5753, 5736, 5663, 5832, 5754, 5951, 5681, 6157, 6282, 6048, 5687, 5648, 6701, 6060, 6182, 5677, 5853, 5948, 5685, 5668, 6385, 6420, 5992, 6422, 6835, 5683, 6205, 6367, 5673, 5674, 5947, 5880, 6042, 5680, 6496, 5742, 6497, 6116, 6320, 6435, 5654, 6796, 6100, 6587, 5793, 6226, 6294, 6366, 6654, 5960, 5669, 6162, 5886, 6384, 5966, 6123, 5671, 5663, 5838, 6097, 6566, 6176, 5673, 5992, 6058, 5797, 5858, 6548, 5740, 6156, 5699, 6065, 5670, 5961, 6178, 6111, 6112, 6392, 6118, 5673, 5684, 5680, 5863, 6286, 6076, 5899, 5643, 6421, 5740, 6276, 6062, 5666, 6514, 5654, 5672, 5787, 5640, 6076, 5669, 6397, 6062, 7017, 6575, 6659, 6664, 6065, 5895, 5736, 5902, 6856, 6341, 6157, 6487, 6611, 5900, 6257, 6486, 5659, 6017, 5860, 6518, 5744, 6103, 5774, 6580, 6091, 5656, 5648, 5967, 5676, 5673, 5903, 5770, 6354, 5954, 6318, 5850, 5905, 6269, 5678, 6607, 5967, 6817, 5888, 5909, 6021, 6113, 6067, 5691, 6060, 5649, 6224, 6187, 5659, 6255, 6206, 6385, 6086, 5949, 6703, 5840, 6185, 6260, 6969, 5900, 5663, 6359, 6202, 5853, 5701, 5997, 5668, 5800, 5672, 6549, 6117, 6054, 5682, 5651, 5701, 5672, 6181, 6214, 6066, 5888, 6014, 6080, 5671, 6216, 6000, 6477, 5884, 6114, 5792, 6057, 6429, 6334, 5970, 5949, 5662, 5957, 6162, 5674, 5682, 6029, 6387, 6123, 6353, 6125, 7041, 5673, 5922, 6323, 5980, 6099, 6334, 6533, 6002, 5755, 5947, 6030, 6212, 6395, 5679, 6776, 6114, 5782, 5896, 5714, 5686, 6025, 6491, 5749, 6402, 6378, 6165, 5672, 5808, 5651, 5917, 6339, 5954, 6390, 5711, 6268, 6168, 6111, 5914, 5954, 6539, 6401, 6155, 5722, 6276, 6182, 5892, 5997, 5688, 6591, 6021, 5665, 5684, 5791, 6177, 6117, 6097, 5943, 6130, 6216, 6557, 6174, 6598, 5984, 6290, 5654, 6437, 5938, 5672, 6108, 5857, 5785, 6045, 5678, 6334, 5677, 5658, 6022, 5851, 6457, 5662, 6012, 6453, 5666, 6493, 6382, 6020, 6283, 6109, 5651, 5678, 6442, 6008, 6496, 6088, 5830, 5940, 6002, 6930, 5859, 6070, 6336, 5647, 6096, 5790, 6000, 5734, 5685, 6990, 6174, 5687, 6219, 6731, 6020, 6405, 6545, 6007, 6715, 5677, 6035, 6701, 6010, 5674, 5648, 5678, 5843, 5738, 6827, 6388, 6578, 6180, 5666, 5897, 5669, 6371, 5681, 5800, 6348, 5947, 6499, 5660, 5901, 6263, 5771, 6525, 6342, 5675, 5663, 6594, 6102, 5804, 5895, 6753, 6274, 6270, 6062, 5671, 6165, 6269, 5680, 6277, 5798, 5846, 5949, 6170, 6125, 6043, 6267, 5694, 6265, 5675, 5740, 5752, 5888, 5783, 5844, 5940, 6347, 6390, 5998, 5817, 5998, 5885, 5731, 6172, 5710, 6458, 5965, 5663, 5842, 6235, 5749, 6058, 6109, 5674, 6219, 6266, 7051, 6334, 6751, 5721, 5997, 5647, 5643, 6144, 6127, 5668, 5881, 6135, 6485, 5659, 6917, 6545, 5786, 6329, 5687, 6075, 5859, 6603, 7189, 5717, 6199, 6487, 5905, 6545, 6338, 6500, 6598, 5667, 5678, 5893, 6153, 5693, 6169, 5672, 6561, 5953, 6006, 6565, 5668, 5734, 5684, 6326, 5647, 6370, 5639, 5650, 6937, 6066, 6533, 6117, 6793, 6054, 6135, 6064, 5960, 5670, 6367, 5911, 5647, 6175, 6615, 6255, 6264, 5649, 6073, 5661, 6219, 6182, 5725, 6741, 5836, 6171, 5911, 5672, 5738, 6417, 5943, 5674, 6784, 5651, 6562, 5992, 5801, 5692, 6486, 6594, 6002, 6170, 5900, 6182, 5646, 6542, 6582, 5664, 5948, 5909, 5780, 5953, 6221, 5789, 5664, 6010, 5995, 5689, 6989, 5730, 5674, 5665, 5671, 6552, 5679, 5731, 6156, 7000, 5684, 6125, 6030, 6116, 5838, 6187, 6365, 6613, 5658, 6226, 6021, 5704, 5843, 5946, 6390, 6270, 6136, 5672, 6508, 6018, 6451, 6017, 6007, 5842, 5690, 5947, 5694, 6154, 5647, 5683, 6032, 5788, 5647, 5686, 5839, 5906, 5910, 5673, 6263, 6518, 6931, 6718, 6331, 5823, 6434, 5877, 5976, 5661, 6921, 5791, 6003, 5899, 6007, 5773, 5651, 5663, 5845, 5900, 5664, 5944, 6807, 5690, 6186, 6268, 5675, 6867, 5958, 6406, 5668, 5839, 6027, 6866, 6647, 5783, 5835, 5704, 5651, 6121, 6247, 5676, 6370, 5841, 5924, 5845, 6871, 6656, 5660, 5911, 6284, 6282, 5650, 5947, 5722, 5647, 5777, 5993, 6110, 6307, 5946, 5755, 5894, 6874, 5891, 6366, 6114, 5671, 5672, 5670, 6613, 6436, 5855, 6095, 6437, 5853, 6259, 5947, 6240, 5651, 6017, 5938, 6057, 5791, 6440, 5665, 5788, 6371, 5695, 5806, 6456, 5668, 6207, 5665, 5741, 6438, 6313, 5797, 5751, 5876, 6593, 6007, 6046, 6053, 6925, 5955, 5884, 5849, 5676, 5781, 5846, 6003, 6425, 5759, 5673, 6378, 5898, 5819, 5792, 5797, 5674, 5677, 5942, 5650, 5942, 5680, 5846, 6653, 5670, 6269, 6146, 6374, 5648, 5845, 5644, 5899, 5972, 6166, 6727, 6117, 6115, 6355, 5801, 6543, 6773, 5702, 5840, 5650, 5670, 6127, 5777, 6700, 5686, 6193, 6132, 6239, 6268, 6695, 6043, 5650, 6335, 6225, 6545, 6983, 6429, 6110, 6459, 5679, 5901, 5651, 5777, 5958, 6821, 5659, 6187, 5664, 6370, 6159, 5685, 6109, 6567, 5787, 5999, 5909, 5702, 5652, 6284, 6862, 5682, 6199, 5649, 6217, 5748, 5653, 5669, 6065, 6061, 5665, 5882, 6161, 5672, 6176, 6012, 5798, 5899, 5995, 5719, 6353, 6118, 6047, 6276, 6485, 6006, 6649, 6029, 6545, 6020, 5861, 5662, 6019, 5679, 5948, 5892, 5907, 6000, 5666, 6596, 5942, 6496, 5990, 5912, 5943, 6173, 6205, 5665, 5662, 6016, 7049, 6072, 6385, 6501, 6142, 6400, 5689, 5791, 5691, 6169, 5679, 5810, 5957, 6080, 6039, 5685, 6089, 6024, 5744, 6259, 5749, 5724, 6060, 5884, 5649, 5901, 5768, 6044, 5674, 5886, 6043, 6606, 5905, 5650, 5659, 6543, 5896, 5944, 6062, 5666, 6383, 5911, 6323, 6327, 5688, 5644, 5666, 5790, 5673, 6757, 5646, 6748, 6152, 6448, 6067, 5678, 6708, 6584, 5941, 6344, 5686, 5907, 6229, 6336, 6005, 5962, 5685, 5673, 5849, 5674, 6029, 5994, 6057, 6006, 5686, 6629, 6488, 5849, 7092, 6127, 5660, 6117, 5657, 6274, 6671, 6277, 6977, 5843, 5684, 6115, 5674, 6098, 5989, 5740, 6534, 6268, 5851, 6542, 6621, 5860, 5664, 5666, 5838, 5676, 6244, 5945, 6053, 5895, 5790, 5777, 5985, 5776, 6274, 6226, 5667, 6289, 5906, 6231, 5959, 6304, 6120, 5789, 5735, 6358, 6528, 5676, 5679, 5683, 5653, 6512, 7290, 6008, 6592, 5744, 6090, 5650, 6374, 6681, 5654, 6547, 6538, 6598, 6372, 6504, 5794, 6146, 6483, 5884, 6173, 6598, 6865, 5956, 5834, 5735, 5987, 7149, 5686, 5963, 5756, 5991, 5663, 5909, 6512, 5806, 6169, 6260, 5735, 6294, 5655, 6493, 6507, 5663, 6632, 5662, 5854, 5859, 6291, 6495, 5726, 5678, 5791, 6720, 5862, 6759, 6160, 6461, 6010, 6332, 5727, 5673, 6363, 5698, 5795, 6105, 6054, 5648, 5940, 6280, 5667, 6496, 6071, 5663, 6094, 6326, 5667, 5868, 6543, 6400, 6188, 6332, 6076, 6056, 5690, 5664, 6173, 6059, 5893, 5798, 5664, 5676, 5728, 6036, 5791, 7519, 6429, 5959, 6013, 5840, 5673, 6320, 5678, 6349, 6587, 5645, 5990, 5893, 5773, 5687, 6234, 5737, 6039, 5952, 5839, 5653, 6432, 5849, 5961, 5675, 5839, 6233, 6175, 6746, 5920, 5832, 6153, 5833, 6457, 6061, 5809, 6723, 6373, 6599, 6619, 6057, 5959, 6543, 5792, 6017, 5739, 6486, 5994, 5680, 5657, 6316, 5691, 6322, 5778, 6122, 5651, 6543, 5645, 5896, 6037, 6010, 5789, 6368, 5843, 5827, 6173, 6002, 6153, 5949, 6598, 5891, 5695, 6178, 6358, 5655, 7027, 6369, 6536, 6116, 6056, 6029, 6200, 6349, 5895, 5669, 6373, 5678, 6115, 5794, 6930, 6785, 6344, 5655, 6424, 5657, 6547, 6153, 6017, 5953, 5948, 6080, 5994, 5846, 5665, 6380, 6235, 5665, 5665, 6119, 5847, 5674, 6448, 5662, 6002, 5849, 5945, 5956, 6565, 5847, 5739, 6053, 6438, 6007, 6284, 6067, 5900, 5679, 5689, 5849, 6313, 5843, 6052, 6167, 5683, 6130, 6495, 6515, 6057, 5913, 5952, 6498, 6109, 6200, 5907, 5854, 5852, 6037, 5940, 5659, 5889, 6161, 6311, 6245, 6237, 6022, 5681, 5650, 5896, 5672, 5731, 6326, 6069, 5831, 5805, 5950, 6720, 6050, 6574, 5727, 6112, 5851, 6498, 6464, 6440, 6041, 5772, 5729, 6065, 6830, 6279, 6064, 5753, 5952, 5794, 5861, 6504, 6385, 6021, 5839, 6126, 5682, 5648, 6282, 6542, 5908, 5704, 5701, 5731, 6854, 5671, 6928, 6178, 6617, 5651, 6160, 6141, 6598, 6860, 6476, 5676, 6050, 6489, 5793, 5668, 5678, 6073, 6215, 6382, 5948, 5956, 6884, 5796, 6514, 5741, 5977, 6102, 5665, 5901, 6212, 6796, 6064, 6505, 6726, 6384, 5788, 6209, 6054, 5828, 6053, 5856, 5998, 6659, 6162, 5801, 6016, 5785, 5664, 7087, 5647, 6559, 6493, 5734, 5692, 5779, 6232, 6350, 5655, 6052, 6208, 6160, 5673, 5743, 5902, 5959, 6056, 6705, 6070, 6414, 5668, 5671, 5648, 6103, 5732, 6015, 6210, 5898, 6667, 5661, 5667, 5967, 5783, 6499, 6350, 5917, 5651, 5697, 6348, 6585, 5744, 6111, 6120, 6599, 6030, 5679, 6707, 6158, 5659, 5675, 5663, 5990, 5787, 6183, 6659, 6597, 6801, 5890, 6430, 5672, 6123, 6065, 6388, 6557, 5994, 5840, 6160, 6527, 6071, 5958, 6774, 5917, 6333, 5667, 5861, 5775, 5999, 6356, 6478, 6329, 5665, 6283, 5757, 5795, 6667, 6431, 6013, 5860, 5651, 6171, 5667, 6210, 6921, 6550, 6057, 5664, 6168, 6058, 6652, 6949, 6452, 6393, 6100, 6069, 6186, 5836, 5663, 5673, 6941, 6266, 5840, 5919, 6280, 5670, 6181, 5845, 5800, 6352, 6173, 5664, 6241, 5906, 5684, 6117, 6076, 6985, 6768, 5672, 6120, 5654, 6180, 5676, 6219, 6714, 6695, 5665, 5958, 5658, 6209, 5753, 6637, 6107, 6115, 5941, 6744, 5699, 5965, 5665, 5804, 6060, 5838, 6803, 5987, 5863, 5677, 6185, 5787, 5935, 5803, 6000, 5845, 6174, 6332, 5669, 5790, 6122, 5669, 6607, 5656, 6004, 5844, 6015, 5900, 7078, 5971, 6268, 7084, 5685, 5689, 6753, 5729, 6539, 6235, 5670, 6750, 6318, 6015, 5653, 6954, 6288, 5845, 6185, 5899, 6038, 5739, 5657, 5977, 6171, 6223, 6229, 6406, 5994, 5844, 6557, 6010, 5686, 7343, 6140, 6142, 6114, 6511, 5946, 6907, 5936, 5950, 5855, 5997, 5686, 6178, 5965, 5886, 5790, 5820, 5669, 6117, 6228, 6187, 5645, 6314, 5792, 6010, 6434, 6216, 6214, 5665, 5913, 5984, 6653, 5723, 5653, 6185, 6559, 6067, 5684, 6067, 5992, 6352, 5678, 5885, 6035, 5941, 6336, 5646, 6267, 5790, 6325, 5670, 6220, 5879, 5837, 6343, 5862, 6823, 6832, 6045, 6321, 6344, 6688, 6319, 5996, 5642, 5791, 6011, 6343, 6327, 5786, 5706, 6345, 5837, 5787, 6488, 5695, 6576, 5795, 6867, 5680, 5666, 6001, 6168, 6172, 5788, 6596, 6474, 6216, 7214, 6079, 6021, 5657, 6337, 5666, 6256, 6101, 6173, 6771, 6332, 5658, 5674, 5682, 6306, 6369, 6023, 6713, 6163, 5892, 6176, 6109, 6590, 5708, 6119, 5735, 6043, 5855, 6070, 5668, 6237, 5658, 5953, 6345, 5665, 5783, 5666, 5835, 5683, 6337, 6215, 6585, 5726, 6269, 5782, 5680, 5848, 6911, 6303, 6060, 5841, 5736, 5845, 6091, 5681, 5856, 5676, 5793, 6727, 5851, 6222, 6240, 6070, 5741, 6292, 6770, 5694, 6756, 6269, 5780, 5883, 6151, 6836, 6126, 5693, 5786, 5656, 5653, 6057, 6058, 5686, 5999, 5692, 6008, 6277, 5681, 6276, 6943, 5651, 6109, 6644, 6171, 5798, 5684, 5946, 6033, 6327, 6236, 6582, 5647, 5679, 6701, 5943, 6347, 6461, 5680, 5685, 5894, 6348, 6862, 6373, 6602, 5649, 5646, 5675, 7300, 6171, 5739, 6832, 5731, 5674, 5716, 6536, 5673, 5825, 5836, 5650, 6049, 6015, 6067, 5907, 6548, 5858, 5662, 6110, 6760, 6269, 5973, 5930, 6292, 6259, 5681, 5686, 5666, 6395, 6125, 5671, 5781, 6053, 6049, 5883, 5666, 6240, 5793, 7247, 5679, 6496, 6508, 6004, 5677, 6100, 6328, 6114, 6323, 6069, 5721, 6599, 5896, 5653, 6055, 6003, 5686, 5684, 5675, 6481, 6270, 6198, 6492, 6270, 5999, 5743, 5680, 6057, 5680, 5739, 5782, 5819, 6409, 6719, 6214, 5672, 5648, 5640, 6035, 5952, 6053, 5790, 6266, 6495, 5689, 6004, 5691, 5886, 6266, 6717, 5646, 5693, 5673, 6112, 5689, 5653, 5658, 5662, 5917, 5832, 5743, 5696, 6002, 6216, 5889, 6309, 6002, 5675, 6068, 5878, 5650, 5668, 5888, 5924, 6023, 6475, 5899, 6067, 6694, 5661, 5688, 5736, 6431, 6006, 6112, 5676, 5658, 5969, 6422, 5942, 6293, 6053, 5658, 5844, 5650, 6337, 6007, 5640, 6290, 5647, 5649, 5938, 6539, 5671, 6160, 6273, 5939, 5671, 5902, 5850, 6294, 5785, 5937, 5735, 5903, 6376, 5877, 6167, 6099, 5950, 6060, 5647, 6028, 5678, 5755, 5942, 5965, 5991, 6559, 5652, 6001, 5657, 5677, 5908, 6408, 5664, 6543, 5726, 6202, 6323, 5651, 6925, 6265, 5666, 6284, 5850, 6271, 6658, 6167, 5675, 5932, 7023, 6322, 5691, 6028, 5648, 6055, 5664, 5647, 5824, 5667, 5654, 5901, 5895, 5691, 6653, 6008, 5744, 7078, 6093, 6051, 5680, 6058, 5656, 5746, 6103, 5798, 5675, 6177, 5664, 6924, 5675, 6048, 5636, 5854, 6251, 6321, 6216, 5887, 5665, 6329, 5656, 6705, 5783, 6012, 5795, 5669, 5653, 5790, 5675, 6611, 6850, 6781, 6358, 5667, 5674, 5644, 5665, 5670, 5647, 6480, 5646, 5650, 5651, 5643, 6058, 6235, 5728, 6592, 6435, 5889, 5731, 5718, 5997, 6388, 5846, 6156, 5655, 5892, 5673, 5748, 6337, 6056, 5673, 6058, 6292, 5996, 6171, 6004, 6420, 6000, 6541, 5667, 5679, 5837, 5950, 5640, 5672, 6275, 5656, 5893, 5663, 5660, 5678, 5898, 6013, 5682, 5886, 6146, 6223, 6265, 5777, 6336, 6737, 5946, 5787, 6006, 6200, 5665, 6115, 6442, 5671, 5956, 6360, 5986, 5664, 6015, 5995, 6264, 6057, 6261, 5664, 5921, 6079, 5979, 6218, 5999, 6022, 5736, 6078, 5660, 5689, 5674, 5903, 5853, 5681, 6484, 5837, 5964, 5839, 5778, 5941, 6115, 6360, 6716, 5956, 6612, 5883, 5838, 6006, 5681, 6492, 6809, 6327, 6021, 5848, 5715, 5641, 5650, 6508, 5844, 5831, 6345, 5662, 6171, 6171, 5742, 5678, 6422, 6458, 6372, 6600, 6051, 5906, 5681, 6007, 6060, 5673, 6738, 5664, 6396, 5831, 5645, 5685, 6908, 5881, 5696, 5692, 5798, 5887, 5766, 6048, 6816, 5968, 6244, 6062, 5686, 5908, 5678, 5667, 6374, 6816, 5672, 5934, 6712, 5830, 5837, 5814, 6167, 6058, 5836, 6082, 6051, 6409, 6521, 6404, 6383, 5741, 6043, 5899, 6125, 5649, 5999, 6174, 6231, 6279, 5960, 6074, 5654, 5664, 6215, 6383, 5990, 6162, 5849, 5890, 6277, 6143, 6209, 6499, 5670, 6339, 5648, 5953, 6061, 6239, 6046, 5681, 5855, 5643, 5646, 5941, 6288, 5667, 6439, 6654, 5871, 5652, 6324, 5669, 6274, 5963, 5679, 6046, 6334, 6436, 6445, 6144, 5658, 6170, 6052, 6567, 6922, 5666, 6380, 6759, 6164, 5775, 6223, 5775, 5791, 5665, 6391, 5949, 5848, 6230, 6058, 6098, 5652, 5846, 5940, 5655, 6724, 5791, 6026, 5729, 6015, 6016, 5667, 5674, 6041, 5735, 5654, 6014, 7174, 5679, 5848, 6391, 6114, 6159, 5661, 5723, 6068, 6281, 5734, 5842, 6112, 6335, 5691, 6316, 5668, 5657, 5661, 6437, 6499, 5677, 6462, 6012, 5852, 7001, 6273, 5685, 5937, 5669, 5869, 5661, 5674, 5672, 5691, 5666, 5945, 5789, 5689, 5943, 6383, 5940, 5641, 5789, 5886, 5741, 6292, 5670, 5667, 6338, 5664, 6011, 5937, 6153, 5998, 6000, 5890, 6130, 6141, 6398, 5744, 5941, 5949, 6285, 6051, 6441, 6439, 5670, 5653, 6590, 6266, 6028, 6525, 5736, 5729, 6012, 5677, 5897, 5645, 6035, 6334, 6042, 6225, 5855, 5662, 5839, 6165, 6152, 6007, 5655, 6071, 6232, 6817, 6858, 5658, 5835, 5668, 6045, 5666, 6056, 5664, 6274, 5916, 5815, 6280, 5653, 6548, 6753, 6214, 5906, 5671, 6443, 6365, 5878, 6606, 5788, 6200, 6002, 5660, 5846, 5655, 5966, 6975, 6049, 6112, 6574, 5680, 5999, 5941, 6221, 6249, 6372, 5883, 5850, 5667, 5884, 6623, 6163, 6279, 5663, 5664, 5903, 6048, 6059, 5773, 5664, 5787, 5944, 6007, 5653, 5665, 5889, 5839, 5768, 5952, 6208, 5853, 5664, 5836, 6117, 6301, 6706, 6512, 5660, 7134, 6008, 6429, 5652, 5655, 6222, 5785, 5694, 6852, 6101, 5675, 5668, 5671, 5845, 6178, 7300, 6236, 5675, 6300, 6500, 5894, 5855, 6007, 5969, 5843, 6554, 5913, 6028, 5783, 6103, 6328, 5688, 5830, 5671, 5651, 5651, 5981, 5885, 5833, 5961, 6606, 6062, 6001, 6398, 6329, 5680, 5880, 5680, 5653, 5971, 5896, 6280, 5786, 6014, 6371, 6232, 6162, 5643, 5789, 5667, 6058, 6323, 6217, 6488, 5673, 6547, 5645, 5903, 5906, 6114, 5988, 6256, 5671, 6976, 6652, 5837, 5670, 5913, 6326, 5936, 5878, 5997, 6237, 5891, 6290, 5650, 5978, 5779, 5999, 6595, 6645, 5669, 6228, 5645, 6310, 6380, 5695, 6493, 5946, 6111, 6108, 6048, 6876, 5893, 6528, 6269, 5661, 5837, 6245, 6432, 6482, 6147, 7210, 6112, 5779, 5958, 5844, 5645, 6867, 5643, 5741, 6049, 5662, 5950, 5661, 6392, 5904, 5661, 5937, 5996, 6228, 6057, 5997, 5843, 5668, 5964, 5665, 5656, 6120, 6640, 5638, 6382, 5903, 5656, 5644, 5656, 6276, 6110, 5824, 6164, 5793, 5669, 6006, 7039, 5669, 6820, 5941, 5649, 5671, 6441, 6589, 5674, 5943, 6169, 5661, 6041, 5902, 6809, 5963, 5966, 5889, 6341, 5752, 6213, 5659, 5674, 5682, 6112, 5667, 6315, 6006, 6055, 6024, 6079, 5998, 5792, 5691, 6102, 5678, 6270, 6634, 6537, 5820, 6114, 5997, 6067, 5856, 5854, 5940, 5903, 6003, 6102, 6234, 6168, 5668, 6583, 5675, 5672, 6569, 5729, 6213, 6111, 6343, 6280, 6295, 5792, 5989, 5996, 5664, 6155, 5693, 6455, 6113, 6448, 6472, 5731, 5639, 6344, 6386, 5734, 5893, 5945, 6266, 5662, 5653, 5737, 5840, 5758, 5841, 5683, 6038, 5675, 5668, 5678, 5903, 5735, 5668, 6291, 6130, 5783, 5675, 6028, 5812, 6111, 6565, 5850, 6775, 5949, 6330, 5750, 5736, 5838, 6816, 5691, 6171, 5767, 5780, 6160, 6269, 5999, 6175, 6107, 5645, 6469, 5695, 5825, 5668, 5674, 5848, 5728, 6154, 5943, 6317, 6154, 5998, 6263, 6409, 5901, 6164, 6437, 5682, 5653, 5842, 5643, 5952, 6380, 5652, 5676, 6009, 6247, 5988, 6476, 6163, 5679, 6118, 5961, 5836, 6057, 6431, 6156, 5856, 6269, 6545, 5672, 6328, 7038, 6344, 5880, 5954, 5677, 6792, 6531, 5837, 5728, 6281, 6445, 6857, 6425, 5902, 6069, 5648, 6453, 5779, 6309, 6348, 5671, 5788, 6492, 6293, 5900, 5672, 6357, 6045, 5947, 5884, 6667, 5850, 6214, 6070, 5905, 5811, 6236, 6884, 5682, 5640, 5830, 5675, 5970, 6705, 6234, 6208, 5788, 5678, 6180, 5652, 6445, 5945, 5898, 5913, 6767, 5787, 6751, 6556, 5727, 5894, 6162, 7160, 6055, 5780, 7079, 6000, 6524, 6000, 5784, 5880, 6378, 5896, 6157, 5842, 5726, 5839, 6003, 5668, 6332, 5700, 5668, 5676, 6767, 5670, 5794, 5796, 6314, 6274, 6082, 5684, 5675, 5999, 6058, 5668, 5848, 5898, 6670, 5943, 6139, 5661, 5683, 5646, 5829, 5734, 6760, 5660, 5664, 6491, 5667, 6329, 6799, 5676, 5896, 6290, 5992, 5705, 5675, 6641, 6550, 5824, 5685, 5786, 5841, 5739, 6542, 6204, 6376, 6009, 5653, 6356, 5791, 6409, 6207, 5896, 5987, 6123, 6013, 6073, 6170, 5857, 6107, 6384, 6396, 5845, 6425, 6160, 5937, 5663, 5805, 6003, 6115, 6006, 5688, 5676, 6059, 6184, 5837, 5667, 5926, 5936, 5938, 6129, 5663, 5660, 6543, 5958, 6616, 5661, 6529, 5661, 6123, 5757, 5901, 5723, 5665, 6591, 5834, 5904, 6142, 5680, 6536, 5658, 6114, 5966, 5892, 5893, 6006, 6211, 6220, 6974, 6229, 5674, 5725, 5992, 6223, 5668, 6607, 5670, 5716, 6161, 6257, 5653, 6158, 6223, 5733, 5910, 6702, 6267, 6441, 6281, 5959, 6714, 5658, 6672, 5668, 6338, 6648, 6606, 6374, 5854, 6389, 5950, 6286, 5732, 6139, 5744, 5680, 5798, 5731, 5651, 5876, 6204, 6474, 6163, 5894, 5923, 6202, 6148, 5665, 5981, 6631, 5959, 6920, 5850, 5898, 6710, 5678, 5757, 5739, 6007, 6600, 5709, 5747, 5913, 6545, 6042, 6206, 5786, 5880, 6273, 6405, 6481, 5851, 5651, 5674, 6120, 5654, 5951, 6641, 6247, 6167, 5929, 6004, 5860, 5735, 5745, 6388, 5674, 5663, 5862, 5997, 5720, 6552, 5693, 5943, 5838, 6386, 6396, 6329, 5841, 5911, 5782, 5883, 5991, 6115, 6056, 6547, 6231, 5941, 5655, 6121, 6465, 6599, 5658, 5914, 6021, 5671, 5774, 5996, 5958, 5835, 6541, 6273, 6123, 6061, 5684, 6399, 6477, 6166, 6421, 5707, 5691, 5883, 5788, 6387, 6102, 5686, 6111, 5879, 6039, 5690, 6006, 6178, 7036, 6218, 6328, 5906, 5696, 5904, 6027, 5892, 6561, 6221, 5689, 5657, 5949, 6108, 5999, 5670, 5667, 6549, 6371, 5642, 5944, 5890, 5743, 6171, 6538, 6062, 5778, 5726, 6284, 5725, 6104, 6725, 6270, 5676, 6740, 6008, 6018, 6571, 5666, 5840, 6208, 5772, 5685, 6375, 5691, 5682, 6118, 6168, 6340, 6331, 5676, 6117, 5881, 6285, 5811, 5672, 5665, 5948, 6405, 5670, 6265, 6538, 5809, 6610, 5894, 5883, 6070, 6888, 6002, 5880, 6108, 6292, 6577, 5664, 5723, 5661, 6490, 5661, 6222, 6598, 6081, 5676, 5739, 5655, 6165, 5662, 6495, 5683, 6171, 6071, 5843, 5731, 6332, 6200, 6111, 5879, 5679, 5852, 6117, 6010, 6339, 6043, 5649, 5905, 5671, 5733, 5762, 6178, 5732, 6116, 6650, 6329, 6011, 5669, 6174, 6479, 6381, 5745, 6220, 6858, 6913, 5744, 5673, 5703, 6226, 6753, 6043, 5939, 6504, 5676, 5882, 6331, 6171, 5673, 6502, 6115, 5672, 6070, 5900, 5785, 5846, 6389, 5877, 5842, 6012, 5988, 6734, 5688, 6636, 6265, 6482, 6336, 5900, 5655, 6509, 5799, 5950, 6241, 5934, 5672, 5995, 6287, 5651, 5965, 6609, 6336, 6402, 6111, 6064, 6802, 5669, 6286, 5660, 5887, 5674, 6021, 5843, 5690, 5673, 6058, 6408, 6960, 5941, 6062, 5733, 5845, 5650, 6597, 5679, 5943, 5997, 5676, 5846, 6122, 6600, 5796, 6737, 6044, 5678, 6645, 6388, 6392, 5654, 6426, 6757, 6807, 5742, 6398, 5843, 5664, 6299, 6908, 5913, 5676, 5778, 5847, 6221, 6754, 5796, 5725, 5664, 5675, 5883, 5944, 5952, 5788, 6020, 5647, 6273, 5952, 6111, 6982, 6096, 6586, 5669, 6174, 6014, 5658, 5641, 5661, 6269, 6279, 5686, 5933, 5688, 6338, 6101, 5704, 6290, 6386, 5895, 5669, 
Mejor solucion obtenida: 28, 1, 2, 3, 36, 37, 38, 39, 41, 42, 40, 26, 25, 24, 21, 22, 23, 35, 0, 4, 15, 19, 20, 18, 16, 17, 14, 12, 13, 33, 34, 31, 32, 11, 8, 9, 10, 5, 7, 6, 29, 30, 27, || Fitness: 5620;