Archivo Usado: p43.atsp
Tamaño de la Poblacion: 100
Reemplazo por Generacion: 5
Tamaño de los Torneos: 6
Cantidad de ciudades: 43
Probabilidad de cruce: 75000
Probabilidad mutacion simple: 13000
Probabilidad mutacion compleja: 25000
Cruces minimos de la mutacion compleja: 4
Iteraciones ejecutadas: 10000
Largo del cruce PMX: 6
Operador de Cruce: 0
Metodo seleccion de Padres: 0
Operador de Mutacion: 0
Metodo seleccion de Supervivientes: 1
Cantidad de threads a usar: 16
39, 38, 42, 41, 40, 26, 24, 25, 21, 22, 23, 35, 0, 4, 7, 9, 8, 11, 10, 31, 32, 34, 33, 13, 14, 12, 18, 19, 20, 17, 16, 15, 5, 6, 30, 29, 27, 28, 3, 2, 1, 36, 37, 
33, 13, 14, 12, 18, 19, 20, 17, 16, 15, 5, 7, 9, 8, 11, 10, 31, 32, 27, 28, 3, 2, 1, 36, 37, 39, 38, 42, 41, 40, 26, 24, 25, 21, 22, 23, 35, 0, 4, 6, 30, 29, 34, 
18, 19, 20, 17, 16, 15, 5, 7, 9, 8, 11, 10, 31, 32, 27, 28, 3, 2, 1, 36, 37, 39, 38, 42, 41, 40, 26, 24, 25, 21, 22, 23, 35, 0, 4, 6, 30, 29, 34, 33, 13, 14, 12, 
27, 28, 3, 2, 1, 36, 37, 39, 38, 42, 41, 40, 26, 24, 25, 21, 22, 23, 35, 0, 4, 6, 30, 29, 34, 33, 13, 14, 12, 18, 19, 20, 17, 16, 15, 5, 7, 9, 8, 11, 10, 31, 32, 
7, 30, 29, 27, 28, 3, 1, 2, 36, 37, 39, 38, 42, 41, 40, 26, 24, 25, 21, 22, 23, 35, 0, 4, 6, 5, 15, 16, 17, 20, 19, 18, 12, 14, 13, 33, 34, 32, 31, 10, 11, 8, 9, 
15, 16, 17, 20, 19, 18, 12, 14, 13, 33, 34, 32, 31, 10, 11, 8, 9, 7, 5, 6, 30, 29, 27, 28, 3, 2, 1, 36, 37, 39, 38, 42, 41, 40, 26, 24, 25, 21, 22, 23, 35, 0, 4, 
23, 35, 0, 4, 6, 5, 15, 16, 17, 20, 19, 18, 12, 14, 13, 33, 34, 32, 31, 10, 11, 8, 9, 7, 30, 29, 27, 28, 3, 2, 1, 36, 37, 39, 38, 42, 41, 40, 26, 24, 25, 21, 22, 
15, 16, 17, 20, 19, 18, 12, 14, 13, 33, 34, 29, 30, 6, 5, 7, 9, 8, 11, 10, 31, 32, 27, 28, 3, 2, 1, 36, 37, 39, 38, 42, 41, 40, 26, 24, 25, 21, 22, 23, 35, 0, 4, 
36, 37, 39, 38, 42, 41, 40, 26, 24, 25, 21, 22, 23, 35, 0, 4, 6, 30, 29, 34, 33, 13, 14, 12, 18, 19, 20, 17, 16, 15, 5, 7, 9, 8, 11, 10, 31, 32, 27, 28, 3, 2, 1, 
32, 34, 33, 13, 14, 12, 18, 19, 20, 17, 16, 15, 5, 6, 30, 29, 27, 28, 3, 2, 1, 36, 37, 39, 38, 42, 41, 40, 26, 24, 25, 21, 22, 23, 35, 0, 4, 7, 9, 8, 11, 10, 31, 
29, 30, 6, 5, 15, 16, 17, 20, 19, 18, 12, 14, 13, 33, 34, 32, 31, 10, 11, 8, 9, 7, 4, 0, 35, 23, 22, 21, 25, 24, 26, 40, 41, 42, 38, 39, 37, 36, 1, 2, 3, 28, 27, 
6, 5, 15, 16, 17, 20, 19, 18, 12, 14, 13, 33, 34, 32, 31, 10, 11, 8, 9, 7, 4, 0, 35, 23, 22, 21, 25, 24, 26, 40, 41, 42, 38, 39, 37, 36, 1, 2, 3, 28, 27, 29, 30, 
3, 28, 27, 29, 30, 6, 5, 15, 16, 17, 20, 19, 18, 12, 14, 13, 33, 34, 32, 31, 10, 11, 8, 9, 7, 4, 0, 35, 23, 22, 21, 25, 24, 26, 40, 41, 42, 38, 39, 37, 36, 1, 2, 
31, 10, 11, 8, 9, 7, 4, 0, 35, 23, 22, 21, 25, 24, 26, 40, 41, 42, 38, 39, 37, 36, 1, 2, 3, 28, 27, 29, 30, 6, 5, 15, 16, 17, 20, 19, 18, 12, 14, 13, 33, 34, 32, 
27, 28, 3, 2, 1, 36, 37, 39, 38, 42, 41, 40, 26, 24, 25, 21, 22, 23, 35, 0, 4, 7, 9, 8, 11, 10, 31, 32, 34, 33, 13, 14, 12, 18, 19, 20, 17, 16, 15, 5, 6, 30, 29, 
13, 33, 34, 32, 31, 10, 11, 8, 9, 7, 4, 0, 35, 23, 22, 21, 25, 24, 26, 40, 41, 42, 38, 39, 37, 36, 1, 2, 3, 28, 27, 29, 30, 6, 5, 15, 16, 17, 20, 19, 18, 12, 14, 
32, 34, 33, 13, 14, 12, 18, 19, 20, 17, 16, 15, 5, 6, 30, 29, 27, 28, 3, 2, 1, 36, 37, 39, 38, 42, 41, 40, 26, 24, 25, 21, 22, 23, 35, 0, 4, 7, 9, 8, 11, 10, 31, 
20, 19, 18, 12, 14, 13, 33, 34, 32, 31, 10, 11, 8, 9, 7, 4, 0, 35, 23, 22, 21, 25, 24, 26, 40, 41, 42, 38, 39, 37, 36, 1, 2, 3, 28, 27, 29, 30, 6, 5, 15, 16, 17, 
0, 35, 23, 22, 21, 25, 24, 26, 40, 41, 42, 38, 39, 37, 36, 1, 2, 3, 28, 27, 29, 30, 6, 5, 15, 16, 17, 20, 19, 18, 12, 14, 13, 33, 34, 32, 31, 10, 11, 8, 9, 7, 4, 
38, 39, 37, 36, 1, 2, 3, 28, 27, 29, 30, 6, 5, 15, 16, 17, 20, 19, 18, 12, 14, 13, 33, 34, 32, 31, 10, 11, 8, 9, 7, 4, 0, 35, 23, 22, 21, 25, 24, 26, 40, 41, 42, 
38, 42, 41, 40, 26, 24, 25, 21, 22, 23, 35, 0, 4, 7, 9, 8, 11, 10, 31, 32, 34, 33, 13, 14, 12, 18, 19, 20, 17, 16, 15, 5, 6, 30, 29, 27, 28, 3, 2, 1, 36, 37, 39, 
25, 21, 22, 23, 35, 0, 4, 7, 9, 8, 11, 10, 31, 32, 34, 33, 13, 14, 12, 18, 19, 20, 17, 16, 15, 5, 6, 30, 29, 27, 28, 3, 2, 1, 36, 37, 39, 38, 42, 41, 40, 26, 24, 
2, 1, 36, 37, 39, 38, 42, 41, 40, 26, 24, 25, 21, 22, 23, 35, 0, 4, 7, 9, 8, 11, 10, 31, 32, 34, 33, 13, 14, 12, 18, 19, 20, 17, 16, 15, 5, 6, 30, 29, 27, 28, 3, 
10, 31, 32, 34, 33, 13, 14, 12, 18, 19, 20, 17, 16, 15, 5, 6, 30, 29, 27, 28, 3, 2, 1, 36, 37, 39, 38, 42, 41, 40, 26, 24, 25, 21, 22, 23, 35, 0, 4, 7, 9, 8, 11, 
33, 13, 14, 12, 18, 19, 20, 17, 16, 15, 5, 6, 30, 29, 27, 28, 3, 2, 1, 36, 37, 39, 38, 42, 41, 40, 26, 24, 25, 21, 22, 23, 35, 0, 4, 7, 9, 8, 11, 10, 31, 32, 34, 
18, 12, 14, 13, 33, 34, 32, 31, 10, 11, 8, 9, 7, 4, 0, 35, 23, 22, 21, 25, 24, 26, 40, 41, 42, 38, 39, 37, 36, 1, 2, 3, 28, 27, 29, 30, 6, 5, 15, 16, 17, 20, 19, 
8, 9, 7, 4, 0, 35, 23, 22, 21, 25, 24, 26, 40, 41, 42, 38, 39, 37, 36, 1, 2, 3, 28, 27, 29, 30, 6, 5, 15, 16, 17, 20, 19, 18, 12, 14, 13, 34, 33, 32, 31, 10, 11, 
31, 32, 34, 33, 13, 14, 12, 18, 19, 20, 16, 17, 15, 5, 6, 30, 29, 27, 28, 3, 2, 1, 36, 37, 39, 38, 42, 41, 40, 26, 24, 25, 21, 22, 23, 35, 0, 4, 7, 9, 8, 11, 10, 
16, 15, 5, 6, 30, 29, 27, 28, 3, 2, 1, 36, 37, 39, 38, 42, 41, 40, 26, 24, 25, 21, 22, 23, 35, 0, 4, 7, 9, 8, 11, 10, 31, 32, 34, 33, 13, 14, 12, 18, 19, 20, 17, 
27, 28, 3, 2, 1, 36, 37, 39, 38, 42, 41, 40, 26, 24, 25, 21, 22, 23, 35, 0, 4, 7, 9, 8, 11, 10, 31, 32, 34, 33, 13, 14, 12, 18, 19, 20, 17, 16, 15, 5, 6, 30, 29, 
36, 37, 39, 38, 42, 41, 40, 26, 24, 25, 21, 22, 23, 35, 0, 4, 7, 9, 8, 11, 10, 31, 32, 34, 33, 13, 14, 12, 18, 19, 20, 17, 16, 15, 5, 6, 30, 29, 27, 28, 3, 2, 1, 
32, 31, 10, 11, 8, 9, 7, 4, 0, 35, 23, 22, 21, 25, 24, 26, 40, 41, 42, 38, 39, 37, 36, 1, 2, 3, 28, 27, 29, 30, 6, 5, 15, 16, 17, 20, 19, 18, 12, 14, 13, 33, 34, 
20, 17, 16, 15, 5, 6, 30, 29, 27, 28, 3, 2, 1, 36, 37, 39, 38, 42, 41, 40, 26, 24, 25, 21, 22, 23, 35, 0, 4, 7, 9, 8, 11, 10, 31, 32, 34, 33, 13, 14, 12, 18, 19, 
15, 5, 6, 30, 29, 27, 28, 3, 2, 1, 36, 37, 39, 38, 42, 41, 40, 26, 24, 25, 21, 22, 23, 35, 0, 4, 7, 9, 8, 11, 10, 31, 32, 34, 33, 13, 14, 12, 18, 19, 20, 17, 16, 
21, 22, 23, 35, 0, 4, 7, 9, 8, 11, 10, 31, 32, 34, 33, 13, 14, 12, 18, 19, 20, 17, 16, 15, 5, 6, 30, 29, 27, 28, 3, 2, 1, 36, 37, 39, 38, 42, 41, 40, 26, 24, 25, 
4, 0, 35, 23, 22, 21, 25, 24, 26, 40, 41, 42, 38, 39, 37, 36, 1, 2, 3, 28, 27, 29, 30, 6, 5, 15, 16, 17, 20, 19, 18, 12, 14, 13, 33, 34, 32, 31, 10, 11, 8, 9, 7, 
13, 33, 34, 32, 31, 10, 11, 8, 9, 7, 4, 0, 35, 23, 22, 21, 25, 24, 26, 40, 41, 42, 38, 39, 37, 36, 1, 2, 3, 28, 27, 29, 30, 6, 5, 15, 16, 17, 20, 19, 18, 12, 14, 
18, 12, 14, 13, 33, 34, 32, 31, 10, 11, 8, 9, 7, 4, 0, 35, 23, 22, 21, 25, 24, 26, 40, 41, 42, 38, 39, 37, 36, 1, 2, 3, 28, 27, 29, 30, 6, 5, 15, 16, 17, 20, 19, 
16, 17, 20, 19, 18, 12, 14, 13, 33, 34, 32, 31, 10, 11, 8, 9, 7, 4, 0, 35, 23, 22, 21, 25, 24, 26, 40, 41, 42, 38, 39, 37, 36, 1, 2, 3, 28, 27, 29, 30, 6, 5, 15, 
39, 37, 36, 1, 2, 3, 28, 27, 29, 30, 6, 5, 15, 16, 17, 20, 19, 18, 12, 14, 13, 33, 34, 32, 31, 10, 11, 8, 9, 7, 4, 0, 35, 23, 22, 21, 25, 24, 26, 40, 41, 42, 38, 
4, 0, 35, 23, 22, 21, 25, 24, 26, 40, 41, 42, 38, 39, 37, 36, 1, 2, 3, 28, 27, 29, 30, 6, 5, 15, 16, 17, 20, 19, 18, 12, 14, 13, 33, 34, 32, 31, 10, 11, 8, 9, 7, 
7, 9, 8, 11, 10, 31, 32, 34, 33, 13, 14, 12, 18, 19, 20, 17, 16, 15, 5, 6, 30, 29, 27, 28, 3, 2, 1, 36, 37, 39, 38, 42, 41, 40, 26, 24, 25, 21, 22, 23, 35, 0, 4, 
35, 23, 22, 21, 25, 24, 26, 40, 41, 42, 38, 39, 37, 36, 1, 2, 3, 28, 27, 29, 30, 6, 5, 15, 16, 17, 20, 19, 18, 12, 14, 13, 33, 34, 32, 31, 10, 11, 8, 9, 7, 4, 0, 
0, 35, 23, 22, 21, 25, 24, 26, 40, 41, 42, 38, 39, 37, 36, 1, 2, 3, 28, 27, 29, 30, 6, 5, 15, 16, 17, 20, 19, 18, 12, 14, 13, 33, 34, 32, 31, 10, 11, 8, 9, 7, 4, 
39, 38, 42, 41, 40, 26, 24, 25, 21, 22, 23, 35, 0, 4, 7, 9, 8, 11, 10, 31, 32, 34, 33, 13, 14, 12, 18, 19, 20, 17, 16, 15, 5, 6, 30, 29, 27, 28, 3, 2, 1, 36, 37, 
33, 13, 14, 34, 18, 19, 20, 17, 16, 15, 5, 7, 9, 8, 11, 10, 31, 32, 27, 28, 3, 2, 1, 36, 37, 39, 38, 42, 41, 40, 26, 24, 25, 21, 22, 23, 35, 0, 4, 6, 30, 29, 12, 
12, 14, 13, 33, 34, 29, 30, 6, 4, 0, 35, 23, 22, 21, 25, 24, 26, 40, 41, 42, 38, 39, 37, 36, 1, 2, 3, 28, 27, 32, 31, 10, 11, 8, 9, 7, 5, 15, 16, 17, 20, 19, 18, 
30, 6, 4, 0, 35, 23, 22, 21, 25, 24, 26, 40, 41, 42, 38, 39, 37, 36, 1, 2, 3, 28, 27, 32, 31, 10, 11, 8, 9, 7, 5, 15, 16, 17, 20, 19, 18, 12, 14, 13, 33, 34, 29, 
14, 13, 33, 34, 29, 30, 6, 4, 0, 35, 23, 22, 21, 25, 24, 26, 40, 41, 42, 38, 39, 37, 36, 1, 2, 3, 28, 27, 32, 31, 8, 11, 10, 9, 7, 5, 15, 16, 17, 20, 19, 18, 12, 
14, 13, 33, 34, 29, 30, 6, 4, 0, 35, 23, 22, 21, 25, 24, 26, 40, 41, 42, 38, 39, 37, 36, 1, 2, 3, 28, 27, 32, 31, 10, 11, 8, 9, 7, 5, 15, 16, 17, 20, 19, 18, 12, 
20, 19, 18, 12, 14, 13, 33, 34, 29, 30, 6, 4, 0, 35, 23, 22, 21, 25, 24, 26, 40, 41, 42, 38, 39, 37, 36, 1, 2, 3, 28, 27, 32, 31, 10, 11, 8, 9, 7, 5, 15, 16, 17, 
6, 4, 0, 35, 23, 22, 21, 25, 24, 26, 40, 41, 42, 38, 39, 37, 36, 1, 2, 3, 28, 27, 29, 30, 7, 9, 8, 11, 10, 31, 32, 34, 33, 13, 14, 12, 18, 19, 20, 17, 16, 15, 5, 
32, 34, 33, 13, 14, 12, 18, 19, 20, 17, 16, 15, 5, 6, 4, 0, 35, 23, 22, 21, 25, 24, 26, 40, 41, 42, 38, 39, 37, 36, 1, 2, 3, 28, 27, 29, 30, 7, 9, 8, 11, 10, 31, 
39, 38, 42, 41, 40, 26, 24, 25, 21, 22, 23, 35, 0, 4, 7, 9, 8, 11, 10, 31, 32, 34, 33, 13, 14, 12, 18, 19, 20, 17, 16, 15, 5, 27, 30, 29, 6, 28, 3, 2, 1, 36, 37, 
37, 36, 1, 2, 3, 28, 27, 29, 30, 6, 4, 0, 35, 23, 22, 21, 25, 24, 26, 40, 41, 42, 38, 39, 7, 9, 8, 11, 10, 31, 32, 34, 33, 13, 14, 12, 18, 19, 20, 17, 16, 15, 5, 
25, 37, 39, 38, 42, 41, 40, 26, 24, 36, 1, 2, 3, 28, 27, 29, 30, 6, 5, 15, 16, 17, 20, 19, 18, 12, 14, 13, 33, 34, 32, 31, 10, 11, 8, 9, 7, 4, 0, 35, 23, 22, 21, 
39, 38, 42, 41, 40, 26, 24, 25, 21, 22, 23, 35, 0, 4, 6, 30, 29, 27, 28, 3, 2, 1, 36, 37, 8, 11, 10, 31, 32, 34, 33, 13, 14, 12, 18, 19, 20, 17, 16, 15, 5, 9, 7, 
3, 28, 27, 35, 23, 22, 21, 25, 24, 26, 40, 41, 42, 38, 39, 37, 36, 1, 2, 32, 31, 10, 11, 8, 9, 7, 5, 15, 16, 17, 20, 19, 18, 12, 14, 13, 33, 34, 29, 30, 6, 4, 0, 
8, 11, 10, 31, 32, 34, 29, 30, 6, 4, 0, 35, 23, 22, 21, 25, 24, 26, 40, 41, 42, 38, 39, 37, 36, 1, 2, 3, 28, 27, 13, 33, 12, 14, 5, 15, 16, 17, 20, 19, 18, 9, 7, 
16, 9, 5, 6, 30, 29, 27, 28, 3, 2, 1, 36, 37, 39, 38, 42, 41, 40, 26, 24, 25, 21, 22, 23, 35, 0, 4, 7, 15, 8, 11, 10, 31, 32, 34, 33, 13, 14, 12, 18, 19, 20, 17, 
7, 30, 29, 27, 28, 3, 1, 15, 36, 37, 39, 38, 42, 41, 40, 26, 24, 25, 21, 22, 23, 35, 0, 4, 6, 5, 2, 16, 17, 20, 19, 18, 12, 14, 13, 33, 34, 32, 31, 10, 11, 8, 9, 
26, 40, 41, 42, 38, 39, 37, 36, 1, 2, 3, 28, 27, 29, 30, 6, 4, 0, 35, 23, 22, 21, 25, 24, 9, 8, 11, 10, 31, 32, 34, 33, 13, 14, 12, 18, 19, 20, 17, 16, 15, 5, 7, 
19, 20, 17, 16, 15, 5, 6, 30, 29, 27, 28, 8, 2, 1, 36, 37, 39, 38, 42, 41, 40, 26, 24, 25, 21, 22, 23, 35, 0, 4, 7, 9, 3, 11, 10, 31, 32, 34, 33, 13, 14, 12, 18, 
10, 39, 38, 42, 41, 40, 26, 24, 25, 21, 22, 23, 35, 0, 4, 7, 9, 8, 11, 37, 31, 32, 34, 33, 13, 14, 12, 18, 19, 20, 17, 16, 15, 5, 6, 30, 29, 27, 28, 3, 2, 1, 36, 
7, 30, 17, 27, 28, 3, 1, 2, 36, 37, 39, 38, 42, 41, 40, 26, 24, 25, 21, 22, 23, 35, 0, 4, 6, 5, 15, 16, 29, 20, 19, 18, 12, 14, 13, 33, 34, 32, 31, 10, 11, 8, 9, 
32, 31, 10, 11, 8, 9, 7, 5, 6, 4, 0, 35, 23, 22, 21, 25, 24, 26, 40, 41, 42, 38, 39, 37, 36, 1, 2, 3, 28, 27, 29, 30, 19, 20, 17, 16, 15, 34, 33, 13, 14, 12, 18, 
7, 30, 29, 27, 28, 3, 1, 2, 36, 37, 39, 38, 42, 41, 40, 12, 24, 25, 21, 22, 23, 35, 0, 4, 6, 5, 15, 16, 17, 20, 19, 18, 26, 14, 13, 33, 34, 32, 31, 10, 11, 8, 9, 
2, 3, 28, 27, 29, 30, 6, 5, 15, 16, 17, 20, 19, 18, 12, 14, 13, 33, 34, 32, 31, 10, 11, 8, 9, 7, 1, 0, 35, 23, 22, 21, 25, 24, 26, 40, 41, 42, 38, 39, 37, 36, 4, 
35, 0, 4, 7, 9, 8, 11, 10, 31, 32, 34, 33, 13, 14, 12, 18, 19, 20, 17, 37, 15, 5, 6, 30, 29, 27, 28, 3, 2, 1, 36, 16, 39, 38, 42, 41, 40, 26, 24, 25, 21, 22, 23, 
15, 5, 6, 26, 29, 27, 28, 3, 2, 1, 36, 37, 39, 38, 42, 41, 40, 30, 24, 25, 21, 22, 23, 35, 0, 4, 7, 9, 8, 11, 10, 31, 32, 34, 33, 13, 14, 12, 18, 19, 20, 17, 16, 
20, 13, 18, 12, 14, 19, 33, 34, 32, 31, 10, 11, 8, 9, 7, 4, 0, 35, 23, 22, 21, 25, 24, 26, 40, 41, 42, 38, 39, 37, 36, 1, 2, 3, 28, 27, 29, 30, 6, 5, 15, 16, 17, 
1, 2, 3, 28, 27, 29, 37, 6, 5, 15, 11, 17, 20, 19, 18, 12, 14, 13, 33, 34, 32, 31, 10, 16, 8, 9, 7, 4, 0, 35, 23, 22, 21, 25, 24, 26, 40, 41, 42, 38, 39, 30, 36, 
18, 19, 20, 17, 16, 15, 5, 7, 9, 8, 11, 10, 31, 32, 23, 28, 3, 2, 1, 36, 37, 39, 38, 42, 41, 40, 26, 24, 25, 21, 22, 27, 35, 0, 4, 6, 30, 29, 34, 33, 13, 14, 12, 
23, 22, 21, 25, 24, 26, 40, 41, 42, 38, 39, 37, 36, 1, 2, 3, 28, 27, 29, 30, 6, 4, 0, 35, 8, 9, 7, 5, 15, 16, 17, 20, 19, 18, 12, 14, 13, 33, 34, 32, 31, 10, 11, 
28, 0, 29, 30, 6, 5, 15, 16, 17, 20, 19, 18, 12, 14, 13, 33, 34, 32, 31, 10, 11, 8, 9, 7, 4, 27, 35, 23, 22, 21, 25, 24, 26, 40, 41, 42, 38, 39, 37, 36, 1, 2, 3, 
10, 31, 32, 34, 33, 13, 14, 2, 18, 19, 20, 17, 16, 15, 5, 6, 30, 29, 27, 28, 3, 12, 1, 36, 37, 39, 38, 42, 41, 40, 26, 24, 25, 21, 22, 23, 35, 0, 4, 7, 9, 8, 11, 
13, 31, 32, 34, 29, 30, 6, 4, 0, 35, 23, 22, 21, 25, 24, 26, 40, 41, 42, 38, 39, 37, 36, 1, 2, 3, 28, 27, 18, 19, 20, 17, 16, 15, 5, 7, 9, 8, 11, 33, 10, 14, 12, 
3, 2, 1, 36, 17, 39, 38, 42, 41, 40, 26, 24, 25, 21, 22, 23, 35, 0, 4, 7, 9, 8, 11, 10, 31, 32, 34, 33, 13, 14, 12, 18, 19, 20, 37, 16, 15, 5, 6, 30, 29, 27, 28, 
32, 34, 33, 13, 14, 12, 18, 19, 20, 3, 16, 15, 5, 6, 30, 29, 27, 28, 17, 2, 1, 36, 37, 39, 38, 42, 41, 40, 26, 24, 25, 21, 22, 23, 35, 0, 4, 7, 9, 8, 11, 10, 31, 
20, 2, 16, 15, 5, 6, 30, 29, 27, 28, 3, 17, 1, 36, 37, 39, 38, 42, 41, 40, 26, 24, 25, 21, 22, 23, 35, 0, 4, 7, 9, 8, 11, 10, 31, 32, 34, 33, 13, 14, 12, 18, 19, 
33, 13, 14, 12, 18, 19, 20, 17, 16, 15, 5, 6, 30, 29, 27, 28, 3, 2, 1, 36, 37, 39, 38, 42, 41, 40, 26, 24, 25, 21, 22, 23, 7, 0, 4, 35, 9, 8, 11, 10, 31, 32, 34, 
39, 38, 42, 41, 40, 26, 24, 8, 21, 22, 23, 35, 0, 4, 7, 9, 25, 11, 10, 31, 32, 34, 33, 13, 14, 12, 18, 19, 20, 17, 16, 15, 5, 6, 30, 29, 27, 28, 3, 2, 1, 36, 37, 
7, 30, 29, 27, 28, 3, 1, 2, 36, 37, 39, 38, 42, 41, 40, 26, 24, 14, 21, 22, 23, 35, 0, 4, 6, 5, 15, 16, 17, 20, 19, 18, 12, 25, 13, 33, 34, 32, 31, 10, 11, 8, 9, 
18, 32, 20, 17, 16, 15, 5, 7, 9, 8, 11, 10, 31, 19, 27, 28, 3, 2, 1, 36, 37, 39, 38, 42, 41, 40, 26, 24, 25, 21, 22, 23, 35, 0, 4, 6, 30, 29, 34, 33, 13, 14, 12, 
21, 25, 24, 26, 40, 41, 42, 38, 39, 37, 36, 1, 2, 3, 28, 27, 29, 30, 6, 4, 0, 35, 23, 22, 13, 33, 34, 32, 31, 10, 11, 8, 9, 7, 5, 15, 16, 17, 20, 19, 18, 12, 14, 
35, 30, 29, 27, 28, 3, 1, 2, 36, 37, 39, 38, 42, 41, 40, 26, 24, 25, 21, 22, 23, 7, 0, 4, 6, 5, 15, 16, 17, 20, 19, 18, 12, 14, 13, 33, 34, 32, 31, 10, 11, 8, 9, 
2, 3, 28, 27, 32, 31, 10, 11, 8, 9, 7, 4, 0, 35, 23, 22, 21, 25, 24, 26, 40, 41, 42, 38, 39, 37, 36, 1, 19, 18, 12, 14, 13, 33, 34, 29, 30, 6, 5, 15, 16, 17, 20, 
7, 22, 29, 27, 28, 3, 1, 2, 36, 37, 39, 38, 42, 41, 40, 26, 24, 25, 21, 30, 23, 35, 0, 4, 6, 5, 15, 16, 17, 20, 19, 18, 12, 14, 13, 33, 34, 32, 31, 10, 11, 8, 9, 
9, 7, 4, 0, 27, 23, 22, 21, 13, 24, 26, 40, 41, 42, 38, 39, 37, 36, 1, 2, 3, 28, 35, 29, 30, 32, 5, 15, 16, 17, 20, 19, 18, 12, 14, 25, 33, 34, 6, 31, 10, 11, 8, 
18, 19, 20, 17, 16, 15, 5, 7, 9, 8, 24, 10, 31, 32, 27, 22, 3, 2, 34, 36, 37, 39, 38, 42, 41, 40, 26, 11, 25, 21, 28, 23, 35, 0, 4, 6, 30, 29, 1, 33, 13, 14, 12, 
25, 24, 26, 40, 41, 42, 38, 39, 37, 36, 1, 2, 3, 28, 27, 32, 31, 10, 11, 8, 9, 7, 5, 15, 16, 17, 20, 19, 18, 12, 14, 21, 33, 34, 29, 30, 6, 4, 0, 35, 23, 22, 13, 
28, 27, 29, 30, 6, 5, 15, 16, 17, 20, 19, 18, 12, 14, 13, 33, 35, 32, 31, 10, 11, 8, 9, 7, 4, 0, 34, 23, 22, 21, 25, 24, 26, 40, 41, 42, 38, 39, 37, 36, 1, 2, 3, 
1, 2, 3, 28, 27, 29, 37, 6, 5, 15, 16, 17, 20, 19, 18, 0, 14, 13, 33, 34, 32, 31, 10, 11, 8, 9, 7, 4, 12, 35, 23, 22, 21, 25, 24, 26, 40, 41, 42, 38, 39, 30, 36, 
38, 39, 37, 36, 1, 2, 3, 28, 27, 29, 30, 6, 4, 0, 35, 23, 22, 21, 25, 24, 26, 40, 41, 42, 32, 31, 10, 11, 8, 9, 7, 5, 15, 16, 17, 20, 19, 18, 12, 14, 13, 33, 34, 
16, 15, 5, 6, 30, 29, 40, 28, 3, 2, 1, 36, 37, 39, 38, 42, 41, 27, 26, 24, 25, 21, 22, 23, 35, 0, 4, 7, 9, 8, 11, 10, 31, 32, 34, 33, 13, 14, 12, 18, 19, 20, 17, 
39, 37, 36, 1, 2, 3, 28, 27, 29, 30, 6, 4, 7, 9, 8, 11, 10, 31, 32, 34, 33, 13, 14, 12, 18, 19, 20, 17, 16, 15, 5, 38, 42, 41, 40, 26, 24, 25, 21, 22, 23, 35, 0, 
7, 30, 29, 27, 28, 3, 1, 2, 36, 37, 39, 38, 42, 41, 20, 26, 24, 25, 21, 22, 23, 35, 0, 4, 6, 5, 15, 16, 17, 40, 19, 18, 12, 14, 13, 33, 34, 32, 31, 10, 11, 8, 9, 
40, 26, 24, 25, 21, 37, 23, 35, 0, 4, 6, 30, 29, 27, 28, 3, 2, 1, 36, 22, 39, 38, 42, 41, 11, 8, 9, 7, 5, 15, 16, 17, 20, 19, 18, 12, 14, 13, 33, 34, 32, 31, 10, 
16, 17, 20, 19, 18, 12, 14, 13, 33, 34, 32, 31, 10, 11, 8, 9, 7, 4, 0, 35, 23, 22, 21, 40, 24, 26, 25, 41, 42, 38, 39, 37, 36, 1, 2, 3, 28, 27, 29, 30, 6, 5, 15, 
1, 2, 3, 28, 27, 29, 37, 6, 5, 15, 16, 17, 20, 19, 18, 12, 14, 13, 33, 34, 32, 31, 10, 11, 8, 9, 7, 4, 0, 35, 40, 22, 21, 25, 24, 26, 23, 41, 42, 38, 39, 30, 36, 
Tiempo de ejecucion (total): 5.589
Best fitness a lo largo del tiempo: 
17242, 11690, 11684, 6640, 6378, 6240, 6205, 6137, 6137, 6075, 6008, 5947, 5941, 5941, 5909, 5909, 5909, 5895, 5871, 5871, 5860, 5839, 5829, 5829, 5805, 5805, 5805, 5805, 5805, 5777, 5765, 5765, 5765, 5737, 5737, 5737, 5737, 5731, 5725, 5725, 5725, 5725, 5720, 5719, 5693, 5693, 5693, 5693, 5693, 5693, 5687, 5687, 5687, 5687, 5687, 5687, 5685, 5685, 5685, 5685, 5683, 5681, 5681, 5677, 5675, 5669, 5669, 5669, 5665, 5665, 5665, 5665, 5665, 5665, 5665, 5665, 5663, 5663, 5663, 5663, 5663, 5663, 5663, 5663, 5663, 5663, 5663, 5663, 5663, 5663, 5663, 5663, 5663, 5663, 5663, 5663, 5663, 5663, 5663, 5663, 5663, 5663, 5663, 5663, 5663, 5663, 5663, 5663, 5663, 5663, 5663, 5663, 5663, 5663, 5663, 5663, 5663, 5663, 5663, 5663, 5663, 5663, 5663, 5663, 5663, 5663, 5663, 5663, 5663, 5663, 5663, 5663, 5663, 5663, 5663, 5663, 5663, 5663, 5663, 5663, 5663, 5663, 5663, 5663, 5663, 5663, 5663, 5663, 5663, 5663, 5663, 5663, 5663, 5663, 5663, 5663, 5663, 5663, 5663, 5663, 5663, 5663, 5663, 5663, 5663, 5663, 5663, 5663, 5663, 5663, 5663, 5663, 5663, 5663, 5663, 5663, 5663, 5663, 5663, 5663, 5663, 5663, 5663, 5663, 5663, 5663, 5663, 5663, 5663, 5663, 5663, 5663, 5663, 5663, 5648, 5648, 5648, 5648, 5648, 5648, 5648, 5648, 5648, 5648, 5648, 5648, 5648, 5648, 5648, 5646, 5646, 5646, 5646, 5646, 5646, 5646, 5646, 5646, 5646, 5646, 5646, 5646, 5646, 5646, 5646, 5646, 5646, 5646, 5646, 5646, 5646, 5646, 5646, 5646, 5646, 5646, 5646, 5646, 5646, 5646, 5646, 5646, 5646, 5646, 5646, 5646, 5646, 5646, 5646, 5646, 5646, 5646, 5646, 5646, 5646, 5646, 5646, 5646, 5646, 5646, 5646, 5646, 5646, 5646, 5646, 5646, 5646, 5646, 5646, 5646, 5646, 5646, 5646, 5646, 5646, 5646, 5646, 5646, 5646, 5646, 5646, 5646, 5646, 5646, 5646, 5646, 5646, 5646, 5646, 5646, 5646, 5646, 5646, 5646, 5646, 5646, 5646, 5646, 5646, 5646, 5646, 5646, 5646, 5646, 5646, 5646, 5646, 5646, 5646, 5646, 5646, 5646, 5646, 5646, 5646, 5646, 5646, 5646, 5646, 5646, 5644, 5644, 5644, 5644, 5640, 5638, 5638, 5638, 5638, 5638, 5638, 5638, 5638, 5638, 5638, 5638, 5638, 5638, 5638, 5638, 5638, 5638, 5638, 5638, 5638, 5638, 5638, 5638, 5638, 5638, 5638, 5638, 5638, 5638, 5638, 5638, 5638, 5638, 5638, 5638, 5638, 5638, 5638, 5638, 5638, 5638, 5638, 5638, 5638, 5638, 5638, 5638, 5638, 5638, 5638, 5638, 5638, 5638, 5638, 5638, 5638, 5638, 5638, 5638, 5638, 5638, 5638, 5638, 5638, 5638, 5638, 5638, 5638, 5638, 5638, 5638, 5638, 5638, 5638, 5638, 5638, 5638, 5638, 5638, 5638, 5638, 5638, 5638, 5638, 5638, 5638, 5638, 5638, 5638, 5638, 5638, 5638, 5638, 5638, 5638, 5638, 5638, 5638, 5638, 5638, 5638, 5638, 5638, 5638, 5638, 5638, 5638, 5638, 5638, 5638, 5638, 5638, 5638, 5638, 5638, 5638, 5638, 5638, 5638, 5638, 5638, 5638, 5638, 5638, 5638, 5638, 5638, 5638, 5638, 5638, 5638, 5638, 5638, 5638, 5638, 5638, 5638, 5638, 5638, 5638, 5638, 5638, 5638, 5638, 5638, 5638, 5638, 5638, 5638, 5638, 5638, 5638, 5638, 5638, 5638, 5638, 5638, 5638, 5638, 5638, 5638, 5638, 5638, 5638, 5638, 5638, 5638, 5638, 5638, 5638, 5638, 5638, 5638, 5638, 5638, 5638, 5638, 5638, 5638, 5638, 5638, 5638, 5638, 5638, 5638, 5638, 5638, 5638, 5638, 5638, 5638, 5638, 5638, 5638, 5638, 5638, 5638, 5638, 5638, 5638, 5638, 5638, 5638, 5638, 5638, 5638, 5638, 5638, 5638, 5638, 5638, 5638, 5638, 5638, 5638, 5638, 5638, 5638, 5638, 5638, 5638, 5638, 5638, 5638, 5638, 5638, 5638, 5638, 5638, 5638, 5638, 5638, 5638, 5638, 5638, 5638, 5638, 5638, 5638, 5638, 5638, 5638, 5638, 5638, 5638, 5638, 5638, 5638, 5638, 5638, 5638, 5638, 5638, 5638, 5638, 5638, 5638, 5638, 5638, 5638, 5638, 5638, 5638, 5638, 5638, 5638, 5638, 5638, 5638, 5638, 5638, 5638, 5638, 5638, 5638, 5638, 5638, 5638, 5638, 5638, 5638, 5638, 5638, 5638, 5638, 5638, 5638, 5638, 5638, 5638, 5638, 5638, 5638, 5638, 5638, 5638, 5638, 5638, 5638, 5638, 5638, 5638, 5638, 5638, 5638, 5638, 5638, 5638, 5638, 5638, 5638, 5638, 5638, 5638, 5638, 5638, 5638, 5638, 5638, 5638, 5638, 5638, 5638, 5638, 5638, 5638, 5638, 5638, 5638, 5638, 5638, 5638, 5638, 5638, 5638, 5638, 5638, 5638, 5638, 5638, 5638, 5638, 5638, 5638, 5638, 5638, 5638, 5638, 5638, 5638, 5638, 5638, 5638, 5638, 5638, 5638, 5638, 5638, 5638, 5638, 5638, 5638, 5638, 5638, 5638, 5638, 5638, 5638, 5638, 5638, 5638, 5638, 5638, 5638, 5638, 5638, 5638, 5638, 5638, 5638, 5638, 5638, 5638, 5638, 5638, 5638, 5638, 5638, 5638, 5638, 5638, 5638, 5638, 5638, 5638, 5638, 5638, 5638, 5638, 5638, 5638, 5638, 5638, 5638, 5638, 5638, 5638, 5638, 5638, 5638, 5638, 5638, 5638, 5638, 5638, 5638, 5638, 5638, 5638, 5638, 5638, 5638, 5638, 5638, 5638, 5638, 5638, 5638, 5638, 5638, 5638, 5638, 5638, 5638, 5638, 5638, 5638, 5638, 5638, 5638, 5638, 5638, 5638, 5638, 5638, 5638, 5638, 5638, 5638, 5638, 5638, 5638, 5638, 5638, 5638, 5638, 5638, 5638, 5638, 5638, 5638, 5638, 5638, 5638, 5638, 5638, 5638, 5638, 5638, 5638, 5638, 5638, 5638, 5638, 5638, 5638, 5638, 5638, 5638, 5638, 5638, 5638, 5638, 5638, 5638, 5638, 5638, 5638, 5638, 5638, 5638, 5638, 5638, 5638, 5638, 5638, 5638, 5638, 5638, 5638, 5638, 5638, 5638, 5638, 5638, 5638, 5638, 5638, 5638, 5638, 5638, 5638, 5638, 5638, 5638, 5638, 5638, 5638, 5638, 5638, 5638, 5638, 5638, 5638, 5638, 5638, 5638, 5638, 5638, 5638, 5638, 5638, 5638, 5638, 5638, 5638, 5638, 5638, 5638, 5638, 5638, 5638, 5638, 5638, 5638, 5638, 5638, 5638, 5638, 5638, 5638, 5638, 5638, 5638, 5638, 5638, 5638, 5638, 5638, 5638, 5638, 5638, 5638, 5638, 5638, 5638, 5638, 5638, 5638, 5638, 5638, 5638, 5638, 5638, 5638, 5638, 5638, 5638, 5638, 5638, 5638, 5638, 5638, 5638, 5638, 5638, 5638, 5638, 5638, 5638, 5638, 5638, 5638, 5638, 5638, 5638, 5638, 5638, 5638, 5638, 5638, 5638, 5638, 5638, 5638, 5638, 5638, 5638, 5638, 5638, 5638, 5638, 5638, 5638, 5638, 5638, 5638, 5638, 5638, 5638, 5638, 5638, 5638, 5638, 5638, 5638, 5638, 5638, 5638, 5638, 5638, 5638, 5638, 5638, 5638, 5638, 5638, 5638, 5638, 5638, 5638, 5638, 5638, 5638, 5638, 5638, 5638, 5638, 5638, 5634, 5634, 5634, 5634, 5634, 5634, 5634, 5634, 5634, 5634, 5634, 5634, 5634, 5634, 5634, 5634, 5634, 5634, 5634, 5634, 5634, 5634, 5634, 5634, 5634, 5634, 5634, 5634, 5634, 5634, 5634, 5634, 5634, 5634, 5634, 5634, 5634, 5634, 5634, 5634, 5634, 5634, 5634, 5634, 5634, 5634, 5634, 5634, 5634, 5634, 5634, 5634, 5634, 5634, 5634, 5634, 5634, 5634, 5634, 5634, 5634, 5634, 5634, 5634, 5634, 5634, 5634, 5634, 5634, 5634, 5634, 5634, 5634, 5634, 5634, 5634, 5634, 5634, 5634, 5634, 5634, 5634, 5634, 5634, 5634, 5634, 5634, 5634, 5634, 5634, 5634, 5634, 5634, 5634, 5634, 5634, 5634, 5634, 5634, 5634, 5634, 5634, 5634, 5634, 5634, 5634, 5634, 5634, 5634, 5634, 5634, 5634, 5634, 5634, 5634, 5634, 5634, 5634, 5634, 5634, 5634, 5634, 5634, 5634, 5634, 5634, 5634, 5634, 5634, 5634, 5634, 5634, 5634, 5634, 5634, 5634, 5634, 5634, 5634, 5634, 5634, 5634, 5634, 5634, 5634, 5634, 5634, 5634, 5634, 5634, 5634, 5634, 5634, 5634, 5634, 5634, 5634, 5634, 5634, 5634, 5634, 5634, 5634, 5634, 5634, 5634, 5634, 5634, 5634, 5634, 5634, 5634, 5634, 5634, 5634, 5634, 5634, 5634, 5634, 5634, 5634, 5634, 5634, 5634, 5634, 5634, 5632, 5632, 5632, 5632, 5632, 5630, 5630, 5630, 5630, 5630, 5630, 5630, 5630, 5628, 5628, 5628, 5628, 5628, 5628, 5628, 5628, 5628, 5628, 5628, 5628, 5628, 5628, 5628, 5628, 5628, 5628, 5628, 5628, 5628, 5628, 5628, 5628, 5628, 5628, 5628, 5628, 5628, 5628, 5628, 5628, 5628, 5622, 5622, 5622, 5622, 5620, 
Fitness promedio a lo largo del tiempo: 
20948, 16933, 14429, 12363, 10726, 7296, 7810, 7603, 7051, 6466, 7433, 7585, 7031, 7478, 6920, 7275, 7352, 6748, 6840, 6456, 6550, 6482, 6964, 6861, 7347, 6907, 6995, 7055, 6713, 7393, 7701, 6595, 7130, 6022, 6427, 6523, 7263, 6273, 6386, 6566, 6559, 6079, 6388, 6755, 7086, 6557, 7100, 6500, 7093, 6005, 6858, 6563, 6046, 6188, 7048, 6566, 6933, 5812, 6499, 5741, 6332, 6326, 6120, 6154, 6296, 6386, 5962, 7294, 6244, 5760, 5957, 6373, 6439, 7306, 6862, 5882, 6279, 6492, 5731, 6319, 6479, 6262, 6072, 5979, 6141, 6532, 6520, 5724, 6099, 7175, 6309, 6088, 5995, 5710, 5848, 6345, 5722, 7061, 5981, 6939, 6140, 6089, 5949, 5987, 5715, 6008, 6367, 6151, 5733, 5729, 6609, 6410, 5873, 6195, 5702, 6097, 5681, 6527, 6201, 5677, 6423, 6411, 5735, 6281, 6191, 6804, 6056, 6039, 5926, 5777, 5706, 5683, 5987, 6518, 5873, 6482, 5708, 5960, 6477, 5982, 6519, 7087, 6166, 5717, 6192, 5947, 6417, 6907, 6133, 6212, 5884, 6600, 5780, 6630, 6146, 5895, 5720, 6082, 5702, 6413, 6040, 6101, 5895, 5825, 5768, 6430, 6053, 5870, 5695, 6218, 6282, 6091, 5931, 5992, 6206, 6373, 6082, 6254, 6106, 6236, 5947, 6378, 6262, 5718, 5939, 6092, 5924, 5721, 5695, 5782, 5754, 5873, 5715, 5880, 6637, 6881, 6115, 6319, 6428, 6907, 5699, 5866, 5703, 5927, 5972, 5940, 5818, 5706, 5669, 5828, 6998, 6338, 6510, 6685, 6308, 6344, 5723, 6324, 6354, 5708, 6170, 6347, 6646, 6123, 6896, 5803, 6426, 6061, 6523, 6891, 6576, 6458, 5694, 6031, 6708, 5771, 6198, 6898, 5878, 6579, 6586, 5827, 5934, 5698, 6307, 5696, 6095, 6206, 6982, 6172, 6374, 6664, 6262, 5693, 6204, 6127, 6045, 6208, 6353, 7066, 6753, 6255, 6682, 5685, 6093, 5684, 6105, 5726, 5710, 6020, 6170, 6084, 5913, 5812, 6264, 6005, 5689, 5677, 5704, 5699, 6146, 6165, 6129, 6098, 7150, 6123, 5717, 6480, 5721, 6370, 5921, 6830, 5796, 6472, 6136, 6203, 6025, 5833, 6051, 6298, 6021, 6079, 6415, 6588, 7294, 5948, 6007, 6308, 6543, 6409, 6089, 5913, 6753, 6449, 6047, 6196, 7265, 6454, 5982, 5761, 5979, 6496, 6321, 5900, 5846, 6159, 5830, 6298, 6254, 6245, 6303, 6332, 6232, 5676, 6666, 6673, 6659, 5706, 5700, 6027, 6192, 5790, 6285, 6229, 5972, 5915, 6330, 6619, 6164, 6072, 6191, 5715, 7163, 5932, 6877, 6687, 5698, 5683, 6331, 6182, 6359, 6074, 5749, 6039, 6236, 5965, 6337, 5737, 5958, 6484, 5912, 6438, 5797, 5804, 6233, 5689, 5693, 5686, 6169, 6355, 6222, 5803, 5962, 5667, 6437, 6132, 6726, 6721, 6137, 6200, 5859, 6118, 5804, 6764, 7105, 6240, 6337, 5722, 6063, 6340, 6023, 6070, 5908, 6062, 5865, 6957, 5912, 6202, 5699, 6604, 6955, 6464, 6109, 5972, 6348, 6331, 6297, 6180, 5695, 5687, 6064, 5808, 6499, 6675, 6179, 6501, 6383, 6462, 6241, 5859, 5799, 6129, 5912, 6013, 5701, 5803, 6558, 6432, 5952, 6181, 6252, 5705, 6119, 5799, 5962, 5914, 5665, 5988, 5662, 6347, 5769, 5992, 6101, 6257, 5969, 5914, 6007, 6455, 5861, 5772, 6129, 5961, 5682, 6389, 6009, 6300, 5711, 5908, 5788, 5958, 6025, 6448, 5680, 6341, 5964, 5691, 5667, 6085, 6196, 6036, 5682, 5690, 6079, 5678, 5688, 5760, 6069, 6066, 5815, 5690, 6065, 6514, 6087, 5902, 5688, 5675, 6663, 5850, 6005, 5663, 5965, 5793, 6065, 6081, 6080, 6278, 6015, 5763, 6203, 6077, 6021, 5702, 6168, 6022, 6375, 6191, 5702, 5883, 5966, 5779, 5680, 5693, 5956, 6715, 6039, 5806, 5922, 6195, 6381, 6874, 6085, 5674, 6656, 6083, 6694, 6005, 6211, 6687, 6440, 5858, 5844, 6178, 5675, 5853, 7017, 6864, 6617, 5715, 6517, 6474, 6343, 6832, 5690, 6812, 6162, 6450, 5666, 6402, 6208, 5917, 6546, 5789, 5696, 5887, 6277, 5661, 6177, 6012, 5673, 6117, 5749, 6285, 6061, 6120, 6438, 5675, 5903, 6536, 6088, 5865, 6074, 6189, 6466, 6182, 5665, 5911, 6549, 5782, 5690, 5756, 6128, 6539, 6392, 6214, 5959, 6308, 6291, 5663, 6241, 5700, 5690, 6570, 5752, 6294, 5702, 5678, 6334, 5667, 6249, 5670, 5854, 6019, 6221, 6162, 5812, 5813, 6069, 5694, 6343, 5679, 5690, 5855, 5657, 5807, 5699, 6066, 6705, 6063, 5976, 6017, 5708, 5806, 5817, 5871, 6194, 5872, 5706, 6024, 5666, 6223, 5700, 5818, 5763, 6087, 5663, 6681, 6092, 6361, 6174, 5917, 5972, 6407, 6130, 5755, 5687, 6265, 5747, 6114, 5701, 6294, 5694, 6280, 5764, 6394, 6607, 6387, 6162, 6040, 6450, 6184, 5683, 6127, 5703, 6375, 6866, 5935, 5668, 6635, 5696, 6169, 5765, 6673, 6704, 6455, 5683, 6177, 6188, 6025, 5848, 5698, 6325, 6062, 6775, 6208, 5703, 6563, 6299, 6077, 6007, 6330, 5685, 6512, 5703, 6977, 6365, 6046, 6620, 6061, 6613, 5689, 6037, 6064, 5680, 5986, 6686, 6222, 6294, 5754, 6391, 6301, 5670, 5677, 5972, 5742, 5697, 6363, 5919, 6326, 6189, 6291, 5862, 5681, 5869, 6063, 6187, 5686, 5688, 6355, 6132, 6057, 6356, 5979, 6518, 5675, 6189, 5922, 6468, 5863, 5795, 5682, 6489, 6556, 5688, 7018, 5973, 6668, 5752, 6187, 6022, 5908, 6612, 5869, 5698, 5676, 5861, 5736, 5790, 6131, 6044, 5669, 5696, 6295, 5804, 6515, 6525, 5715, 5745, 5787, 5672, 5674, 5698, 6398, 5846, 6945, 5710, 5693, 6019, 6125, 5850, 6931, 5970, 5910, 5901, 6131, 5860, 6586, 5665, 5671, 6074, 6292, 6350, 6648, 6222, 6124, 5670, 5688, 5891, 6217, 6346, 6137, 5827, 5869, 5915, 5691, 5708, 6132, 5683, 5658, 6229, 5684, 5674, 6887, 6125, 6228, 6243, 5903, 5661, 6175, 5904, 5659, 6012, 5676, 6200, 5798, 6444, 6531, 6812, 6276, 5670, 6837, 5857, 5978, 6343, 5967, 5681, 6124, 6027, 6281, 5867, 5700, 6018, 6514, 6182, 5860, 5742, 5679, 6676, 6337, 5697, 5956, 5751, 5964, 6239, 5797, 5688, 6012, 6238, 5735, 5979, 5670, 6063, 6145, 5953, 5697, 6276, 6822, 6252, 6999, 6390, 5812, 5957, 6288, 5861, 6335, 6342, 5860, 5680, 5899, 5691, 5682, 5686, 5792, 5791, 5685, 5778, 5817, 5682, 6074, 6560, 6233, 6294, 6365, 5795, 6020, 5695, 6143, 5783, 6018, 5745, 6003, 5747, 7478, 5850, 6429, 5858, 5764, 5750, 6298, 5744, 6198, 5870, 5754, 5802, 6174, 5756, 5963, 5903, 6137, 6290, 6284, 5845, 6410, 6413, 5902, 5880, 5847, 5669, 6283, 5678, 6278, 5959, 6287, 5855, 5792, 6130, 6023, 6613, 5748, 5699, 6119, 6013, 6185, 6237, 6462, 6111, 6738, 6074, 6187, 5694, 6068, 5683, 6265, 5684, 5665, 6230, 6303, 5699, 5748, 6390, 5701, 5692, 6019, 5682, 6009, 6453, 5693, 6237, 5708, 5822, 6099, 6473, 5860, 6843, 5870, 6851, 6299, 7067, 5970, 6029, 5654, 5913, 5890, 5697, 6655, 5976, 5742, 5812, 5684, 6399, 5981, 5672, 7250, 6352, 6116, 6387, 6008, 6119, 6117, 6339, 5691, 6182, 6068, 6826, 5675, 6019, 6133, 6240, 5984, 6913, 5692, 6059, 6117, 5853, 6011, 5674, 5864, 5963, 5687, 6443, 6120, 6284, 6020, 5757, 6384, 6509, 6440, 5688, 5719, 6606, 6068, 6275, 5759, 5658, 5670, 6061, 6132, 5969, 6184, 6745, 5855, 5660, 5910, 6343, 6536, 5749, 6122, 5696, 6184, 6191, 5692, 5916, 5755, 5686, 5696, 6835, 6105, 6070, 5673, 6016, 5958, 5664, 6293, 6245, 6067, 5853, 5682, 5708, 5678, 6028, 6403, 6283, 6028, 6435, 6218, 6014, 6011, 6169, 6240, 5790, 6234, 5903, 5679, 7471, 6018, 5748, 5686, 6150, 6244, 6745, 5755, 6228, 6707, 5675, 6556, 6133, 5676, 6144, 6114, 6023, 5860, 5966, 5906, 6184, 6176, 5666, 6224, 5979, 5687, 6973, 5698, 6218, 6123, 6105, 6778, 6418, 6253, 6872, 6062, 5956, 5681, 6137, 6002, 5800, 5796, 5797, 6295, 5949, 5835, 5794, 5660, 6209, 6613, 5829, 5689, 5799, 6946, 6172, 5671, 5694, 5682, 5998, 5968, 5699, 5779, 5660, 5813, 5960, 6321, 6070, 6237, 6018, 6292, 6140, 5690, 5721, 5970, 5681, 6356, 5904, 6475, 5914, 6876, 6817, 5948, 6272, 6455, 6018, 5772, 5963, 6292, 6058, 5732, 5940, 5670, 5665, 5655, 5661, 6604, 5797, 5748, 6361, 5689, 5847, 6097, 6857, 6775, 5795, 5750, 5680, 5742, 6545, 5948, 6052, 5825, 6158, 5676, 6360, 6469, 6069, 6054, 
Mejor solucion obtenida: 15, 16, 17, 20, 19, 18, 12, 14, 13, 33, 34, 32, 31, 10, 11, 8, 9, 7, 5, 6, 30, 29, 27, 28, 3, 2, 1, 36, 37, 39, 38, 42, 41, 40, 26, 24, 25, 21, 22, 23, 35, 0, 4, || Fitness: 5620;