Archivo Usado: p43.atsp
Tamaño de la Poblacion: 100
Reemplazo por Generacion: 5
Tamaño de los Torneos: 6
Cantidad de ciudades: 43
Probabilidad de cruce: 70000
Probabilidad mutacion simple: 8000
Probabilidad mutacion compleja: 15000
Cruces minimos de la mutacion compleja: 4
Iteraciones ejecutadas: 10000
Largo del cruce PMX: 6
Operador de Cruce: 0
Metodo seleccion de Padres: 0
Operador de Mutacion: 0
Metodo seleccion de Supervivientes: 1
Cantidad de threads a usar: 16
6, 17, 19, 20, 18, 16, 15, 14, 12, 13, 34, 33, 31, 32, 8, 11, 10, 9, 30, 29, 28, 27, 2, 3, 1, 36, 37, 38, 39, 41, 42, 40, 26, 25, 24, 21, 22, 23, 35, 0, 4, 5, 7, 
6, 17, 19, 20, 18, 16, 15, 14, 12, 13, 33, 34, 31, 32, 8, 11, 10, 9, 30, 29, 28, 27, 2, 3, 1, 36, 37, 38, 39, 41, 42, 40, 26, 25, 24, 21, 23, 22, 35, 0, 4, 5, 7, 
6, 17, 19, 20, 18, 16, 15, 14, 12, 13, 34, 33, 31, 32, 8, 11, 10, 9, 30, 29, 28, 27, 2, 3, 1, 36, 37, 38, 39, 41, 42, 40, 26, 25, 24, 21, 23, 22, 35, 0, 4, 5, 7, 
6, 17, 19, 20, 18, 16, 15, 14, 12, 13, 33, 34, 31, 32, 9, 11, 10, 8, 30, 29, 28, 27, 2, 3, 1, 36, 37, 38, 39, 41, 42, 40, 26, 25, 24, 21, 23, 22, 35, 0, 4, 5, 7, 
6, 17, 19, 20, 18, 16, 15, 14, 12, 13, 34, 33, 31, 32, 8, 11, 10, 9, 30, 29, 28, 27, 2, 3, 1, 36, 37, 39, 38, 41, 42, 40, 26, 25, 24, 21, 23, 22, 35, 0, 4, 5, 7, 
30, 29, 28, 27, 2, 3, 1, 36, 37, 38, 39, 41, 42, 40, 26, 25, 24, 21, 23, 22, 35, 0, 4, 17, 19, 20, 18, 16, 15, 14, 12, 13, 34, 33, 31, 32, 8, 11, 10, 9, 6, 7, 5, 
6, 17, 19, 20, 18, 16, 15, 14, 12, 13, 34, 33, 31, 32, 8, 11, 10, 9, 29, 30, 28, 27, 2, 3, 1, 36, 37, 38, 39, 41, 42, 40, 26, 25, 24, 21, 23, 22, 35, 0, 4, 5, 7, 
42, 40, 26, 25, 24, 21, 23, 22, 35, 0, 4, 5, 7, 6, 17, 19, 20, 18, 16, 15, 14, 12, 13, 34, 33, 31, 32, 8, 11, 10, 9, 30, 29, 28, 27, 2, 3, 1, 36, 37, 38, 39, 41, 
8, 11, 10, 9, 30, 29, 28, 27, 2, 3, 1, 36, 37, 38, 39, 41, 42, 40, 26, 25, 24, 21, 22, 23, 35, 0, 4, 5, 7, 6, 17, 19, 20, 18, 16, 15, 14, 12, 13, 34, 33, 31, 32, 
15, 14, 12, 13, 34, 33, 31, 32, 8, 11, 10, 9, 30, 29, 28, 27, 2, 3, 1, 36, 37, 38, 39, 41, 42, 40, 26, 25, 24, 21, 23, 22, 35, 0, 4, 5, 7, 6, 19, 20, 18, 16, 17, 
12, 13, 33, 34, 31, 32, 8, 11, 10, 9, 30, 29, 28, 27, 2, 3, 1, 36, 37, 38, 39, 41, 42, 40, 26, 25, 24, 21, 23, 22, 35, 0, 4, 5, 7, 6, 17, 19, 20, 18, 16, 15, 14, 
32, 8, 11, 10, 9, 30, 29, 28, 27, 2, 3, 1, 36, 37, 38, 39, 41, 42, 40, 26, 25, 24, 21, 22, 23, 35, 0, 4, 5, 7, 6, 17, 19, 20, 18, 16, 15, 14, 12, 13, 34, 33, 31, 
6, 16, 19, 20, 18, 17, 15, 14, 12, 13, 34, 33, 31, 32, 8, 11, 10, 9, 30, 29, 28, 27, 2, 3, 1, 36, 37, 38, 39, 41, 42, 40, 26, 25, 24, 21, 23, 22, 35, 0, 4, 5, 7, 
13, 33, 34, 31, 32, 8, 11, 10, 9, 30, 29, 28, 27, 2, 3, 1, 36, 37, 38, 39, 41, 42, 40, 26, 25, 24, 21, 23, 22, 35, 0, 4, 5, 7, 6, 17, 19, 20, 18, 16, 15, 14, 12, 
19, 20, 18, 16, 15, 14, 12, 13, 33, 34, 31, 32, 8, 11, 10, 9, 30, 29, 28, 27, 2, 3, 1, 36, 37, 38, 39, 41, 42, 40, 26, 25, 24, 21, 22, 23, 35, 0, 4, 5, 7, 6, 17, 
11, 10, 9, 30, 29, 28, 27, 2, 3, 1, 36, 37, 38, 39, 41, 42, 40, 26, 25, 24, 21, 23, 22, 35, 0, 4, 5, 7, 6, 17, 19, 20, 18, 16, 15, 14, 12, 13, 34, 33, 31, 32, 8, 
6, 17, 19, 20, 18, 16, 15, 14, 12, 13, 33, 34, 31, 32, 8, 11, 10, 9, 30, 29, 28, 27, 2, 3, 1, 36, 37, 38, 39, 41, 42, 40, 26, 25, 24, 21, 23, 22, 35, 0, 4, 5, 7, 
32, 8, 11, 10, 9, 30, 29, 28, 27, 2, 3, 1, 36, 37, 38, 39, 41, 42, 40, 26, 25, 24, 21, 23, 22, 35, 0, 4, 5, 7, 6, 17, 19, 20, 18, 16, 15, 14, 12, 13, 33, 34, 31, 
12, 13, 33, 34, 31, 32, 8, 11, 10, 9, 30, 29, 28, 27, 2, 3, 1, 36, 37, 39, 38, 41, 42, 40, 26, 25, 24, 21, 23, 22, 35, 0, 4, 5, 7, 6, 17, 19, 20, 18, 16, 15, 14, 
34, 31, 32, 8, 11, 10, 9, 30, 29, 28, 27, 2, 3, 1, 36, 37, 38, 39, 41, 42, 40, 26, 25, 24, 21, 23, 22, 35, 0, 4, 5, 7, 6, 17, 19, 20, 18, 16, 15, 14, 12, 13, 33, 
41, 42, 40, 26, 25, 24, 21, 23, 22, 35, 0, 4, 5, 7, 6, 17, 19, 20, 18, 16, 15, 14, 12, 13, 34, 33, 31, 32, 8, 11, 10, 9, 30, 29, 28, 27, 2, 3, 1, 36, 37, 38, 39, 
6, 17, 19, 20, 18, 16, 15, 14, 12, 13, 34, 33, 31, 11, 8, 32, 10, 9, 30, 29, 28, 27, 2, 3, 1, 36, 37, 38, 39, 41, 42, 40, 26, 25, 24, 21, 22, 23, 35, 0, 4, 5, 7, 
29, 17, 19, 20, 18, 16, 15, 14, 12, 13, 34, 33, 31, 32, 8, 11, 10, 9, 30, 6, 28, 27, 2, 3, 1, 36, 37, 38, 39, 41, 42, 40, 26, 25, 24, 21, 23, 22, 35, 0, 4, 5, 7, 
17, 19, 20, 18, 16, 15, 33, 12, 13, 34, 14, 31, 32, 8, 11, 10, 9, 30, 29, 28, 27, 2, 3, 1, 36, 37, 38, 39, 41, 42, 40, 26, 25, 24, 21, 23, 22, 35, 0, 4, 5, 7, 6, 
6, 17, 19, 20, 18, 16, 15, 14, 12, 13, 34, 33, 10, 32, 8, 11, 31, 9, 30, 29, 28, 27, 2, 3, 1, 36, 37, 39, 38, 41, 42, 40, 26, 25, 24, 21, 23, 22, 35, 0, 4, 5, 7, 
40, 26, 25, 24, 21, 23, 22, 35, 0, 4, 37, 7, 6, 17, 19, 20, 18, 16, 15, 14, 12, 13, 33, 34, 31, 32, 8, 11, 10, 9, 30, 29, 28, 27, 2, 3, 1, 36, 5, 38, 39, 41, 42, 
10, 11, 8, 32, 31, 33, 34, 13, 12, 14, 15, 16, 18, 20, 19, 17, 6, 7, 5, 4, 0, 35, 22, 23, 21, 24, 25, 26, 40, 42, 41, 39, 38, 37, 36, 1, 3, 2, 27, 28, 29, 30, 9, 
12, 14, 15, 16, 18, 20, 19, 17, 6, 7, 5, 4, 0, 35, 22, 23, 21, 24, 25, 26, 40, 42, 41, 39, 38, 37, 36, 1, 3, 2, 27, 28, 29, 30, 9, 10, 11, 8, 32, 31, 33, 34, 13, 
22, 23, 21, 24, 25, 26, 40, 42, 41, 39, 38, 37, 36, 1, 3, 2, 27, 28, 29, 30, 9, 10, 11, 8, 32, 31, 33, 34, 13, 12, 14, 15, 16, 18, 20, 19, 17, 6, 7, 5, 4, 0, 35, 
12, 14, 15, 16, 18, 20, 19, 17, 6, 7, 5, 4, 0, 35, 22, 23, 21, 24, 25, 26, 40, 42, 41, 39, 38, 37, 36, 1, 3, 2, 27, 28, 29, 30, 9, 10, 11, 8, 32, 31, 33, 34, 13, 
29, 30, 9, 10, 11, 8, 32, 31, 33, 34, 13, 12, 14, 15, 16, 18, 20, 19, 17, 4, 0, 35, 23, 22, 21, 24, 25, 26, 40, 42, 41, 39, 38, 37, 36, 1, 3, 2, 27, 28, 5, 7, 6, 
22, 21, 24, 25, 26, 40, 42, 41, 39, 38, 37, 36, 1, 3, 2, 27, 28, 30, 29, 9, 10, 11, 8, 32, 31, 34, 33, 13, 12, 14, 15, 16, 18, 20, 19, 17, 6, 7, 5, 4, 0, 35, 23, 
4, 0, 35, 22, 23, 21, 24, 25, 26, 40, 42, 41, 39, 38, 37, 36, 1, 3, 2, 27, 28, 29, 30, 8, 10, 11, 9, 32, 31, 34, 33, 13, 12, 14, 15, 16, 18, 20, 19, 17, 6, 7, 5, 
33, 34, 13, 12, 14, 15, 16, 18, 20, 19, 17, 6, 7, 5, 4, 0, 35, 22, 23, 21, 24, 25, 26, 40, 42, 41, 39, 38, 37, 36, 1, 3, 2, 27, 28, 29, 30, 9, 10, 11, 8, 32, 31, 
9, 10, 11, 8, 32, 31, 34, 33, 13, 12, 14, 15, 16, 18, 20, 19, 17, 6, 7, 5, 4, 0, 35, 22, 23, 21, 24, 25, 26, 40, 42, 41, 39, 38, 37, 36, 1, 3, 2, 27, 28, 29, 30, 
8, 32, 31, 33, 34, 13, 12, 14, 15, 16, 18, 20, 19, 17, 6, 7, 5, 4, 0, 35, 23, 22, 21, 24, 25, 26, 40, 42, 41, 39, 38, 37, 36, 1, 3, 2, 27, 28, 29, 30, 9, 10, 11, 
1, 3, 2, 27, 28, 29, 30, 9, 10, 11, 8, 32, 31, 33, 34, 13, 12, 14, 15, 16, 18, 20, 19, 17, 6, 7, 5, 4, 0, 35, 22, 23, 21, 24, 25, 26, 40, 42, 41, 39, 38, 37, 36, 
34, 13, 12, 14, 15, 16, 18, 20, 19, 17, 6, 7, 5, 4, 0, 35, 22, 23, 21, 24, 25, 26, 40, 42, 41, 39, 38, 37, 36, 1, 3, 2, 27, 28, 29, 30, 9, 10, 11, 8, 32, 31, 33, 
5, 4, 0, 35, 23, 22, 21, 24, 25, 26, 40, 42, 41, 39, 38, 37, 36, 1, 3, 2, 27, 28, 29, 30, 9, 10, 11, 8, 32, 31, 33, 34, 13, 12, 14, 15, 16, 18, 20, 19, 17, 6, 7, 
31, 33, 34, 13, 12, 14, 15, 16, 18, 20, 19, 17, 6, 7, 5, 4, 0, 35, 23, 22, 21, 24, 25, 26, 40, 42, 41, 39, 38, 37, 36, 1, 3, 2, 27, 28, 29, 30, 9, 10, 11, 8, 32, 
9, 10, 11, 8, 32, 31, 34, 33, 13, 12, 14, 15, 16, 18, 20, 19, 17, 6, 7, 5, 4, 0, 35, 22, 23, 21, 24, 25, 26, 40, 42, 41, 39, 38, 37, 36, 1, 3, 2, 27, 28, 29, 30, 
20, 19, 17, 6, 7, 5, 4, 0, 35, 22, 23, 21, 24, 25, 26, 40, 42, 41, 39, 38, 37, 36, 1, 3, 2, 27, 28, 29, 30, 8, 10, 11, 9, 32, 31, 34, 33, 13, 12, 14, 15, 16, 18, 
12, 17, 19, 20, 18, 16, 15, 14, 6, 13, 34, 33, 31, 32, 8, 11, 10, 9, 30, 29, 28, 27, 2, 3, 1, 36, 37, 39, 38, 41, 42, 40, 26, 25, 24, 21, 23, 22, 35, 0, 4, 5, 7, 
6, 17, 19, 20, 18, 16, 15, 14, 12, 31, 34, 33, 13, 32, 8, 11, 10, 9, 30, 29, 28, 27, 2, 3, 1, 36, 37, 38, 39, 41, 42, 40, 26, 25, 24, 21, 22, 23, 35, 0, 4, 5, 7, 
8, 32, 31, 34, 33, 13, 12, 14, 15, 16, 18, 20, 19, 17, 9, 7, 5, 4, 0, 35, 22, 23, 21, 24, 25, 26, 40, 42, 41, 39, 38, 37, 36, 1, 3, 2, 27, 28, 29, 30, 6, 10, 11, 
29, 30, 8, 11, 10, 9, 32, 31, 33, 34, 13, 12, 14, 15, 16, 18, 20, 19, 17, 6, 7, 5, 4, 0, 35, 22, 23, 21, 24, 25, 26, 40, 42, 41, 39, 38, 37, 36, 28, 3, 2, 27, 1, 
6, 17, 19, 20, 18, 16, 15, 14, 5, 13, 33, 34, 31, 32, 8, 11, 10, 9, 30, 29, 28, 27, 2, 3, 1, 36, 37, 38, 39, 41, 42, 40, 26, 25, 24, 21, 23, 22, 35, 0, 4, 12, 7, 
27, 2, 3, 1, 36, 37, 39, 38, 41, 42, 40, 26, 25, 24, 21, 23, 22, 35, 0, 4, 5, 7, 6, 17, 19, 20, 18, 16, 15, 14, 12, 13, 33, 31, 32, 8, 11, 10, 9, 30, 29, 28, 34, 
11, 8, 32, 2, 3, 1, 36, 37, 38, 39, 41, 42, 40, 26, 25, 24, 21, 23, 22, 35, 0, 4, 5, 7, 6, 17, 19, 20, 18, 16, 15, 14, 12, 13, 34, 33, 29, 28, 27, 31, 30, 9, 10, 
6, 17, 19, 20, 18, 16, 15, 14, 12, 13, 34, 33, 31, 32, 8, 11, 10, 9, 30, 36, 28, 27, 2, 3, 1, 29, 37, 38, 39, 41, 42, 40, 26, 25, 24, 21, 22, 23, 35, 0, 4, 5, 7, 
25, 26, 40, 42, 41, 39, 38, 37, 36, 1, 3, 2, 27, 28, 29, 30, 9, 10, 11, 8, 32, 31, 34, 33, 13, 12, 5, 15, 16, 18, 20, 19, 17, 6, 7, 14, 4, 0, 35, 22, 23, 21, 24, 
11, 8, 32, 31, 10, 33, 13, 12, 14, 15, 16, 18, 20, 19, 17, 6, 7, 5, 4, 0, 35, 22, 23, 21, 24, 25, 26, 40, 42, 41, 39, 38, 37, 36, 1, 3, 2, 27, 28, 29, 30, 9, 34, 
6, 17, 19, 20, 18, 16, 15, 14, 12, 13, 28, 33, 31, 32, 8, 11, 10, 9, 30, 29, 34, 27, 2, 3, 1, 36, 37, 39, 38, 41, 42, 40, 26, 25, 24, 21, 23, 22, 35, 0, 4, 5, 7, 
17, 19, 20, 18, 16, 15, 14, 12, 13, 10, 33, 31, 32, 8, 11, 34, 9, 30, 29, 28, 27, 2, 3, 1, 36, 37, 38, 39, 41, 42, 40, 26, 25, 24, 21, 23, 22, 35, 0, 4, 5, 7, 6, 
25, 26, 39, 42, 41, 40, 38, 37, 36, 1, 3, 2, 27, 28, 29, 30, 9, 10, 11, 8, 32, 31, 34, 33, 13, 12, 14, 15, 16, 18, 20, 19, 17, 6, 7, 5, 4, 0, 35, 22, 23, 21, 24, 
29, 30, 9, 10, 11, 8, 32, 31, 33, 34, 13, 12, 14, 15, 16, 18, 20, 19, 17, 6, 7, 5, 4, 0, 35, 22, 23, 21, 24, 25, 26, 40, 42, 41, 39, 38, 27, 36, 1, 3, 2, 37, 28, 
24, 25, 26, 40, 42, 41, 39, 38, 37, 36, 1, 3, 31, 27, 28, 29, 30, 9, 10, 11, 8, 32, 2, 33, 34, 13, 12, 14, 15, 16, 18, 20, 19, 17, 6, 7, 5, 4, 0, 35, 22, 23, 21, 
9, 36, 1, 3, 2, 27, 28, 29, 30, 37, 10, 11, 8, 32, 31, 34, 33, 13, 12, 14, 15, 16, 18, 20, 19, 17, 6, 7, 5, 4, 0, 35, 22, 23, 21, 24, 25, 26, 40, 42, 41, 39, 38, 
29, 30, 8, 37, 10, 9, 32, 31, 33, 34, 13, 12, 14, 15, 16, 18, 20, 19, 17, 6, 7, 5, 4, 0, 35, 22, 23, 21, 24, 25, 26, 40, 42, 41, 39, 38, 11, 36, 1, 3, 2, 27, 28, 
32, 31, 33, 34, 13, 12, 14, 15, 16, 18, 20, 19, 17, 6, 38, 39, 41, 42, 40, 26, 25, 24, 21, 23, 22, 35, 0, 4, 5, 7, 27, 28, 29, 30, 9, 10, 11, 8, 1, 3, 2, 37, 36, 
10, 9, 30, 29, 28, 27, 2, 3, 1, 36, 37, 38, 39, 41, 42, 40, 26, 25, 24, 21, 23, 22, 35, 0, 4, 5, 7, 6, 18, 16, 15, 14, 12, 13, 34, 33, 31, 32, 8, 11, 20, 19, 17, 
6, 17, 19, 20, 18, 11, 15, 14, 12, 13, 34, 33, 31, 32, 8, 16, 10, 9, 30, 29, 28, 27, 2, 3, 1, 36, 37, 38, 39, 41, 42, 40, 26, 25, 24, 21, 22, 23, 35, 0, 4, 5, 7, 
14, 12, 13, 33, 34, 16, 32, 9, 11, 10, 8, 30, 29, 28, 27, 2, 3, 1, 36, 5, 38, 39, 41, 42, 40, 26, 25, 24, 21, 23, 22, 35, 0, 4, 37, 7, 6, 17, 19, 20, 18, 31, 15, 
1, 9, 37, 38, 39, 41, 42, 40, 26, 25, 24, 21, 23, 22, 35, 0, 4, 5, 7, 6, 17, 19, 20, 18, 16, 15, 32, 12, 13, 34, 33, 31, 14, 8, 11, 10, 36, 30, 29, 28, 27, 2, 3, 
6, 17, 19, 20, 18, 16, 15, 14, 12, 13, 34, 33, 31, 32, 8, 11, 10, 9, 30, 29, 28, 26, 2, 3, 1, 36, 37, 38, 39, 41, 42, 40, 27, 25, 24, 21, 23, 22, 35, 0, 4, 5, 7, 
34, 33, 13, 12, 14, 15, 16, 18, 20, 30, 17, 6, 7, 5, 4, 0, 35, 23, 22, 21, 24, 25, 26, 40, 42, 41, 39, 38, 37, 36, 1, 3, 2, 27, 28, 29, 19, 9, 10, 11, 8, 32, 31, 
17, 19, 20, 18, 16, 15, 14, 12, 13, 34, 33, 31, 32, 8, 11, 10, 9, 30, 29, 28, 27, 2, 3, 1, 36, 37, 38, 39, 41, 42, 40, 26, 25, 24, 21, 23, 22, 35, 0, 6, 5, 7, 4, 
18, 10, 11, 8, 32, 31, 33, 34, 13, 12, 14, 15, 16, 9, 20, 19, 17, 6, 7, 5, 4, 0, 35, 23, 22, 21, 24, 25, 26, 40, 42, 41, 39, 38, 37, 36, 1, 3, 2, 27, 28, 29, 30, 
38, 37, 36, 1, 3, 2, 27, 28, 29, 30, 9, 10, 11, 19, 8, 31, 33, 34, 13, 12, 14, 15, 16, 18, 20, 32, 17, 6, 7, 5, 4, 0, 35, 22, 23, 21, 25, 24, 26, 40, 42, 41, 39, 
37, 36, 1, 3, 2, 27, 28, 29, 30, 9, 10, 11, 8, 32, 31, 33, 34, 13, 12, 14, 15, 26, 18, 20, 19, 17, 6, 7, 5, 4, 0, 35, 22, 23, 21, 24, 25, 16, 40, 42, 41, 39, 38, 
3, 2, 27, 28, 29, 30, 9, 10, 11, 8, 5, 31, 33, 34, 13, 12, 14, 15, 16, 18, 20, 19, 17, 6, 7, 32, 4, 0, 35, 23, 22, 21, 24, 25, 40, 42, 41, 39, 38, 37, 36, 1, 26, 
42, 40, 26, 25, 24, 21, 23, 22, 35, 0, 8, 5, 7, 6, 17, 19, 20, 18, 16, 15, 14, 12, 13, 33, 34, 31, 32, 4, 11, 10, 9, 29, 30, 28, 27, 2, 3, 1, 36, 37, 38, 39, 41, 
9, 10, 20, 8, 32, 31, 33, 34, 13, 12, 14, 15, 16, 18, 11, 19, 17, 6, 7, 5, 4, 0, 35, 23, 22, 21, 24, 25, 26, 40, 42, 41, 39, 38, 37, 36, 1, 3, 2, 27, 28, 29, 30, 
22, 23, 35, 0, 4, 5, 28, 27, 2, 3, 1, 36, 37, 38, 39, 41, 42, 40, 26, 25, 24, 21, 9, 30, 29, 12, 13, 33, 34, 31, 32, 8, 11, 10, 14, 15, 16, 18, 20, 19, 17, 6, 7, 
9, 10, 11, 8, 32, 31, 33, 34, 13, 12, 14, 15, 16, 18, 20, 19, 1, 6, 7, 5, 4, 0, 35, 23, 22, 21, 24, 25, 26, 40, 42, 41, 39, 38, 37, 36, 17, 3, 2, 27, 28, 29, 30, 
34, 33, 13, 12, 14, 15, 16, 18, 20, 19, 17, 6, 7, 5, 25, 0, 35, 23, 22, 21, 24, 4, 26, 40, 42, 41, 39, 38, 37, 36, 1, 3, 2, 27, 28, 29, 30, 9, 10, 11, 8, 32, 31, 
17, 19, 20, 18, 36, 15, 14, 12, 13, 34, 33, 31, 32, 8, 11, 10, 9, 30, 29, 28, 27, 2, 3, 1, 16, 37, 38, 39, 41, 42, 40, 26, 25, 24, 21, 23, 22, 35, 0, 4, 5, 7, 6, 
6, 17, 19, 20, 18, 16, 15, 14, 12, 13, 34, 33, 31, 32, 8, 11, 10, 9, 30, 29, 28, 27, 2, 3, 1, 36, 37, 38, 39, 41, 42, 40, 26, 25, 24, 4, 22, 23, 35, 0, 21, 5, 7, 
42, 40, 26, 25, 24, 21, 23, 22, 35, 0, 4, 5, 7, 6, 17, 19, 20, 18, 27, 15, 14, 12, 13, 33, 34, 31, 32, 8, 11, 10, 9, 29, 30, 28, 16, 2, 3, 1, 36, 37, 38, 39, 41, 
8, 11, 10, 9, 30, 29, 28, 27, 2, 3, 1, 36, 37, 38, 39, 41, 42, 40, 26, 25, 4, 5, 7, 6, 17, 19, 20, 18, 16, 15, 14, 12, 13, 33, 34, 31, 32, 35, 0, 22, 23, 21, 24, 
22, 21, 24, 25, 26, 40, 42, 41, 39, 38, 37, 36, 1, 3, 2, 27, 28, 29, 30, 9, 10, 11, 8, 32, 31, 34, 13, 12, 14, 15, 16, 18, 20, 19, 17, 6, 7, 5, 4, 0, 35, 23, 33, 
6, 17, 28, 20, 18, 16, 15, 14, 12, 13, 34, 33, 31, 32, 8, 11, 10, 9, 30, 29, 19, 27, 2, 3, 1, 36, 37, 38, 39, 41, 42, 40, 26, 25, 24, 21, 23, 22, 35, 0, 4, 5, 7, 
6, 17, 4, 20, 18, 16, 15, 14, 12, 13, 34, 33, 31, 32, 8, 11, 10, 9, 30, 29, 28, 27, 2, 3, 1, 36, 37, 38, 39, 41, 42, 40, 26, 25, 24, 21, 23, 22, 35, 0, 19, 5, 7, 
33, 34, 13, 12, 14, 15, 16, 18, 20, 19, 23, 6, 7, 5, 4, 0, 35, 22, 17, 21, 24, 25, 26, 40, 42, 41, 39, 38, 37, 36, 1, 3, 2, 27, 28, 29, 30, 9, 10, 11, 8, 32, 31, 
6, 17, 19, 20, 18, 16, 15, 14, 12, 13, 33, 34, 31, 32, 9, 11, 10, 8, 30, 29, 28, 27, 2, 3, 1, 36, 37, 38, 39, 26, 42, 40, 41, 25, 24, 21, 23, 22, 35, 0, 4, 5, 7, 
25, 26, 40, 42, 41, 39, 5, 37, 36, 1, 3, 2, 27, 28, 29, 30, 9, 10, 11, 8, 32, 31, 34, 33, 13, 12, 14, 15, 16, 18, 20, 19, 17, 6, 7, 38, 4, 0, 35, 22, 23, 21, 24, 
17, 19, 20, 18, 16, 15, 14, 12, 13, 34, 33, 31, 32, 8, 11, 10, 9, 30, 29, 28, 27, 2, 3, 1, 36, 37, 38, 39, 41, 42, 6, 26, 25, 24, 21, 23, 22, 35, 0, 4, 5, 7, 40, 
6, 17, 19, 20, 18, 16, 15, 40, 12, 13, 33, 34, 31, 32, 8, 11, 10, 9, 30, 29, 28, 27, 2, 3, 1, 36, 37, 38, 39, 41, 42, 14, 26, 25, 24, 21, 23, 22, 35, 0, 4, 5, 7, 
6, 17, 19, 20, 18, 16, 15, 14, 12, 13, 40, 34, 31, 32, 9, 11, 10, 8, 30, 29, 28, 27, 2, 3, 1, 36, 37, 38, 39, 41, 42, 33, 26, 25, 24, 21, 23, 22, 35, 0, 4, 5, 7, 
33, 34, 13, 12, 14, 15, 16, 18, 20, 19, 17, 6, 7, 5, 4, 0, 35, 22, 23, 21, 24, 38, 26, 40, 42, 41, 39, 25, 37, 36, 1, 3, 2, 27, 28, 29, 30, 9, 10, 11, 8, 32, 31, 
26, 40, 42, 41, 39, 8, 37, 36, 1, 3, 2, 27, 28, 29, 30, 9, 10, 11, 38, 32, 31, 34, 33, 13, 12, 14, 15, 16, 18, 20, 19, 17, 6, 7, 5, 4, 0, 35, 22, 23, 21, 24, 25, 
24, 25, 26, 40, 42, 41, 39, 10, 37, 36, 1, 3, 2, 27, 28, 29, 30, 9, 38, 11, 8, 32, 31, 33, 34, 13, 12, 14, 15, 16, 18, 20, 19, 17, 6, 7, 5, 4, 0, 35, 22, 23, 21, 
1, 36, 37, 22, 39, 41, 42, 40, 26, 25, 24, 21, 23, 38, 35, 0, 4, 5, 7, 6, 17, 19, 20, 18, 16, 15, 14, 12, 13, 34, 33, 31, 32, 8, 11, 10, 9, 30, 29, 28, 27, 2, 3, 
20, 18, 16, 15, 14, 12, 13, 33, 34, 31, 32, 40, 11, 10, 9, 30, 29, 28, 27, 2, 3, 1, 36, 37, 38, 39, 41, 42, 8, 26, 25, 24, 21, 23, 22, 35, 0, 4, 5, 7, 6, 17, 19, 
25, 26, 9, 42, 41, 39, 38, 37, 36, 1, 3, 2, 27, 28, 29, 30, 40, 10, 11, 8, 32, 31, 34, 33, 13, 12, 14, 15, 16, 18, 20, 19, 17, 6, 7, 5, 4, 0, 35, 22, 23, 21, 24, 
38, 39, 41, 42, 20, 26, 25, 24, 21, 23, 22, 35, 0, 4, 5, 7, 6, 17, 19, 40, 18, 16, 15, 14, 12, 13, 34, 33, 31, 32, 8, 11, 10, 9, 30, 29, 28, 27, 2, 3, 1, 36, 37, 
13, 12, 14, 15, 16, 18, 20, 19, 17, 6, 41, 38, 39, 37, 36, 1, 3, 2, 27, 28, 29, 30, 9, 10, 11, 8, 32, 31, 33, 34, 0, 35, 22, 23, 21, 24, 25, 26, 40, 42, 5, 4, 7, 
6, 17, 19, 20, 18, 16, 15, 14, 12, 13, 34, 33, 31, 32, 8, 11, 10, 9, 30, 29, 28, 27, 39, 3, 1, 36, 37, 38, 2, 41, 42, 40, 26, 25, 24, 21, 22, 23, 35, 0, 4, 5, 7, 
6, 17, 19, 20, 18, 16, 15, 39, 12, 13, 33, 34, 31, 32, 9, 11, 10, 8, 30, 29, 28, 27, 2, 3, 1, 36, 37, 38, 14, 41, 42, 40, 26, 25, 24, 21, 23, 22, 35, 0, 4, 5, 7, 
34, 33, 13, 12, 14, 15, 16, 18, 20, 19, 17, 6, 7, 5, 4, 0, 35, 23, 22, 21, 24, 25, 26, 40, 42, 41, 3, 38, 37, 36, 1, 39, 2, 27, 28, 29, 30, 9, 10, 11, 8, 32, 31, 
Tiempo de ejecucion (total): 10.77
Best fitness a lo largo del tiempo: 
12132, 12132, 11932, 6727, 6715, 6541, 6389, 6331, 6214, 6214, 6161, 6093, 6057, 6044, 5964, 5962, 5928, 5928, 5916, 5916, 5916, 5887, 5877, 5877, 5865, 5865, 5839, 5839, 5828, 5821, 5811, 5802, 5768, 5768, 5768, 5762, 5757, 5757, 5751, 5751, 5744, 5728, 5728, 5728, 5728, 5728, 5715, 5715, 5715, 5715, 5715, 5712, 5712, 5712, 5712, 5712, 5712, 5712, 5712, 5706, 5702, 5702, 5697, 5691, 5691, 5690, 5690, 5690, 5689, 5689, 5689, 5687, 5687, 5687, 5673, 5673, 5673, 5665, 5665, 5665, 5659, 5659, 5659, 5659, 5655, 5655, 5655, 5655, 5655, 5655, 5655, 5653, 5653, 5653, 5653, 5653, 5653, 5653, 5653, 5653, 5652, 5652, 5652, 5652, 5652, 5652, 5652, 5646, 5646, 5646, 5646, 5644, 5644, 5644, 5644, 5644, 5644, 5644, 5644, 5644, 5644, 5644, 5644, 5644, 5644, 5644, 5640, 5640, 5640, 5640, 5634, 5634, 5634, 5634, 5634, 5634, 5634, 5634, 5634, 5634, 5634, 5634, 5634, 5634, 5634, 5634, 5634, 5634, 5634, 5634, 5634, 5634, 5634, 5634, 5634, 5634, 5634, 5634, 5634, 5634, 5634, 5634, 5634, 5634, 5634, 5634, 5634, 5634, 5634, 5634, 5634, 5634, 5634, 5634, 5634, 5634, 5634, 5634, 5634, 5634, 5634, 5634, 5634, 5634, 5634, 5634, 5634, 5634, 5630, 5630, 5630, 5630, 5630, 5630, 5630, 5630, 5630, 5630, 5630, 5630, 5630, 5630, 5630, 5630, 5630, 5630, 5630, 5630, 5630, 5630, 5630, 5630, 5630, 5630, 5630, 5630, 5630, 5630, 5630, 5630, 5630, 5630, 5630, 5630, 5630, 5630, 5630, 5630, 5630, 5630, 5630, 5630, 5630, 5630, 5630, 5630, 5630, 5630, 5630, 5630, 5630, 5630, 5630, 5630, 5630, 5630, 5630, 5630, 5630, 5630, 5630, 5630, 5630, 5630, 5630, 5630, 5630, 5630, 5630, 5630, 5630, 5630, 5630, 5630, 5630, 5630, 5630, 5630, 5630, 5630, 5630, 5630, 5630, 5630, 5630, 5630, 5630, 5630, 5630, 5630, 5630, 5630, 5630, 5630, 5630, 5630, 5630, 5630, 5630, 5630, 5630, 5630, 5630, 5630, 5630, 5630, 5630, 5630, 5630, 5630, 5630, 5630, 5630, 5630, 5630, 5630, 5630, 5630, 5630, 5630, 5630, 5630, 5630, 5630, 5630, 5630, 5630, 5630, 5630, 5630, 5630, 5630, 5630, 5630, 5630, 5630, 5630, 5630, 5630, 5630, 5630, 5630, 5630, 5630, 5630, 5630, 5630, 5630, 5630, 5630, 5630, 5630, 5630, 5630, 5630, 5630, 5630, 5630, 5630, 5630, 5630, 5630, 5630, 5630, 5630, 5630, 5630, 5630, 5630, 5630, 5630, 5630, 5630, 5630, 5630, 5630, 5630, 5630, 5630, 5630, 5630, 5630, 5630, 5630, 5630, 5630, 5630, 5630, 5630, 5630, 5630, 5630, 5630, 5630, 5630, 5630, 5630, 5630, 5630, 5630, 5630, 5630, 5630, 5630, 5630, 5630, 5630, 5630, 5630, 5630, 5630, 5630, 5630, 5630, 5630, 5630, 5630, 5630, 5630, 5630, 5630, 5630, 5630, 5630, 5630, 5630, 5630, 5630, 5630, 5630, 5630, 5630, 5630, 5630, 5630, 5630, 5630, 5630, 5630, 5630, 5630, 5630, 5630, 5630, 5630, 5630, 5630, 5630, 5630, 5630, 5630, 5630, 5630, 5630, 5630, 5630, 5630, 5630, 5630, 5630, 5630, 5630, 5630, 5630, 5630, 5630, 5630, 5630, 5630, 5630, 5630, 5630, 5630, 5630, 5630, 5630, 5630, 5630, 5630, 5630, 5630, 5630, 5630, 5630, 5630, 5630, 5630, 5630, 5630, 5630, 5630, 5630, 5630, 5630, 5630, 5630, 5630, 5630, 5630, 5630, 5630, 5628, 5628, 5628, 5628, 5628, 5628, 5628, 5628, 5628, 5628, 5628, 5628, 5628, 5628, 5628, 5628, 5628, 5628, 5628, 5628, 5628, 5628, 5628, 5628, 5628, 5628, 5628, 5628, 5628, 5628, 5628, 5628, 5628, 5628, 5628, 5628, 5628, 5628, 5628, 5628, 5628, 5628, 5628, 5628, 5628, 5628, 5628, 5628, 5628, 5628, 5628, 5628, 5628, 5628, 5628, 5628, 5628, 5628, 5628, 5628, 5628, 5628, 5628, 5628, 5628, 5628, 5628, 5628, 5628, 5628, 5628, 5628, 5628, 5628, 5628, 5628, 5628, 5628, 5628, 5628, 5628, 5628, 5628, 5628, 5628, 5628, 5628, 5628, 5628, 5628, 5628, 5628, 5628, 5628, 5628, 5628, 5628, 5628, 5628, 5628, 5628, 5628, 5628, 5628, 5628, 5628, 5628, 5628, 5628, 5628, 5628, 5628, 5628, 5628, 5628, 5628, 5628, 5628, 5628, 5628, 5628, 5628, 5628, 5628, 5628, 5628, 5628, 5628, 5628, 5628, 5628, 5628, 5628, 5628, 5628, 5628, 5628, 5628, 5628, 5628, 5628, 5628, 5628, 5628, 5628, 5628, 5628, 5628, 5628, 5628, 5628, 5628, 5628, 5628, 5628, 5628, 5628, 5628, 5628, 5628, 5628, 5628, 5628, 5628, 5628, 5628, 5628, 5628, 5628, 5628, 5628, 5628, 5628, 5628, 5628, 5628, 5628, 5628, 5628, 5628, 5628, 5628, 5628, 5628, 5628, 5628, 5628, 5628, 5628, 5628, 5628, 5628, 5628, 5628, 5628, 5628, 5628, 5628, 5628, 5628, 5628, 5628, 5628, 5628, 5628, 5628, 5628, 5628, 5628, 5628, 5628, 5628, 5628, 5628, 5628, 5628, 5628, 5628, 5628, 5628, 5628, 5628, 5628, 5628, 5628, 5628, 5628, 5628, 5628, 5628, 5628, 5628, 5628, 5628, 5628, 5628, 5628, 5628, 5628, 5628, 5628, 5628, 5628, 5628, 5628, 5628, 5628, 5628, 5628, 5628, 5628, 5628, 5628, 5628, 5628, 5628, 5628, 5628, 5628, 5628, 5628, 5628, 5628, 5628, 5628, 5628, 5628, 5628, 5628, 5628, 5628, 5628, 5628, 5628, 5628, 5628, 5628, 5628, 5628, 5628, 5628, 5628, 5628, 5628, 5628, 5628, 5628, 5628, 5628, 5628, 5628, 5628, 5628, 5628, 5628, 5628, 5628, 5628, 5628, 5628, 5628, 5628, 5628, 5628, 5628, 5628, 5628, 5628, 5628, 5628, 5628, 5628, 5628, 5628, 5628, 5628, 5628, 5628, 5628, 5628, 5628, 5628, 5628, 5628, 5628, 5628, 5628, 5628, 5628, 5628, 5628, 5628, 5628, 5628, 5628, 5628, 5628, 5628, 5628, 5628, 5628, 5628, 5628, 5628, 5628, 5628, 5628, 5628, 5628, 5628, 5628, 5628, 5628, 5628, 5628, 5628, 5628, 5628, 5628, 5628, 5628, 5628, 5628, 5628, 5628, 5628, 5628, 5628, 5628, 5628, 5628, 5628, 5628, 5628, 5628, 5628, 5628, 5628, 5628, 5628, 5628, 5628, 5628, 5628, 5628, 5628, 5628, 5628, 5628, 5628, 5628, 5628, 5628, 5628, 5628, 5628, 5628, 5628, 5628, 5628, 5628, 5628, 5628, 5628, 5628, 5628, 5628, 5628, 5628, 5628, 5628, 5628, 5628, 5628, 5628, 5628, 5628, 5628, 5628, 5628, 5628, 5628, 5628, 5628, 5628, 5628, 5628, 5628, 5628, 5628, 5628, 5628, 5628, 5628, 5628, 5628, 5628, 5628, 5628, 5628, 5628, 5628, 5628, 5628, 5628, 5628, 5628, 5628, 5628, 5628, 5628, 5628, 5628, 5628, 5628, 5628, 5628, 5628, 5628, 5628, 5628, 5628, 5628, 5628, 5628, 5628, 5628, 5628, 5628, 5628, 5628, 5628, 5628, 5628, 5628, 5628, 5628, 5628, 5628, 5628, 5628, 5628, 5628, 5628, 5628, 5628, 5628, 5628, 5628, 5628, 5628, 5628, 5628, 5628, 5628, 5628, 5628, 5628, 5628, 5628, 5628, 5628, 5628, 5628, 5628, 5628, 5628, 5628, 5628, 5628, 5628, 5628, 5628, 5628, 5628, 5628, 5628, 5628, 5628, 5628, 5628, 5628, 5628, 5628, 5628, 5628, 5628, 5628, 5628, 5628, 5628, 5628, 5628, 5628, 5628, 5628, 5628, 5628, 5628, 5628, 5628, 5628, 5628, 5628, 5628, 5628, 5628, 5628, 5628, 5628, 5628, 5628, 5628, 5628, 5628, 5628, 5628, 5628, 5628, 5628, 5628, 5628, 5628, 5628, 5628, 5628, 5628, 5628, 5628, 5628, 5628, 5628, 5628, 5628, 5628, 5628, 5628, 5628, 5628, 5628, 5628, 5628, 5628, 5628, 5628, 5628, 5628, 5628, 5628, 5628, 5628, 5628, 5628, 5628, 5628, 5628, 5628, 5628, 5628, 5628, 5628, 5628, 5628, 5628, 5628, 5628, 5628, 5628, 5628, 5628, 5628, 5628, 5628, 5628, 5628, 5628, 5628, 5628, 5628, 5628, 5628, 5628, 5628, 5628, 5628, 5628, 5628, 5628, 5628, 5628, 5628, 5628, 5628, 5628, 5628, 5628, 5628, 5628, 5628, 5628, 5628, 5628, 5628, 5628, 5628, 5628, 5628, 5628, 5628, 5628, 5628, 5628, 5628, 5628, 5628, 5628, 5628, 5628, 5628, 5628, 5628, 5628, 5628, 5628, 5628, 5628, 5628, 5628, 5628, 5628, 5628, 5628, 5628, 5628, 5628, 5628, 5628, 5628, 5628, 5628, 5628, 5628, 5628, 5628, 5628, 5628, 5628, 5628, 5628, 5628, 5628, 5628, 5628, 5628, 5628, 5628, 5628, 5628, 5628, 5628, 5628, 5628, 5628, 5628, 5628, 5628, 5628, 5628, 5628, 5628, 5628, 5628, 5628, 5628, 5628, 5628, 5628, 5628, 5628, 5628, 5628, 5628, 5628, 5628, 5628, 5628, 5628, 5628, 5628, 5628, 5628, 5628, 5628, 5628, 5628, 5628, 5628, 5628, 5628, 5628, 5628, 5628, 5628, 5628, 5628, 5628, 5628, 5628, 5628, 5628, 5628, 5628, 5628, 5628, 5628, 5628, 5628, 5628, 5628, 5628, 5628, 5624, 5624, 5624, 5624, 5624, 5624, 5624, 5624, 5624, 5624, 5624, 5624, 5624, 5624, 5624, 5624, 5624, 5624, 5624, 5624, 5624, 5624, 5624, 5624, 5624, 5624, 5624, 5624, 5624, 5624, 5624, 5622, 5622, 5622, 5622, 5622, 5622, 5622, 5622, 5622, 5622, 5622, 5622, 5622, 5622, 5622, 5622, 5622, 5622, 5622, 5622, 5622, 5622, 5622, 5622, 5622, 5622, 5622, 5622, 5622, 5622, 5622, 5622, 5622, 5622, 5622, 5622, 5622, 5622, 5622, 5622, 5622, 5622, 5622, 5622, 5622, 5622, 5622, 5622, 5622, 5622, 5622, 5622, 5622, 5622, 5622, 5622, 5622, 5622, 5622, 5622, 5622, 5622, 5622, 5622, 5622, 5622, 5622, 5622, 5622, 5622, 5622, 5622, 5622, 5622, 5622, 5622, 5622, 5622, 5622, 5622, 5622, 5622, 5622, 5622, 5622, 5622, 5622, 5622, 5622, 5622, 5622, 5622, 5622, 5622, 5622, 5622, 5622, 5622, 5622, 5622, 5622, 5622, 5622, 5622, 5622, 5622, 5622, 5622, 5622, 5622, 5622, 5622, 5622, 5622, 5622, 5622, 5622, 5622, 5622, 5622, 5622, 5622, 5622, 5622, 5622, 5622, 5622, 5622, 5622, 5622, 5622, 5622, 5622, 5622, 5622, 5622, 5622, 5622, 5622, 5622, 5622, 5622, 5622, 5622, 5622, 5622, 5622, 5622, 5622, 5622, 5622, 5622, 5622, 5622, 5622, 5622, 5622, 5622, 5622, 5622, 5622, 5622, 5622, 5622, 5622, 5622, 5622, 5622, 5622, 5622, 5622, 5622, 5622, 5622, 5622, 5622, 5622, 5622, 5622, 5622, 5622, 5622, 5622, 5622, 5622, 5622, 5622, 5622, 5622, 5622, 5622, 5622, 5622, 5622, 5622, 5622, 5622, 5622, 5622, 5622, 5622, 5622, 5622, 5622, 5622, 5622, 5622, 5622, 5622, 5622, 5622, 5622, 5622, 5622, 5622, 5622, 5622, 5622, 5622, 5622, 5622, 5622, 5622, 5622, 5622, 5622, 5622, 5622, 5622, 5622, 5622, 5622, 5622, 5622, 5622, 5622, 5622, 5622, 5622, 5622, 5622, 5622, 5622, 5622, 5622, 5622, 5622, 5622, 5622, 5622, 5622, 5622, 5622, 5622, 5622, 5622, 5622, 5622, 5622, 5622, 5622, 5622, 5622, 5622, 5622, 5622, 5622, 5622, 5622, 5622, 5622, 5622, 5622, 5622, 5622, 5622, 5622, 5622, 5622, 5622, 5622, 5622, 5622, 5622, 5622, 5622, 5622, 5622, 5622, 5622, 5622, 5622, 5622, 5622, 5622, 5622, 5622, 5622, 5622, 5622, 5622, 5622, 5622, 5622, 5622, 5622, 5622, 5622, 5622, 5622, 5622, 5622, 5622, 5622, 5622, 5622, 5622, 5622, 5622, 5622, 5622, 5622, 5622, 5622, 5622, 5622, 5622, 5622, 5622, 5622, 5622, 5622, 5622, 5622, 5622, 5622, 5622, 5622, 5622, 5622, 5622, 5622, 5622, 5622, 5622, 5622, 5622, 5622, 5622, 5622, 5622, 5622, 5622, 5622, 5622, 5622, 5622, 5622, 5622, 5622, 5622, 5622, 5622, 5622, 5622, 5622, 5622, 5622, 5622, 5622, 5622, 5622, 5622, 5622, 5622, 5622, 5622, 5622, 5622, 5622, 5622, 5622, 5622, 5622, 5622, 5622, 5622, 5622, 5622, 5622, 5622, 5622, 5622, 5622, 5622, 5622, 5622, 5622, 5622, 5622, 5622, 5622, 5622, 5622, 5622, 5622, 5622, 5622, 5622, 5622, 5622, 5622, 5622, 5622, 5622, 5622, 5622, 5622, 5622, 5622, 5622, 5622, 5622, 5622, 5622, 5622, 5622, 5622, 5622, 5622, 5622, 5622, 5622, 5622, 5622, 5622, 5622, 5622, 5622, 5622, 5622, 5622, 5622, 5622, 5622, 5622, 5622, 5622, 5622, 5622, 5622, 5622, 5622, 5622, 5622, 5622, 5622, 5622, 5622, 5622, 5622, 5622, 5622, 5622, 5622, 5622, 5622, 5622, 5622, 5622, 5622, 5622, 5622, 5622, 5622, 5622, 5622, 5622, 5622, 5622, 5622, 5622, 5622, 5622, 5622, 5622, 5622, 5622, 5622, 5622, 5622, 5622, 5622, 5622, 5622, 5622, 5622, 5622, 5622, 5622, 5622, 5622, 5622, 5622, 5622, 5622, 5622, 5622, 5622, 5622, 5622, 5622, 5622, 5622, 5622, 5622, 5622, 5622, 5622, 5622, 5622, 5622, 5622, 5622, 5622, 5622, 5622, 5622, 5622, 5622, 5622, 5622, 5622, 5622, 5622, 5622, 5622, 5622, 5622, 5622, 5622, 5622, 5622, 5622, 5622, 5622, 5622, 5622, 5622, 5622, 5622, 5622, 5622, 5622, 5622, 5622, 5622, 5622, 5622, 5622, 5622, 5622, 5622, 5622, 5622, 5622, 5622, 5622, 5622, 5622, 5622, 5622, 5622, 5622, 5622, 5622, 5622, 5622, 5622, 5622, 5622, 5622, 5622, 5622, 5622, 5622, 5622, 5622, 5622, 5622, 5622, 5622, 5622, 5622, 5622, 5622, 5622, 5622, 5622, 5622, 5622, 5622, 5622, 5622, 5622, 5622, 5622, 5622, 5622, 5622, 5622, 5622, 5622, 5622, 5622, 5622, 5622, 5622, 5622, 5622, 5622, 5622, 5622, 5622, 5622, 5622, 5622, 5622, 5622, 5622, 5622, 5622, 5622, 5622, 5622, 5622, 5622, 5622, 5622, 5622, 5622, 5622, 5622, 5622, 5622, 5622, 5622, 5622, 5622, 5622, 5622, 5622, 5622, 5622, 5622, 5622, 5622, 5622, 5622, 5622, 5622, 5622, 5622, 5622, 5622, 5622, 5622, 5622, 5622, 5622, 5622, 5622, 5622, 5622, 5622, 5622, 5622, 5622, 5622, 5622, 5622, 5622, 5622, 5622, 5622, 5622, 5622, 5622, 5622, 5622, 5622, 5622, 5622, 5622, 5622, 5622, 5622, 5622, 5622, 5622, 5622, 5622, 5622, 5622, 5622, 5622, 5622, 5622, 5622, 5622, 5622, 5622, 5622, 5622, 5622, 5622, 5622, 5622, 5622, 5622, 5622, 5622, 5622, 5622, 5622, 5622, 5622, 5622, 5622, 5622, 5622, 5622, 5622, 5622, 5622, 5622, 5622, 5622, 5622, 5622, 5622, 5622, 5622, 5622, 5622, 5622, 5622, 5622, 5622, 5622, 5622, 5622, 5622, 5622, 5622, 5622, 5622, 5622, 5622, 5622, 5622, 5622, 5622, 5622, 5622, 5622, 5622, 5622, 5622, 5622, 5622, 5622, 5622, 5622, 5622, 5622, 5622, 5622, 5622, 5622, 5622, 5622, 5622, 5622, 5622, 5622, 5622, 5622, 5622, 5622, 5622, 5622, 5622, 5622, 5622, 5622, 5622, 5622, 5622, 5622, 5622, 5622, 5622, 5622, 5622, 5622, 5622, 5622, 5622, 5622, 5622, 5622, 5622, 5622, 5622, 5622, 5622, 5622, 5622, 5622, 5622, 5622, 5622, 5622, 5622, 5622, 5622, 5622, 5622, 5622, 5622, 5622, 5622, 5622, 5622, 5622, 5622, 5622, 5622, 5622, 5622, 5622, 5622, 5622, 5622, 5622, 5622, 5622, 5622, 5622, 5622, 5622, 5622, 5622, 5622, 5622, 5622, 5622, 5622, 5622, 5622, 5622, 5622, 5622, 5622, 5622, 5622, 5622, 5622, 5622, 5622, 5622, 5622, 5622, 5622, 5622, 5622, 5622, 5622, 5622, 5622, 5622, 5622, 5622, 5622, 5622, 5622, 5622, 5622, 5622, 5622, 5622, 5622, 5622, 5622, 5622, 5622, 5622, 5622, 5622, 5622, 5622, 5622, 5622, 5622, 5622, 5622, 5622, 5622, 5622, 5622, 5622, 5622, 5622, 5622, 5622, 5622, 5622, 5622, 5622, 5622, 5622, 5622, 5622, 5622, 5622, 5622, 5622, 5622, 5622, 5622, 5622, 5622, 5622, 5622, 5622, 5622, 5622, 5622, 5622, 5622, 5622, 5622, 5622, 5622, 5622, 5622, 5622, 5622, 5622, 5622, 5622, 5622, 5622, 5622, 5622, 5622, 5622, 5622, 5622, 5622, 5622, 5622, 5622, 5622, 5622, 5622, 5622, 5622, 5622, 5622, 5622, 5622, 5622, 5622, 5622, 5622, 5622, 5622, 5622, 5622, 5622, 5622, 5622, 5622, 5622, 5622, 5622, 5622, 5622, 5622, 5622, 5622, 5622, 5622, 5622, 5622, 5622, 5622, 5622, 5622, 5622, 5622, 5622, 5622, 5622, 5622, 5622, 5622, 5622, 5622, 5622, 5622, 5622, 5622, 5622, 5622, 5622, 5622, 5622, 5622, 5622, 5622, 5622, 5622, 5622, 5622, 5622, 5622, 5622, 5622, 5622, 5622, 5622, 5622, 5622, 5622, 5622, 5622, 5622, 5622, 5622, 5622, 5622, 5622, 5622, 5622, 5622, 5622, 5622, 5622, 5622, 5622, 5622, 5622, 5622, 5622, 5622, 5622, 5622, 5622, 5622, 5622, 5622, 5622, 5622, 5622, 5622, 5622, 5622, 5622, 5622, 5622, 5622, 5622, 5622, 5622, 5622, 5622, 5622, 5622, 5622, 5622, 5622, 5622, 5622, 5622, 5622, 5622, 5622, 5622, 5622, 5622, 5622, 5622, 5622, 5622, 5622, 5622, 5622, 5622, 5622, 5622, 5622, 5622, 5622, 5622, 5622, 5622, 5622, 5622, 5622, 5622, 5622, 5622, 5622, 5622, 5622, 5622, 5622, 5622, 5622, 5622, 5622, 5622, 5622, 5622, 5622, 5622, 5622, 5622, 5622, 5622, 5622, 5622, 5622, 5622, 5622, 5622, 5622, 5622, 5622, 5622, 5622, 5622, 5622, 5622, 5622, 5622, 5622, 5622, 5622, 5622, 5622, 5622, 5622, 5622, 5622, 5622, 5622, 5622, 5622, 5622, 5622, 5622, 5622, 5622, 5622, 5622, 5622, 5622, 5622, 5622, 5622, 5622, 5622, 5622, 5622, 5622, 5622, 5622, 5622, 5622, 5622, 5622, 5622, 5622, 5622, 5622, 5622, 5622, 5622, 5622, 5622, 5622, 5622, 5622, 5622, 5622, 5622, 5622, 5622, 5622, 5622, 5622, 5622, 5622, 5622, 5622, 5622, 5622, 5622, 5622, 5622, 5622, 5622, 5622, 5622, 5622, 5622, 5622, 5622, 5622, 5622, 5622, 5622, 5622, 5622, 5622, 5622, 5622, 5622, 5622, 5622, 5622, 5622, 5622, 5622, 5622, 5622, 5622, 5622, 5622, 5622, 5622, 5622, 5622, 5622, 5622, 5622, 5622, 5622, 5622, 5622, 5622, 5622, 5622, 5622, 5622, 5622, 5622, 5622, 5622, 5622, 5622, 5622, 5622, 5622, 5622, 5622, 5622, 5622, 5622, 5622, 5622, 5622, 5622, 5622, 5622, 5622, 5622, 5622, 5622, 5622, 5622, 5622, 5622, 5622, 5622, 5622, 5622, 5622, 5622, 5622, 5622, 5622, 5622, 5622, 5622, 5622, 5622, 5622, 5622, 5622, 5622, 5622, 5622, 5622, 5622, 5622, 5622, 5622, 5622, 5622, 5622, 5622, 5622, 5622, 5622, 5622, 5622, 5622, 5622, 5622, 5622, 5622, 5622, 5622, 5622, 5622, 5622, 5622, 5622, 5622, 5622, 5622, 5622, 5622, 5622, 5622, 5622, 5622, 5622, 5622, 5622, 5622, 5622, 5622, 5622, 5622, 5622, 5622, 5622, 5622, 5622, 5622, 5622, 5622, 5622, 5622, 5622, 5622, 5622, 5622, 5622, 5622, 5622, 5622, 5622, 5622, 5622, 5622, 5622, 5622, 5622, 5622, 5622, 5622, 5622, 5622, 5622, 5622, 5622, 5622, 5622, 5622, 5622, 5622, 5622, 5622, 5622, 5622, 5622, 5622, 5622, 5622, 5622, 5622, 5622, 5622, 5622, 5622, 5622, 5622, 5622, 5622, 5622, 5622, 5622, 5622, 5622, 5622, 5622, 5622, 5622, 5622, 5622, 5620, 
Fitness promedio a lo largo del tiempo: 
22116, 19460, 16111, 13013, 10849, 7858, 7570, 7568, 7409, 7555, 7499, 6661, 6896, 6385, 6549, 7450, 7371, 6627, 6626, 6574, 6006, 6531, 6675, 6432, 6549, 6417, 6743, 6615, 6419, 7032, 7246, 6488, 6854, 7278, 6501, 5936, 7032, 6667, 6613, 6668, 6637, 6762, 7231, 6664, 7641, 6575, 6852, 6409, 6442, 6389, 6615, 6572, 7222, 7338, 7255, 7101, 7306, 7378, 6404, 7209, 6720, 6609, 7074, 6659, 6319, 6591, 7026, 7095, 6215, 6149, 5817, 5887, 6665, 6507, 6507, 5758, 7002, 6710, 6314, 5746, 6176, 5941, 5693, 6206, 6361, 6773, 6418, 5838, 6043, 5836, 6367, 6232, 5808, 5798, 6593, 6645, 6099, 6275, 6052, 6101, 6307, 5711, 5935, 6300, 5835, 5968, 5890, 6048, 6357, 6475, 6411, 6087, 6530, 6133, 6156, 5832, 6467, 6267, 6069, 6148, 6093, 5688, 5675, 5696, 5688, 5710, 6030, 5696, 6413, 6096, 5687, 5682, 5662, 5666, 5807, 5786, 5797, 6673, 6757, 5677, 6545, 5685, 5687, 5677, 5850, 6076, 6226, 6221, 5682, 6066, 6342, 6058, 6387, 6036, 6014, 6552, 5844, 5685, 6220, 5679, 6558, 5981, 5804, 5963, 5685, 6125, 6231, 5671, 5799, 6020, 6382, 6665, 5756, 5790, 5669, 5669, 6279, 6459, 6075, 5668, 5667, 6019, 6125, 6084, 5665, 6402, 6719, 5686, 5950, 6128, 6609, 5740, 6245, 5976, 5901, 5674, 6294, 6096, 6321, 6009, 6573, 6785, 6174, 5963, 6718, 6287, 6089, 5801, 5857, 6305, 5665, 6329, 6231, 6084, 5675, 6507, 6462, 5745, 5803, 6018, 5815, 6018, 5709, 5962, 5848, 5743, 6337, 6489, 6286, 6137, 5950, 5848, 6284, 6110, 6405, 6053, 5674, 6715, 6497, 5691, 6170, 5789, 6012, 5668, 6765, 5752, 6450, 6350, 5663, 6185, 6234, 5968, 6462, 6494, 5669, 5797, 6240, 5904, 6764, 6772, 6134, 5660, 6566, 6429, 6341, 7473, 6621, 6147, 5946, 6221, 5673, 5791, 5675, 5795, 5847, 5928, 6137, 6391, 5837, 6118, 6134, 6033, 5996, 5677, 6062, 5712, 5663, 6615, 5952, 6336, 6216, 6138, 5663, 6659, 6472, 6300, 5692, 5743, 5659, 6174, 6043, 5859, 6705, 5696, 5683, 6071, 6654, 6147, 6138, 6134, 5683, 6842, 6672, 5702, 6039, 5697, 6021, 6352, 5851, 5681, 5665, 6396, 6229, 5686, 6560, 5839, 6513, 6183, 5979, 6927, 5669, 5673, 6078, 5819, 6070, 6275, 6166, 6278, 5965, 5675, 5686, 6596, 6462, 5808, 6070, 6529, 6346, 6645, 5948, 6232, 6082, 5663, 6864, 6169, 5903, 6131, 6125, 5680, 6556, 5686, 6125, 6607, 5735, 6230, 6502, 5844, 5860, 6613, 6622, 5893, 6067, 5839, 6562, 5688, 6302, 6453, 6347, 5900, 6988, 5976, 5667, 5913, 5663, 5878, 5676, 5742, 5847, 5690, 5689, 5666, 6373, 6350, 6231, 6070, 5918, 5706, 6030, 5939, 6113, 6392, 6010, 6466, 6382, 6186, 6552, 6293, 5686, 6120, 5668, 6383, 6454, 6358, 6395, 5952, 5800, 5951, 5954, 5958, 5955, 5964, 5680, 6294, 5691, 6101, 5733, 5657, 6288, 6598, 5889, 6179, 5842, 6181, 5746, 5684, 5681, 6073, 6406, 6661, 6460, 5914, 5692, 5667, 6642, 5653, 5902, 6510, 6185, 5673, 5908, 6914, 6273, 6870, 6244, 5871, 6075, 6646, 6401, 5966, 5977, 6174, 6336, 5907, 5803, 6608, 6024, 6190, 5895, 6340, 6431, 5666, 6291, 6304, 6079, 5923, 5900, 6187, 6242, 6222, 6949, 6251, 6743, 5694, 6886, 6175, 6462, 6141, 5844, 5678, 5669, 6069, 6347, 5897, 5888, 5738, 6353, 5671, 5669, 6445, 6081, 5977, 6336, 5740, 6761, 5666, 5883, 6557, 6278, 5942, 6343, 5728, 6658, 6058, 5662, 5670, 5788, 6333, 5858, 6489, 5659, 5720, 6932, 6426, 6244, 5653, 5685, 6439, 6205, 6549, 5873, 5716, 5938, 6333, 5664, 5689, 6327, 6066, 6062, 6070, 6456, 5999, 5688, 6140, 5682, 6285, 5964, 6104, 5912, 6351, 5852, 5792, 5680, 5689, 5684, 6652, 6306, 6263, 6275, 6809, 5677, 6440, 6287, 6500, 5666, 5686, 6796, 5676, 6238, 6002, 6346, 5683, 6395, 6114, 5668, 5991, 5851, 6162, 5661, 5678, 6471, 5674, 6208, 5911, 6619, 5676, 6005, 5663, 6018, 5900, 5923, 6510, 5789, 5841, 5669, 5862, 6228, 5679, 5911, 6358, 5978, 5847, 5717, 5679, 6167, 6445, 6072, 5666, 5736, 5910, 5673, 6548, 5709, 6214, 5675, 5961, 6509, 6762, 6072, 5708, 6134, 5904, 6026, 5667, 6000, 6428, 5955, 6507, 6239, 6519, 6363, 5673, 6447, 5697, 6793, 6068, 5683, 6723, 6921, 6386, 5664, 6041, 6600, 5675, 5655, 6771, 5665, 6709, 6225, 6649, 5906, 5656, 5916, 5917, 6449, 5660, 6531, 6174, 6109, 5971, 6044, 5712, 6297, 5816, 6492, 6007, 5886, 5797, 6228, 6547, 5834, 5811, 5902, 6610, 5694, 6129, 5899, 5813, 5900, 5653, 6218, 6218, 6185, 5658, 5802, 5918, 6287, 5759, 5675, 5965, 5684, 5663, 6018, 5686, 6641, 5681, 6823, 5665, 6338, 5998, 5655, 5675, 5693, 5674, 5676, 5671, 5683, 5888, 6165, 5675, 6261, 5957, 6483, 5658, 6209, 6161, 5690, 6081, 5754, 6084, 5722, 5954, 6161, 6119, 6179, 5658, 5696, 5924, 6275, 5787, 5663, 5727, 5902, 6334, 5670, 5678, 6452, 6216, 5785, 6312, 5946, 6081, 5747, 6165, 6667, 6333, 5662, 6380, 6437, 5653, 6823, 5677, 5871, 6388, 6419, 6221, 5968, 6278, 6642, 5668, 6493, 6491, 6212, 5690, 6136, 5825, 6136, 5894, 5673, 6005, 6008, 6386, 5919, 5943, 6170, 6064, 6492, 5692, 5657, 6549, 5664, 6171, 5666, 5684, 5669, 5924, 5932, 6130, 5682, 6013, 6434, 6761, 5739, 6311, 5680, 5665, 6342, 5666, 5676, 6613, 5697, 6460, 6921, 6171, 6286, 6245, 6008, 5668, 5848, 5656, 6045, 6083, 5675, 6377, 6442, 5683, 5677, 5959, 6547, 6892, 5995, 6065, 6462, 5671, 6130, 5954, 5678, 6119, 5693, 5844, 5664, 5904, 6336, 6125, 6728, 5980, 5680, 6081, 6114, 6071, 6293, 6446, 5822, 6008, 5728, 6703, 6399, 6562, 5970, 5662, 6229, 5673, 5816, 5783, 5684, 6235, 6184, 6500, 6086, 6283, 6123, 6605, 5787, 6205, 5805, 6333, 5923, 6116, 6476, 5802, 5741, 6119, 6380, 6770, 6499, 5671, 6045, 6119, 5853, 5900, 6482, 6457, 6493, 6140, 5690, 5674, 6117, 6488, 6225, 6179, 6123, 6336, 5665, 5779, 5678, 5692, 5917, 6495, 6292, 5689, 5686, 6170, 6016, 6818, 6451, 5954, 6515, 5653, 6280, 6134, 6343, 5942, 5663, 5661, 5747, 5686, 6069, 6283, 5672, 6188, 5697, 6072, 5845, 5657, 5959, 5667, 6373, 6125, 5780, 6876, 6240, 6144, 5872, 5685, 6118, 6227, 6501, 5681, 6295, 5962, 5668, 5681, 6275, 6172, 6456, 5690, 5664, 5677, 6011, 6177, 5751, 5882, 5780, 5799, 6460, 6033, 5985, 5695, 5691, 6337, 5837, 5684, 5671, 6386, 6025, 6064, 6192, 5969, 6267, 6540, 6068, 5668, 6484, 6226, 6041, 6639, 5647, 5660, 5893, 5657, 5904, 6387, 5679, 5655, 5692, 5687, 5790, 5940, 5660, 5738, 6123, 6467, 5956, 5855, 5660, 5673, 5671, 5845, 6114, 5677, 6229, 5768, 5972, 5815, 6492, 5655, 6285, 6002, 5663, 6080, 5932, 6553, 5659, 5662, 6550, 5928, 5667, 6079, 5688, 5896, 5892, 6447, 6663, 6441, 6190, 5662, 7089, 5677, 5697, 5675, 6195, 5837, 6395, 5740, 5944, 5687, 5841, 6557, 6500, 6296, 6448, 6814, 6602, 5862, 6328, 6189, 5670, 6612, 6668, 5889, 6075, 5669, 5695, 5903, 5709, 6886, 7094, 5697, 6297, 6968, 6908, 5678, 6541, 6175, 5869, 6058, 6021, 6111, 6053, 6061, 5677, 5688, 5652, 5689, 6138, 6446, 6330, 6700, 5883, 5668, 5914, 5677, 6157, 5658, 5897, 6057, 6449, 5669, 6062, 6119, 6343, 6551, 6178, 6651, 5673, 5672, 6114, 5849, 6822, 6168, 7207, 6003, 6014, 5662, 6834, 6244, 6195, 6310, 5697, 6315, 6194, 5718, 6409, 5697, 5734, 5678, 6869, 6660, 6317, 5737, 6608, 6053, 5687, 5934, 6864, 6283, 6463, 5852, 6841, 6290, 6835, 6381, 6579, 5980, 6159, 6353, 6307, 6951, 5691, 5978, 5964, 5981, 6626, 5680, 5786, 5994, 5667, 5660, 6060, 5856, 6343, 5674, 6439, 6013, 6235, 6333, 6061, 5656, 5755, 6012, 5998, 5866, 6113, 6627, 5703, 5665, 6456, 5680, 5684, 5698, 5978, 6009, 5888, 6371, 6173, 5863, 6861, 6142, 5795, 5669, 5932, 6765, 5683, 5657, 5673, 5769, 6068, 6171, 6022, 6118, 5734, 6607, 6344, 6280, 5678, 5864, 5695, 6199, 5671, 5687, 5835, 5777, 6551, 5701, 6600, 5699, 6330, 5678, 5948, 7005, 7034, 5903, 6237, 6389, 6160, 6399, 6438, 5889, 6433, 7282, 6081, 6405, 5668, 6094, 6662, 6063, 6806, 6179, 5988, 6470, 6192, 6146, 7061, 6918, 5959, 6496, 5944, 6148, 6002, 6670, 5784, 6287, 6019, 6545, 6011, 6057, 5997, 6006, 5663, 5939, 5661, 6880, 6135, 6414, 6468, 7036, 6602, 6963, 6734, 6704, 6560, 5854, 5678, 6291, 6229, 5875, 5960, 6179, 6233, 6340, 5844, 5900, 6555, 6211, 5921, 5751, 6323, 6623, 5684, 5845, 6333, 6110, 6057, 6032, 5702, 6400, 6002, 6194, 5668, 6181, 6546, 6106, 6245, 6058, 6489, 6312, 6431, 6350, 5974, 6185, 6939, 6064, 5861, 6393, 6712, 6585, 6066, 6705, 6675, 6146, 6458, 6574, 5919, 6077, 6328, 6827, 6080, 6616, 5795, 6778, 5735, 5866, 5723, 7171, 5849, 6347, 5855, 6764, 6980, 6346, 5914, 6241, 5668, 5731, 6441, 6202, 5685, 5834, 5817, 6337, 6099, 6285, 5663, 6151, 6387, 6546, 6600, 6119, 6276, 6431, 5889, 6347, 6171, 6882, 6483, 5693, 6441, 5668, 6387, 6181, 5687, 5851, 6179, 6130, 6430, 6207, 6201, 5695, 6122, 6439, 5684, 5796, 5922, 6127, 6056, 6554, 6460, 6268, 6053, 6348, 6396, 5905, 6392, 6490, 6208, 5670, 5670, 5836, 6303, 5841, 5848, 6343, 5674, 5720, 5657, 6388, 6438, 5665, 5745, 5811, 6179, 5700, 5673, 6231, 5953, 6167, 6904, 6544, 5678, 6429, 6617, 6228, 6077, 6234, 5688, 5850, 5676, 5697, 6549, 6172, 5897, 5845, 6524, 5726, 6277, 5779, 6377, 5680, 6605, 6380, 5673, 6331, 5669, 6702, 5816, 5660, 6175, 7300, 6564, 5955, 6286, 6026, 6213, 6840, 5968, 5744, 5788, 6002, 5911, 6116, 6071, 5847, 6067, 6426, 6079, 6209, 6931, 5744, 5749, 6377, 5726, 6016, 6277, 6063, 5694, 5822, 6472, 6278, 6062, 6240, 6229, 6134, 6232, 6444, 5672, 6014, 6174, 6760, 5663, 6241, 6543, 6423, 6014, 5953, 6908, 6920, 6343, 6229, 5993, 6710, 6111, 6181, 6320, 5674, 6222, 6438, 6348, 6075, 6723, 6188, 6009, 6230, 5986, 5770, 5785, 5668, 6166, 5668, 5680, 6614, 5701, 6537, 5686, 6104, 5850, 6087, 5671, 5664, 5669, 6571, 6010, 6092, 6099, 6114, 6463, 6343, 6297, 5876, 5798, 5659, 5898, 6221, 5687, 5731, 6393, 5896, 6608, 5847, 5666, 5688, 5965, 5740, 6221, 5788, 6135, 5963, 5684, 6494, 5849, 6910, 5707, 5686, 6645, 5686, 5697, 6012, 6697, 6609, 6173, 6082, 6215, 6393, 6002, 5830, 5688, 6128, 5736, 5683, 5750, 6334, 6397, 6215, 6122, 5656, 6171, 6020, 6162, 6426, 5683, 5935, 6713, 6225, 5729, 5687, 5682, 6220, 5963, 6865, 6353, 5656, 6217, 5681, 6808, 6499, 5664, 6651, 5696, 7090, 6428, 5782, 5965, 5670, 6560, 6607, 6440, 6128, 6373, 6381, 5920, 6307, 6081, 6267, 6115, 6621, 5847, 6045, 5677, 6232, 5844, 5671, 6328, 6338, 5686, 5905, 6567, 5662, 5846, 6598, 6504, 6288, 6518, 6233, 6003, 6505, 6395, 6116, 6543, 6778, 5696, 6394, 6715, 5672, 5662, 6231, 6395, 6177, 6238, 6461, 6751, 5670, 5862, 5950, 5685, 5662, 6809, 5679, 6633, 6372, 6229, 5659, 6230, 5940, 6251, 6388, 5780, 5674, 6612, 7153, 5862, 6891, 5654, 6379, 6592, 5961, 6495, 6382, 6553, 5724, 6218, 6155, 5848, 6562, 6691, 5916, 5912, 6114, 5733, 6330, 6340, 5999, 7028, 6606, 6776, 5862, 6006, 5794, 6478, 6385, 5676, 5975, 5776, 5691, 6005, 5694, 5675, 5916, 5845, 6098, 6428, 5674, 6437, 6387, 6020, 5679, 6159, 6014, 6516, 6505, 7387, 5737, 6527, 6651, 7251, 6606, 5680, 6709, 6193, 5740, 6278, 6567, 6451, 6171, 5918, 6757, 6061, 5722, 5666, 5954, 6531, 6221, 6414, 6062, 5666, 6245, 5664, 6328, 6611, 5698, 5785, 6515, 6418, 6236, 6359, 6672, 6456, 5781, 6171, 5663, 5969, 5669, 5658, 5667, 6610, 6429, 6373, 6931, 6285, 6129, 5956, 6109, 6102, 5678, 6339, 6435, 5670, 5660, 6178, 6373, 5906, 5851, 5857, 6266, 6782, 6068, 6501, 6009, 6619, 5792, 6004, 6238, 5695, 6455, 5688, 6167, 6369, 5960, 6929, 6818, 5788, 6303, 5666, 6391, 6175, 5657, 5670, 6352, 6082, 6050, 6348, 5877, 5655, 6220, 5672, 5665, 6538, 6004, 6156, 5740, 6122, 6383, 5693, 5940, 5677, 6126, 6385, 5649, 6514, 5939, 6038, 6559, 5892, 5668, 5682, 6056, 5679, 5663, 5813, 6785, 5960, 5679, 6349, 5954, 7073, 6487, 5858, 6407, 6213, 6439, 5688, 6125, 6096, 5994, 6779, 6009, 5957, 7178, 6176, 6109, 6464, 6509, 5830, 5916, 6541, 6228, 6875, 6210, 6703, 6324, 5832, 5747, 7083, 6124, 6133, 5677, 5679, 5672, 6119, 5673, 6279, 5668, 6114, 5939, 5688, 5666, 6063, 6111, 5831, 6173, 6446, 5939, 6116, 6248, 5681, 6147, 5848, 6195, 5909, 6053, 6459, 6050, 5897, 5693, 5663, 6643, 6059, 5676, 5837, 5878, 6199, 6242, 5852, 5663, 6931, 5903, 6090, 6027, 5668, 5993, 6374, 5793, 6163, 6570, 5797, 5694, 5659, 5796, 6446, 6190, 5684, 5676, 6816, 5657, 5663, 6575, 5803, 5681, 5838, 6371, 5660, 6120, 6166, 6568, 6545, 5948, 5789, 5964, 5737, 5684, 5666, 6548, 5675, 5687, 6007, 5782, 5962, 6049, 6596, 5673, 5652, 5671, 5961, 5657, 6234, 5724, 6276, 5669, 5901, 5909, 5661, 6557, 6006, 6490, 5699, 5872, 6059, 5727, 6122, 5688, 5837, 6229, 5702, 5893, 6299, 6141, 5664, 5894, 6512, 5691, 5817, 6188, 6718, 6454, 5999, 5743, 6129, 6120, 6006, 5737, 5686, 5871, 5769, 5671, 5786, 6236, 6433, 5947, 6174, 6019, 5800, 5857, 6476, 6115, 6858, 5656, 6802, 5843, 5683, 6299, 5689, 6542, 6339, 6384, 6286, 5688, 6303, 6069, 6350, 6344, 5844, 6328, 5890, 6429, 6869, 5685, 6068, 5905, 5661, 6340, 6769, 5910, 5780, 6177, 6747, 6097, 6171, 6379, 5659, 5669, 6438, 5995, 5895, 5659, 6256, 6115, 6769, 5970, 6002, 6497, 6619, 5703, 6230, 6411, 5889, 6793, 5673, 6008, 6167, 5681, 5869, 6892, 6071, 6519, 6453, 6333, 5675, 5849, 6296, 6609, 6734, 6354, 6064, 5938, 6698, 6525, 5678, 6278, 5664, 5780, 6291, 6189, 6542, 6329, 5797, 5959, 6829, 6119, 5668, 5743, 6014, 5682, 6177, 6403, 6061, 6086, 6000, 5940, 6399, 6188, 6062, 5703, 6703, 5847, 6482, 5664, 6615, 5738, 7072, 6050, 5846, 6109, 5682, 5851, 6215, 6063, 6284, 6087, 6896, 6004, 6755, 6179, 6227, 6719, 6437, 5967, 5980, 6090, 5800, 5962, 5914, 6716, 5953, 5681, 5875, 5681, 6231, 6131, 5685, 6401, 6542, 5948, 5979, 5746, 5686, 5661, 6811, 5989, 5803, 6860, 5996, 6555, 5678, 6160, 5784, 6267, 6330, 5662, 5764, 5658, 5676, 6327, 6769, 6347, 6442, 5666, 5776, 5783, 5953, 5734, 5934, 5955, 6121, 5725, 5689, 6443, 5734, 6614, 5676, 6327, 5983, 5758, 5673, 5793, 6432, 6181, 6157, 5832, 5733, 5667, 5870, 5951, 5678, 6877, 6105, 5667, 5658, 6074, 5687, 6404, 5865, 6880, 6383, 6105, 6431, 6549, 6136, 6810, 6100, 5656, 6014, 5660, 6819, 6353, 6385, 5847, 6002, 6665, 6546, 5720, 5664, 6262, 5942, 5800, 6539, 6061, 6872, 6184, 5732, 5986, 6004, 5697, 5663, 6241, 5764, 6432, 6021, 6192, 6830, 5887, 5699, 6515, 5689, 6729, 6203, 6736, 5741, 6980, 6727, 6409, 6932, 6442, 6131, 5796, 6445, 6442, 6280, 5794, 5725, 6059, 5674, 6712, 6120, 6137, 6051, 6479, 6226, 6441, 6356, 5959, 6440, 6865, 6553, 6496, 6170, 6153, 6242, 6441, 6020, 6005, 6186, 7196, 6504, 5842, 6238, 6598, 5660, 5735, 6388, 6552, 5682, 6234, 6468, 6022, 6066, 6276, 7094, 5673, 5688, 5696, 6439, 5853, 6265, 6360, 5744, 5666, 6510, 6229, 6371, 5661, 6343, 6447, 5656, 6185, 5667, 6168, 5777, 6142, 6163, 5727, 5948, 6238, 6395, 6432, 6494, 6330, 6596, 5815, 6369, 6021, 6912, 6114, 6236, 5676, 5695, 6074, 6594, 6394, 5679, 5673, 5729, 5830, 5952, 6079, 6604, 6763, 6277, 5970, 6702, 5748, 6057, 5808, 6242, 5810, 5739, 6341, 5659, 6551, 6451, 6389, 5757, 5681, 6174, 6245, 6490, 6340, 5785, 6398, 6302, 5680, 6316, 6814, 6122, 6448, 6241, 5763, 6275, 6226, 6713, 6226, 6136, 6078, 6605, 5684, 6655, 6496, 5962, 5679, 6073, 6243, 6061, 6624, 5696, 6248, 6749, 6394, 6876, 6625, 6393, 5673, 6213, 6374, 5685, 6263, 6535, 5950, 5835, 6166, 6841, 6074, 5794, 5660, 5847, 6175, 5670, 5953, 6501, 6870, 5688, 6499, 5706, 5675, 6125, 6228, 5688, 6656, 6691, 6499, 6068, 6414, 5720, 6997, 6617, 5666, 5912, 6273, 5960, 5977, 6094, 5672, 5781, 6090, 6462, 6518, 6442, 5678, 5904, 6000, 6452, 6329, 5952, 5993, 6123, 5672, 6358, 6228, 5835, 6428, 6225, 5668, 6275, 5798, 5674, 5737, 6234, 5737, 6457, 6425, 5782, 5671, 6220, 6401, 5801, 6982, 6869, 5671, 5799, 6450, 6545, 5738, 5682, 6222, 5835, 6001, 6435, 6617, 6470, 5864, 6391, 5998, 5654, 6118, 6008, 6211, 5669, 6258, 6270, 6718, 5675, 5822, 6278, 6815, 5701, 6239, 6173, 5731, 6219, 6433, 5679, 6431, 5951, 5725, 7021, 5760, 6237, 5957, 6212, 6216, 5680, 6212, 6963, 6437, 6652, 6501, 6454, 5837, 6090, 6334, 5940, 5793, 5671, 6099, 5852, 6169, 6018, 5694, 5848, 5946, 6078, 6169, 6208, 6656, 6398, 6339, 5658, 6014, 6118, 6937, 6403, 6363, 6279, 6021, 5672, 5889, 6335, 5739, 5940, 7152, 5705, 6717, 5667, 6932, 5676, 5936, 6456, 5836, 5828, 5676, 6584, 6190, 6128, 5843, 6166, 6697, 6168, 6287, 5694, 5689, 5992, 6316, 6611, 6383, 6387, 6816, 5692, 6292, 6602, 5847, 6156, 6440, 6285, 5797, 6431, 6662, 5851, 5686, 5899, 6177, 5953, 6174, 5678, 5871, 6283, 5969, 6251, 5852, 5842, 5954, 6180, 6370, 6525, 5908, 5681, 5785, 5691, 6222, 6215, 6159, 6007, 5667, 6113, 5667, 6168, 6122, 6183, 6426, 7083, 6497, 5662, 6183, 6345, 6702, 5853, 6098, 5664, 5701, 6229, 5685, 5950, 6546, 5861, 6268, 6116, 6392, 5954, 6396, 6389, 5677, 6011, 6556, 6238, 6157, 5688, 6064, 6384, 6655, 6341, 5820, 6061, 5789, 6450, 6043, 6165, 5658, 6618, 6714, 6218, 5838, 5892, 5832, 6241, 5696, 5886, 5658, 5664, 5772, 6290, 5686, 6129, 6216, 5845, 6227, 6072, 6279, 5696, 6543, 6616, 6002, 5680, 5667, 6120, 6056, 6332, 6686, 
Mejor solucion obtenida: 30, 29, 28, 27, 2, 3, 1, 36, 37, 38, 39, 41, 42, 40, 26, 25, 24, 21, 23, 22, 35, 0, 4, 17, 19, 20, 18, 16, 15, 14, 12, 13, 34, 33, 31, 32, 8, 11, 10, 9, 6, 7, 5, || Fitness: 5620;