Archivo Usado: br17.atsp
Tamaño de la Poblacion: 100
Reemplazo por Generacion: 5
Tamaño de los Torneos: 5
Cantidad de ciudades: 17
Probabilidad de cruce: 90000
Probabilidad mutacion simple: 3000
Probabilidad mutacion compleja: 10000
Cruces minimos de la mutacion compleja: 4
Iteraciones ejecutadas: 10000
Largo del cruce PMX: 6
Operador de Cruce: 1
Metodo seleccion de Padres: 0
Operador de Mutacion: 0
Metodo seleccion de Supervivientes: 1
Cantidad de threads a usar: 8
2, 13, 0, 11, 8, 7, 16, 14, 4, 3, 5, 15, 6, 9, 10, 12, 1, 
2, 13, 0, 11, 8, 7, 16, 14, 4, 3, 5, 15, 6, 9, 10, 12, 1, 
2, 13, 0, 11, 8, 7, 16, 14, 4, 3, 5, 15, 6, 9, 10, 12, 1, 
2, 13, 0, 11, 8, 7, 16, 14, 4, 3, 5, 15, 6, 9, 10, 12, 1, 
2, 13, 0, 11, 8, 7, 16, 14, 4, 3, 5, 15, 6, 1, 10, 12, 9, 
2, 13, 0, 11, 8, 7, 16, 3, 4, 14, 5, 15, 6, 9, 10, 12, 1, 
2, 13, 0, 11, 8, 7, 16, 14, 4, 3, 5, 15, 6, 1, 10, 12, 9, 
2, 13, 0, 11, 8, 7, 16, 14, 4, 3, 5, 15, 6, 1, 10, 12, 9, 
2, 13, 0, 11, 8, 7, 16, 14, 4, 3, 5, 15, 6, 9, 1, 12, 10, 
2, 13, 0, 11, 8, 7, 16, 14, 4, 3, 5, 15, 6, 9, 10, 12, 1, 
2, 13, 0, 11, 8, 7, 16, 14, 4, 3, 5, 15, 6, 1, 10, 12, 9, 
2, 13, 0, 11, 8, 7, 16, 14, 4, 3, 5, 15, 6, 1, 10, 12, 9, 
2, 13, 0, 11, 8, 7, 16, 14, 4, 3, 5, 15, 6, 1, 10, 12, 9, 
2, 13, 0, 11, 8, 7, 16, 14, 4, 3, 5, 15, 6, 9, 10, 12, 1, 
2, 13, 0, 11, 8, 7, 16, 14, 4, 3, 5, 15, 6, 9, 10, 12, 1, 
2, 13, 0, 11, 8, 7, 16, 14, 4, 3, 5, 15, 6, 9, 10, 12, 1, 
2, 13, 0, 11, 8, 7, 16, 14, 4, 3, 5, 15, 6, 9, 10, 12, 1, 
2, 13, 0, 11, 8, 7, 16, 14, 4, 3, 5, 15, 6, 1, 10, 12, 9, 
2, 13, 0, 11, 8, 7, 16, 14, 4, 3, 5, 15, 6, 1, 10, 12, 9, 
2, 13, 0, 11, 8, 7, 16, 14, 4, 3, 5, 15, 6, 9, 10, 12, 1, 
2, 13, 0, 11, 8, 7, 16, 14, 4, 3, 5, 15, 6, 9, 10, 12, 1, 
2, 13, 0, 11, 8, 7, 16, 14, 4, 3, 5, 15, 6, 9, 10, 12, 1, 
2, 13, 0, 11, 8, 7, 16, 14, 4, 3, 5, 15, 6, 1, 10, 12, 9, 
2, 13, 0, 11, 8, 7, 16, 14, 4, 3, 5, 15, 6, 9, 10, 12, 1, 
2, 13, 0, 11, 8, 7, 16, 14, 4, 3, 5, 15, 6, 9, 10, 12, 1, 
2, 13, 0, 11, 8, 7, 16, 14, 4, 3, 5, 15, 6, 9, 10, 12, 1, 
2, 13, 0, 11, 8, 7, 16, 14, 4, 3, 5, 15, 6, 9, 1, 12, 10, 
2, 13, 0, 11, 7, 8, 16, 14, 4, 3, 5, 15, 6, 1, 10, 12, 9, 
2, 13, 0, 11, 8, 7, 16, 14, 4, 3, 5, 15, 6, 9, 10, 12, 1, 
2, 13, 0, 11, 8, 7, 16, 14, 4, 3, 5, 15, 6, 9, 1, 12, 10, 
2, 13, 0, 11, 8, 7, 16, 14, 4, 3, 5, 15, 6, 9, 10, 12, 1, 
2, 13, 0, 11, 8, 7, 16, 14, 4, 3, 5, 15, 6, 9, 10, 12, 1, 
2, 13, 0, 11, 8, 7, 16, 14, 4, 3, 5, 15, 6, 9, 10, 12, 1, 
2, 13, 0, 11, 8, 7, 16, 14, 4, 3, 5, 15, 6, 1, 10, 12, 9, 
2, 13, 0, 11, 8, 7, 16, 14, 4, 3, 5, 15, 6, 1, 10, 12, 9, 
2, 13, 0, 11, 8, 7, 16, 14, 4, 3, 5, 15, 6, 9, 10, 12, 1, 
2, 13, 0, 11, 8, 7, 16, 14, 4, 3, 5, 15, 6, 1, 10, 12, 9, 
2, 13, 0, 11, 8, 7, 16, 14, 4, 3, 5, 15, 6, 9, 10, 12, 1, 
2, 13, 0, 11, 8, 7, 16, 14, 4, 3, 5, 15, 6, 9, 1, 12, 10, 
2, 13, 0, 11, 8, 7, 16, 14, 4, 3, 5, 15, 6, 9, 1, 12, 10, 
2, 13, 0, 11, 8, 7, 16, 14, 4, 3, 5, 15, 6, 1, 10, 12, 9, 
2, 13, 0, 11, 8, 7, 16, 14, 4, 3, 5, 15, 6, 1, 10, 12, 9, 
2, 13, 0, 11, 8, 7, 16, 14, 4, 3, 5, 15, 6, 1, 10, 12, 9, 
2, 13, 0, 11, 8, 7, 16, 14, 4, 3, 5, 15, 6, 9, 10, 12, 1, 
2, 13, 0, 11, 8, 7, 16, 14, 4, 3, 5, 15, 6, 9, 10, 12, 1, 
2, 13, 0, 11, 8, 7, 16, 14, 4, 3, 5, 15, 6, 9, 10, 12, 1, 
2, 13, 0, 11, 8, 7, 16, 14, 4, 3, 5, 15, 6, 9, 10, 12, 1, 
2, 13, 0, 11, 7, 8, 16, 14, 4, 3, 5, 15, 6, 9, 10, 12, 1, 
2, 13, 0, 11, 8, 7, 16, 14, 4, 3, 5, 15, 6, 1, 10, 12, 9, 
2, 13, 0, 11, 8, 7, 16, 14, 4, 3, 5, 15, 6, 1, 10, 12, 9, 
2, 13, 0, 11, 8, 7, 16, 14, 4, 3, 5, 15, 6, 1, 10, 12, 9, 
2, 13, 0, 11, 8, 7, 16, 14, 4, 3, 5, 15, 6, 1, 9, 12, 10, 
2, 13, 0, 11, 8, 7, 16, 14, 4, 3, 5, 15, 6, 1, 9, 12, 10, 
2, 13, 0, 11, 8, 7, 16, 14, 4, 3, 5, 15, 6, 9, 10, 12, 1, 
2, 13, 0, 11, 8, 7, 16, 14, 4, 3, 5, 15, 6, 1, 10, 12, 9, 
2, 13, 0, 11, 7, 8, 16, 14, 4, 3, 5, 15, 6, 1, 10, 12, 9, 
2, 13, 0, 11, 8, 7, 16, 14, 4, 3, 5, 15, 6, 9, 10, 12, 1, 
2, 13, 0, 11, 8, 7, 16, 14, 4, 3, 5, 15, 6, 1, 10, 12, 9, 
2, 13, 0, 11, 8, 7, 16, 14, 4, 3, 5, 15, 6, 1, 10, 12, 9, 
2, 13, 0, 11, 8, 7, 16, 14, 4, 3, 5, 15, 6, 9, 10, 12, 1, 
2, 13, 0, 11, 8, 7, 16, 14, 4, 3, 5, 15, 6, 9, 1, 12, 10, 
2, 13, 0, 11, 8, 7, 16, 14, 4, 3, 5, 15, 6, 9, 10, 12, 1, 
2, 13, 0, 11, 8, 7, 16, 14, 4, 3, 5, 15, 6, 9, 1, 12, 10, 
2, 13, 0, 11, 8, 7, 16, 14, 4, 3, 5, 15, 6, 9, 10, 12, 1, 
2, 13, 0, 11, 8, 7, 16, 14, 4, 3, 5, 15, 6, 9, 10, 12, 1, 
2, 13, 0, 11, 8, 7, 16, 14, 4, 3, 5, 15, 6, 1, 10, 12, 9, 
2, 13, 0, 11, 8, 7, 16, 14, 4, 3, 5, 15, 6, 1, 10, 12, 9, 
2, 13, 0, 11, 8, 7, 16, 14, 4, 3, 5, 15, 6, 9, 10, 12, 1, 
2, 13, 0, 11, 8, 7, 16, 14, 4, 3, 5, 15, 6, 9, 10, 12, 1, 
2, 13, 0, 11, 8, 7, 16, 14, 4, 3, 5, 15, 6, 9, 10, 12, 1, 
2, 13, 0, 11, 8, 7, 16, 14, 4, 3, 5, 15, 6, 9, 10, 12, 1, 
2, 13, 0, 11, 8, 7, 16, 14, 4, 3, 5, 15, 6, 1, 10, 12, 9, 
2, 13, 0, 11, 8, 7, 16, 14, 4, 3, 5, 15, 6, 9, 10, 12, 1, 
2, 13, 0, 11, 8, 7, 16, 14, 4, 3, 5, 15, 6, 9, 10, 12, 1, 
2, 13, 0, 11, 8, 7, 16, 14, 4, 3, 5, 15, 6, 9, 10, 12, 1, 
2, 13, 0, 11, 8, 7, 16, 14, 4, 3, 5, 15, 6, 1, 10, 12, 9, 
2, 13, 0, 11, 8, 7, 16, 14, 4, 3, 5, 15, 6, 9, 10, 12, 1, 
2, 13, 0, 11, 8, 7, 16, 14, 4, 3, 5, 15, 6, 9, 10, 12, 1, 
2, 13, 0, 11, 8, 7, 16, 14, 4, 3, 5, 15, 6, 1, 10, 12, 9, 
2, 13, 0, 11, 8, 7, 16, 14, 4, 3, 5, 15, 6, 9, 1, 12, 10, 
2, 13, 0, 11, 8, 7, 16, 14, 4, 3, 5, 15, 6, 9, 10, 12, 1, 
2, 13, 0, 11, 8, 7, 16, 14, 4, 3, 5, 15, 6, 9, 1, 12, 10, 
2, 13, 0, 11, 8, 7, 16, 14, 4, 3, 5, 15, 6, 1, 10, 12, 9, 
2, 13, 0, 11, 8, 7, 16, 14, 4, 3, 5, 15, 6, 9, 10, 12, 1, 
2, 13, 0, 11, 8, 7, 16, 14, 4, 3, 5, 15, 6, 9, 10, 12, 1, 
2, 13, 0, 11, 8, 7, 16, 14, 4, 3, 5, 15, 6, 9, 10, 12, 1, 
2, 13, 0, 11, 8, 7, 16, 14, 4, 3, 5, 15, 6, 9, 10, 12, 1, 
2, 13, 0, 11, 8, 7, 16, 14, 4, 3, 5, 15, 6, 1, 10, 12, 9, 
2, 13, 0, 11, 8, 7, 16, 14, 4, 3, 5, 15, 6, 1, 10, 12, 9, 
2, 13, 0, 11, 8, 7, 16, 14, 4, 3, 5, 15, 6, 9, 10, 12, 1, 
2, 13, 0, 11, 8, 7, 16, 14, 4, 3, 5, 15, 6, 1, 10, 12, 9, 
2, 13, 0, 11, 8, 7, 16, 14, 4, 3, 5, 15, 6, 9, 10, 12, 1, 
2, 13, 0, 11, 8, 7, 16, 14, 4, 3, 5, 15, 6, 9, 10, 12, 1, 
2, 13, 0, 11, 8, 7, 16, 14, 4, 3, 5, 15, 6, 9, 10, 12, 1, 
2, 13, 0, 11, 8, 7, 16, 14, 4, 3, 5, 15, 6, 9, 10, 12, 1, 
2, 13, 0, 11, 8, 7, 16, 14, 4, 3, 5, 15, 6, 1, 10, 12, 9, 
2, 13, 0, 11, 8, 7, 16, 14, 4, 3, 5, 15, 6, 9, 10, 12, 1, 
2, 13, 0, 11, 8, 7, 16, 14, 4, 3, 5, 15, 6, 1, 10, 12, 9, 
2, 13, 0, 11, 8, 7, 16, 14, 4, 3, 5, 15, 6, 9, 10, 12, 1, 
2, 13, 0, 11, 8, 7, 16, 14, 4, 3, 5, 15, 6, 9, 10, 12, 1, 
Tiempo de ejecucion (total): 0.062
Best fitness a lo largo del tiempo: 
76, 76, 70, 68, 60, 58, 58, 49, 49, 49, 46, 46, 41, 41, 41, 41, 41, 39, 
Fitness promedio a lo largo del tiempo: 
184, 147, 131, 103, 82, 76, 64, 61, 58, 58, 50, 47, 46, 44, 41, 41, 40, 
Mejor solucion obtenida: 2, 13, 0, 11, 8, 7, 16, 3, 4, 14, 5, 15, 6, 9, 10, 12, 1, || Fitness: 39;