Archivo Usado: br17.atsp
Tamaño de la Poblacion: 100
Reemplazo por Generacion: 5
Tamaño de los Torneos: 5
Cantidad de ciudades: 17
Probabilidad de cruce: 90000
Probabilidad mutacion simple: 3000
Probabilidad mutacion compleja: 10000
Cruces minimos de la mutacion compleja: 4
Iteraciones ejecutadas: 10000
Largo del cruce PMX: 6
Operador de Cruce: 1
Metodo seleccion de Padres: 0
Operador de Mutacion: 0
Metodo seleccion de Supervivientes: 0
Cantidad de threads a usar: 8
6, 7, 16, 8, 0, 11, 13, 2, 10, 9, 1, 12, 15, 14, 4, 3, 5, 
6, 7, 16, 8, 0, 11, 13, 2, 10, 9, 12, 1, 15, 14, 4, 3, 5, 
6, 7, 16, 8, 0, 11, 13, 2, 10, 9, 12, 1, 15, 14, 4, 3, 5, 
6, 8, 16, 7, 11, 0, 13, 2, 10, 9, 12, 1, 15, 14, 4, 3, 5, 
3, 7, 16, 8, 0, 11, 13, 2, 10, 9, 12, 1, 15, 14, 5, 6, 4, 
6, 7, 16, 8, 11, 0, 13, 2, 10, 9, 12, 1, 15, 14, 4, 3, 5, 
6, 7, 16, 8, 11, 0, 13, 2, 10, 9, 12, 1, 15, 14, 4, 3, 5, 
6, 7, 16, 8, 0, 11, 13, 2, 10, 9, 1, 12, 15, 14, 4, 3, 5, 
6, 7, 16, 8, 0, 11, 13, 2, 9, 10, 12, 1, 15, 14, 4, 3, 5, 
6, 7, 16, 8, 11, 0, 13, 2, 10, 9, 12, 1, 14, 15, 4, 3, 5, 
6, 7, 16, 8, 0, 11, 13, 2, 10, 9, 1, 12, 15, 14, 4, 3, 5, 
6, 7, 16, 8, 11, 0, 13, 2, 12, 9, 10, 1, 15, 14, 4, 3, 5, 
6, 7, 16, 8, 11, 0, 13, 2, 10, 9, 1, 12, 15, 14, 4, 3, 5, 
6, 7, 16, 8, 0, 11, 13, 2, 10, 9, 12, 1, 15, 14, 4, 3, 5, 
6, 7, 16, 8, 0, 11, 13, 2, 10, 9, 12, 1, 15, 14, 4, 3, 5, 
6, 7, 16, 8, 11, 0, 13, 2, 10, 9, 12, 1, 15, 14, 4, 3, 5, 
6, 7, 16, 8, 11, 0, 13, 2, 10, 9, 1, 12, 15, 14, 4, 3, 5, 
6, 7, 16, 8, 11, 0, 13, 2, 10, 9, 12, 1, 15, 14, 4, 3, 5, 
6, 7, 16, 8, 0, 11, 13, 2, 10, 9, 12, 1, 15, 14, 4, 3, 5, 
6, 7, 16, 8, 11, 0, 13, 2, 10, 9, 12, 1, 15, 14, 4, 3, 5, 
6, 7, 16, 8, 11, 0, 13, 2, 10, 9, 12, 1, 15, 14, 4, 3, 5, 
6, 7, 16, 8, 11, 0, 13, 2, 10, 9, 1, 12, 15, 14, 4, 3, 5, 
6, 7, 16, 8, 11, 0, 13, 2, 10, 9, 12, 1, 15, 14, 4, 3, 5, 
6, 7, 16, 8, 11, 0, 13, 2, 10, 9, 12, 1, 15, 14, 4, 3, 5, 
6, 7, 16, 8, 11, 0, 13, 2, 10, 9, 12, 1, 15, 14, 4, 3, 5, 
6, 7, 16, 8, 11, 0, 13, 2, 9, 10, 12, 1, 14, 15, 4, 3, 5, 
6, 7, 16, 8, 0, 11, 13, 2, 10, 9, 12, 1, 15, 14, 4, 3, 5, 
6, 7, 16, 8, 11, 0, 13, 2, 1, 9, 10, 12, 15, 14, 4, 3, 5, 
6, 7, 16, 8, 0, 11, 13, 2, 10, 9, 12, 1, 15, 14, 4, 3, 5, 
14, 7, 16, 8, 11, 0, 13, 2, 10, 9, 12, 1, 15, 6, 4, 3, 5, 
6, 7, 16, 8, 0, 11, 13, 2, 10, 9, 12, 1, 15, 14, 4, 3, 5, 
6, 7, 16, 8, 11, 0, 13, 2, 10, 9, 12, 1, 15, 14, 4, 3, 5, 
6, 7, 16, 8, 0, 11, 13, 2, 10, 9, 1, 12, 15, 14, 4, 3, 5, 
6, 7, 16, 8, 0, 11, 13, 2, 10, 9, 12, 1, 15, 14, 4, 3, 5, 
6, 7, 16, 8, 11, 0, 13, 2, 10, 9, 1, 12, 15, 14, 4, 3, 5, 
6, 7, 16, 8, 0, 11, 13, 2, 1, 9, 10, 12, 15, 14, 4, 3, 5, 
6, 7, 16, 8, 11, 0, 13, 2, 9, 10, 12, 1, 15, 14, 4, 3, 5, 
6, 7, 16, 8, 0, 11, 13, 2, 10, 9, 12, 1, 14, 15, 4, 3, 5, 
6, 7, 16, 8, 11, 0, 13, 2, 10, 9, 12, 1, 15, 14, 4, 3, 5, 
6, 7, 16, 8, 11, 0, 13, 2, 10, 9, 12, 1, 15, 14, 4, 3, 5, 
6, 7, 16, 8, 0, 11, 13, 2, 10, 9, 12, 1, 15, 14, 4, 3, 5, 
6, 7, 16, 8, 0, 11, 13, 2, 10, 9, 12, 1, 15, 14, 4, 3, 5, 
6, 7, 16, 8, 11, 0, 13, 2, 10, 9, 12, 1, 15, 14, 4, 3, 5, 
6, 7, 16, 8, 11, 0, 13, 2, 10, 9, 1, 12, 15, 14, 4, 3, 5, 
6, 7, 16, 8, 0, 11, 13, 2, 1, 9, 10, 12, 15, 14, 4, 3, 5, 
6, 7, 16, 8, 11, 0, 13, 2, 10, 9, 12, 1, 15, 14, 4, 3, 5, 
6, 7, 16, 8, 0, 11, 13, 2, 10, 9, 12, 1, 15, 14, 4, 3, 5, 
6, 7, 16, 8, 11, 0, 13, 2, 10, 9, 12, 1, 15, 14, 4, 3, 5, 
6, 7, 16, 8, 11, 0, 13, 2, 10, 9, 12, 1, 15, 14, 4, 3, 5, 
6, 7, 16, 8, 11, 0, 13, 2, 10, 9, 12, 1, 15, 14, 4, 3, 5, 
6, 7, 16, 8, 11, 0, 13, 2, 10, 9, 1, 12, 15, 14, 4, 3, 5, 
6, 7, 16, 8, 0, 11, 13, 2, 1, 9, 10, 12, 15, 14, 4, 3, 5, 
6, 7, 16, 8, 0, 11, 13, 2, 1, 9, 10, 12, 15, 14, 4, 3, 5, 
6, 7, 16, 8, 0, 11, 13, 2, 10, 9, 12, 1, 15, 14, 4, 3, 5, 
6, 7, 16, 8, 11, 0, 13, 2, 1, 9, 10, 12, 15, 14, 4, 3, 5, 
6, 7, 16, 8, 11, 0, 13, 2, 10, 9, 12, 1, 15, 14, 4, 3, 5, 
6, 7, 16, 8, 11, 0, 13, 2, 10, 9, 12, 1, 15, 14, 4, 3, 5, 
6, 7, 16, 8, 11, 0, 13, 2, 10, 9, 12, 1, 15, 14, 4, 3, 5, 
6, 7, 16, 8, 11, 0, 13, 2, 10, 9, 12, 1, 15, 14, 4, 3, 5, 
6, 7, 16, 8, 11, 0, 13, 2, 10, 9, 1, 12, 15, 14, 4, 3, 5, 
6, 7, 16, 8, 0, 11, 13, 2, 1, 9, 10, 12, 15, 14, 4, 3, 5, 
6, 7, 16, 8, 11, 0, 13, 2, 10, 9, 12, 1, 15, 14, 4, 3, 5, 
6, 7, 16, 8, 11, 0, 13, 2, 10, 9, 12, 1, 15, 14, 4, 3, 5, 
6, 7, 16, 8, 11, 0, 13, 2, 10, 9, 12, 1, 15, 14, 4, 3, 5, 
6, 7, 16, 8, 11, 0, 13, 2, 10, 9, 12, 1, 15, 14, 4, 3, 5, 
6, 7, 16, 8, 11, 0, 13, 2, 9, 10, 12, 1, 14, 15, 4, 3, 5, 
6, 7, 16, 8, 11, 0, 13, 2, 10, 9, 12, 1, 15, 14, 4, 3, 5, 
6, 7, 16, 8, 11, 0, 13, 2, 10, 9, 12, 1, 15, 14, 4, 3, 5, 
6, 7, 16, 8, 0, 11, 13, 2, 10, 9, 12, 1, 15, 14, 4, 3, 5, 
6, 7, 16, 8, 11, 0, 13, 2, 10, 9, 12, 1, 14, 15, 4, 3, 5, 
6, 7, 16, 8, 11, 0, 13, 2, 10, 9, 12, 1, 15, 14, 4, 3, 5, 
6, 7, 16, 8, 11, 0, 13, 2, 10, 9, 12, 1, 15, 14, 4, 3, 5, 
6, 7, 16, 8, 11, 0, 13, 2, 10, 9, 12, 1, 15, 14, 5, 3, 4, 
6, 7, 16, 8, 0, 11, 13, 2, 10, 9, 12, 1, 15, 14, 4, 3, 5, 
6, 7, 16, 8, 11, 0, 13, 2, 10, 9, 12, 1, 15, 3, 4, 14, 5, 
6, 7, 16, 8, 11, 0, 13, 2, 10, 9, 12, 1, 15, 14, 4, 3, 5, 
6, 7, 16, 8, 11, 0, 13, 2, 10, 9, 12, 1, 15, 14, 4, 3, 5, 
6, 7, 16, 8, 11, 0, 13, 2, 10, 9, 12, 1, 15, 14, 4, 3, 5, 
6, 7, 16, 8, 11, 0, 13, 2, 10, 9, 12, 1, 15, 14, 4, 3, 5, 
6, 7, 16, 8, 11, 0, 13, 2, 10, 9, 1, 12, 15, 14, 4, 3, 5, 
6, 7, 16, 8, 11, 0, 13, 2, 10, 9, 1, 12, 15, 14, 4, 3, 5, 
6, 7, 16, 8, 0, 11, 13, 2, 10, 9, 12, 1, 15, 14, 4, 3, 5, 
6, 7, 16, 8, 11, 0, 13, 2, 10, 9, 12, 1, 15, 14, 4, 3, 5, 
6, 7, 16, 8, 11, 0, 13, 2, 9, 10, 12, 1, 14, 15, 4, 3, 5, 
6, 7, 16, 8, 11, 0, 13, 2, 10, 9, 12, 1, 15, 14, 4, 3, 5, 
6, 7, 16, 8, 11, 0, 13, 2, 10, 9, 12, 1, 15, 14, 4, 3, 5, 
6, 7, 16, 8, 0, 11, 13, 2, 10, 9, 12, 1, 15, 14, 4, 3, 5, 
6, 7, 16, 8, 11, 0, 13, 2, 10, 9, 12, 1, 15, 14, 4, 3, 5, 
6, 7, 16, 8, 11, 0, 13, 2, 10, 9, 12, 1, 15, 14, 4, 3, 5, 
6, 7, 16, 8, 11, 0, 13, 2, 10, 9, 12, 1, 15, 14, 4, 3, 5, 
6, 7, 16, 8, 11, 0, 13, 2, 10, 9, 12, 1, 14, 15, 4, 3, 5, 
6, 7, 16, 8, 11, 0, 13, 2, 10, 9, 12, 1, 15, 14, 4, 3, 5, 
6, 7, 16, 8, 0, 11, 13, 2, 10, 9, 1, 12, 15, 14, 4, 3, 5, 
6, 7, 16, 8, 11, 0, 13, 2, 9, 10, 12, 1, 14, 15, 4, 3, 5, 
6, 7, 16, 8, 11, 0, 13, 2, 10, 9, 1, 12, 15, 14, 4, 3, 5, 
6, 7, 16, 8, 11, 0, 13, 2, 10, 9, 12, 1, 15, 14, 4, 3, 5, 
6, 7, 16, 8, 11, 0, 13, 2, 10, 9, 12, 1, 15, 14, 4, 3, 5, 
6, 7, 16, 8, 11, 0, 13, 2, 1, 9, 10, 12, 15, 14, 4, 3, 5, 
6, 7, 16, 8, 0, 11, 13, 2, 10, 9, 12, 1, 15, 14, 5, 3, 4, 
6, 7, 16, 8, 0, 11, 13, 2, 10, 9, 12, 1, 15, 14, 4, 3, 5, 
Tiempo de ejecucion (total): 0.334
Best fitness a lo largo del tiempo: 
108, 80, 80, 78, 72, 68, 60, 52, 52, 51, 51, 51, 51, 49, 49, 49, 49, 49, 42, 42, 42, 42, 42, 42, 42, 42, 41, 41, 41, 41, 41, 41, 41, 41, 41, 41, 41, 41, 41, 41, 41, 41, 41, 41, 41, 41, 41, 41, 41, 41, 41, 41, 41, 41, 41, 41, 41, 41, 41, 41, 41, 41, 41, 41, 41, 41, 41, 41, 41, 41, 41, 41, 41, 41, 41, 41, 41, 41, 41, 41, 41, 41, 41, 41, 41, 41, 41, 41, 41, 41, 41, 41, 41, 39, 
Fitness promedio a lo largo del tiempo: 
227, 216, 204, 193, 183, 172, 161, 151, 141, 132, 122, 113, 105, 96, 88, 81, 74, 68, 63, 58, 56, 54, 52, 50, 48, 47, 46, 46, 45, 44, 44, 43, 43, 43, 42, 42, 41, 41, 41, 41, 41, 41, 41, 41, 41, 41, 41, 41, 41, 41, 41, 41, 41, 41, 41, 41, 41, 41, 41, 41, 41, 41, 41, 41, 41, 41, 41, 41, 41, 41, 41, 41, 41, 41, 41, 41, 41, 41, 41, 41, 41, 41, 41, 41, 41, 41, 41, 41, 41, 41, 41, 41, 40, 
Mejor solucion obtenida: 3, 7, 16, 8, 0, 11, 13, 2, 10, 9, 12, 1, 15, 14, 5, 6, 4, || Fitness: 39;