Archivo Usado: br17.atsp
Tamaño de la Poblacion: 100
Reemplazo por Generacion: 5
Tamaño de los Torneos: 5
Cantidad de ciudades: 17
Probabilidad de cruce: 90000
Probabilidad mutacion simple: 3000
Probabilidad mutacion compleja: 10000
Cruces minimos de la mutacion compleja: 4
Iteraciones ejecutadas: 10000
Largo del cruce PMX: 6
Operador de Cruce: 1
Metodo seleccion de Padres: 1
Operador de Mutacion: 0
Metodo seleccion de Supervivientes: 1
Cantidad de threads a usar: 8
5, 4, 3, 16, 8, 7, 1, 10, 2, 13, 12, 9, 11, 0, 15, 14, 6, 
5, 4, 3, 16, 8, 7, 1, 10, 2, 13, 12, 9, 11, 0, 15, 14, 6, 
5, 4, 3, 16, 8, 7, 1, 10, 2, 13, 12, 9, 11, 0, 15, 14, 6, 
5, 4, 3, 16, 8, 7, 1, 10, 2, 13, 12, 9, 11, 0, 15, 14, 6, 
5, 4, 3, 16, 8, 7, 1, 10, 2, 13, 12, 9, 11, 0, 15, 14, 6, 
5, 4, 3, 16, 8, 7, 1, 10, 12, 9, 2, 13, 11, 0, 15, 14, 6, 
5, 4, 3, 16, 8, 7, 1, 12, 2, 13, 10, 9, 11, 0, 15, 14, 6, 
5, 4, 3, 16, 8, 7, 1, 10, 2, 13, 12, 9, 11, 0, 15, 14, 6, 
5, 4, 3, 16, 8, 7, 12, 1, 13, 2, 10, 9, 11, 0, 15, 14, 6, 
5, 4, 3, 16, 8, 7, 1, 12, 2, 13, 10, 9, 11, 0, 15, 14, 6, 
5, 4, 3, 16, 8, 7, 1, 10, 2, 13, 12, 9, 11, 0, 15, 14, 6, 
5, 4, 3, 16, 8, 7, 1, 10, 2, 13, 12, 9, 11, 0, 15, 14, 6, 
5, 4, 3, 16, 8, 7, 10, 12, 2, 13, 1, 9, 11, 0, 15, 14, 6, 
5, 4, 3, 16, 8, 7, 1, 10, 13, 2, 12, 9, 11, 0, 15, 14, 6, 
5, 4, 3, 16, 8, 7, 1, 10, 12, 13, 2, 9, 11, 0, 15, 14, 6, 
5, 4, 3, 16, 8, 7, 1, 10, 2, 13, 12, 9, 11, 0, 15, 14, 6, 
5, 4, 3, 16, 8, 7, 12, 1, 2, 13, 10, 9, 11, 0, 15, 14, 6, 
5, 4, 3, 16, 8, 7, 1, 10, 2, 13, 12, 9, 11, 0, 15, 14, 6, 
5, 4, 3, 16, 8, 7, 1, 10, 2, 13, 12, 9, 11, 0, 15, 14, 6, 
5, 4, 3, 16, 8, 7, 12, 10, 2, 13, 1, 9, 11, 0, 15, 14, 6, 
5, 4, 3, 16, 8, 7, 1, 10, 2, 13, 12, 9, 11, 0, 15, 14, 6, 
5, 4, 3, 16, 8, 7, 12, 10, 2, 13, 1, 9, 11, 0, 15, 14, 6, 
5, 4, 3, 16, 8, 7, 12, 10, 13, 2, 1, 9, 11, 0, 15, 14, 6, 
5, 4, 3, 16, 8, 7, 10, 1, 13, 2, 12, 9, 11, 0, 15, 14, 6, 
5, 4, 3, 16, 8, 7, 1, 12, 13, 2, 10, 9, 11, 0, 15, 14, 6, 
5, 4, 3, 16, 8, 7, 1, 12, 2, 13, 10, 9, 11, 0, 15, 14, 6, 
5, 4, 3, 16, 8, 7, 12, 1, 2, 13, 10, 9, 11, 0, 15, 14, 6, 
5, 4, 3, 16, 8, 7, 1, 10, 2, 13, 12, 9, 11, 0, 15, 14, 6, 
5, 4, 3, 16, 8, 7, 1, 10, 2, 13, 12, 9, 11, 0, 15, 14, 6, 
5, 4, 3, 16, 8, 7, 12, 10, 13, 2, 1, 9, 11, 0, 15, 14, 6, 
5, 4, 3, 16, 8, 7, 1, 10, 13, 2, 12, 9, 11, 0, 15, 14, 6, 
5, 4, 3, 16, 8, 7, 1, 10, 2, 13, 12, 9, 11, 0, 15, 14, 6, 
5, 4, 3, 16, 8, 7, 12, 1, 2, 13, 10, 9, 11, 0, 15, 14, 6, 
5, 4, 3, 16, 8, 7, 1, 10, 2, 13, 12, 9, 11, 0, 15, 14, 6, 
5, 4, 3, 16, 8, 7, 1, 10, 2, 13, 12, 9, 11, 0, 15, 14, 6, 
5, 4, 3, 16, 8, 7, 1, 10, 2, 13, 12, 9, 11, 0, 15, 14, 6, 
5, 4, 3, 16, 8, 7, 1, 10, 2, 13, 12, 9, 11, 0, 15, 14, 6, 
5, 4, 3, 16, 8, 7, 1, 12, 2, 13, 10, 9, 11, 0, 15, 14, 6, 
5, 4, 3, 16, 8, 7, 12, 1, 2, 13, 10, 9, 11, 0, 15, 14, 6, 
5, 4, 3, 16, 8, 7, 12, 10, 13, 2, 1, 9, 11, 0, 15, 14, 6, 
5, 4, 3, 16, 8, 7, 1, 10, 2, 13, 12, 9, 11, 0, 15, 14, 6, 
5, 4, 3, 16, 8, 7, 1, 10, 2, 13, 12, 9, 11, 0, 15, 14, 6, 
5, 4, 3, 16, 8, 7, 12, 10, 2, 13, 1, 9, 11, 0, 15, 14, 6, 
5, 4, 3, 16, 8, 7, 1, 12, 2, 13, 10, 9, 11, 0, 15, 14, 6, 
5, 4, 3, 16, 8, 7, 10, 1, 2, 13, 12, 9, 11, 0, 15, 14, 6, 
5, 4, 3, 16, 8, 7, 1, 10, 2, 13, 12, 9, 11, 0, 15, 14, 6, 
5, 4, 3, 16, 8, 7, 1, 10, 2, 13, 12, 9, 11, 0, 15, 14, 6, 
5, 4, 3, 16, 8, 7, 12, 1, 2, 13, 10, 9, 11, 0, 15, 14, 6, 
5, 4, 3, 16, 8, 7, 10, 12, 13, 2, 1, 9, 11, 0, 15, 14, 6, 
5, 4, 3, 16, 8, 7, 10, 1, 2, 13, 12, 9, 11, 0, 15, 14, 6, 
5, 4, 3, 16, 8, 7, 1, 10, 2, 13, 12, 9, 11, 0, 15, 14, 6, 
5, 4, 3, 16, 8, 7, 1, 10, 2, 13, 12, 9, 11, 0, 15, 14, 6, 
5, 4, 3, 16, 8, 7, 1, 10, 2, 13, 12, 9, 11, 0, 15, 14, 6, 
5, 4, 3, 16, 8, 7, 1, 10, 2, 13, 12, 9, 11, 0, 15, 14, 6, 
5, 4, 3, 16, 8, 7, 1, 12, 2, 13, 10, 9, 11, 0, 15, 14, 6, 
5, 4, 3, 16, 8, 7, 1, 10, 2, 13, 12, 9, 11, 0, 15, 14, 6, 
5, 4, 3, 16, 8, 7, 1, 12, 2, 13, 10, 9, 11, 0, 15, 14, 6, 
5, 4, 3, 16, 8, 7, 10, 1, 2, 13, 12, 9, 11, 0, 15, 14, 6, 
5, 4, 3, 16, 8, 7, 1, 10, 12, 13, 2, 9, 11, 0, 15, 14, 6, 
5, 4, 3, 16, 8, 7, 1, 10, 2, 13, 12, 9, 11, 0, 15, 14, 6, 
5, 4, 3, 16, 8, 7, 1, 10, 2, 13, 12, 9, 11, 0, 15, 14, 6, 
5, 4, 3, 16, 8, 7, 10, 12, 13, 2, 1, 9, 11, 0, 15, 14, 6, 
5, 4, 3, 16, 8, 7, 1, 10, 2, 13, 12, 9, 11, 0, 15, 14, 6, 
5, 4, 3, 16, 8, 7, 1, 10, 2, 13, 12, 9, 11, 0, 15, 14, 6, 
5, 4, 3, 16, 8, 7, 1, 10, 2, 13, 12, 9, 11, 0, 15, 14, 6, 
5, 4, 3, 16, 8, 7, 1, 12, 2, 13, 10, 9, 11, 0, 15, 14, 6, 
5, 4, 3, 16, 8, 7, 1, 12, 2, 13, 10, 9, 11, 0, 15, 14, 6, 
5, 4, 3, 16, 8, 7, 1, 12, 2, 13, 10, 9, 11, 0, 15, 14, 6, 
5, 4, 3, 16, 8, 7, 1, 10, 2, 13, 12, 9, 11, 0, 15, 14, 6, 
5, 4, 3, 16, 8, 7, 12, 10, 2, 13, 1, 9, 11, 0, 15, 14, 6, 
5, 4, 3, 16, 8, 7, 10, 12, 13, 2, 1, 9, 11, 0, 15, 14, 6, 
5, 4, 3, 16, 8, 7, 1, 10, 13, 2, 12, 9, 11, 0, 15, 14, 6, 
5, 4, 3, 16, 8, 7, 10, 1, 2, 13, 12, 9, 11, 0, 15, 14, 6, 
5, 4, 3, 16, 8, 7, 10, 1, 2, 13, 12, 9, 11, 0, 15, 14, 6, 
5, 4, 3, 16, 8, 7, 1, 10, 13, 2, 12, 9, 11, 0, 15, 14, 6, 
5, 4, 3, 16, 8, 7, 12, 10, 2, 13, 1, 9, 11, 0, 15, 14, 6, 
5, 4, 3, 16, 8, 7, 10, 1, 2, 13, 12, 9, 11, 0, 15, 14, 6, 
5, 4, 3, 16, 8, 7, 1, 10, 2, 13, 12, 9, 11, 0, 15, 14, 6, 
5, 4, 3, 16, 8, 7, 1, 12, 2, 13, 10, 9, 11, 0, 15, 14, 6, 
5, 4, 3, 16, 8, 7, 1, 10, 2, 13, 12, 9, 11, 0, 15, 14, 6, 
5, 4, 3, 16, 8, 7, 1, 10, 2, 13, 12, 9, 11, 0, 15, 14, 6, 
5, 4, 3, 16, 8, 7, 10, 1, 2, 13, 12, 9, 11, 0, 15, 14, 6, 
5, 4, 3, 16, 8, 7, 1, 10, 2, 13, 12, 9, 11, 0, 15, 14, 6, 
5, 4, 3, 16, 8, 7, 1, 10, 12, 13, 2, 9, 11, 0, 15, 14, 6, 
5, 4, 3, 16, 8, 7, 1, 10, 2, 13, 12, 9, 11, 0, 15, 14, 6, 
5, 4, 3, 16, 8, 7, 1, 12, 2, 13, 10, 9, 11, 0, 15, 14, 6, 
5, 4, 3, 16, 8, 7, 10, 1, 2, 13, 12, 9, 11, 0, 15, 14, 6, 
5, 4, 3, 16, 8, 7, 1, 10, 2, 13, 12, 9, 11, 0, 15, 14, 6, 
5, 4, 3, 16, 8, 7, 1, 10, 2, 13, 12, 9, 11, 0, 15, 14, 6, 
5, 4, 3, 16, 8, 7, 1, 10, 2, 13, 12, 9, 11, 0, 15, 14, 6, 
5, 4, 3, 7, 8, 16, 12, 10, 2, 13, 1, 9, 11, 0, 15, 14, 6, 
5, 4, 3, 16, 8, 7, 10, 1, 2, 13, 12, 9, 11, 0, 15, 14, 6, 
3, 4, 5, 16, 8, 7, 12, 10, 2, 13, 1, 9, 11, 0, 15, 14, 6, 
5, 4, 3, 16, 8, 7, 10, 11, 2, 13, 12, 9, 1, 0, 15, 14, 6, 
5, 4, 3, 16, 8, 7, 10, 11, 2, 13, 12, 9, 1, 0, 15, 14, 6, 
5, 4, 3, 16, 8, 7, 10, 11, 2, 13, 12, 9, 1, 0, 15, 14, 6, 
5, 4, 3, 16, 8, 7, 10, 2, 1, 13, 12, 9, 11, 0, 15, 14, 6, 
5, 4, 3, 16, 8, 7, 1, 10, 2, 13, 12, 11, 9, 0, 15, 14, 6, 
5, 4, 3, 16, 8, 7, 0, 1, 13, 2, 10, 9, 11, 12, 15, 14, 6, 
5, 4, 3, 16, 8, 7, 1, 12, 2, 13, 0, 9, 11, 10, 15, 14, 6, 
Tiempo de ejecucion (total): 1.115
Best fitness a lo largo del tiempo: 
120, 111, 97, 97, 87, 62, 62, 60, 60, 60, 60, 53, 53, 53, 53, 53, 53, 53, 52, 52, 49, 47, 47, 47, 42, 42, 42, 42, 42, 42, 42, 42, 42, 42, 42, 42, 42, 42, 42, 42, 42, 42, 42, 42, 42, 42, 42, 42, 42, 42, 42, 42, 42, 42, 42, 42, 42, 42, 42, 42, 42, 42, 42, 42, 42, 42, 42, 42, 42, 42, 42, 42, 42, 42, 42, 42, 42, 42, 42, 42, 42, 42, 42, 42, 42, 42, 42, 42, 42, 42, 42, 42, 42, 42, 42, 42, 42, 42, 42, 42, 42, 42, 42, 42, 42, 42, 42, 42, 42, 42, 42, 42, 42, 42, 42, 42, 42, 42, 42, 42, 42, 42, 42, 42, 42, 42, 42, 42, 42, 42, 42, 42, 42, 42, 42, 42, 42, 42, 42, 42, 42, 42, 42, 42, 42, 42, 42, 42, 42, 42, 42, 42, 42, 42, 42, 42, 42, 42, 42, 42, 42, 42, 42, 42, 42, 42, 42, 42, 42, 42, 42, 42, 42, 42, 42, 42, 42, 42, 42, 42, 42, 42, 42, 42, 42, 42, 42, 42, 42, 42, 42, 42, 42, 42, 42, 42, 42, 42, 42, 42, 42, 42, 42, 42, 42, 42, 42, 42, 42, 42, 42, 42, 42, 42, 42, 42, 42, 42, 42, 42, 42, 42, 42, 42, 42, 42, 42, 42, 42, 42, 42, 42, 42, 42, 42, 42, 42, 42, 42, 42, 42, 40, 40, 40, 40, 40, 40, 40, 40, 40, 40, 40, 40, 40, 40, 40, 40, 40, 40, 40, 40, 40, 40, 40, 40, 40, 40, 40, 40, 40, 40, 40, 40, 40, 40, 40, 40, 40, 40, 40, 40, 40, 40, 40, 40, 40, 40, 40, 40, 40, 40, 40, 40, 40, 40, 40, 40, 40, 40, 40, 40, 40, 40, 40, 40, 40, 40, 40, 40, 40, 40, 40, 40, 40, 40, 40, 40, 40, 40, 40, 40, 39, 
Fitness promedio a lo largo del tiempo: 
225, 224, 214, 204, 197, 183, 187, 183, 169, 166, 164, 151, 148, 161, 155, 146, 134, 120, 96, 96, 90, 94, 92, 72, 74, 73, 74, 61, 54, 49, 45, 44, 44, 44, 43, 42, 42, 42, 42, 42, 42, 42, 42, 42, 42, 42, 42, 42, 42, 42, 42, 43, 43, 43, 42, 42, 42, 43, 42, 42, 42, 42, 42, 42, 42, 42, 42, 42, 42, 42, 43, 44, 43, 43, 44, 44, 44, 43, 43, 42, 42, 42, 42, 42, 42, 42, 42, 42, 42, 42, 42, 42, 42, 42, 42, 42, 43, 42, 42, 42, 42, 42, 42, 42, 42, 42, 42, 42, 42, 42, 42, 42, 42, 42, 42, 42, 42, 42, 42, 42, 43, 43, 44, 42, 42, 42, 42, 42, 45, 44, 43, 43, 43, 42, 43, 43, 43, 42, 42, 42, 42, 42, 42, 42, 42, 42, 42, 42, 42, 42, 42, 42, 42, 44, 42, 42, 42, 42, 42, 42, 42, 42, 42, 45, 43, 43, 43, 42, 42, 42, 42, 42, 42, 42, 42, 42, 42, 42, 42, 42, 42, 42, 42, 46, 43, 42, 44, 44, 44, 43, 43, 42, 42, 42, 42, 42, 42, 42, 42, 42, 42, 42, 42, 42, 42, 42, 42, 42, 42, 42, 42, 42, 42, 42, 42, 42, 42, 42, 42, 42, 42, 42, 42, 42, 42, 42, 42, 42, 42, 42, 42, 42, 42, 42, 42, 42, 42, 42, 42, 42, 41, 42, 41, 41, 41, 41, 41, 41, 45, 42, 43, 44, 43, 44, 46, 51, 45, 42, 41, 42, 43, 44, 42, 40, 40, 40, 40, 40, 40, 40, 40, 40, 40, 40, 40, 40, 40, 40, 40, 40, 40, 40, 40, 40, 40, 40, 43, 40, 40, 40, 40, 40, 40, 40, 40, 40, 40, 40, 40, 40, 40, 40, 40, 40, 40, 40, 40, 40, 40, 40, 40, 40, 40, 40, 40, 40, 40, 40, 40, 40, 40, 
Mejor solucion obtenida: 5, 4, 3, 16, 8, 7, 1, 10, 12, 9, 2, 13, 11, 0, 15, 14, 6, || Fitness: 39;