Archivo Usado: br17.atsp
Tamaño de la Poblacion: 100
Reemplazo por Generacion: 5
Tamaño de los Torneos: 5
Cantidad de ciudades: 17
Probabilidad de cruce: 90000
Probabilidad mutacion simple: 3000
Probabilidad mutacion compleja: 10000
Cruces minimos de la mutacion compleja: 4
Iteraciones ejecutadas: 10000
Largo del cruce PMX: 6
Operador de Cruce: 1
Metodo seleccion de Padres: 1
Operador de Mutacion: 0
Metodo seleccion de Supervivientes: 1
Cantidad de threads a usar: 8
14, 5, 15, 6, 0, 11, 10, 13, 2, 1, 9, 12, 16, 8, 7, 4, 3, 
14, 5, 6, 15, 0, 11, 10, 13, 2, 1, 9, 12, 7, 16, 8, 4, 3, 
14, 5, 6, 15, 0, 11, 10, 13, 2, 1, 9, 12, 16, 8, 7, 4, 3, 
14, 5, 6, 15, 0, 11, 10, 13, 2, 1, 9, 12, 16, 8, 7, 4, 3, 
14, 5, 15, 6, 0, 11, 10, 13, 2, 1, 9, 12, 16, 8, 7, 4, 3, 
14, 5, 6, 15, 0, 11, 2, 13, 10, 1, 9, 12, 16, 8, 7, 4, 3, 
14, 5, 6, 15, 0, 11, 10, 13, 2, 1, 9, 12, 16, 8, 7, 4, 3, 
14, 5, 15, 6, 0, 11, 10, 13, 2, 1, 9, 12, 16, 8, 7, 4, 3, 
14, 5, 15, 6, 0, 11, 10, 13, 2, 1, 9, 12, 16, 8, 7, 4, 3, 
14, 5, 6, 15, 0, 11, 10, 13, 2, 1, 9, 12, 16, 8, 7, 4, 3, 
14, 5, 6, 15, 0, 11, 10, 13, 2, 1, 9, 12, 16, 8, 7, 4, 3, 
14, 5, 6, 15, 0, 11, 10, 13, 2, 1, 9, 12, 16, 7, 8, 4, 3, 
14, 5, 6, 15, 0, 11, 10, 13, 2, 1, 9, 12, 16, 8, 7, 4, 3, 
14, 5, 15, 6, 0, 11, 10, 13, 2, 1, 9, 12, 16, 8, 7, 4, 3, 
14, 5, 6, 15, 0, 11, 10, 13, 2, 1, 9, 12, 7, 16, 8, 4, 3, 
14, 5, 6, 15, 0, 11, 10, 13, 2, 1, 9, 12, 16, 8, 7, 4, 3, 
14, 5, 15, 6, 0, 11, 10, 13, 2, 1, 9, 12, 7, 16, 8, 4, 3, 
14, 5, 6, 15, 0, 11, 10, 13, 2, 1, 9, 12, 16, 8, 7, 4, 3, 
14, 5, 15, 6, 0, 11, 10, 13, 2, 1, 9, 12, 16, 8, 7, 4, 3, 
14, 5, 6, 15, 0, 11, 10, 13, 2, 1, 9, 12, 16, 8, 7, 4, 3, 
14, 5, 15, 6, 0, 11, 10, 13, 2, 1, 9, 12, 16, 8, 7, 4, 3, 
14, 5, 15, 6, 0, 11, 10, 13, 2, 1, 9, 12, 16, 8, 7, 4, 3, 
14, 5, 6, 15, 0, 11, 10, 13, 2, 1, 9, 12, 16, 7, 8, 4, 3, 
5, 14, 15, 6, 0, 11, 10, 13, 2, 1, 9, 12, 16, 8, 7, 4, 3, 
14, 5, 6, 15, 0, 11, 10, 13, 2, 1, 9, 12, 16, 8, 7, 3, 4, 
14, 5, 6, 15, 0, 11, 10, 13, 2, 1, 9, 12, 16, 8, 7, 4, 3, 
14, 5, 6, 15, 0, 11, 10, 13, 2, 1, 9, 12, 16, 8, 7, 4, 3, 
14, 5, 15, 6, 0, 11, 10, 13, 2, 1, 9, 12, 16, 8, 7, 4, 3, 
14, 5, 15, 6, 0, 11, 10, 13, 2, 1, 9, 12, 16, 8, 7, 4, 3, 
14, 5, 6, 15, 0, 11, 10, 13, 2, 1, 9, 12, 7, 16, 8, 4, 3, 
14, 5, 6, 15, 0, 11, 10, 13, 2, 1, 9, 12, 16, 8, 7, 3, 4, 
14, 5, 15, 6, 0, 11, 10, 13, 2, 1, 9, 12, 16, 8, 7, 4, 3, 
14, 5, 15, 6, 0, 11, 10, 13, 2, 1, 9, 12, 16, 8, 7, 4, 3, 
14, 5, 6, 15, 0, 11, 10, 13, 2, 1, 9, 12, 16, 8, 7, 4, 3, 
14, 5, 15, 6, 0, 11, 10, 13, 2, 1, 9, 12, 7, 16, 8, 4, 3, 
14, 5, 6, 15, 0, 11, 10, 13, 2, 1, 9, 12, 7, 8, 16, 4, 3, 
14, 5, 6, 15, 0, 11, 10, 13, 2, 1, 9, 12, 16, 8, 7, 4, 3, 
14, 5, 6, 15, 0, 11, 10, 13, 2, 1, 9, 12, 16, 8, 7, 4, 3, 
14, 5, 15, 6, 0, 11, 10, 13, 2, 1, 9, 12, 16, 8, 7, 4, 3, 
14, 5, 6, 15, 0, 11, 10, 13, 2, 1, 9, 12, 16, 8, 7, 4, 3, 
14, 5, 6, 15, 0, 11, 10, 13, 2, 1, 9, 12, 7, 16, 8, 4, 3, 
14, 5, 15, 6, 0, 11, 10, 13, 2, 1, 9, 12, 7, 16, 8, 3, 4, 
14, 5, 15, 6, 0, 11, 10, 13, 2, 1, 9, 12, 16, 8, 7, 3, 4, 
14, 5, 6, 15, 0, 11, 10, 13, 2, 1, 9, 12, 7, 16, 8, 4, 3, 
14, 5, 15, 6, 0, 11, 10, 13, 2, 1, 9, 12, 16, 8, 7, 4, 3, 
14, 5, 15, 6, 0, 11, 10, 13, 2, 1, 9, 12, 16, 7, 8, 4, 3, 
14, 5, 6, 15, 0, 11, 10, 13, 2, 1, 9, 12, 16, 8, 7, 3, 4, 
14, 5, 15, 6, 0, 11, 10, 13, 2, 1, 9, 12, 16, 7, 8, 3, 4, 
14, 5, 6, 15, 0, 11, 10, 13, 2, 1, 9, 12, 16, 8, 7, 4, 3, 
14, 5, 15, 6, 0, 11, 10, 13, 2, 1, 9, 12, 16, 8, 7, 4, 3, 
14, 5, 15, 6, 0, 11, 10, 13, 2, 1, 9, 12, 16, 8, 7, 3, 4, 
14, 5, 6, 15, 0, 11, 10, 13, 2, 1, 9, 12, 16, 8, 7, 4, 3, 
14, 5, 6, 15, 0, 11, 10, 13, 2, 1, 9, 12, 16, 8, 7, 4, 3, 
14, 5, 15, 6, 0, 11, 10, 13, 2, 1, 9, 12, 7, 8, 16, 4, 3, 
6, 5, 14, 15, 0, 11, 10, 13, 2, 1, 9, 12, 7, 16, 8, 4, 3, 
14, 5, 15, 6, 0, 11, 10, 13, 2, 1, 9, 12, 16, 8, 7, 4, 3, 
14, 5, 15, 6, 0, 11, 10, 13, 2, 1, 9, 12, 16, 8, 7, 4, 3, 
14, 5, 6, 15, 0, 11, 10, 13, 2, 1, 9, 12, 16, 8, 7, 3, 4, 
14, 5, 6, 15, 0, 11, 10, 13, 2, 1, 9, 12, 16, 8, 7, 4, 3, 
14, 5, 6, 15, 0, 11, 10, 13, 2, 1, 9, 12, 16, 7, 8, 4, 3, 
14, 5, 6, 15, 0, 11, 10, 13, 2, 1, 9, 12, 7, 8, 16, 4, 3, 
14, 5, 15, 6, 0, 11, 10, 13, 2, 1, 9, 12, 16, 8, 7, 3, 4, 
14, 5, 6, 15, 0, 11, 10, 13, 2, 1, 9, 12, 16, 8, 7, 4, 3, 
14, 5, 6, 15, 0, 11, 10, 13, 2, 1, 9, 12, 16, 8, 7, 4, 3, 
14, 5, 15, 6, 0, 11, 10, 13, 2, 1, 9, 12, 7, 16, 8, 4, 3, 
14, 5, 6, 15, 0, 11, 10, 13, 2, 1, 9, 12, 7, 8, 16, 4, 3, 
14, 5, 6, 15, 0, 11, 10, 2, 13, 1, 9, 12, 16, 8, 7, 4, 3, 
14, 5, 6, 15, 0, 11, 10, 13, 2, 1, 9, 12, 7, 16, 8, 4, 3, 
14, 5, 6, 15, 0, 11, 10, 13, 2, 1, 9, 12, 16, 8, 7, 4, 3, 
14, 5, 15, 6, 0, 11, 10, 13, 2, 1, 9, 12, 16, 8, 7, 4, 3, 
14, 5, 15, 6, 0, 11, 10, 13, 2, 1, 9, 12, 7, 8, 16, 4, 3, 
14, 5, 6, 15, 0, 11, 10, 13, 2, 1, 9, 12, 16, 8, 7, 4, 3, 
14, 5, 6, 15, 0, 11, 10, 13, 2, 1, 9, 12, 16, 8, 7, 4, 3, 
15, 5, 14, 6, 0, 11, 10, 13, 2, 1, 9, 12, 7, 16, 8, 3, 4, 
14, 5, 15, 6, 0, 11, 10, 13, 2, 1, 9, 12, 7, 16, 8, 4, 3, 
14, 5, 6, 15, 0, 11, 10, 13, 2, 1, 9, 12, 7, 8, 16, 4, 3, 
14, 5, 6, 15, 0, 11, 10, 13, 2, 1, 9, 12, 16, 8, 7, 4, 3, 
14, 5, 6, 15, 0, 11, 10, 13, 2, 1, 9, 12, 7, 16, 8, 4, 3, 
14, 5, 15, 6, 0, 11, 10, 13, 2, 1, 9, 12, 7, 8, 16, 4, 3, 
14, 5, 6, 15, 0, 11, 10, 13, 2, 1, 9, 12, 16, 8, 7, 4, 3, 
14, 5, 6, 15, 0, 11, 10, 13, 2, 1, 9, 12, 7, 8, 16, 4, 3, 
14, 5, 6, 15, 0, 11, 10, 13, 2, 1, 9, 12, 7, 16, 8, 4, 3, 
14, 5, 6, 15, 0, 11, 10, 13, 2, 1, 9, 12, 16, 7, 8, 4, 3, 
14, 5, 6, 15, 0, 11, 10, 13, 2, 1, 9, 12, 7, 16, 8, 4, 3, 
14, 5, 6, 15, 0, 11, 10, 13, 2, 1, 9, 12, 16, 8, 7, 4, 3, 
14, 5, 6, 15, 0, 11, 10, 13, 2, 1, 9, 12, 16, 8, 7, 4, 3, 
14, 5, 6, 15, 0, 11, 10, 13, 2, 1, 9, 12, 7, 8, 16, 4, 3, 
14, 5, 15, 6, 0, 11, 10, 13, 2, 1, 9, 12, 7, 16, 8, 4, 3, 
15, 5, 14, 6, 0, 11, 10, 13, 2, 1, 9, 12, 7, 8, 16, 4, 3, 
14, 5, 15, 6, 0, 11, 10, 13, 2, 1, 9, 12, 16, 8, 7, 4, 3, 
14, 5, 15, 6, 0, 11, 10, 13, 2, 1, 9, 12, 16, 8, 7, 4, 3, 
14, 5, 15, 6, 0, 11, 10, 13, 2, 1, 9, 12, 16, 8, 7, 4, 3, 
14, 5, 6, 15, 0, 11, 10, 13, 2, 1, 9, 12, 7, 8, 16, 4, 3, 
14, 5, 15, 6, 0, 11, 10, 13, 2, 1, 9, 12, 16, 8, 7, 4, 3, 
14, 5, 6, 15, 0, 11, 10, 13, 2, 1, 9, 12, 16, 8, 7, 4, 3, 
14, 5, 15, 6, 0, 11, 10, 13, 2, 1, 9, 12, 7, 16, 8, 3, 4, 
14, 5, 6, 15, 0, 11, 10, 13, 2, 1, 9, 12, 16, 8, 7, 4, 3, 
14, 5, 6, 15, 0, 11, 10, 13, 2, 1, 9, 12, 7, 8, 16, 4, 3, 
14, 5, 6, 15, 0, 11, 10, 2, 13, 1, 9, 12, 16, 8, 7, 4, 3, 
14, 5, 15, 6, 0, 11, 10, 13, 2, 1, 9, 12, 16, 8, 7, 4, 3, 
Tiempo de ejecucion (total): 0.188
Best fitness a lo largo del tiempo: 
108, 96, 93, 93, 85, 85, 84, 84, 62, 50, 50, 50, 50, 50, 50, 47, 47, 47, 45, 42, 42, 42, 42, 42, 40, 40, 40, 40, 40, 40, 40, 40, 40, 40, 40, 40, 40, 40, 40, 40, 40, 40, 40, 40, 40, 40, 40, 40, 40, 40, 40, 40, 40, 40, 39, 
Fitness promedio a lo largo del tiempo: 
242, 226, 200, 205, 198, 190, 183, 192, 172, 173, 174, 181, 171, 148, 135, 125, 117, 110, 96, 90, 79, 73, 78, 70, 62, 61, 57, 54, 47, 46, 47, 46, 45, 46, 44, 45, 43, 41, 41, 41, 41, 40, 40, 41, 40, 40, 40, 40, 40, 40, 40, 40, 40, 39, 
Mejor solucion obtenida: 14, 5, 6, 15, 0, 11, 2, 13, 10, 1, 9, 12, 16, 8, 7, 4, 3, || Fitness: 39;