Archivo Usado: p43.atsp
Tamaño de la Poblacion: 100
Reemplazo por Generacion: 5
Tamaño de los Torneos: 5
Cantidad de ciudades: 43
Probabilidad de cruce: 90000
Probabilidad mutacion simple: 3000
Probabilidad mutacion compleja: 10000
Cruces minimos de la mutacion compleja: 4
Iteraciones ejecutadas: 10000
Largo del cruce PMX: 6
Operador de Cruce: 0
Metodo seleccion de Padres: 1
Operador de Mutacion: 0
Metodo seleccion de Supervivientes: 0
Cantidad de threads a usar: 8
21, 25, 24, 26, 40, 41, 42, 39, 38, 37, 1, 3, 36, 2, 27, 28, 30, 29, 6, 5, 7, 8, 10, 11, 9, 31, 32, 34, 33, 14, 12, 13, 20, 18, 19, 15, 17, 16, 4, 0, 35, 22, 23, 
8, 7, 5, 6, 29, 30, 28, 27, 2, 36, 3, 1, 37, 38, 39, 42, 41, 40, 26, 24, 25, 22, 23, 21, 35, 0, 4, 16, 17, 15, 19, 18, 20, 13, 12, 14, 33, 34, 32, 31, 9, 11, 10, 
10, 8, 11, 9, 31, 32, 34, 33, 14, 13, 12, 20, 18, 19, 15, 17, 16, 7, 5, 6, 29, 30, 28, 27, 2, 36, 1, 3, 37, 38, 39, 42, 41, 40, 26, 24, 25, 21, 23, 22, 35, 0, 4, 
32, 8, 7, 5, 6, 30, 29, 28, 27, 2, 36, 1, 3, 37, 38, 39, 42, 41, 40, 26, 25, 24, 21, 23, 22, 35, 0, 4, 16, 17, 15, 19, 18, 20, 14, 12, 13, 33, 34, 10, 31, 9, 11, 
32, 31, 9, 11, 10, 8, 7, 5, 6, 29, 30, 28, 27, 2, 1, 3, 36, 37, 38, 39, 42, 41, 40, 26, 24, 25, 21, 23, 22, 35, 0, 4, 16, 17, 15, 19, 18, 20, 12, 13, 14, 33, 34, 
41, 40, 26, 25, 24, 21, 23, 22, 35, 0, 4, 16, 17, 15, 19, 18, 20, 13, 12, 14, 33, 34, 32, 31, 9, 11, 10, 8, 7, 5, 6, 30, 29, 28, 27, 2, 36, 1, 3, 37, 38, 39, 42, 
11, 10, 8, 7, 5, 6, 29, 30, 28, 27, 2, 36, 3, 1, 37, 38, 39, 42, 41, 40, 26, 24, 25, 21, 23, 22, 35, 0, 4, 16, 17, 15, 19, 18, 20, 13, 12, 14, 33, 34, 32, 31, 9, 
6, 29, 30, 28, 27, 2, 36, 3, 1, 37, 38, 39, 42, 41, 40, 26, 25, 24, 21, 23, 22, 35, 0, 4, 16, 17, 15, 19, 18, 20, 13, 12, 14, 33, 34, 32, 31, 9, 11, 10, 8, 7, 5, 
33, 34, 32, 31, 9, 11, 10, 8, 7, 5, 6, 29, 30, 28, 27, 2, 36, 3, 1, 37, 38, 39, 42, 41, 40, 26, 24, 25, 21, 23, 22, 35, 0, 4, 16, 15, 17, 19, 18, 20, 14, 12, 13, 
14, 33, 34, 32, 31, 9, 11, 10, 8, 7, 5, 6, 29, 30, 28, 27, 2, 36, 3, 1, 37, 38, 39, 42, 41, 40, 26, 24, 25, 21, 23, 22, 35, 0, 4, 16, 17, 15, 19, 18, 20, 13, 12, 
10, 8, 7, 5, 6, 30, 29, 28, 27, 2, 36, 1, 3, 37, 38, 39, 42, 41, 40, 26, 25, 24, 21, 23, 22, 35, 0, 4, 16, 17, 15, 19, 18, 20, 14, 12, 13, 33, 34, 32, 31, 9, 11, 
14, 12, 13, 33, 34, 32, 31, 9, 11, 10, 8, 7, 5, 6, 29, 30, 28, 27, 2, 36, 3, 1, 37, 39, 38, 42, 41, 40, 26, 24, 25, 21, 23, 22, 35, 0, 4, 16, 17, 15, 19, 18, 20, 
30, 29, 28, 27, 2, 36, 3, 1, 37, 38, 39, 42, 41, 40, 26, 24, 25, 21, 23, 22, 35, 0, 4, 16, 17, 15, 19, 18, 20, 13, 12, 14, 33, 34, 32, 31, 9, 11, 8, 10, 7, 5, 6, 
12, 13, 14, 33, 34, 32, 31, 9, 11, 10, 8, 7, 5, 6, 29, 30, 28, 27, 2, 36, 3, 1, 37, 38, 39, 42, 41, 40, 26, 24, 25, 21, 23, 22, 35, 0, 4, 16, 17, 15, 18, 19, 20, 
22, 23, 35, 0, 4, 16, 17, 15, 19, 18, 20, 13, 12, 14, 33, 34, 32, 31, 9, 11, 10, 8, 7, 5, 6, 30, 29, 28, 27, 2, 36, 3, 1, 37, 39, 38, 42, 41, 40, 26, 24, 25, 21, 
29, 28, 27, 2, 36, 3, 1, 37, 38, 39, 42, 41, 40, 26, 24, 25, 21, 23, 22, 35, 0, 4, 16, 17, 15, 19, 18, 20, 13, 12, 14, 33, 34, 32, 31, 9, 11, 10, 8, 7, 5, 6, 30, 
3, 36, 1, 37, 38, 39, 42, 41, 40, 26, 24, 25, 21, 23, 22, 35, 0, 4, 16, 17, 15, 19, 18, 20, 13, 12, 14, 33, 34, 32, 31, 9, 11, 10, 8, 7, 5, 6, 29, 30, 28, 27, 2, 
10, 8, 5, 7, 6, 29, 30, 28, 27, 2, 36, 3, 1, 37, 38, 39, 42, 41, 40, 26, 25, 24, 21, 23, 22, 35, 0, 4, 16, 17, 15, 19, 18, 20, 13, 12, 14, 33, 34, 32, 31, 9, 11, 
13, 12, 14, 33, 34, 32, 31, 9, 11, 10, 8, 7, 5, 6, 29, 30, 28, 27, 2, 36, 3, 1, 37, 38, 39, 42, 41, 40, 26, 24, 25, 21, 23, 22, 35, 0, 4, 16, 17, 15, 18, 19, 20, 
31, 9, 11, 10, 8, 7, 5, 6, 29, 30, 28, 27, 2, 36, 3, 1, 37, 38, 39, 42, 41, 40, 26, 24, 25, 21, 23, 22, 35, 0, 4, 16, 17, 15, 19, 18, 20, 13, 12, 14, 33, 34, 32, 
17, 15, 19, 18, 20, 13, 12, 14, 33, 34, 32, 31, 9, 11, 10, 8, 7, 5, 6, 29, 30, 27, 28, 2, 36, 3, 1, 37, 38, 39, 42, 41, 40, 26, 24, 25, 21, 23, 22, 35, 0, 4, 16, 
11, 10, 8, 7, 5, 6, 29, 30, 28, 27, 2, 36, 3, 1, 37, 38, 39, 41, 42, 40, 26, 24, 25, 21, 23, 22, 35, 0, 4, 16, 17, 15, 19, 18, 20, 14, 12, 13, 33, 34, 32, 31, 9, 
10, 8, 7, 5, 6, 29, 30, 28, 27, 2, 36, 3, 1, 37, 38, 39, 42, 41, 40, 26, 24, 25, 21, 23, 22, 35, 0, 4, 16, 17, 15, 19, 20, 18, 13, 12, 14, 33, 34, 32, 31, 9, 11, 
13, 12, 14, 33, 34, 32, 31, 9, 11, 10, 8, 7, 5, 6, 29, 30, 28, 27, 2, 36, 3, 1, 37, 38, 39, 42, 41, 40, 26, 24, 25, 21, 23, 22, 35, 0, 4, 16, 17, 15, 19, 18, 20, 
17, 15, 19, 18, 20, 13, 12, 14, 33, 34, 32, 31, 9, 11, 10, 8, 7, 5, 6, 29, 30, 28, 27, 2, 36, 3, 1, 37, 38, 39, 42, 40, 41, 26, 24, 25, 21, 23, 22, 35, 0, 4, 16, 
32, 31, 9, 10, 8, 11, 7, 5, 6, 29, 30, 28, 27, 2, 36, 3, 1, 37, 39, 38, 42, 41, 40, 26, 24, 25, 21, 23, 22, 35, 0, 4, 16, 17, 15, 19, 18, 20, 13, 12, 14, 33, 34, 
9, 10, 8, 11, 7, 5, 6, 30, 29, 28, 27, 2, 36, 1, 3, 37, 38, 39, 42, 41, 40, 26, 24, 25, 21, 23, 22, 35, 0, 4, 16, 17, 15, 19, 18, 20, 13, 12, 14, 33, 34, 32, 31, 
9, 11, 10, 8, 7, 5, 6, 29, 30, 28, 27, 2, 36, 3, 1, 37, 39, 38, 42, 41, 40, 26, 24, 25, 21, 23, 22, 35, 0, 4, 16, 17, 15, 19, 18, 20, 14, 12, 13, 33, 34, 32, 31, 
32, 31, 9, 11, 10, 8, 7, 5, 6, 30, 29, 28, 27, 2, 36, 3, 1, 37, 39, 38, 42, 41, 40, 26, 24, 25, 21, 23, 22, 35, 0, 4, 16, 17, 15, 19, 18, 20, 13, 12, 14, 33, 34, 
9, 11, 7, 5, 6, 30, 29, 28, 27, 2, 36, 1, 3, 37, 38, 39, 42, 41, 40, 26, 24, 25, 21, 23, 22, 35, 0, 4, 16, 17, 15, 19, 18, 20, 13, 12, 14, 33, 34, 32, 31, 8, 10, 
10, 8, 7, 5, 6, 29, 30, 28, 27, 2, 36, 3, 1, 37, 38, 39, 42, 41, 40, 26, 25, 24, 21, 23, 22, 35, 0, 4, 16, 17, 15, 19, 18, 20, 13, 12, 14, 33, 34, 32, 31, 9, 11, 
32, 31, 9, 11, 10, 8, 7, 5, 6, 29, 30, 28, 27, 2, 36, 3, 1, 37, 38, 39, 42, 41, 40, 26, 24, 25, 21, 23, 22, 35, 0, 4, 16, 17, 15, 19, 18, 20, 14, 12, 13, 33, 34, 
6, 29, 30, 28, 27, 2, 36, 3, 1, 37, 38, 39, 42, 41, 40, 26, 24, 25, 21, 23, 22, 35, 0, 4, 16, 17, 15, 19, 18, 20, 13, 12, 14, 33, 34, 32, 31, 9, 10, 8, 11, 7, 5, 
10, 8, 7, 5, 6, 30, 29, 28, 27, 2, 36, 1, 3, 37, 38, 39, 42, 41, 40, 26, 24, 25, 21, 23, 22, 35, 0, 4, 16, 17, 15, 19, 18, 20, 14, 12, 13, 33, 34, 32, 31, 9, 11, 
19, 18, 20, 14, 12, 13, 33, 34, 32, 31, 9, 11, 10, 8, 7, 5, 6, 30, 29, 28, 27, 2, 36, 1, 3, 37, 38, 39, 42, 41, 40, 26, 24, 25, 21, 23, 22, 35, 0, 4, 17, 16, 15, 
7, 5, 6, 29, 30, 28, 27, 2, 36, 3, 1, 37, 38, 39, 42, 41, 40, 26, 24, 25, 21, 23, 22, 35, 0, 4, 16, 17, 15, 19, 18, 20, 13, 12, 14, 33, 34, 32, 31, 9, 11, 10, 8, 
27, 2, 36, 3, 1, 37, 39, 38, 42, 41, 40, 26, 24, 25, 21, 23, 22, 35, 0, 4, 16, 17, 15, 19, 18, 20, 13, 12, 14, 33, 34, 32, 31, 9, 11, 10, 8, 7, 5, 6, 29, 30, 28, 
17, 15, 19, 18, 20, 13, 12, 14, 33, 34, 32, 31, 9, 11, 10, 8, 7, 5, 6, 29, 30, 28, 27, 2, 36, 3, 1, 37, 38, 39, 42, 41, 40, 26, 24, 25, 21, 23, 22, 35, 0, 4, 16, 
15, 19, 18, 20, 13, 12, 14, 33, 34, 32, 31, 9, 11, 10, 8, 7, 5, 6, 29, 30, 28, 27, 2, 36, 3, 1, 37, 38, 39, 42, 41, 40, 26, 24, 25, 21, 23, 22, 35, 0, 4, 16, 17, 
40, 26, 24, 25, 21, 23, 22, 35, 0, 4, 16, 17, 15, 19, 18, 20, 13, 12, 14, 33, 34, 32, 31, 9, 11, 10, 8, 7, 5, 6, 29, 30, 28, 27, 2, 36, 3, 1, 37, 38, 39, 42, 41, 
8, 7, 5, 6, 29, 30, 28, 27, 2, 36, 3, 1, 37, 38, 39, 42, 41, 40, 26, 24, 25, 21, 23, 22, 35, 0, 4, 16, 17, 15, 19, 18, 20, 13, 12, 14, 33, 34, 32, 31, 9, 11, 10, 
41, 40, 26, 24, 25, 21, 23, 22, 35, 0, 4, 16, 17, 15, 19, 18, 20, 13, 12, 14, 33, 34, 32, 31, 9, 11, 10, 8, 7, 5, 6, 29, 30, 28, 27, 2, 36, 3, 1, 37, 39, 38, 42, 
31, 9, 11, 10, 8, 7, 5, 6, 29, 30, 28, 27, 2, 36, 3, 1, 37, 38, 39, 42, 41, 40, 26, 24, 25, 21, 23, 22, 35, 0, 4, 16, 17, 15, 19, 18, 20, 13, 12, 14, 33, 34, 32, 
32, 31, 9, 11, 10, 8, 7, 5, 6, 29, 30, 28, 27, 2, 36, 3, 1, 37, 38, 39, 42, 41, 40, 26, 24, 25, 21, 23, 22, 35, 0, 4, 16, 17, 15, 19, 18, 20, 12, 13, 14, 33, 34, 
13, 12, 14, 33, 34, 32, 31, 9, 11, 10, 8, 7, 5, 6, 29, 30, 28, 27, 2, 36, 3, 1, 37, 38, 39, 42, 41, 40, 26, 24, 25, 21, 23, 22, 35, 0, 4, 16, 17, 15, 19, 18, 20, 
27, 2, 36, 3, 1, 37, 38, 39, 42, 41, 40, 26, 24, 25, 21, 23, 22, 35, 0, 4, 16, 17, 15, 19, 18, 20, 13, 12, 14, 33, 34, 32, 31, 9, 11, 10, 8, 7, 5, 6, 29, 30, 28, 
32, 31, 9, 11, 10, 8, 7, 5, 6, 29, 30, 28, 27, 2, 36, 3, 1, 37, 38, 39, 42, 41, 40, 26, 24, 25, 21, 23, 22, 35, 0, 4, 16, 17, 15, 19, 18, 20, 13, 12, 14, 33, 34, 
32, 31, 9, 11, 10, 8, 7, 5, 6, 29, 30, 28, 27, 2, 36, 3, 1, 37, 38, 39, 42, 41, 40, 26, 24, 25, 21, 23, 22, 35, 0, 4, 16, 17, 15, 19, 18, 20, 13, 12, 14, 33, 34, 
10, 8, 7, 5, 6, 29, 30, 28, 27, 2, 36, 3, 1, 37, 38, 39, 42, 41, 40, 26, 24, 25, 21, 23, 22, 35, 0, 4, 16, 17, 15, 19, 18, 20, 13, 12, 14, 33, 34, 32, 31, 9, 11, 
7, 5, 6, 30, 29, 28, 27, 2, 36, 1, 3, 37, 38, 39, 42, 41, 40, 26, 24, 25, 21, 23, 22, 35, 0, 4, 16, 17, 15, 19, 18, 20, 13, 12, 14, 33, 34, 10, 8, 32, 31, 9, 11, 
38, 39, 41, 42, 40, 26, 24, 25, 21, 23, 22, 35, 0, 4, 1, 3, 36, 2, 27, 28, 30, 29, 6, 5, 7, 16, 17, 15, 19, 18, 20, 12, 13, 14, 33, 34, 32, 31, 9, 11, 8, 10, 37, 
34, 33, 14, 10, 11, 9, 31, 32, 8, 7, 5, 6, 29, 30, 28, 27, 2, 3, 36, 1, 37, 38, 39, 42, 41, 40, 26, 24, 25, 21, 22, 23, 35, 0, 4, 16, 17, 15, 19, 18, 20, 13, 12, 
27, 28, 30, 29, 6, 5, 7, 16, 17, 15, 19, 18, 20, 13, 12, 14, 33, 34, 32, 31, 9, 11, 8, 10, 37, 38, 39, 42, 41, 40, 26, 24, 25, 21, 23, 22, 35, 0, 4, 1, 36, 3, 2, 
38, 39, 42, 41, 40, 26, 24, 25, 21, 23, 22, 35, 0, 4, 1, 3, 36, 2, 27, 28, 30, 29, 6, 5, 7, 16, 17, 15, 19, 18, 20, 12, 13, 14, 33, 34, 32, 31, 9, 11, 8, 10, 37, 
32, 9, 31, 10, 11, 8, 7, 5, 6, 29, 30, 28, 27, 2, 36, 3, 1, 37, 39, 38, 42, 41, 40, 26, 24, 25, 21, 23, 22, 35, 0, 4, 16, 17, 15, 19, 18, 20, 13, 12, 14, 33, 34, 
15, 19, 18, 20, 14, 12, 13, 33, 34, 10, 11, 32, 31, 9, 8, 7, 5, 6, 29, 30, 28, 27, 2, 36, 3, 1, 37, 38, 39, 42, 41, 40, 26, 24, 25, 21, 23, 22, 35, 0, 4, 16, 17, 
1, 3, 36, 2, 37, 38, 39, 42, 41, 40, 26, 24, 25, 21, 23, 22, 35, 0, 4, 16, 17, 15, 19, 18, 20, 14, 12, 13, 33, 34, 10, 8, 32, 31, 9, 11, 7, 5, 6, 29, 30, 28, 27, 
0, 4, 16, 17, 20, 19, 18, 15, 13, 12, 14, 33, 34, 10, 8, 32, 31, 9, 11, 7, 5, 6, 30, 29, 28, 27, 2, 36, 3, 1, 37, 38, 39, 42, 41, 40, 26, 24, 25, 21, 23, 22, 35, 
3, 2, 27, 28, 30, 29, 6, 5, 7, 16, 17, 15, 19, 18, 20, 13, 12, 14, 33, 34, 32, 31, 9, 11, 8, 10, 37, 38, 39, 42, 41, 40, 26, 24, 25, 21, 23, 22, 35, 0, 4, 1, 36, 
34, 33, 14, 10, 11, 9, 31, 32, 8, 7, 5, 6, 29, 30, 28, 27, 2, 36, 3, 1, 37, 38, 39, 42, 41, 40, 26, 24, 25, 21, 23, 22, 35, 0, 4, 16, 17, 15, 19, 18, 20, 13, 12, 
10, 11, 9, 31, 32, 8, 7, 5, 6, 29, 30, 28, 27, 2, 36, 3, 1, 37, 38, 39, 42, 41, 40, 26, 24, 25, 21, 23, 22, 35, 0, 4, 16, 17, 20, 19, 18, 15, 13, 12, 14, 33, 34, 
15, 19, 18, 20, 13, 12, 34, 33, 14, 32, 31, 9, 11, 10, 8, 7, 5, 6, 29, 30, 28, 27, 2, 36, 3, 1, 37, 38, 39, 42, 41, 40, 26, 24, 25, 21, 23, 22, 35, 0, 4, 16, 17, 
31, 8, 7, 5, 6, 29, 30, 28, 27, 2, 36, 3, 1, 37, 38, 39, 42, 41, 40, 26, 24, 25, 21, 23, 22, 35, 0, 4, 16, 17, 15, 19, 18, 20, 13, 12, 14, 33, 34, 32, 10, 9, 11, 
10, 11, 9, 31, 32, 8, 7, 5, 6, 29, 30, 28, 27, 2, 36, 3, 1, 37, 38, 39, 42, 41, 40, 26, 24, 25, 21, 22, 23, 35, 0, 4, 16, 17, 15, 19, 18, 20, 13, 12, 34, 33, 14, 
23, 22, 35, 0, 4, 1, 2, 36, 3, 27, 28, 30, 29, 6, 5, 7, 16, 17, 15, 19, 18, 20, 13, 12, 14, 33, 34, 32, 31, 9, 11, 8, 10, 37, 38, 39, 42, 41, 40, 26, 24, 25, 21, 
10, 11, 9, 31, 32, 8, 7, 5, 6, 29, 30, 28, 27, 2, 36, 3, 1, 37, 38, 39, 42, 41, 40, 26, 24, 25, 21, 23, 22, 35, 0, 4, 16, 17, 15, 19, 18, 20, 13, 12, 14, 33, 34, 
37, 38, 39, 42, 41, 40, 26, 24, 25, 21, 23, 22, 35, 0, 4, 16, 15, 17, 19, 18, 20, 14, 12, 13, 34, 33, 31, 9, 10, 32, 8, 11, 7, 5, 6, 29, 30, 28, 27, 2, 36, 1, 3, 
39, 42, 41, 40, 26, 24, 25, 21, 23, 22, 35, 0, 4, 16, 17, 15, 19, 18, 20, 13, 12, 14, 33, 34, 10, 11, 32, 31, 9, 8, 7, 5, 6, 29, 30, 28, 27, 2, 36, 3, 1, 37, 38, 
10, 8, 7, 5, 6, 29, 30, 28, 27, 2, 36, 3, 1, 37, 38, 39, 42, 41, 40, 26, 24, 25, 21, 23, 22, 35, 0, 4, 16, 17, 15, 19, 20, 18, 13, 12, 33, 14, 34, 32, 31, 9, 11, 
10, 11, 9, 31, 32, 8, 7, 5, 6, 29, 30, 28, 27, 2, 36, 3, 1, 37, 38, 39, 42, 41, 40, 26, 24, 25, 21, 23, 22, 35, 0, 4, 16, 17, 20, 18, 19, 15, 34, 33, 14, 12, 13, 
10, 11, 9, 31, 8, 7, 5, 6, 29, 30, 28, 27, 2, 36, 3, 1, 37, 38, 39, 42, 41, 40, 26, 24, 25, 21, 23, 22, 35, 0, 4, 16, 17, 15, 19, 18, 20, 13, 12, 14, 33, 34, 32, 
32, 10, 9, 11, 31, 8, 7, 5, 6, 29, 30, 28, 27, 2, 36, 3, 1, 37, 38, 39, 42, 41, 40, 26, 24, 25, 21, 23, 22, 35, 0, 4, 16, 17, 15, 19, 18, 20, 13, 12, 14, 33, 34, 
29, 5, 6, 7, 30, 28, 27, 2, 36, 3, 1, 37, 38, 39, 42, 41, 40, 26, 24, 25, 21, 23, 22, 35, 0, 4, 16, 17, 15, 19, 18, 20, 14, 12, 13, 33, 34, 11, 8, 10, 9, 31, 32, 
31, 9, 11, 7, 6, 5, 30, 29, 28, 27, 1, 36, 3, 2, 37, 38, 39, 42, 41, 40, 26, 24, 25, 21, 23, 22, 35, 0, 4, 16, 17, 15, 19, 18, 20, 13, 12, 14, 33, 34, 10, 8, 32, 
10, 11, 9, 31, 32, 8, 7, 5, 6, 29, 30, 28, 27, 3, 36, 2, 1, 37, 38, 39, 42, 41, 40, 26, 24, 25, 21, 23, 22, 35, 0, 4, 16, 17, 15, 19, 18, 20, 13, 12, 14, 33, 34, 
23, 22, 35, 0, 4, 16, 17, 15, 19, 18, 20, 13, 12, 34, 33, 14, 10, 11, 9, 31, 32, 8, 7, 5, 6, 29, 30, 28, 27, 2, 3, 36, 1, 37, 38, 39, 42, 41, 40, 26, 24, 25, 21, 
10, 11, 9, 31, 32, 8, 7, 5, 6, 29, 30, 28, 27, 2, 3, 36, 1, 37, 38, 39, 42, 41, 40, 26, 24, 25, 21, 22, 23, 35, 0, 4, 16, 17, 15, 19, 18, 20, 13, 12, 34, 33, 14, 
18, 20, 13, 12, 14, 33, 34, 10, 8, 32, 31, 11, 9, 7, 5, 6, 29, 30, 28, 27, 2, 36, 3, 1, 37, 38, 39, 42, 41, 40, 26, 24, 25, 21, 23, 22, 35, 0, 4, 16, 17, 15, 19, 
19, 18, 20, 14, 33, 13, 12, 34, 32, 31, 9, 11, 10, 8, 7, 5, 6, 30, 29, 28, 27, 2, 36, 1, 3, 37, 38, 39, 42, 41, 40, 26, 24, 25, 21, 23, 22, 35, 0, 4, 17, 16, 15, 
37, 38, 39, 42, 41, 40, 26, 24, 25, 21, 23, 22, 35, 0, 4, 16, 15, 17, 19, 18, 20, 14, 12, 13, 34, 33, 32, 8, 31, 11, 9, 10, 7, 5, 6, 29, 30, 28, 27, 2, 36, 1, 3, 
37, 38, 39, 42, 41, 40, 26, 24, 25, 21, 23, 22, 35, 0, 4, 16, 15, 20, 19, 18, 17, 14, 12, 33, 34, 13, 11, 8, 31, 32, 9, 10, 7, 5, 6, 29, 30, 28, 27, 2, 36, 1, 3, 
14, 33, 34, 32, 11, 8, 31, 9, 10, 7, 5, 6, 30, 29, 28, 27, 2, 36, 1, 3, 37, 38, 39, 42, 41, 40, 26, 24, 25, 21, 23, 22, 35, 0, 4, 16, 17, 15, 19, 18, 20, 13, 12, 
27, 2, 36, 3, 1, 37, 38, 39, 42, 41, 40, 26, 24, 25, 21, 23, 22, 35, 0, 4, 16, 17, 15, 19, 18, 20, 13, 33, 14, 12, 34, 32, 31, 9, 11, 8, 10, 7, 5, 6, 29, 30, 28, 
13, 12, 14, 33, 34, 10, 8, 11, 9, 31, 32, 7, 6, 5, 30, 29, 28, 27, 2, 36, 3, 1, 37, 38, 39, 42, 41, 40, 26, 24, 25, 21, 23, 22, 35, 0, 4, 15, 17, 16, 19, 18, 20, 
37, 38, 39, 42, 41, 40, 26, 24, 25, 21, 23, 22, 35, 0, 4, 16, 15, 20, 19, 18, 17, 14, 12, 13, 34, 33, 11, 8, 31, 32, 9, 10, 7, 5, 6, 29, 30, 28, 27, 2, 36, 1, 3, 
10, 11, 9, 31, 32, 8, 7, 5, 6, 29, 30, 28, 27, 2, 36, 3, 1, 37, 38, 39, 42, 41, 40, 26, 24, 25, 21, 22, 23, 35, 0, 4, 16, 17, 15, 19, 18, 20, 13, 12, 34, 33, 14, 
10, 11, 9, 31, 32, 8, 7, 5, 6, 29, 30, 28, 27, 2, 36, 3, 1, 37, 38, 39, 42, 41, 40, 26, 24, 25, 21, 23, 22, 35, 0, 4, 16, 17, 15, 19, 18, 20, 13, 12, 14, 33, 34, 
7, 5, 6, 29, 30, 28, 27, 2, 36, 3, 1, 37, 38, 39, 42, 41, 40, 26, 24, 25, 21, 23, 22, 35, 0, 4, 16, 17, 15, 19, 18, 20, 14, 12, 13, 33, 34, 11, 8, 10, 9, 31, 32, 
27, 2, 36, 3, 1, 37, 38, 39, 42, 41, 40, 26, 24, 25, 21, 23, 22, 35, 0, 4, 16, 17, 15, 19, 18, 20, 13, 33, 14, 12, 34, 32, 31, 9, 11, 10, 8, 7, 5, 6, 29, 30, 28, 
32, 31, 9, 11, 10, 8, 7, 5, 30, 29, 6, 28, 27, 2, 36, 3, 1, 37, 38, 39, 42, 41, 40, 26, 24, 25, 21, 23, 22, 35, 0, 4, 16, 17, 15, 19, 18, 20, 13, 12, 14, 33, 34, 
17, 15, 19, 18, 20, 13, 12, 14, 33, 34, 32, 10, 8, 31, 9, 11, 7, 5, 6, 30, 29, 28, 27, 2, 36, 1, 3, 37, 38, 39, 42, 41, 40, 26, 24, 25, 21, 23, 22, 35, 0, 4, 16, 
10, 11, 9, 31, 32, 8, 7, 5, 6, 29, 30, 28, 27, 2, 36, 3, 1, 37, 38, 39, 42, 41, 40, 26, 24, 25, 21, 23, 22, 35, 0, 4, 16, 17, 15, 19, 18, 20, 13, 12, 34, 33, 14, 
14, 33, 34, 32, 10, 8, 31, 9, 11, 7, 5, 6, 30, 29, 28, 27, 2, 36, 1, 3, 37, 38, 39, 42, 41, 40, 26, 24, 25, 21, 23, 22, 35, 0, 4, 16, 17, 15, 19, 18, 20, 13, 12, 
15, 19, 18, 20, 13, 12, 14, 33, 34, 32, 10, 8, 31, 9, 11, 7, 5, 6, 30, 29, 28, 27, 2, 36, 1, 3, 37, 38, 39, 42, 41, 40, 26, 24, 25, 21, 23, 22, 35, 0, 4, 16, 17, 
10, 11, 9, 31, 32, 8, 7, 5, 6, 29, 30, 28, 27, 2, 36, 1, 3, 37, 38, 39, 42, 41, 40, 26, 24, 25, 21, 23, 22, 35, 0, 4, 16, 17, 15, 19, 18, 20, 13, 12, 14, 33, 34, 
37, 38, 39, 42, 41, 40, 26, 24, 25, 21, 23, 22, 35, 0, 4, 15, 17, 16, 19, 18, 20, 13, 12, 14, 33, 34, 10, 8, 32, 31, 11, 9, 7, 5, 6, 30, 29, 28, 27, 2, 36, 3, 1, 
39, 42, 41, 40, 26, 24, 25, 21, 23, 22, 35, 0, 4, 16, 17, 15, 19, 18, 20, 13, 12, 14, 33, 34, 32, 10, 8, 31, 9, 11, 7, 5, 6, 30, 29, 28, 27, 2, 36, 1, 3, 37, 38, 
10, 11, 9, 31, 32, 8, 7, 5, 6, 29, 30, 28, 27, 2, 36, 3, 1, 37, 38, 39, 42, 41, 40, 26, 24, 25, 21, 23, 22, 35, 0, 4, 16, 17, 15, 19, 18, 20, 13, 12, 14, 33, 34, 
37, 38, 39, 42, 41, 40, 26, 24, 25, 21, 23, 22, 35, 0, 4, 17, 16, 15, 19, 18, 20, 13, 12, 14, 33, 34, 10, 11, 9, 31, 32, 8, 7, 5, 6, 29, 30, 28, 27, 2, 36, 1, 3, 
38, 39, 42, 41, 40, 26, 24, 25, 21, 23, 22, 35, 0, 4, 1, 3, 36, 2, 27, 28, 30, 29, 6, 5, 7, 16, 17, 15, 19, 18, 20, 13, 12, 14, 33, 34, 32, 31, 9, 11, 8, 10, 37, 
Tiempo de ejecucion (total): 2.677
Best fitness a lo largo del tiempo: 
17142, 17128, 11676, 11676, 11676, 11668, 11668, 11668, 11668, 11668, 11646, 6448, 6448, 6357, 6338, 6263, 6202, 6192, 6143, 6143, 6138, 6083, 6058, 6058, 6043, 6043, 6043, 6043, 6026, 5984, 5971, 5971, 5971, 5971, 5945, 5945, 5945, 5945, 5945, 5945, 5944, 5944, 5925, 5925, 5911, 5911, 5905, 5905, 5905, 5890, 5890, 5876, 5876, 5864, 5864, 5864, 5864, 5864, 5797, 5797, 5797, 5797, 5797, 5797, 5797, 5797, 5797, 5797, 5797, 5797, 5797, 5797, 5797, 5797, 5783, 5783, 5783, 5783, 5783, 5783, 5783, 5773, 5773, 5773, 5773, 5765, 5765, 5765, 5765, 5765, 5765, 5765, 5765, 5765, 5743, 5743, 5743, 5743, 5743, 5743, 5743, 5743, 5738, 5738, 5738, 5738, 5738, 5735, 5735, 5735, 5735, 5735, 5735, 5735, 5735, 5723, 5723, 5723, 5723, 5723, 5723, 5723, 5723, 5710, 5710, 5710, 5710, 5710, 5710, 5710, 5710, 5710, 5710, 5710, 5710, 5706, 5706, 5706, 5706, 5692, 5692, 5692, 5692, 5692, 5692, 5692, 5692, 5692, 5692, 5692, 5692, 5692, 5692, 5692, 5691, 5691, 5691, 5691, 5691, 5691, 5691, 5691, 5691, 5691, 5682, 5682, 5682, 5682, 5682, 5682, 5682, 5681, 5681, 5681, 5681, 5675, 5675, 5675, 5675, 5675, 5675, 5675, 5675, 5675, 5675, 5675, 5675, 5675, 5675, 5675, 5675, 5675, 5675, 5675, 5672, 5672, 5672, 5669, 5669, 5669, 5669, 5669, 5660, 5660, 5660, 5660, 5659, 5659, 5659, 5659, 5659, 5659, 5659, 5652, 5652, 5652, 5652, 5652, 5652, 5652, 5652, 5652, 5652, 5652, 5652, 5652, 5652, 5652, 5652, 5652, 5652, 5652, 5652, 5646, 5646, 5646, 5646, 5646, 5646, 5646, 5646, 5646, 5646, 5646, 5640, 5640, 5640, 5640, 5640, 5640, 5640, 5640, 5640, 5640, 5640, 5640, 5640, 5640, 5636, 5636, 5636, 5636, 5636, 5636, 5636, 5636, 5636, 5636, 5636, 5636, 5632, 5632, 5632, 5632, 5632, 5632, 5632, 5632, 5632, 5632, 5632, 5632, 5632, 5632, 5632, 5628, 5628, 5628, 5628, 5628, 5628, 5628, 5628, 5628, 5628, 5628, 5628, 5626, 5626, 5626, 5626, 5626, 5626, 5626, 5626, 5626, 5626, 5626, 5626, 5626, 5626, 5626, 5626, 5626, 5624, 5624, 5624, 5624, 5624, 5624, 5624, 5624, 5624, 5624, 5624, 5624, 5624, 5624, 5624, 5624, 5624, 5624, 5624, 5624, 5624, 5624, 5624, 5624, 5624, 5624, 5624, 5624, 5624, 5624, 5624, 5624, 5624, 5624, 5624, 5624, 5624, 5624, 5624, 5624, 5624, 5624, 5624, 5624, 5624, 5624, 5624, 5624, 5624, 5624, 5624, 5624, 5624, 5624, 5624, 5624, 5624, 5624, 5624, 5624, 5624, 5624, 5622, 5622, 5622, 5622, 5622, 5622, 5622, 5622, 5622, 5622, 5622, 5622, 5622, 5622, 5622, 5622, 5622, 5622, 5622, 5622, 5622, 5622, 5622, 5622, 5622, 5622, 5622, 5622, 5622, 5622, 5622, 5622, 5622, 5622, 5622, 5622, 5622, 5622, 5622, 5622, 5622, 5622, 5622, 5622, 5622, 5622, 5622, 5622, 5622, 5622, 5622, 5622, 5622, 5622, 5622, 5622, 5622, 5622, 5622, 5622, 5622, 5622, 5622, 5622, 5622, 5622, 5622, 5622, 5622, 5622, 5622, 5622, 5620, 
Fitness promedio a lo largo del tiempo: 
25609, 24991, 24378, 23615, 22802, 21991, 21179, 20364, 19550, 18736, 17720, 16907, 15944, 15221, 14397, 13570, 12747, 11926, 11111, 10347, 9791, 9242, 8748, 8453, 8162, 7876, 7592, 7310, 7027, 6745, 6463, 6186, 6153, 6128, 6109, 6094, 6081, 6070, 6059, 6049, 6040, 6031, 6022, 6013, 6005, 5998, 5992, 5986, 5978, 5973, 5967, 5961, 5955, 5950, 5944, 5940, 5936, 5931, 5926, 5921, 5916, 5910, 5906, 5901, 5896, 5891, 5886, 5883, 5879, 5875, 5871, 5867, 5864, 5859, 5856, 5852, 5848, 5844, 5841, 5837, 5833, 5829, 5825, 5823, 5819, 5816, 5814, 5811, 5808, 5805, 5802, 5800, 5798, 5795, 5793, 5791, 5789, 5788, 5786, 5785, 5782, 5781, 5779, 5778, 5775, 5774, 5772, 5771, 5770, 5769, 5767, 5765, 5765, 5764, 5762, 5760, 5758, 5757, 5756, 5755, 5754, 5753, 5752, 5751, 5750, 5749, 5747, 5746, 5745, 5744, 5743, 5741, 5740, 5739, 5738, 5737, 5735, 5735, 5733, 5732, 5731, 5730, 5729, 5728, 5726, 5726, 5725, 5724, 5723, 5722, 5722, 5721, 5720, 5718, 5718, 5717, 5716, 5715, 5714, 5714, 5713, 5712, 5711, 5710, 5709, 5708, 5707, 5706, 5706, 5705, 5703, 5702, 5702, 5701, 5700, 5699, 5699, 5698, 5697, 5696, 5696, 5696, 5695, 5695, 5694, 5694, 5694, 5693, 5693, 5692, 5691, 5691, 5690, 5689, 5689, 5688, 5688, 5687, 5687, 5686, 5686, 5685, 5685, 5684, 5684, 5683, 5682, 5682, 5681, 5680, 5680, 5679, 5678, 5678, 5677, 5677, 5676, 5676, 5675, 5674, 5673, 5673, 5672, 5672, 5671, 5671, 5670, 5669, 5669, 5668, 5667, 5667, 5666, 5666, 5665, 5664, 5664, 5663, 5662, 5662, 5661, 5661, 5660, 5659, 5658, 5658, 5657, 5657, 5656, 5656, 5655, 5655, 5654, 5654, 5653, 5653, 5652, 5652, 5651, 5650, 5650, 5650, 5649, 5649, 5649, 5648, 5648, 5647, 5647, 5646, 5646, 5645, 5644, 5644, 5643, 5643, 5642, 5642, 5642, 5641, 5640, 5640, 5640, 5639, 5638, 5638, 5638, 5637, 5637, 5636, 5636, 5635, 5635, 5635, 5634, 5634, 5633, 5633, 5633, 5633, 5632, 5632, 5632, 5632, 5632, 5632, 5632, 5631, 5631, 5631, 5631, 5631, 5631, 5630, 5630, 5630, 5630, 5630, 5630, 5630, 5629, 5629, 5629, 5629, 5629, 5629, 5629, 5629, 5629, 5629, 5629, 5629, 5629, 5628, 5628, 5628, 5628, 5628, 5628, 5628, 5628, 5628, 5628, 5628, 5628, 5628, 5628, 5628, 5628, 5628, 5627, 5627, 5627, 5627, 5627, 5627, 5627, 5627, 5627, 5627, 5627, 5627, 5627, 5627, 5627, 5627, 5627, 5627, 5627, 5627, 5627, 5627, 5627, 5627, 5627, 5627, 5627, 5626, 5626, 5626, 5626, 5626, 5626, 5626, 5626, 5626, 5626, 5626, 5626, 5626, 5626, 5626, 5625, 5625, 5625, 5625, 5625, 5625, 5625, 5625, 5625, 5625, 5625, 5624, 5624, 5624, 5624, 5624, 5624, 5624, 5624, 5624, 5624, 5624, 5624, 5624, 5624, 5624, 5624, 5624, 5624, 5624, 5624, 5624, 5624, 5624, 5623, 5623, 5623, 5623, 5624, 5623, 5623, 5623, 5623, 5623, 5623, 5623, 5623, 5623, 5623, 5623, 5623, 5623, 5623, 5623, 5623, 5623, 
Mejor solucion obtenida: 32, 31, 9, 11, 10, 8, 7, 5, 6, 29, 30, 28, 27, 2, 1, 3, 36, 37, 38, 39, 42, 41, 40, 26, 24, 25, 21, 23, 22, 35, 0, 4, 16, 17, 15, 19, 18, 20, 12, 13, 14, 33, 34, || Fitness: 5620;