Archivo Usado: p43.atsp
Tamaño de la Poblacion: 100
Reemplazo por Generacion: 5
Tamaño de los Torneos: 5
Cantidad de ciudades: 43
Probabilidad de cruce: 90000
Probabilidad mutacion simple: 3000
Probabilidad mutacion compleja: 10000
Cruces minimos de la mutacion compleja: 4
Iteraciones ejecutadas: 10000
Largo del cruce PMX: 6
Operador de Cruce: 0
Metodo seleccion de Padres: 0
Operador de Mutacion: 0
Metodo seleccion de Supervivientes: 0
Cantidad de threads a usar: 8
29, 30, 32, 31, 8, 9, 10, 11, 13, 33, 34, 14, 12, 19, 18, 20, 17, 15, 16, 4, 0, 35, 22, 23, 21, 25, 24, 26, 41, 42, 40, 38, 39, 37, 36, 1, 2, 28, 27, 3, 7, 6, 5, 
32, 31, 10, 11, 9, 8, 12, 13, 14, 33, 34, 17, 19, 18, 20, 16, 15, 4, 0, 35, 22, 23, 21, 24, 25, 26, 40, 42, 41, 38, 39, 37, 36, 1, 28, 27, 2, 3, 7, 5, 6, 29, 30, 
40, 42, 38, 39, 37, 36, 1, 27, 28, 2, 3, 7, 6, 5, 29, 30, 32, 31, 8, 9, 11, 10, 12, 14, 34, 33, 13, 15, 17, 18, 19, 20, 16, 4, 0, 35, 23, 22, 21, 24, 25, 26, 41, 
11, 13, 33, 34, 14, 12, 18, 20, 19, 17, 15, 16, 4, 0, 35, 22, 23, 21, 25, 24, 26, 41, 42, 40, 38, 39, 37, 36, 2, 1, 27, 28, 3, 7, 6, 5, 29, 30, 32, 31, 8, 9, 10, 
27, 28, 3, 1, 2, 36, 37, 39, 38, 40, 41, 42, 26, 24, 25, 21, 23, 22, 35, 0, 4, 17, 20, 19, 18, 16, 15, 13, 12, 14, 34, 33, 31, 32, 10, 9, 11, 8, 7, 5, 6, 29, 30, 
12, 33, 34, 14, 9, 10, 11, 8, 32, 31, 30, 29, 5, 6, 7, 3, 28, 27, 1, 2, 36, 37, 39, 38, 41, 40, 42, 26, 24, 25, 21, 23, 22, 35, 0, 4, 15, 16, 17, 19, 20, 18, 13, 
31, 8, 11, 9, 10, 32, 30, 29, 6, 5, 7, 1, 27, 28, 3, 2, 36, 37, 39, 38, 40, 41, 42, 26, 24, 25, 21, 23, 22, 35, 0, 4, 17, 16, 15, 18, 19, 20, 12, 14, 13, 33, 34, 
9, 11, 8, 10, 31, 32, 30, 29, 5, 6, 7, 3, 28, 27, 1, 2, 36, 37, 39, 38, 41, 40, 42, 26, 24, 25, 21, 23, 22, 35, 0, 4, 15, 16, 17, 19, 20, 18, 13, 33, 34, 14, 12, 
38, 39, 40, 41, 42, 26, 25, 24, 21, 22, 23, 35, 0, 4, 15, 16, 20, 18, 19, 17, 34, 33, 14, 13, 12, 8, 9, 11, 10, 31, 32, 30, 29, 6, 5, 7, 3, 2, 27, 28, 1, 36, 37, 
11, 10, 9, 8, 32, 31, 30, 29, 5, 6, 7, 3, 2, 27, 28, 1, 36, 37, 39, 38, 41, 40, 42, 26, 24, 25, 21, 23, 22, 35, 0, 4, 15, 16, 17, 20, 19, 18, 13, 14, 12, 33, 34, 
33, 34, 14, 12, 8, 11, 9, 10, 31, 32, 30, 29, 5, 7, 6, 3, 28, 27, 1, 2, 36, 37, 39, 38, 41, 42, 40, 26, 24, 25, 21, 23, 22, 35, 0, 4, 15, 16, 17, 19, 20, 18, 13, 
8, 11, 9, 10, 31, 32, 30, 29, 5, 6, 7, 3, 28, 27, 1, 2, 36, 37, 39, 38, 41, 40, 42, 26, 24, 25, 21, 23, 22, 35, 0, 4, 15, 16, 17, 18, 20, 19, 14, 13, 33, 34, 12, 
34, 33, 12, 14, 10, 11, 9, 8, 32, 31, 30, 29, 6, 5, 7, 3, 1, 28, 27, 2, 36, 37, 39, 38, 40, 41, 42, 26, 24, 25, 21, 23, 22, 35, 0, 4, 16, 15, 18, 19, 20, 17, 13, 
34, 33, 13, 14, 11, 9, 10, 8, 31, 32, 29, 30, 5, 6, 7, 3, 27, 28, 2, 1, 36, 37, 38, 39, 40, 41, 42, 26, 24, 25, 21, 23, 22, 35, 0, 4, 15, 16, 18, 20, 19, 17, 12, 
34, 33, 12, 14, 10, 8, 9, 11, 31, 32, 30, 29, 5, 6, 7, 3, 27, 28, 1, 2, 36, 37, 38, 39, 40, 42, 41, 26, 25, 24, 21, 22, 23, 35, 0, 4, 16, 19, 20, 18, 17, 15, 13, 
38, 39, 40, 41, 42, 26, 25, 24, 21, 22, 23, 35, 0, 4, 15, 16, 20, 18, 19, 17, 14, 33, 34, 13, 12, 8, 9, 10, 11, 31, 32, 30, 29, 6, 5, 7, 3, 2, 28, 27, 1, 36, 37, 
38, 39, 40, 41, 42, 26, 25, 24, 21, 22, 23, 35, 0, 4, 15, 16, 20, 18, 19, 17, 34, 33, 14, 13, 12, 8, 9, 11, 10, 31, 32, 30, 29, 6, 5, 7, 3, 2, 28, 27, 1, 36, 37, 
12, 13, 14, 34, 33, 31, 9, 11, 8, 10, 32, 30, 29, 6, 5, 7, 1, 27, 28, 3, 2, 36, 37, 39, 38, 40, 41, 42, 26, 25, 24, 21, 23, 22, 35, 0, 4, 17, 16, 15, 18, 19, 20, 
33, 34, 14, 12, 10, 11, 9, 8, 32, 31, 30, 29, 6, 5, 7, 3, 1, 28, 27, 2, 36, 37, 39, 38, 40, 41, 42, 26, 24, 25, 21, 23, 22, 35, 0, 4, 16, 15, 18, 19, 20, 17, 13, 
17, 19, 20, 18, 16, 13, 12, 33, 34, 14, 10, 8, 9, 11, 32, 31, 29, 30, 7, 5, 6, 1, 27, 28, 3, 2, 36, 37, 39, 38, 41, 42, 40, 26, 25, 24, 21, 23, 22, 35, 0, 4, 15, 
3, 28, 27, 1, 2, 36, 37, 39, 38, 40, 41, 42, 26, 24, 25, 21, 23, 22, 35, 0, 4, 17, 18, 19, 20, 16, 15, 13, 12, 14, 34, 33, 31, 32, 10, 9, 11, 8, 7, 5, 6, 29, 30, 
15, 19, 20, 18, 16, 17, 13, 33, 34, 14, 12, 8, 9, 11, 10, 31, 32, 30, 29, 5, 6, 7, 3, 27, 28, 1, 2, 36, 37, 39, 38, 41, 40, 42, 26, 24, 25, 21, 23, 22, 35, 0, 4, 
1, 28, 27, 2, 36, 37, 39, 38, 40, 42, 41, 26, 24, 25, 21, 22, 23, 35, 0, 4, 16, 15, 17, 20, 19, 18, 12, 33, 34, 14, 13, 10, 9, 11, 8, 32, 31, 29, 30, 7, 5, 6, 3, 
11, 9, 8, 31, 32, 30, 29, 6, 5, 7, 1, 27, 28, 3, 2, 36, 37, 39, 38, 40, 41, 42, 26, 24, 25, 21, 23, 22, 35, 0, 4, 15, 16, 18, 20, 19, 17, 13, 12, 14, 34, 33, 10, 
34, 33, 12, 14, 9, 11, 10, 8, 32, 31, 30, 29, 6, 5, 7, 3, 27, 28, 1, 2, 36, 37, 39, 38, 40, 41, 42, 26, 25, 24, 21, 23, 22, 35, 0, 4, 15, 16, 18, 20, 19, 17, 13, 
32, 31, 29, 30, 6, 5, 7, 3, 27, 28, 2, 1, 36, 37, 39, 38, 40, 42, 41, 26, 25, 24, 21, 23, 22, 35, 0, 4, 15, 17, 19, 20, 18, 16, 12, 13, 33, 34, 14, 10, 9, 11, 8, 
32, 31, 30, 29, 7, 5, 6, 3, 1, 27, 28, 2, 36, 37, 39, 38, 40, 41, 42, 26, 25, 24, 21, 23, 22, 35, 0, 4, 16, 15, 17, 18, 20, 19, 12, 13, 34, 33, 14, 10, 9, 8, 11, 
32, 31, 30, 29, 7, 5, 6, 3, 1, 27, 28, 2, 36, 37, 39, 38, 40, 41, 42, 26, 25, 24, 21, 23, 22, 35, 0, 4, 16, 15, 17, 19, 20, 18, 12, 13, 34, 33, 14, 10, 9, 8, 11, 
34, 33, 12, 14, 10, 8, 9, 11, 31, 32, 30, 29, 6, 5, 7, 3, 1, 28, 27, 2, 36, 37, 38, 39, 40, 42, 41, 26, 25, 24, 21, 22, 23, 35, 0, 4, 16, 19, 20, 18, 17, 15, 13, 
38, 39, 40, 41, 42, 26, 25, 24, 21, 22, 23, 35, 0, 4, 15, 16, 20, 18, 19, 17, 14, 33, 34, 13, 12, 8, 9, 11, 10, 31, 32, 30, 29, 6, 5, 7, 3, 2, 28, 27, 1, 36, 37, 
3, 28, 27, 2, 36, 37, 39, 38, 40, 42, 41, 26, 24, 25, 21, 23, 22, 35, 0, 4, 16, 15, 17, 20, 18, 19, 14, 13, 33, 34, 12, 11, 10, 9, 8, 31, 32, 30, 29, 5, 6, 7, 1, 
13, 12, 14, 34, 33, 9, 10, 11, 8, 32, 31, 30, 29, 5, 6, 7, 3, 28, 27, 1, 2, 36, 37, 39, 38, 41, 40, 42, 26, 24, 25, 21, 23, 22, 35, 0, 4, 15, 16, 17, 19, 20, 18, 
33, 34, 13, 11, 9, 10, 8, 31, 32, 30, 29, 6, 5, 7, 3, 27, 28, 1, 2, 36, 37, 39, 38, 40, 41, 42, 26, 24, 25, 21, 23, 22, 35, 0, 4, 16, 15, 17, 20, 19, 18, 12, 14, 
5, 7, 6, 1, 27, 28, 3, 2, 36, 37, 39, 38, 40, 41, 42, 26, 25, 24, 21, 23, 22, 35, 0, 4, 16, 15, 19, 20, 18, 17, 12, 13, 34, 33, 14, 9, 11, 8, 10, 31, 32, 30, 29, 
9, 8, 11, 32, 31, 29, 30, 7, 5, 6, 3, 1, 27, 28, 2, 36, 37, 39, 38, 40, 42, 41, 26, 24, 25, 21, 22, 23, 35, 0, 4, 16, 15, 17, 19, 18, 20, 13, 33, 34, 12, 14, 10, 
2, 27, 28, 1, 36, 37, 39, 38, 41, 42, 40, 26, 24, 25, 21, 23, 22, 35, 0, 4, 15, 16, 17, 20, 19, 18, 12, 34, 33, 14, 13, 10, 11, 9, 8, 31, 32, 30, 29, 5, 6, 7, 3, 
16, 15, 17, 20, 19, 18, 12, 34, 33, 14, 13, 10, 11, 9, 8, 31, 32, 30, 29, 5, 6, 7, 3, 2, 27, 28, 1, 36, 37, 39, 38, 41, 42, 40, 26, 24, 25, 21, 23, 22, 35, 0, 4, 
29, 30, 6, 5, 7, 3, 28, 27, 1, 2, 36, 37, 38, 39, 40, 41, 42, 26, 25, 24, 21, 23, 22, 35, 0, 4, 15, 16, 18, 19, 20, 17, 14, 13, 12, 33, 34, 31, 32, 11, 9, 8, 10, 
17, 19, 20, 18, 16, 13, 12, 33, 34, 14, 10, 8, 9, 11, 32, 31, 29, 30, 7, 5, 6, 3, 27, 28, 1, 2, 36, 37, 39, 38, 41, 42, 40, 26, 25, 24, 21, 23, 22, 35, 0, 4, 15, 
34, 33, 12, 14, 10, 8, 9, 11, 31, 32, 30, 29, 5, 6, 7, 3, 1, 28, 27, 2, 36, 37, 38, 39, 40, 42, 41, 26, 25, 24, 21, 22, 23, 35, 0, 4, 16, 19, 20, 18, 17, 15, 13, 
9, 11, 10, 8, 31, 32, 30, 29, 5, 6, 7, 3, 2, 27, 28, 1, 36, 37, 39, 38, 42, 40, 41, 26, 24, 25, 21, 23, 22, 35, 0, 4, 15, 16, 17, 18, 19, 20, 34, 33, 13, 14, 12, 
1, 28, 27, 2, 36, 37, 39, 38, 40, 42, 41, 26, 24, 25, 21, 23, 22, 35, 0, 4, 16, 15, 17, 20, 18, 19, 12, 14, 34, 33, 13, 11, 10, 9, 8, 31, 32, 30, 29, 5, 6, 7, 3, 
13, 34, 33, 12, 10, 11, 9, 8, 32, 31, 29, 30, 6, 5, 7, 3, 28, 27, 1, 2, 36, 37, 39, 38, 40, 42, 41, 26, 24, 25, 21, 23, 22, 35, 0, 4, 15, 16, 17, 20, 18, 19, 14, 
27, 28, 1, 2, 36, 37, 39, 38, 41, 40, 42, 26, 24, 25, 21, 23, 22, 35, 0, 4, 15, 16, 19, 18, 20, 17, 34, 33, 13, 14, 12, 8, 9, 11, 10, 31, 32, 30, 29, 5, 6, 7, 3, 
3, 28, 27, 1, 2, 36, 37, 39, 38, 40, 41, 42, 26, 24, 25, 21, 23, 22, 35, 0, 4, 17, 20, 19, 18, 16, 15, 13, 12, 14, 34, 33, 31, 32, 10, 9, 11, 8, 7, 5, 6, 29, 30, 
19, 18, 20, 12, 13, 14, 34, 33, 10, 9, 11, 8, 32, 31, 30, 29, 5, 6, 7, 3, 28, 27, 1, 2, 36, 37, 39, 38, 41, 40, 42, 26, 24, 25, 21, 23, 22, 35, 0, 4, 15, 16, 17, 
1, 28, 27, 2, 36, 37, 39, 38, 40, 42, 41, 26, 24, 25, 21, 23, 22, 35, 0, 4, 16, 15, 17, 20, 18, 19, 13, 14, 33, 34, 12, 11, 10, 9, 8, 31, 32, 30, 29, 5, 6, 7, 3, 
13, 12, 14, 34, 33, 10, 9, 11, 8, 32, 31, 30, 29, 5, 6, 7, 3, 28, 27, 1, 2, 36, 37, 39, 38, 41, 40, 42, 26, 24, 25, 21, 23, 22, 35, 0, 4, 15, 16, 17, 19, 20, 18, 
11, 8, 9, 10, 32, 31, 30, 29, 7, 5, 6, 3, 28, 27, 1, 2, 36, 37, 39, 38, 41, 42, 40, 26, 24, 25, 21, 23, 22, 35, 0, 4, 15, 16, 17, 19, 18, 20, 14, 33, 34, 13, 12, 
11, 9, 10, 8, 31, 32, 30, 29, 6, 5, 7, 3, 27, 28, 1, 2, 36, 37, 39, 38, 40, 42, 41, 26, 24, 25, 21, 23, 22, 35, 0, 4, 16, 15, 17, 19, 20, 18, 12, 14, 33, 34, 13, 
20, 19, 18, 13, 12, 14, 34, 33, 31, 8, 11, 9, 10, 32, 30, 29, 6, 5, 7, 1, 27, 28, 2, 3, 36, 37, 39, 38, 40, 41, 42, 26, 24, 25, 21, 23, 22, 35, 0, 4, 17, 16, 15, 
34, 33, 12, 14, 10, 11, 8, 9, 31, 32, 29, 30, 5, 6, 7, 3, 1, 28, 27, 2, 36, 37, 38, 39, 40, 42, 41, 26, 25, 24, 21, 22, 23, 35, 0, 4, 16, 19, 20, 18, 17, 15, 13, 
18, 19, 20, 17, 13, 14, 33, 34, 12, 10, 11, 9, 8, 31, 32, 30, 29, 5, 6, 7, 3, 2, 27, 28, 1, 36, 37, 39, 38, 41, 40, 42, 26, 24, 25, 21, 23, 22, 35, 0, 4, 15, 16, 
14, 34, 33, 12, 11, 10, 9, 8, 32, 31, 30, 29, 5, 6, 7, 3, 2, 27, 28, 1, 36, 37, 39, 38, 41, 42, 40, 26, 24, 25, 21, 23, 22, 35, 0, 4, 15, 16, 17, 20, 19, 18, 13, 
20, 19, 18, 13, 12, 14, 34, 33, 31, 8, 11, 9, 10, 32, 30, 29, 6, 5, 7, 1, 27, 28, 3, 2, 36, 37, 39, 38, 40, 41, 42, 26, 24, 25, 21, 23, 22, 35, 0, 4, 17, 16, 15, 
33, 34, 13, 11, 9, 10, 8, 31, 32, 30, 29, 7, 5, 6, 3, 28, 27, 1, 2, 36, 37, 39, 38, 40, 42, 41, 26, 24, 25, 21, 23, 22, 35, 0, 4, 16, 15, 17, 19, 20, 18, 12, 14, 
34, 33, 12, 14, 9, 11, 10, 8, 32, 31, 30, 29, 6, 5, 7, 3, 27, 28, 1, 2, 36, 37, 39, 38, 40, 41, 42, 26, 25, 24, 21, 23, 22, 35, 0, 4, 15, 16, 19, 20, 18, 17, 13, 
5, 7, 6, 1, 27, 28, 3, 2, 36, 37, 39, 38, 40, 41, 42, 26, 25, 24, 21, 23, 22, 35, 0, 4, 15, 16, 19, 20, 18, 17, 12, 13, 34, 33, 14, 9, 11, 8, 10, 31, 32, 30, 29, 
34, 33, 12, 14, 10, 11, 9, 8, 31, 32, 29, 30, 5, 6, 7, 3, 1, 27, 28, 2, 36, 37, 38, 39, 40, 42, 41, 26, 25, 24, 21, 22, 23, 35, 0, 4, 16, 20, 19, 18, 17, 15, 13, 
10, 8, 9, 11, 31, 32, 30, 29, 7, 5, 6, 3, 28, 27, 1, 2, 36, 37, 39, 38, 40, 42, 41, 26, 24, 25, 21, 23, 22, 35, 0, 4, 15, 16, 17, 19, 18, 20, 14, 33, 34, 13, 12, 
20, 18, 19, 17, 14, 34, 33, 13, 12, 8, 11, 9, 10, 31, 32, 30, 29, 7, 5, 6, 3, 28, 27, 1, 2, 36, 37, 39, 38, 40, 42, 41, 26, 24, 25, 21, 23, 22, 35, 0, 4, 16, 15, 
10, 11, 9, 8, 31, 32, 30, 29, 5, 6, 7, 3, 2, 27, 28, 1, 36, 37, 39, 38, 41, 42, 40, 26, 24, 25, 21, 23, 22, 35, 0, 4, 15, 16, 17, 20, 19, 18, 12, 34, 33, 14, 13, 
9, 8, 11, 32, 31, 29, 30, 7, 5, 6, 3, 1, 28, 27, 2, 36, 37, 39, 38, 40, 42, 41, 26, 24, 25, 21, 22, 23, 35, 0, 4, 16, 15, 17, 19, 20, 18, 12, 34, 33, 13, 14, 10, 
32, 31, 30, 29, 6, 5, 7, 3, 27, 28, 2, 1, 36, 37, 38, 39, 40, 42, 41, 26, 25, 24, 21, 22, 23, 35, 0, 4, 15, 16, 20, 18, 19, 17, 14, 33, 34, 13, 12, 8, 9, 11, 10, 
24, 25, 21, 23, 22, 35, 0, 4, 15, 16, 17, 20, 19, 18, 13, 33, 34, 14, 12, 10, 11, 9, 8, 31, 32, 30, 29, 5, 6, 7, 3, 2, 28, 27, 1, 36, 37, 39, 38, 42, 40, 41, 26, 
31, 32, 30, 29, 6, 5, 7, 3, 27, 28, 2, 1, 36, 37, 38, 39, 40, 41, 42, 26, 25, 24, 21, 22, 23, 35, 0, 4, 15, 16, 18, 20, 19, 17, 12, 13, 14, 34, 33, 8, 11, 10, 9, 
34, 33, 12, 14, 9, 11, 10, 8, 32, 31, 29, 30, 6, 5, 7, 3, 27, 28, 1, 2, 36, 37, 39, 38, 40, 41, 42, 26, 25, 24, 21, 23, 22, 35, 0, 4, 15, 16, 19, 20, 18, 17, 13, 
34, 33, 12, 14, 10, 11, 9, 8, 32, 31, 29, 30, 6, 5, 7, 3, 1, 28, 27, 2, 36, 37, 39, 38, 40, 41, 42, 26, 24, 25, 21, 23, 22, 35, 0, 4, 16, 15, 17, 20, 19, 18, 13, 
9, 11, 8, 31, 32, 30, 29, 6, 5, 7, 1, 3, 28, 27, 2, 36, 37, 39, 38, 40, 41, 42, 26, 24, 25, 21, 23, 22, 35, 0, 4, 15, 16, 18, 20, 19, 17, 13, 12, 33, 34, 14, 10, 
38, 39, 40, 42, 41, 26, 25, 24, 21, 22, 23, 35, 0, 4, 16, 20, 18, 19, 17, 15, 13, 34, 33, 12, 14, 10, 11, 9, 8, 31, 32, 30, 29, 5, 6, 7, 3, 1, 27, 28, 2, 36, 37, 
38, 39, 40, 41, 42, 26, 25, 24, 21, 22, 23, 35, 0, 4, 15, 16, 20, 18, 19, 17, 14, 33, 34, 13, 12, 8, 9, 11, 10, 31, 32, 30, 29, 6, 5, 7, 3, 27, 28, 2, 1, 36, 37, 
34, 33, 12, 14, 10, 11, 9, 8, 31, 32, 29, 30, 5, 6, 7, 3, 1, 28, 27, 2, 36, 37, 38, 39, 40, 42, 41, 26, 25, 24, 21, 22, 23, 35, 0, 4, 16, 19, 20, 18, 17, 15, 13, 
33, 34, 14, 12, 10, 11, 9, 8, 32, 31, 29, 30, 6, 5, 7, 3, 1, 28, 27, 2, 36, 37, 39, 38, 40, 41, 42, 26, 24, 25, 21, 23, 22, 35, 0, 4, 16, 15, 18, 19, 20, 17, 13, 
11, 9, 8, 32, 31, 29, 30, 6, 5, 7, 3, 27, 28, 1, 2, 36, 37, 39, 38, 40, 41, 42, 26, 24, 25, 21, 23, 22, 35, 0, 4, 16, 15, 18, 19, 20, 17, 13, 14, 34, 33, 12, 10, 
13, 12, 33, 34, 14, 10, 9, 11, 8, 31, 32, 30, 29, 5, 6, 7, 3, 28, 27, 1, 2, 36, 37, 39, 38, 41, 40, 42, 26, 24, 25, 21, 23, 22, 35, 0, 4, 15, 16, 17, 19, 20, 18, 
11, 9, 8, 32, 31, 29, 30, 6, 5, 7, 3, 1, 28, 27, 2, 36, 37, 39, 38, 40, 41, 42, 26, 24, 25, 21, 23, 22, 35, 0, 4, 16, 15, 18, 19, 20, 17, 13, 14, 34, 33, 12, 10, 
6, 5, 7, 3, 1, 27, 28, 2, 36, 37, 39, 38, 40, 42, 41, 26, 24, 25, 21, 22, 23, 35, 0, 4, 16, 15, 17, 18, 19, 20, 13, 33, 34, 12, 14, 10, 8, 9, 11, 32, 31, 29, 30, 
31, 32, 30, 29, 5, 6, 7, 3, 1, 27, 28, 2, 36, 37, 39, 38, 40, 42, 41, 26, 24, 25, 21, 22, 23, 35, 0, 4, 16, 15, 17, 18, 19, 20, 13, 33, 34, 12, 14, 10, 8, 9, 11, 
1, 27, 28, 2, 3, 36, 37, 39, 38, 40, 41, 42, 26, 25, 24, 21, 23, 22, 35, 0, 4, 15, 16, 17, 19, 20, 18, 14, 13, 34, 33, 12, 10, 8, 9, 11, 32, 31, 30, 29, 5, 6, 7, 
13, 33, 34, 14, 12, 8, 11, 9, 10, 31, 32, 30, 29, 5, 6, 7, 3, 27, 28, 1, 2, 36, 37, 39, 38, 41, 42, 40, 26, 24, 25, 21, 23, 22, 35, 0, 4, 17, 16, 18, 20, 19, 15, 
13, 12, 14, 34, 33, 10, 9, 11, 8, 31, 32, 30, 29, 5, 6, 7, 3, 28, 27, 1, 2, 36, 37, 39, 38, 41, 40, 42, 26, 24, 25, 21, 23, 22, 35, 0, 4, 15, 16, 17, 19, 20, 18, 
20, 18, 17, 15, 13, 34, 33, 14, 12, 8, 9, 11, 10, 31, 32, 29, 30, 5, 6, 7, 3, 1, 27, 28, 2, 36, 37, 38, 39, 40, 42, 41, 26, 25, 24, 21, 22, 23, 35, 0, 4, 16, 19, 
9, 11, 8, 31, 32, 30, 29, 6, 5, 7, 1, 27, 28, 3, 2, 36, 37, 39, 38, 40, 41, 42, 26, 24, 25, 21, 23, 22, 35, 0, 4, 15, 16, 18, 20, 19, 17, 13, 12, 14, 34, 33, 10, 
12, 13, 14, 34, 33, 31, 9, 11, 8, 10, 32, 30, 29, 6, 5, 7, 1, 27, 28, 3, 2, 36, 37, 39, 38, 40, 41, 42, 26, 24, 25, 21, 23, 22, 35, 0, 4, 17, 16, 15, 18, 19, 20, 
29, 30, 6, 5, 7, 3, 27, 28, 1, 2, 36, 37, 38, 39, 40, 41, 42, 26, 25, 24, 21, 23, 22, 35, 0, 4, 15, 16, 18, 19, 20, 17, 14, 13, 12, 33, 34, 31, 32, 11, 9, 8, 10, 
24, 25, 21, 23, 22, 35, 0, 4, 15, 16, 17, 20, 19, 18, 12, 33, 34, 14, 13, 10, 11, 9, 8, 31, 32, 30, 29, 5, 6, 7, 3, 2, 28, 27, 1, 36, 37, 39, 38, 42, 40, 41, 26, 
32, 31, 29, 30, 6, 5, 7, 3, 27, 28, 2, 1, 36, 37, 39, 38, 40, 42, 41, 26, 25, 24, 21, 23, 22, 35, 0, 4, 15, 17, 19, 20, 18, 16, 12, 14, 33, 34, 13, 10, 9, 11, 8, 
12, 33, 34, 14, 13, 10, 11, 8, 9, 32, 31, 29, 30, 6, 5, 7, 3, 2, 27, 28, 1, 36, 37, 39, 38, 42, 40, 41, 26, 24, 25, 21, 23, 22, 35, 0, 4, 15, 16, 17, 20, 19, 18, 
6, 5, 7, 3, 2, 27, 28, 1, 36, 37, 39, 38, 42, 40, 41, 26, 24, 25, 21, 23, 22, 35, 0, 4, 15, 16, 17, 20, 19, 18, 12, 33, 34, 14, 13, 10, 11, 8, 9, 32, 31, 29, 30, 
1, 28, 27, 2, 36, 37, 39, 38, 40, 41, 42, 26, 25, 24, 21, 23, 22, 35, 0, 4, 16, 15, 18, 20, 19, 17, 13, 14, 34, 33, 12, 9, 10, 8, 11, 32, 31, 30, 29, 6, 5, 7, 3, 
10, 8, 32, 31, 29, 30, 6, 5, 7, 3, 1, 28, 27, 2, 36, 37, 39, 38, 40, 41, 42, 26, 24, 25, 21, 23, 22, 35, 0, 4, 16, 15, 18, 20, 19, 17, 13, 34, 33, 12, 14, 11, 9, 
12, 14, 13, 34, 33, 8, 9, 10, 11, 32, 31, 30, 29, 6, 5, 7, 3, 27, 28, 2, 1, 36, 37, 38, 39, 40, 41, 42, 26, 25, 24, 21, 22, 23, 35, 0, 4, 15, 16, 18, 19, 20, 17, 
3, 28, 27, 2, 36, 37, 39, 38, 40, 42, 41, 26, 24, 25, 21, 23, 22, 35, 0, 4, 16, 15, 17, 20, 19, 18, 13, 14, 34, 33, 12, 11, 10, 8, 9, 31, 32, 29, 30, 5, 6, 7, 1, 
19, 18, 12, 33, 34, 14, 13, 10, 11, 8, 9, 32, 31, 29, 30, 6, 5, 7, 3, 2, 27, 28, 1, 36, 37, 39, 38, 41, 42, 40, 26, 24, 25, 21, 23, 22, 35, 0, 4, 15, 16, 17, 20, 
3, 28, 27, 2, 36, 37, 39, 38, 40, 42, 41, 26, 24, 25, 21, 23, 22, 35, 0, 4, 16, 15, 17, 20, 18, 19, 13, 14, 33, 34, 12, 11, 10, 9, 8, 31, 32, 30, 29, 5, 6, 7, 1, 
12, 13, 14, 34, 33, 10, 9, 11, 8, 31, 32, 30, 29, 6, 5, 7, 1, 27, 28, 3, 2, 36, 37, 39, 38, 40, 41, 42, 26, 24, 25, 21, 23, 22, 35, 0, 4, 17, 16, 15, 18, 19, 20, 
34, 33, 14, 12, 8, 11, 9, 10, 31, 32, 30, 29, 7, 5, 6, 3, 28, 27, 1, 2, 36, 37, 39, 38, 42, 41, 40, 26, 24, 25, 21, 23, 22, 35, 0, 4, 16, 15, 17, 19, 18, 20, 13, 
3, 28, 27, 2, 36, 37, 39, 38, 40, 42, 41, 26, 24, 25, 21, 23, 22, 35, 0, 4, 16, 15, 17, 20, 18, 19, 13, 14, 34, 33, 12, 9, 10, 11, 8, 31, 32, 30, 29, 5, 6, 7, 1, 
32, 31, 30, 29, 7, 5, 6, 3, 1, 27, 28, 2, 36, 37, 39, 38, 40, 41, 42, 26, 25, 24, 21, 23, 22, 35, 0, 4, 16, 15, 17, 19, 20, 18, 12, 13, 34, 33, 14, 10, 8, 9, 11, 
31, 32, 30, 29, 6, 5, 7, 3, 27, 28, 1, 2, 36, 37, 39, 38, 40, 41, 42, 26, 24, 25, 21, 23, 22, 35, 0, 4, 16, 15, 17, 18, 19, 20, 13, 14, 34, 33, 12, 9, 8, 10, 11, 
Tiempo de ejecucion (total): 17.834
Best fitness a lo largo del tiempo: 
16974, 11841, 6467, 6467, 6247, 6221, 6159, 6085, 6045, 6045, 6016, 5989, 5989, 5958, 5931, 5897, 5897, 5897, 5856, 5856, 5839, 5839, 5839, 5833, 5822, 5812, 5792, 5792, 5786, 5786, 5781, 5775, 5775, 5756, 5756, 5749, 5749, 5749, 5749, 5749, 5736, 5736, 5733, 5727, 5727, 5708, 5708, 5708, 5704, 5698, 5698, 5694, 5692, 5688, 5688, 5682, 5682, 5682, 5680, 5680, 5680, 5680, 5680, 5680, 5680, 5676, 5670, 5670, 5669, 5667, 5667, 5667, 5662, 5662, 5662, 5662, 5662, 5662, 5662, 5656, 5656, 5656, 5656, 5634, 5634, 5634, 5630, 5628, 5628, 5628, 5628, 5626, 5624, 5624, 5624, 5624, 5624, 5624, 5624, 5624, 5624, 5624, 5624, 5624, 5624, 5624, 5624, 5624, 5624, 5624, 5624, 5624, 5624, 5624, 5624, 5624, 5624, 5624, 5624, 5624, 5624, 5624, 5624, 5624, 5624, 5624, 5624, 5624, 5624, 5624, 5624, 5624, 5624, 5624, 5624, 5624, 5624, 5624, 5624, 5624, 5624, 5624, 5624, 5624, 5624, 5624, 5624, 5624, 5624, 5624, 5624, 5624, 5624, 5624, 5624, 5624, 5624, 5624, 5624, 5624, 5624, 5624, 5624, 5624, 5624, 5624, 5624, 5624, 5624, 5624, 5624, 5624, 5624, 5624, 5624, 5624, 5624, 5624, 5624, 5624, 5624, 5624, 5624, 5624, 5624, 5624, 5624, 5624, 5624, 5624, 5624, 5624, 5624, 5624, 5624, 5622, 5622, 5622, 5622, 5622, 5622, 5622, 5622, 5622, 5622, 5622, 5622, 5622, 5622, 5622, 5622, 5622, 5622, 5622, 5622, 5622, 5622, 5622, 5622, 5622, 5622, 5622, 5622, 5622, 5622, 5622, 5622, 5622, 5622, 5622, 5622, 5622, 5622, 5622, 5622, 5622, 5622, 5622, 5622, 5622, 5622, 5622, 5622, 5622, 5622, 5622, 5622, 5622, 5622, 5622, 5622, 5622, 5622, 5622, 5622, 5622, 5622, 5622, 5622, 5622, 5622, 5622, 5622, 5622, 5622, 5622, 5622, 5622, 5622, 5622, 5622, 5622, 5622, 5622, 5622, 5622, 5622, 5622, 5622, 5622, 5622, 5622, 5622, 5622, 5622, 5622, 5622, 5622, 5622, 5622, 5622, 5622, 5622, 5622, 5622, 5622, 5622, 5622, 5622, 5622, 5622, 5622, 5622, 5622, 5622, 5622, 5622, 5622, 5622, 5622, 5622, 5622, 5622, 5622, 5622, 5622, 5622, 5622, 5622, 5622, 5622, 5622, 5622, 5622, 5622, 5622, 5622, 5622, 5622, 5622, 5622, 5622, 5622, 5622, 5622, 5622, 5622, 5622, 5622, 5622, 5622, 5622, 5622, 5622, 5622, 5622, 5622, 5622, 5622, 5622, 5622, 5622, 5622, 5622, 5622, 5622, 5622, 5622, 5622, 5622, 5622, 5622, 5622, 5622, 5622, 5622, 5622, 5622, 5622, 5622, 5622, 5622, 5622, 5622, 5622, 5622, 5622, 5622, 5622, 5622, 5622, 5622, 5622, 5622, 5622, 5622, 5622, 5622, 5622, 5622, 5622, 5622, 5622, 5622, 5622, 5622, 5622, 5622, 5622, 5622, 5622, 5622, 5622, 5622, 5622, 5622, 5622, 5622, 5622, 5622, 5622, 5622, 5622, 5622, 5622, 5622, 5622, 5622, 5622, 5622, 5622, 5622, 5622, 5622, 5622, 5622, 5622, 5622, 5622, 5622, 5622, 5622, 5622, 5622, 5622, 5622, 5622, 5622, 5622, 5622, 5622, 5622, 5622, 5622, 5622, 5622, 5622, 5622, 5622, 5622, 5622, 5622, 5622, 5622, 5622, 5622, 5622, 5622, 5622, 5622, 5622, 5622, 5622, 5622, 5622, 5622, 5622, 5622, 5622, 5622, 5622, 5622, 5622, 5622, 5622, 5622, 5622, 5622, 5622, 5622, 5622, 5622, 5622, 5622, 5622, 5622, 5622, 5622, 5622, 5622, 5622, 5622, 5622, 5622, 5622, 5622, 5622, 5622, 5622, 5622, 5622, 5622, 5622, 5622, 5622, 5622, 5622, 5622, 5622, 5622, 5622, 5622, 5622, 5622, 5622, 5622, 5622, 5622, 5622, 5622, 5622, 5622, 5622, 5622, 5622, 5622, 5622, 5622, 5622, 5622, 5622, 5622, 5622, 5622, 5622, 5622, 5622, 5622, 5622, 5622, 5622, 5622, 5622, 5622, 5622, 5622, 5622, 5622, 5622, 5622, 5622, 5622, 5622, 5622, 5622, 5622, 5622, 5622, 5622, 5622, 5622, 5622, 5622, 5622, 5622, 5622, 5622, 5622, 5622, 5622, 5622, 5622, 5622, 5622, 5622, 5622, 5622, 5622, 5622, 5622, 5622, 5622, 5622, 5622, 5622, 5622, 5622, 5622, 5622, 5622, 5622, 5622, 5622, 5622, 5622, 5622, 5622, 5622, 5622, 5622, 5622, 5622, 5622, 5622, 5622, 5622, 5622, 5622, 5622, 5622, 5622, 5622, 5622, 5622, 5622, 5622, 5622, 5622, 5622, 5622, 5622, 5622, 5622, 5622, 5622, 5622, 5622, 5622, 5622, 5622, 5622, 5622, 5622, 5622, 5622, 5622, 5622, 5622, 5622, 5622, 5622, 5622, 5622, 5622, 5622, 5622, 5622, 5622, 5622, 5622, 5622, 5622, 5622, 5622, 5622, 5622, 5622, 5622, 5622, 5622, 5622, 5622, 5622, 5622, 5622, 5622, 5622, 5622, 5622, 5622, 5622, 5622, 5622, 5622, 5622, 5622, 5622, 5622, 5622, 5622, 5622, 5622, 5622, 5622, 5622, 5622, 5622, 5622, 5622, 5622, 5622, 5622, 5622, 5622, 5622, 5622, 5622, 5622, 5622, 5622, 5622, 5622, 5622, 5622, 5622, 5622, 5622, 5622, 5622, 5622, 5622, 5622, 5622, 5622, 5622, 5622, 5622, 5622, 5622, 5622, 5622, 5622, 5622, 5622, 5622, 5622, 5622, 5622, 5622, 5622, 5622, 5622, 5622, 5622, 5622, 5622, 5622, 5622, 5622, 5622, 5622, 5622, 5622, 5622, 5622, 5622, 5622, 5622, 5622, 5622, 5622, 5622, 5622, 5622, 5622, 5622, 5622, 5622, 5622, 5622, 5622, 5622, 5622, 5622, 5622, 5622, 5622, 5622, 5622, 5622, 5622, 5622, 5622, 5622, 5622, 5622, 5622, 5622, 5622, 5622, 5622, 5622, 5622, 5622, 5622, 5622, 5622, 5622, 5622, 5622, 5622, 5622, 5622, 5622, 5622, 5622, 5622, 5622, 5622, 5622, 5622, 5622, 5622, 5622, 5622, 5622, 5622, 5622, 5622, 5622, 5622, 5622, 5622, 5622, 5622, 5622, 5622, 5622, 5622, 5622, 5622, 5622, 5622, 5622, 5622, 5622, 5622, 5622, 5622, 5622, 5622, 5622, 5622, 5622, 5622, 5622, 5622, 5622, 5622, 5622, 5622, 5622, 5622, 5622, 5622, 5622, 5622, 5622, 5622, 5622, 5622, 5622, 5622, 5622, 5622, 5622, 5622, 5622, 5622, 5622, 5622, 5622, 5622, 5622, 5622, 5622, 5622, 5622, 5622, 5622, 5622, 5622, 5622, 5622, 5622, 5622, 5622, 5622, 5622, 5622, 5622, 5622, 5622, 5622, 5622, 5622, 5622, 5622, 5622, 5622, 5622, 5622, 5622, 5622, 5622, 5622, 5622, 5622, 5622, 5622, 5622, 5622, 5622, 5622, 5622, 5622, 5622, 5622, 5622, 5622, 5622, 5622, 5622, 5622, 5622, 5622, 5622, 5622, 5622, 5622, 5622, 5622, 5622, 5622, 5622, 5622, 5622, 5622, 5622, 5622, 5622, 5622, 5622, 5622, 5622, 5622, 5622, 5622, 5622, 5622, 5622, 5622, 5622, 5622, 5622, 5622, 5622, 5622, 5622, 5622, 5622, 5622, 5622, 5622, 5622, 5622, 5622, 5622, 5622, 5622, 5622, 5622, 5622, 5622, 5622, 5622, 5622, 5622, 5622, 5622, 5622, 5622, 5622, 5622, 5622, 5622, 5622, 5622, 5622, 5622, 5622, 5622, 5622, 5622, 5622, 5622, 5622, 5622, 5622, 5622, 5622, 5622, 5622, 5622, 5622, 5622, 5622, 5622, 5622, 5622, 5622, 5622, 5622, 5622, 5622, 5622, 5622, 5622, 5622, 5622, 5622, 5622, 5622, 5622, 5622, 5622, 5622, 5622, 5622, 5622, 5622, 5622, 5622, 5622, 5622, 5622, 5622, 5622, 5622, 5622, 5622, 5622, 5622, 5622, 5622, 5622, 5622, 5622, 5622, 5622, 5622, 5622, 5622, 5622, 5622, 5622, 5622, 5622, 5622, 5622, 5622, 5622, 5622, 5622, 5622, 5622, 5622, 5622, 5622, 5622, 5622, 5622, 5622, 5622, 5622, 5622, 5622, 5622, 5622, 5622, 5622, 5622, 5622, 5622, 5622, 5622, 5622, 5622, 5622, 5622, 5622, 5622, 5622, 5622, 5622, 5622, 5622, 5622, 5622, 5622, 5622, 5622, 5622, 5622, 5622, 5622, 5622, 5622, 5622, 5622, 5622, 5622, 5622, 5622, 5622, 5622, 5622, 5622, 5622, 5622, 5622, 5622, 5622, 5622, 5622, 5622, 5622, 5622, 5622, 5622, 5622, 5622, 5622, 5622, 5622, 5622, 5622, 5622, 5622, 5622, 5622, 5622, 5622, 5622, 5622, 5622, 5622, 5622, 5622, 5622, 5622, 5622, 5622, 5622, 5622, 5622, 5622, 5622, 5622, 5622, 5622, 5622, 5622, 5622, 5622, 5622, 5622, 5622, 5622, 5622, 5622, 5622, 5622, 5622, 5622, 5622, 5622, 5622, 5622, 5622, 5622, 5622, 5622, 5622, 5622, 5622, 5622, 5622, 5622, 5622, 5622, 5622, 5622, 5622, 5622, 5622, 5622, 5622, 5622, 5622, 5622, 5622, 5622, 5622, 5622, 5622, 5622, 5622, 5622, 5622, 5622, 5622, 5622, 5622, 5622, 5622, 5622, 5622, 5622, 5622, 5622, 5622, 5622, 5622, 5622, 5622, 5622, 5622, 5622, 5622, 5622, 5622, 5622, 5622, 5622, 5622, 5622, 5622, 5622, 5622, 5622, 5622, 5622, 5622, 5622, 5622, 5622, 5622, 5622, 5622, 5622, 5622, 5622, 5622, 5622, 5622, 5622, 5622, 5622, 5622, 5622, 5622, 5622, 5622, 5622, 5622, 5622, 5622, 5622, 5622, 5622, 5622, 5622, 5622, 5622, 5622, 5622, 5622, 5622, 5622, 5622, 5622, 5622, 5622, 5622, 5622, 5622, 5622, 5622, 5622, 5622, 5622, 5622, 5622, 5622, 5622, 5622, 5622, 5622, 5622, 5622, 5622, 5622, 5622, 5622, 5622, 5622, 5622, 5622, 5622, 5622, 5622, 5622, 5622, 5622, 5622, 5622, 5622, 5622, 5622, 5622, 5622, 5622, 5622, 5622, 5622, 5622, 5622, 5622, 5622, 5622, 5622, 5622, 5622, 5622, 5622, 5622, 5622, 5622, 5622, 5622, 5622, 5622, 5622, 5622, 5622, 5622, 5622, 5622, 5622, 5622, 5622, 5622, 5622, 5622, 5622, 5622, 5622, 5622, 5622, 5622, 5622, 5622, 5622, 5622, 5622, 5622, 5622, 5622, 5622, 5622, 5622, 5622, 5622, 5622, 5622, 5622, 5622, 5622, 5622, 5622, 5622, 5622, 5622, 5622, 5622, 5622, 5622, 5622, 5622, 5622, 5622, 5622, 5622, 5622, 5622, 5622, 5622, 5622, 5622, 5622, 5622, 5622, 5622, 5622, 5622, 5622, 5622, 5622, 5622, 5622, 5622, 5622, 5622, 5622, 5622, 5622, 5622, 5622, 5622, 5622, 5622, 5622, 5622, 5622, 5622, 5622, 5622, 5622, 5622, 5622, 5622, 5622, 5622, 5622, 5622, 5622, 5622, 5622, 5622, 5622, 5622, 5622, 5622, 5622, 5622, 5622, 5622, 5622, 5622, 5622, 5622, 5622, 5622, 5622, 5622, 5622, 5622, 5622, 5622, 5622, 5622, 5622, 5622, 5622, 5622, 5622, 5622, 5622, 5622, 5622, 5622, 5622, 5622, 5622, 5622, 5622, 5622, 5622, 5622, 5622, 5622, 5622, 5622, 5622, 5622, 5622, 5622, 5622, 5622, 5622, 5622, 5622, 5622, 5622, 5622, 5622, 5622, 5622, 5622, 5622, 5622, 5622, 5622, 5622, 5622, 5622, 5622, 5622, 5622, 5622, 5622, 5622, 5622, 5622, 5622, 5622, 5622, 5622, 5622, 5622, 5622, 5622, 5622, 5622, 5622, 5622, 5622, 5622, 5622, 5622, 5622, 5622, 5622, 5622, 5622, 5622, 5622, 5622, 5622, 5622, 5622, 5622, 5622, 5622, 5622, 5622, 5622, 5622, 5622, 5622, 5622, 5622, 5622, 5622, 5622, 5622, 5622, 5622, 5622, 5622, 5622, 5622, 5622, 5622, 5622, 5622, 5622, 5622, 5622, 5622, 5622, 5622, 5622, 5622, 5622, 5622, 5622, 5622, 5622, 5622, 5622, 5622, 5622, 5622, 5622, 5622, 5622, 5622, 5622, 5622, 5622, 5622, 5622, 5622, 5622, 5622, 5622, 5622, 5622, 5622, 5622, 5622, 5622, 5622, 5622, 5622, 5622, 5622, 5622, 5622, 5622, 5622, 5622, 5622, 5622, 5622, 5622, 5622, 5622, 5622, 5622, 5622, 5622, 5622, 5622, 5622, 5622, 5622, 5622, 5622, 5622, 5622, 5622, 5622, 5622, 5622, 5622, 5622, 5622, 5622, 5622, 5622, 5622, 5622, 5622, 5622, 5622, 5622, 5622, 5622, 5622, 5622, 5622, 5622, 5622, 5622, 5622, 5622, 5622, 5622, 5622, 5622, 5622, 5622, 5622, 5622, 5622, 5622, 5622, 5622, 5622, 5622, 5622, 5622, 5622, 5622, 5622, 5622, 5622, 5622, 5622, 5622, 5622, 5622, 5622, 5622, 5622, 5622, 5622, 5622, 5622, 5622, 5622, 5622, 5622, 5622, 5622, 5622, 5622, 5622, 5622, 5622, 5622, 5622, 5622, 5622, 5622, 5622, 5622, 5622, 5622, 5622, 5622, 5622, 5622, 5622, 5622, 5622, 5622, 5622, 5622, 5622, 5622, 5622, 5622, 5622, 5622, 5622, 5622, 5622, 5622, 5622, 5622, 5622, 5622, 5622, 5622, 5622, 5622, 5622, 5622, 5622, 5622, 5622, 5622, 5622, 5622, 5622, 5622, 5622, 5622, 5622, 5622, 5622, 5622, 5622, 5622, 5622, 5622, 5622, 5622, 5622, 5622, 5622, 5622, 5622, 5622, 5622, 5622, 5622, 5622, 5622, 5622, 5622, 5622, 5622, 5622, 5622, 5622, 5622, 5622, 5622, 5622, 5622, 5622, 5622, 5622, 5622, 5622, 5622, 5622, 5622, 5622, 5622, 5622, 5622, 5622, 5622, 5622, 5622, 5622, 5622, 5622, 5622, 5622, 5622, 5622, 5622, 5622, 5622, 5622, 5622, 5622, 5622, 5622, 5622, 5622, 5622, 5622, 5622, 5622, 5622, 5622, 5622, 5622, 5622, 5622, 5622, 5622, 5622, 5622, 5622, 5622, 5622, 5622, 5622, 5622, 5622, 5622, 5622, 5622, 5622, 5622, 5622, 5622, 5622, 5622, 5622, 5622, 5622, 5622, 5622, 5622, 5622, 5622, 5622, 5622, 5622, 5622, 5622, 5622, 5622, 5622, 5622, 5622, 5622, 5622, 5622, 5622, 5622, 5622, 5622, 5622, 5622, 5622, 5622, 5622, 5622, 5622, 5622, 5622, 5622, 5622, 5622, 5622, 5622, 5622, 5622, 5622, 5622, 5622, 5622, 5622, 5622, 5622, 5622, 5622, 5622, 5622, 5622, 5622, 5622, 5622, 5622, 5622, 5622, 5622, 5622, 5622, 5622, 5622, 5622, 5622, 5622, 5622, 5622, 5622, 5622, 5622, 5622, 5622, 5622, 5622, 5622, 5622, 5622, 5622, 5622, 5622, 5622, 5622, 5622, 5622, 5622, 5622, 5622, 5622, 5622, 5622, 5622, 5622, 5622, 5622, 5622, 5622, 5622, 5622, 5622, 5622, 5622, 5622, 5622, 5622, 5622, 5622, 5622, 5622, 5622, 5622, 5622, 5622, 5622, 5622, 5622, 5622, 5622, 5622, 5622, 5622, 5622, 5622, 5622, 5622, 5622, 5622, 5622, 5622, 5622, 5622, 5622, 5622, 5622, 5622, 5622, 5622, 5622, 5622, 5622, 5622, 5622, 5622, 5622, 5622, 5622, 5622, 5622, 5622, 5622, 5622, 5622, 5622, 5622, 5622, 5622, 5622, 5622, 5622, 5622, 5622, 5622, 5622, 5622, 5622, 5622, 5622, 5622, 5622, 5622, 5622, 5622, 5622, 5622, 5622, 5622, 5622, 5622, 5622, 5622, 5622, 5622, 5622, 5622, 5622, 5622, 5622, 5622, 5622, 5622, 5622, 5622, 5622, 5622, 5622, 5622, 5622, 5622, 5622, 5622, 5622, 5622, 5622, 5622, 5622, 5622, 5622, 5622, 5622, 5622, 5622, 5622, 5622, 5622, 5622, 5622, 5622, 5622, 5622, 5622, 5622, 5622, 5622, 5622, 5622, 5622, 5622, 5622, 5622, 5622, 5622, 5622, 5622, 5622, 5622, 5622, 5622, 5622, 5622, 5622, 5622, 5622, 5622, 5622, 5622, 5622, 5622, 5622, 5622, 5622, 5622, 5622, 5622, 5622, 5622, 5622, 5622, 5622, 5622, 5622, 5622, 5622, 5622, 5622, 5622, 5622, 5622, 5622, 5622, 5622, 5622, 5622, 5622, 5622, 5622, 5622, 5622, 5622, 5622, 5622, 5622, 5622, 5622, 5622, 5622, 5622, 5622, 5622, 5622, 5622, 5622, 5622, 5622, 5622, 5622, 5622, 5622, 5622, 5622, 5622, 5622, 5622, 5622, 5622, 5622, 5622, 5622, 5622, 5622, 5622, 5622, 5622, 5622, 5622, 5622, 5622, 5622, 5622, 5622, 5622, 5622, 5622, 5622, 5622, 5622, 5622, 5622, 5622, 5622, 5622, 5622, 5622, 5622, 5622, 5622, 5622, 5622, 5622, 5622, 5622, 5622, 5622, 5622, 5622, 5622, 5622, 5622, 5622, 5622, 5622, 5622, 5622, 5622, 5622, 5622, 5622, 5622, 5622, 5622, 5622, 5622, 5622, 5622, 5622, 5622, 5622, 5622, 5622, 5622, 5622, 5622, 5622, 5622, 5622, 5622, 5622, 5622, 5622, 5622, 5622, 5622, 5622, 5622, 5622, 5622, 5622, 5622, 5622, 5622, 5622, 5622, 5622, 5622, 5622, 5622, 5622, 5622, 5622, 5622, 5622, 5622, 5622, 5622, 5622, 5622, 5622, 5622, 5622, 5622, 5622, 5622, 5622, 5622, 5622, 5622, 5622, 5622, 5622, 5622, 5622, 5622, 5622, 5622, 5622, 5622, 5622, 5622, 5622, 5622, 5622, 5622, 5622, 5622, 5622, 5622, 5622, 5622, 5622, 5622, 5622, 5622, 5622, 5622, 5622, 5622, 5622, 5622, 5622, 5622, 5622, 5622, 5622, 5622, 5622, 5622, 5622, 5622, 5622, 5622, 5622, 5622, 5622, 5622, 5622, 5622, 5622, 5622, 5622, 5622, 5622, 5622, 5622, 5622, 5622, 5622, 5622, 5622, 5622, 5622, 5622, 5622, 5622, 5622, 5622, 5622, 5622, 5622, 5622, 5622, 5622, 5622, 5622, 5622, 5622, 5622, 5622, 5622, 5622, 5622, 5622, 5622, 5622, 5622, 5622, 5622, 5622, 5622, 5622, 5622, 5622, 5622, 5622, 5622, 5622, 5622, 5622, 5622, 5622, 5622, 5622, 5622, 5622, 5622, 5622, 5622, 5622, 5622, 5622, 5622, 5622, 5622, 5622, 5622, 5622, 5622, 5622, 5622, 5622, 5622, 5622, 5622, 5622, 5622, 5622, 5622, 5622, 5622, 5622, 5622, 5622, 5622, 5622, 5622, 5622, 5622, 5622, 5622, 5622, 5622, 5622, 5622, 5622, 5622, 5622, 5622, 5622, 5622, 5622, 5622, 5622, 5622, 5622, 5622, 5622, 5622, 5622, 5622, 5622, 5622, 5622, 5622, 5622, 5622, 5622, 5622, 5622, 5622, 5622, 5622, 5622, 5622, 5622, 5622, 5622, 5622, 5622, 5622, 5622, 5622, 5622, 5622, 5622, 5622, 5622, 5622, 5622, 5622, 5622, 5622, 5622, 5622, 5622, 5622, 5622, 5622, 5622, 5622, 5622, 5622, 5622, 5622, 5622, 5622, 5622, 5622, 5622, 5622, 5622, 5622, 5622, 5622, 5622, 5622, 5622, 5622, 5622, 5622, 5622, 5622, 5622, 5622, 5622, 5622, 5622, 5622, 5622, 5622, 5622, 5622, 5622, 5622, 5622, 5622, 5622, 5622, 5622, 5622, 5622, 5622, 5622, 5622, 5622, 5622, 5622, 5622, 5622, 5622, 5622, 5622, 5622, 5622, 5622, 5622, 5622, 5622, 5622, 5622, 5622, 5622, 5622, 5622, 5622, 5622, 5622, 5622, 5622, 5622, 5622, 5622, 5622, 5622, 5622, 5622, 5622, 5622, 5622, 5622, 5622, 5622, 5622, 5622, 5622, 5622, 5622, 5622, 5622, 5622, 5622, 5622, 5622, 5622, 5622, 5622, 5622, 5622, 5622, 5622, 5622, 5622, 5622, 5622, 5622, 5622, 5622, 5622, 5622, 5622, 5622, 5622, 5622, 5622, 5622, 5622, 5622, 5622, 5622, 5622, 5622, 5622, 5622, 5622, 5622, 5622, 5622, 5622, 5622, 5622, 5622, 5622, 5622, 5622, 5622, 5622, 5622, 5622, 5622, 5622, 5622, 5622, 5622, 5622, 5622, 5622, 5622, 5622, 5622, 5622, 5622, 5622, 5622, 5622, 5622, 5622, 5622, 5622, 5622, 5622, 5622, 5622, 5622, 5622, 5622, 5622, 5622, 5622, 5622, 5622, 5622, 5622, 5622, 5622, 5622, 5622, 5622, 5622, 5622, 5622, 5622, 5622, 5622, 5622, 5622, 5622, 5622, 5622, 5622, 5622, 5622, 5622, 5622, 5622, 5622, 5622, 5622, 5622, 5622, 5622, 5622, 5622, 5622, 5622, 5622, 5622, 5622, 5622, 5622, 5622, 5622, 5622, 5622, 5622, 5622, 5622, 5622, 5622, 5622, 5622, 5622, 5622, 5622, 5622, 5622, 5622, 5622, 5622, 5622, 5622, 5622, 5622, 5622, 5622, 5622, 5622, 5622, 5622, 5622, 5622, 5622, 5622, 5622, 5622, 5622, 5622, 5622, 5622, 5622, 5622, 5622, 5622, 5622, 5622, 5622, 5622, 5622, 5622, 5622, 5622, 5622, 5622, 5622, 5622, 5622, 5622, 5622, 5622, 5622, 5622, 5622, 5622, 5622, 5622, 5622, 5622, 5622, 5622, 5622, 5622, 5622, 5622, 5622, 5622, 5622, 5622, 5622, 5622, 5622, 5622, 5622, 5622, 5622, 5622, 5622, 5622, 5622, 5622, 5622, 5622, 5622, 5622, 5622, 5622, 5622, 5622, 5622, 5622, 5622, 5622, 5622, 5622, 5622, 5622, 5622, 5622, 5622, 5622, 5622, 5622, 5622, 5622, 5622, 5622, 5622, 5622, 5622, 5622, 5622, 5622, 5622, 5622, 5622, 5622, 5622, 5622, 5622, 5622, 5622, 5622, 5622, 5622, 5622, 5622, 5622, 5622, 5622, 5622, 5622, 5622, 5622, 5622, 5622, 5622, 5622, 5622, 5622, 5622, 5622, 5622, 5622, 5622, 5622, 5622, 5622, 5622, 5622, 5622, 5622, 5622, 5622, 5622, 5622, 5622, 5622, 5622, 5622, 5622, 5622, 5622, 5622, 5622, 5622, 5622, 5622, 5622, 5622, 5622, 5622, 5622, 5622, 5622, 5622, 5622, 5622, 5622, 5622, 5622, 5622, 5622, 5622, 5622, 5622, 5622, 5622, 5622, 5622, 5622, 5622, 5622, 5622, 5622, 5622, 5622, 5622, 5622, 5622, 5622, 5622, 5622, 5622, 5622, 5622, 5622, 5622, 5622, 5622, 5622, 5622, 5622, 5622, 5622, 5622, 5622, 5622, 5622, 5622, 5622, 5622, 5622, 5622, 5622, 5622, 5622, 5622, 5622, 5622, 5622, 5622, 5622, 5622, 5622, 5622, 5622, 5622, 5622, 5622, 5622, 5622, 5622, 5622, 5622, 5622, 5622, 5622, 5622, 5622, 5622, 5620, 
Fitness promedio a lo largo del tiempo: 
24378, 23496, 22614, 21580, 20495, 19401, 18309, 17214, 16120, 15030, 14087, 13244, 12404, 11565, 10727, 9892, 9060, 8230, 7606, 7042, 6539, 6250, 6018, 5984, 5957, 5938, 5921, 5906, 5893, 5880, 5868, 5857, 5847, 5838, 5830, 5822, 5814, 5807, 5801, 5795, 5789, 5783, 5778, 5773, 5768, 5762, 5757, 5752, 5747, 5743, 5739, 5735, 5730, 5726, 5723, 5719, 5715, 5712, 5708, 5705, 5702, 5699, 5696, 5694, 5692, 5690, 5688, 5686, 5685, 5683, 5681, 5680, 5679, 5678, 5676, 5675, 5674, 5673, 5672, 5670, 5669, 5668, 5667, 5666, 5664, 5662, 5660, 5658, 5655, 5653, 5651, 5649, 5647, 5646, 5644, 5642, 5640, 5639, 5637, 5635, 5634, 5632, 5631, 5630, 5629, 5629, 5629, 5629, 5628, 5628, 5628, 5628, 5628, 5628, 5628, 5628, 5628, 5628, 5628, 5628, 5628, 5628, 5628, 5628, 5627, 5627, 5627, 5627, 5627, 5627, 5627, 5627, 5627, 5627, 5627, 5627, 5627, 5627, 5627, 5627, 5627, 5627, 5626, 5626, 5626, 5626, 5626, 5626, 5626, 5626, 5626, 5626, 5626, 5626, 5626, 5626, 5626, 5626, 5626, 5626, 5626, 5626, 5626, 5626, 5626, 5626, 5626, 5626, 5626, 5626, 5626, 5626, 5626, 5626, 5625, 5626, 5626, 5626, 5626, 5626, 5626, 5626, 5625, 5626, 5626, 5626, 5626, 5626, 5626, 5625, 5626, 5625, 5625, 5626, 5625, 5626, 5626, 5626, 5625, 5626, 5626, 5625, 5625, 5625, 5625, 5625, 5625, 5625, 5625, 5625, 5625, 5625, 5625, 5625, 5625, 5625, 5625, 5625, 5625, 5625, 5624, 5625, 5624, 5624, 5624, 5624, 5624, 5624, 5624, 5624, 5624, 5624, 5623, 5624, 5623, 5623, 5623, 5623, 5623, 5623, 5623, 5623, 5622, 5623, 5622, 5622, 5622, 5622, 5622, 5622, 5622, 5622, 5622, 5622, 5622, 5622, 5622, 5622, 5622, 5622, 5622, 5622, 5622, 5622, 5622, 5622, 5622, 5622, 5622, 5622, 5622, 5622, 5622, 5622, 5622, 5622, 5622, 5622, 5622, 5622, 5622, 5622, 5622, 5622, 5622, 5622, 5622, 5622, 5622, 5622, 5622, 5622, 5622, 5622, 5622, 5622, 5622, 5622, 5622, 5622, 5622, 5622, 5622, 5622, 5622, 5622, 5622, 5622, 5622, 5622, 5622, 5622, 5622, 5622, 5622, 5622, 5622, 5622, 5622, 5622, 5622, 5622, 5622, 5622, 5622, 5622, 5622, 5622, 5622, 5622, 5622, 5622, 5622, 5622, 5622, 5622, 5622, 5622, 5622, 5622, 5622, 5622, 5622, 5622, 5622, 5622, 5622, 5622, 5622, 5622, 5622, 5622, 5622, 5622, 5622, 5622, 5622, 5622, 5622, 5622, 5622, 5622, 5622, 5622, 5622, 5622, 5622, 5622, 5622, 5622, 5622, 5622, 5622, 5622, 5622, 5622, 5622, 5622, 5622, 5622, 5622, 5622, 5622, 5622, 5622, 5622, 5622, 5622, 5622, 5622, 5622, 5622, 5622, 5622, 5622, 5622, 5622, 5622, 5622, 5622, 5622, 5622, 5622, 5622, 5622, 5622, 5622, 5622, 5622, 5622, 5622, 5622, 5622, 5622, 5622, 5622, 5622, 5622, 5622, 5622, 5622, 5622, 5622, 5622, 5622, 5622, 5622, 5622, 5622, 5622, 5622, 5622, 5622, 5622, 5622, 5622, 5622, 5622, 5622, 5622, 5622, 5622, 5622, 5622, 5622, 5622, 5622, 5622, 5622, 5622, 5622, 5622, 5622, 5622, 5622, 5622, 5622, 5622, 5622, 5622, 5622, 5622, 5622, 5622, 5622, 5622, 5622, 5622, 5622, 5622, 5622, 5622, 5622, 5622, 5622, 5622, 5622, 5622, 5622, 5622, 5622, 5622, 5622, 5622, 5622, 5622, 5622, 5622, 5622, 5622, 5622, 5622, 5622, 5622, 5622, 5622, 5622, 5622, 5622, 5622, 5622, 5622, 5622, 5622, 5622, 5622, 5622, 5622, 5622, 5622, 5622, 5622, 5622, 5622, 5622, 5622, 5622, 5622, 5622, 5622, 5622, 5622, 5622, 5622, 5622, 5622, 5622, 5622, 5622, 5622, 5622, 5622, 5622, 5622, 5622, 5622, 5622, 5622, 5622, 5622, 5622, 5622, 5622, 5622, 5622, 5622, 5622, 5622, 5622, 5622, 5622, 5622, 5622, 5622, 5622, 5622, 5622, 5622, 5622, 5622, 5622, 5622, 5622, 5622, 5622, 5622, 5622, 5622, 5622, 5622, 5622, 5622, 5622, 5622, 5622, 5622, 5622, 5622, 5622, 5622, 5622, 5622, 5622, 5622, 5622, 5622, 5622, 5622, 5622, 5622, 5622, 5622, 5622, 5622, 5622, 5622, 5622, 5622, 5622, 5622, 5622, 5622, 5622, 5622, 5622, 5622, 5622, 5622, 5622, 5622, 5622, 5622, 5622, 5622, 5622, 5622, 5622, 5622, 5622, 5622, 5622, 5622, 5622, 5622, 5622, 5622, 5622, 5622, 5622, 5622, 5622, 5622, 5622, 5622, 5622, 5622, 5622, 5622, 5622, 5622, 5622, 5622, 5622, 5622, 5622, 5622, 5622, 5622, 5622, 5622, 5622, 5622, 5622, 5622, 5622, 5622, 5622, 5622, 5622, 5622, 5622, 5622, 5622, 5622, 5622, 5622, 5622, 5622, 5622, 5622, 5622, 5622, 5622, 5622, 5622, 5622, 5622, 5622, 5622, 5622, 5622, 5622, 5622, 5622, 5622, 5622, 5622, 5622, 5622, 5622, 5622, 5622, 5622, 5622, 5622, 5622, 5622, 5622, 5622, 5622, 5622, 5622, 5622, 5622, 5622, 5622, 5622, 5622, 5622, 5622, 5622, 5622, 5622, 5622, 5622, 5622, 5622, 5622, 5622, 5622, 5622, 5622, 5622, 5622, 5622, 5622, 5622, 5622, 5622, 5622, 5622, 5622, 5622, 5622, 5622, 5622, 5622, 5622, 5622, 5622, 5622, 5622, 5622, 5622, 5622, 5622, 5622, 5622, 5622, 5622, 5622, 5622, 5622, 5622, 5622, 5622, 5622, 5622, 5622, 5622, 5622, 5622, 5622, 5622, 5622, 5622, 5622, 5622, 5622, 5622, 5622, 5622, 5622, 5622, 5622, 5622, 5622, 5622, 5622, 5622, 5622, 5622, 5622, 5622, 5622, 5622, 5622, 5622, 5622, 5622, 5622, 5622, 5622, 5622, 5622, 5622, 5622, 5622, 5622, 5622, 5622, 5622, 5622, 5622, 5622, 5622, 5622, 5622, 5622, 5622, 5622, 5622, 5622, 5622, 5622, 5622, 5622, 5622, 5622, 5622, 5622, 5622, 5622, 5622, 5622, 5622, 5622, 5622, 5622, 5622, 5622, 5622, 5622, 5622, 5622, 5622, 5622, 5622, 5622, 5622, 5622, 5622, 5622, 5622, 5622, 5622, 5622, 5622, 5622, 5622, 5622, 5622, 5622, 5622, 5622, 5622, 5622, 5622, 5622, 5622, 5622, 5622, 5622, 5622, 5622, 5622, 5622, 5622, 5622, 5622, 5622, 5622, 5622, 5622, 5622, 5622, 5622, 5622, 5622, 5622, 5622, 5622, 5622, 5622, 5622, 5622, 5622, 5622, 5622, 5622, 5622, 5622, 5622, 5622, 5622, 5622, 5622, 5622, 5622, 5622, 5622, 5622, 5622, 5622, 5622, 5622, 5622, 5622, 5622, 5622, 5622, 5622, 5622, 5622, 5622, 5622, 5622, 5622, 5622, 5622, 5622, 5622, 5622, 5622, 5622, 5622, 5622, 5622, 5622, 5622, 5622, 5622, 5622, 5622, 5622, 5622, 5622, 5622, 5622, 5622, 5622, 5622, 5622, 5622, 5622, 5622, 5622, 5622, 5622, 5622, 5622, 5622, 5622, 5622, 5622, 5622, 5622, 5622, 5622, 5622, 5622, 5622, 5622, 5622, 5622, 5622, 5622, 5622, 5622, 5622, 5622, 5622, 5622, 5622, 5622, 5622, 5622, 5622, 5622, 5622, 5622, 5622, 5622, 5622, 5622, 5622, 5622, 5622, 5622, 5622, 5622, 5622, 5622, 5622, 5622, 5622, 5622, 5622, 5622, 5622, 5622, 5622, 5622, 5622, 5622, 5622, 5622, 5622, 5622, 5622, 5622, 5622, 5622, 5622, 5622, 5622, 5622, 5622, 5622, 5622, 5622, 5622, 5622, 5622, 5622, 5622, 5622, 5622, 5622, 5622, 5622, 5622, 5622, 5622, 5622, 5622, 5622, 5622, 5622, 5622, 5622, 5622, 5622, 5622, 5622, 5622, 5622, 5622, 5622, 5622, 5622, 5622, 5622, 5622, 5622, 5622, 5622, 5622, 5622, 5622, 5622, 5622, 5622, 5622, 5622, 5622, 5622, 5622, 5622, 5622, 5622, 5622, 5622, 5622, 5622, 5622, 5622, 5622, 5622, 5622, 5622, 5622, 5622, 5622, 5622, 5622, 5622, 5622, 5622, 5622, 5622, 5622, 5622, 5622, 5622, 5622, 5622, 5622, 5622, 5622, 5622, 5622, 5622, 5622, 5622, 5622, 5622, 5622, 5622, 5622, 5622, 5622, 5622, 5622, 5622, 5622, 5622, 5622, 5622, 5622, 5622, 5622, 5622, 5622, 5622, 5622, 5622, 5622, 5622, 5622, 5622, 5622, 5622, 5622, 5622, 5622, 5622, 5622, 5622, 5622, 5622, 5622, 5622, 5622, 5622, 5622, 5622, 5622, 5622, 5622, 5622, 5622, 5622, 5622, 5622, 5622, 5622, 5622, 5622, 5622, 5622, 5622, 5622, 5622, 5622, 5622, 5622, 5622, 5622, 5622, 5622, 5622, 5622, 5622, 5622, 5622, 5622, 5622, 5622, 5622, 5622, 5622, 5622, 5622, 5622, 5622, 5622, 5622, 5622, 5622, 5622, 5622, 5622, 5622, 5622, 5622, 5622, 5622, 5622, 5622, 5622, 5622, 5622, 5622, 5622, 5622, 5622, 5622, 5622, 5622, 5622, 5622, 5622, 5622, 5622, 5622, 5622, 5622, 5622, 5622, 5622, 5622, 5622, 5622, 5622, 5622, 5622, 5622, 5622, 5622, 5622, 5622, 5622, 5622, 5622, 5622, 5622, 5622, 5622, 5622, 5622, 5622, 5622, 5622, 5622, 5622, 5622, 5622, 5622, 5622, 5622, 5622, 5622, 5622, 5622, 5622, 5622, 5622, 5622, 5622, 5622, 5622, 5622, 5622, 5622, 5622, 5622, 5622, 5622, 5622, 5622, 5622, 5622, 5622, 5622, 5622, 5622, 5622, 5622, 5622, 5622, 5622, 5622, 5622, 5622, 5622, 5622, 5622, 5622, 5622, 5622, 5622, 5622, 5622, 5622, 5622, 5622, 5622, 5622, 5622, 5622, 5622, 5622, 5622, 5622, 5622, 5622, 5622, 5622, 5622, 5622, 5622, 5622, 5622, 5622, 5622, 5622, 5622, 5622, 5622, 5622, 5622, 5622, 5622, 5622, 5622, 5622, 5622, 5622, 5622, 5622, 5622, 5622, 5622, 5622, 5622, 5622, 5622, 5622, 5622, 5622, 5622, 5622, 5622, 5622, 5622, 5622, 5622, 5622, 5622, 5622, 5622, 5622, 5622, 5622, 5622, 5622, 5622, 5622, 5622, 5622, 5622, 5622, 5622, 5622, 5622, 5622, 5622, 5622, 5622, 5622, 5622, 5622, 5622, 5622, 5622, 5622, 5622, 5622, 5622, 5622, 5622, 5622, 5622, 5622, 5622, 5622, 5622, 5622, 5622, 5622, 5622, 5622, 5622, 5622, 5622, 5622, 5622, 5622, 5622, 5622, 5622, 5622, 5622, 5622, 5622, 5622, 5622, 5622, 5622, 5622, 5622, 5622, 5622, 5622, 5622, 5622, 5622, 5622, 5622, 5622, 5622, 5622, 5622, 5622, 5622, 5622, 5622, 5622, 5622, 5622, 5622, 5622, 5622, 5622, 5622, 5622, 5622, 5622, 5622, 5622, 5622, 5622, 5622, 5622, 5622, 5622, 5622, 5622, 5622, 5622, 5622, 5622, 5622, 5622, 5622, 5622, 5622, 5622, 5622, 5622, 5622, 5622, 5622, 5622, 5622, 5622, 5622, 5622, 5622, 5622, 5622, 5622, 5622, 5622, 5622, 5622, 5622, 5622, 5622, 5622, 5622, 5622, 5622, 5622, 5622, 5622, 5622, 5622, 5622, 5622, 5622, 5622, 5622, 5622, 5622, 5622, 5622, 5622, 5622, 5622, 5622, 5622, 5622, 5622, 5622, 5622, 5622, 5622, 5622, 5622, 5622, 5622, 5622, 5622, 5622, 5622, 5622, 5622, 5622, 5622, 5622, 5622, 5622, 5622, 5622, 5622, 5622, 5622, 5622, 5622, 5622, 5622, 5622, 5622, 5622, 5622, 5622, 5622, 5622, 5622, 5622, 5622, 5622, 5622, 5622, 5622, 5622, 5622, 5622, 5622, 5622, 5622, 5622, 5622, 5622, 5622, 5622, 5622, 5622, 5622, 5622, 5622, 5622, 5622, 5622, 5622, 5622, 5622, 5622, 5622, 5622, 5622, 5622, 5622, 5622, 5622, 5622, 5622, 5622, 5622, 5622, 5622, 5622, 5622, 5622, 5622, 5622, 5622, 5622, 5622, 5622, 5622, 5622, 5622, 5622, 5622, 5622, 5622, 5622, 5622, 5622, 5622, 5622, 5622, 5622, 5622, 5622, 5622, 5622, 5622, 5622, 5622, 5622, 5622, 5622, 5622, 5622, 5622, 5622, 5622, 5622, 5622, 5622, 5622, 5622, 5622, 5622, 5622, 5622, 5622, 5622, 5622, 5622, 5622, 5622, 5622, 5622, 5622, 5622, 5622, 5622, 5622, 5622, 5622, 5622, 5622, 5622, 5622, 5622, 5622, 5622, 5622, 5622, 5622, 5622, 5622, 5622, 5622, 5622, 5622, 5622, 5622, 5622, 5622, 5622, 5622, 5622, 5622, 5622, 5622, 5622, 5622, 5622, 5622, 5622, 5622, 5622, 5622, 5622, 5622, 5622, 5622, 5622, 5622, 5622, 5622, 5622, 5622, 5622, 5622, 5622, 5622, 5622, 5622, 5622, 5622, 5622, 5622, 5622, 5622, 5622, 5622, 5622, 5622, 5622, 5622, 5622, 5622, 5622, 5622, 5622, 5622, 5622, 5622, 5622, 5622, 5622, 5622, 5622, 5622, 5622, 5622, 5622, 5622, 5622, 5622, 5622, 5622, 5622, 5622, 5622, 5622, 5622, 5622, 5622, 5622, 5622, 5622, 5622, 5622, 5622, 5622, 5622, 5622, 5622, 5622, 5622, 5622, 5622, 5622, 5622, 5622, 5622, 5622, 5622, 5622, 5622, 5622, 5622, 5622, 5622, 5622, 5622, 5622, 5622, 5622, 5622, 5622, 5622, 5622, 5622, 5622, 5622, 5622, 5622, 5622, 5622, 5622, 5622, 5622, 5622, 5622, 5622, 5622, 5622, 5622, 5622, 5622, 5622, 5622, 5622, 5622, 5622, 5622, 5622, 5622, 5622, 5622, 5622, 5622, 5622, 5622, 5622, 5622, 5622, 5622, 5622, 5622, 5622, 5622, 5622, 5622, 5622, 5622, 5622, 5622, 5622, 5622, 5622, 5622, 5622, 5622, 5622, 5622, 5622, 5622, 5622, 5622, 5622, 5622, 5622, 5622, 5622, 5622, 5622, 5622, 5622, 5622, 5622, 5622, 5622, 5622, 5622, 5622, 5622, 5622, 5622, 5622, 5622, 5622, 5622, 5622, 5622, 5622, 5622, 5622, 5622, 5622, 5622, 5622, 5622, 5622, 5622, 5622, 5622, 5622, 5622, 5622, 5622, 5622, 5622, 5622, 5622, 5622, 5622, 5622, 5622, 5622, 5622, 5622, 5622, 5622, 5622, 5622, 5622, 5622, 5622, 5622, 5622, 5622, 5622, 5622, 5622, 5622, 5622, 5622, 5622, 5622, 5622, 5622, 5622, 5622, 5622, 5622, 5622, 5622, 5622, 5622, 5622, 5622, 5622, 5622, 5622, 5622, 5622, 5622, 5622, 5622, 5622, 5622, 5622, 5622, 5622, 5622, 5622, 5622, 5622, 5622, 5622, 5622, 5622, 5622, 5622, 5622, 5622, 5622, 5622, 5622, 5622, 5622, 5622, 5622, 5622, 5622, 5622, 5622, 5622, 5622, 5622, 5622, 5622, 5622, 5622, 5622, 5622, 5622, 5622, 5622, 5622, 5622, 5622, 5622, 5622, 5622, 5622, 5622, 5622, 5622, 5622, 5622, 5622, 5622, 5622, 5622, 5622, 5622, 5622, 5622, 5622, 5622, 5622, 5622, 5622, 5622, 5622, 5622, 5622, 5622, 5622, 5622, 5622, 5622, 5622, 5622, 5622, 5622, 5622, 5622, 5622, 5622, 5622, 5622, 5622, 5622, 5622, 5622, 5622, 5622, 5622, 5622, 5622, 5622, 5622, 5622, 5622, 5622, 5622, 5622, 5622, 5622, 5622, 5622, 5622, 5622, 5622, 5622, 5622, 5622, 5622, 5622, 5622, 5622, 5622, 5622, 5622, 5622, 5622, 5622, 5622, 5622, 5622, 5622, 5622, 5622, 5622, 5622, 5622, 5622, 5622, 5622, 5622, 5622, 5622, 5622, 5622, 5622, 5622, 5622, 5622, 5622, 5622, 5622, 5622, 5622, 5622, 5622, 5622, 5622, 5622, 5622, 5622, 5622, 5622, 5622, 5622, 5622, 5622, 5622, 5622, 5622, 5622, 5622, 5622, 5622, 5622, 5622, 5622, 5622, 5622, 5622, 5622, 5622, 5622, 5622, 5622, 5622, 5622, 5622, 5622, 5622, 5622, 5622, 5622, 5622, 5622, 5622, 5622, 5622, 5622, 5622, 5622, 5622, 5622, 5622, 5622, 5622, 5622, 5622, 5622, 5622, 5622, 5622, 5622, 5622, 5622, 5622, 5622, 5622, 5622, 5622, 5622, 5622, 5622, 5622, 5622, 5622, 5622, 5622, 5622, 5622, 5622, 5622, 5622, 5622, 5622, 5622, 5622, 5622, 5622, 5622, 5622, 5622, 5622, 5622, 5622, 5622, 5622, 5622, 5622, 5622, 5622, 5622, 5622, 5622, 5622, 5622, 5622, 5622, 5622, 5622, 5622, 5622, 5622, 5622, 5622, 5622, 5622, 5622, 5622, 5622, 5622, 5622, 5622, 5622, 5622, 5622, 5622, 5622, 5622, 5622, 5622, 5622, 5622, 5622, 5622, 5622, 5622, 5622, 5622, 5622, 5622, 5622, 5622, 5622, 5622, 5622, 5622, 5622, 5622, 5622, 5622, 5622, 5622, 5622, 5622, 5622, 5622, 5622, 5622, 5622, 5622, 5622, 5622, 5622, 5622, 5622, 5622, 5622, 5622, 5622, 5622, 5622, 5622, 5622, 5622, 5622, 5622, 5622, 5622, 5622, 5622, 5622, 5622, 5622, 5622, 5622, 5622, 5622, 5622, 5622, 5622, 5622, 5622, 5622, 5622, 5622, 5622, 5622, 5622, 5622, 5622, 5622, 5622, 5622, 5622, 5622, 5622, 5622, 5622, 5622, 5622, 5622, 5622, 5622, 5622, 5622, 5622, 5622, 5622, 5622, 5622, 5622, 5622, 5622, 5622, 5622, 5622, 5622, 5622, 5622, 5622, 5622, 5622, 5622, 5622, 5622, 5622, 5622, 5622, 5622, 5622, 5622, 5622, 5622, 5622, 5622, 5622, 5622, 5622, 5622, 5622, 5622, 5622, 5622, 5622, 5622, 5622, 5622, 5622, 5622, 5622, 5622, 5622, 5622, 5622, 5622, 5622, 5622, 5622, 5622, 5622, 5622, 5622, 5622, 5622, 5622, 5622, 5622, 5622, 5622, 5622, 5622, 5622, 5622, 5622, 5622, 5622, 5622, 5622, 5622, 5622, 5622, 5622, 5622, 5622, 5622, 5622, 5622, 5622, 5622, 5622, 5622, 5622, 5622, 5622, 5622, 5622, 5622, 5622, 5622, 5622, 5622, 5622, 5622, 5622, 5622, 5622, 5622, 5622, 5622, 5622, 5622, 5622, 5622, 5622, 5622, 5622, 5622, 5622, 5622, 5622, 5622, 5622, 5622, 5622, 5622, 5622, 5622, 5622, 5622, 5622, 5622, 5622, 5622, 5622, 5622, 5622, 5622, 5622, 5622, 5622, 5622, 5622, 5622, 5622, 5622, 5622, 5622, 5622, 5622, 5622, 5622, 5622, 5622, 5622, 5622, 5622, 5622, 5622, 5622, 5622, 5622, 5622, 5622, 5622, 5622, 5622, 5622, 5622, 5622, 5622, 5622, 5622, 5622, 5622, 5622, 5622, 5622, 5622, 5622, 5622, 5622, 5622, 5622, 5622, 5622, 5622, 5622, 5622, 5622, 5622, 5622, 5622, 5622, 5622, 5622, 5622, 5622, 5622, 5622, 5622, 5622, 5622, 5622, 5622, 5622, 5622, 5622, 5622, 5622, 5622, 5622, 5622, 5622, 5622, 5622, 5622, 5622, 5622, 5622, 5622, 5622, 5622, 5622, 5622, 5622, 5622, 5622, 5622, 5622, 5622, 5622, 5622, 5622, 5622, 5622, 5622, 5622, 5622, 5622, 5622, 5622, 5622, 5622, 5622, 5622, 5622, 5622, 5622, 5622, 5622, 5622, 5622, 5622, 5622, 5622, 5622, 5622, 5622, 5622, 5622, 5622, 5622, 5622, 5622, 5622, 5622, 5622, 5622, 5622, 5622, 5622, 5622, 5622, 5622, 5622, 5622, 5622, 5622, 5622, 5622, 5622, 5622, 5622, 5622, 5622, 5622, 5622, 5622, 5622, 5622, 5622, 5622, 5622, 5622, 5622, 5622, 5622, 5622, 5622, 5622, 5622, 5622, 5622, 5622, 5622, 5622, 5622, 5622, 5622, 5622, 5622, 5622, 5622, 5622, 5622, 5622, 5622, 5622, 5622, 5622, 5622, 5622, 5622, 5622, 5622, 5622, 5622, 5622, 5622, 5622, 5622, 5622, 5622, 5622, 5622, 5622, 5622, 5622, 5622, 5622, 5622, 5622, 5622, 5622, 5622, 5622, 5622, 5622, 5622, 5622, 5622, 5622, 5622, 5622, 5622, 5622, 5622, 5622, 5622, 5622, 5622, 5622, 5622, 5622, 5622, 5622, 5622, 5622, 5622, 5622, 5622, 5622, 5622, 5622, 5622, 5622, 5622, 5622, 5622, 5622, 5622, 5622, 5622, 5622, 5622, 5622, 5622, 5622, 5622, 5622, 5622, 5622, 5622, 5622, 5622, 5622, 5622, 5622, 5622, 5622, 5622, 5622, 5622, 5622, 5622, 5622, 5622, 5622, 5622, 5622, 5622, 5622, 5622, 5622, 5622, 5622, 5622, 5622, 5622, 5622, 5622, 5622, 5622, 5622, 5622, 5622, 5622, 5622, 5622, 5622, 5622, 5622, 5622, 5622, 5622, 5622, 5622, 5622, 5622, 5622, 5622, 5622, 5622, 5622, 5622, 5622, 5622, 5622, 5622, 5622, 5622, 5622, 5622, 5622, 5622, 5622, 5622, 5622, 5622, 5622, 5622, 5622, 5622, 5622, 5622, 5622, 5622, 5622, 5622, 5622, 5622, 5622, 5622, 5622, 5622, 5622, 5622, 5622, 5622, 5622, 5622, 5622, 5622, 5622, 5622, 5622, 5622, 5622, 5622, 5622, 5622, 5622, 5622, 5622, 5622, 5622, 5622, 5622, 5622, 5622, 5622, 5622, 5622, 5622, 5622, 5622, 5622, 5622, 5622, 5622, 5622, 5622, 5622, 5622, 5622, 5622, 5622, 5622, 5622, 5622, 5622, 5622, 5622, 5622, 5622, 5622, 5622, 5622, 5622, 5622, 5622, 5622, 5622, 5622, 5622, 5622, 5622, 5622, 5622, 5622, 5622, 5622, 5622, 5622, 5622, 5622, 5622, 5622, 5622, 5622, 5622, 5622, 5622, 5622, 5622, 5622, 5622, 5622, 5622, 5622, 5622, 5622, 5622, 5622, 5622, 5622, 5622, 5622, 5622, 5622, 5622, 5622, 5622, 5622, 5622, 5622, 5622, 5622, 5622, 5622, 5622, 5622, 5622, 5622, 5622, 5622, 5622, 5622, 5622, 5622, 5622, 5622, 5622, 5622, 5622, 5622, 5622, 5622, 5622, 5622, 5622, 5622, 5622, 5622, 5622, 5622, 5622, 5622, 5622, 5622, 5622, 5622, 5622, 5622, 5622, 5622, 5622, 5622, 5622, 5622, 5622, 5622, 5622, 5622, 5622, 5622, 5622, 5622, 5622, 5622, 5622, 5622, 5622, 5622, 5622, 5622, 5622, 5622, 5622, 5622, 5622, 5622, 5622, 5622, 5622, 5622, 5622, 5622, 5622, 5622, 5622, 5622, 
Mejor solucion obtenida: 27, 28, 3, 1, 2, 36, 37, 39, 38, 40, 41, 42, 26, 24, 25, 21, 23, 22, 35, 0, 4, 17, 20, 19, 18, 16, 15, 13, 12, 14, 34, 33, 31, 32, 10, 9, 11, 8, 7, 5, 6, 29, 30, || Fitness: 5620;