Archivo Usado: br17.atsp
Tamaño de la Poblacion: 100
Reemplazo por Generacion: 5
Tamaño de los Torneos: 5
Cantidad de ciudades: 17
Probabilidad de cruce: 90000
Probabilidad mutacion simple: 3000
Probabilidad mutacion compleja: 10000
Cruces minimos de la mutacion compleja: 4
Iteraciones ejecutadas: 10000
Largo del cruce PMX: 6
Operador de Cruce: 1
Metodo seleccion de Padres: 0
Operador de Mutacion: 0
Metodo seleccion de Supervivientes: 1
Cantidad de threads a usar: 8
11, 0, 10, 9, 2, 13, 12, 1, 7, 8, 16, 4, 3, 6, 5, 15, 14, 
11, 0, 10, 9, 2, 13, 12, 1, 7, 8, 16, 4, 3, 6, 5, 15, 14, 
11, 0, 1, 9, 12, 13, 2, 10, 7, 16, 8, 4, 3, 6, 5, 15, 14, 
11, 0, 1, 9, 12, 13, 2, 10, 7, 8, 16, 4, 3, 6, 5, 15, 14, 
11, 0, 10, 9, 12, 13, 2, 1, 7, 8, 16, 4, 3, 6, 5, 15, 14, 
11, 0, 2, 13, 10, 9, 12, 1, 7, 16, 8, 4, 3, 6, 5, 15, 14, 
11, 0, 1, 9, 12, 13, 2, 10, 7, 16, 8, 4, 3, 6, 5, 15, 14, 
11, 0, 1, 9, 12, 13, 2, 10, 7, 16, 8, 4, 3, 6, 5, 15, 14, 
11, 0, 10, 9, 2, 13, 12, 1, 7, 16, 8, 4, 3, 6, 5, 15, 14, 
11, 0, 10, 9, 2, 13, 12, 1, 7, 16, 8, 4, 3, 6, 5, 15, 14, 
11, 0, 10, 9, 12, 13, 2, 1, 7, 8, 16, 4, 3, 6, 5, 15, 14, 
11, 0, 1, 9, 12, 13, 2, 10, 7, 8, 16, 4, 3, 6, 5, 15, 14, 
11, 0, 1, 9, 12, 13, 2, 10, 7, 16, 8, 4, 3, 6, 5, 15, 14, 
11, 0, 1, 9, 12, 13, 2, 10, 7, 16, 8, 4, 3, 6, 5, 15, 14, 
11, 0, 1, 9, 12, 13, 2, 10, 7, 8, 16, 4, 3, 6, 5, 15, 14, 
11, 0, 1, 9, 12, 13, 2, 10, 7, 16, 8, 4, 3, 6, 5, 15, 14, 
11, 0, 10, 9, 2, 13, 12, 1, 7, 16, 8, 4, 3, 6, 5, 15, 14, 
11, 0, 10, 13, 2, 9, 12, 1, 7, 8, 16, 4, 3, 6, 5, 15, 14, 
11, 0, 10, 13, 2, 9, 12, 1, 7, 8, 16, 4, 3, 6, 5, 15, 14, 
11, 0, 10, 9, 2, 13, 12, 1, 7, 8, 16, 4, 3, 6, 5, 15, 14, 
11, 0, 1, 9, 12, 13, 2, 10, 7, 16, 8, 4, 3, 6, 5, 15, 14, 
11, 0, 1, 9, 12, 13, 2, 10, 7, 8, 16, 4, 3, 6, 5, 15, 14, 
11, 0, 1, 9, 12, 13, 2, 10, 7, 16, 8, 4, 3, 6, 5, 15, 14, 
11, 0, 1, 9, 12, 13, 2, 10, 7, 16, 8, 4, 3, 6, 5, 15, 14, 
11, 0, 10, 9, 2, 13, 12, 1, 7, 8, 16, 4, 3, 6, 5, 15, 14, 
11, 0, 1, 9, 12, 13, 2, 10, 7, 16, 8, 4, 3, 6, 5, 15, 14, 
11, 0, 1, 9, 12, 13, 2, 10, 7, 8, 16, 4, 3, 6, 5, 15, 14, 
11, 0, 1, 9, 12, 13, 2, 10, 7, 16, 8, 4, 3, 6, 5, 15, 14, 
11, 0, 1, 9, 12, 13, 2, 10, 7, 16, 8, 4, 3, 6, 5, 15, 14, 
11, 0, 1, 9, 12, 13, 2, 10, 7, 16, 8, 4, 3, 6, 5, 15, 14, 
11, 0, 1, 9, 12, 13, 2, 10, 7, 16, 8, 4, 3, 6, 5, 15, 14, 
11, 0, 10, 9, 2, 13, 12, 1, 7, 16, 8, 4, 3, 6, 5, 15, 14, 
11, 0, 10, 9, 12, 13, 2, 1, 7, 8, 16, 4, 3, 6, 5, 15, 14, 
11, 0, 10, 9, 2, 13, 12, 1, 7, 16, 8, 4, 3, 6, 5, 15, 14, 
11, 0, 10, 9, 2, 13, 12, 1, 7, 8, 16, 4, 3, 6, 5, 15, 14, 
11, 0, 10, 9, 12, 13, 2, 1, 7, 8, 16, 4, 3, 6, 5, 15, 14, 
11, 0, 10, 9, 2, 13, 12, 1, 7, 8, 16, 4, 3, 6, 5, 15, 14, 
11, 0, 10, 9, 2, 13, 12, 1, 7, 8, 16, 4, 3, 6, 15, 5, 14, 
11, 0, 1, 9, 12, 13, 2, 10, 7, 8, 16, 4, 3, 6, 5, 15, 14, 
11, 0, 1, 9, 12, 13, 2, 10, 7, 8, 16, 4, 3, 6, 5, 15, 14, 
11, 0, 10, 9, 2, 13, 12, 1, 7, 8, 16, 4, 3, 6, 5, 15, 14, 
11, 0, 10, 9, 2, 13, 12, 1, 7, 16, 8, 4, 3, 6, 5, 15, 14, 
11, 0, 1, 9, 12, 13, 2, 10, 7, 16, 8, 4, 3, 6, 5, 15, 14, 
11, 0, 1, 9, 12, 13, 2, 10, 7, 8, 16, 4, 3, 6, 5, 15, 14, 
11, 0, 10, 9, 2, 13, 12, 1, 7, 16, 8, 4, 3, 6, 5, 15, 14, 
11, 0, 10, 9, 2, 13, 12, 1, 7, 16, 8, 4, 3, 6, 5, 15, 14, 
11, 0, 1, 9, 12, 13, 2, 10, 7, 16, 8, 4, 3, 6, 5, 15, 14, 
11, 0, 10, 9, 12, 13, 2, 1, 7, 16, 8, 4, 3, 6, 5, 15, 14, 
11, 0, 12, 9, 1, 13, 2, 10, 7, 8, 16, 4, 3, 6, 5, 15, 14, 
11, 0, 1, 9, 12, 13, 2, 10, 7, 8, 16, 4, 3, 6, 5, 15, 14, 
11, 0, 10, 9, 12, 13, 2, 1, 7, 8, 16, 4, 3, 6, 5, 15, 14, 
11, 0, 1, 9, 12, 13, 2, 10, 7, 8, 16, 4, 3, 6, 5, 15, 14, 
11, 0, 1, 9, 12, 13, 2, 10, 7, 16, 8, 4, 3, 6, 5, 15, 14, 
11, 0, 10, 9, 12, 13, 2, 1, 7, 8, 16, 4, 3, 6, 5, 15, 14, 
11, 0, 10, 9, 12, 13, 2, 1, 7, 16, 8, 4, 3, 6, 5, 15, 14, 
11, 0, 10, 9, 2, 13, 12, 1, 7, 8, 16, 4, 3, 6, 5, 15, 14, 
11, 0, 10, 9, 2, 13, 12, 1, 7, 8, 16, 4, 3, 6, 5, 15, 14, 
11, 0, 1, 9, 12, 13, 2, 10, 7, 16, 8, 4, 3, 6, 5, 15, 14, 
11, 0, 10, 9, 2, 13, 12, 1, 7, 16, 8, 4, 3, 6, 5, 15, 14, 
11, 0, 1, 9, 12, 13, 2, 10, 7, 16, 8, 4, 3, 6, 5, 15, 14, 
11, 0, 10, 9, 12, 13, 2, 1, 7, 8, 16, 4, 3, 6, 5, 15, 14, 
11, 0, 1, 9, 12, 13, 2, 10, 7, 8, 16, 4, 3, 6, 5, 15, 14, 
11, 0, 10, 9, 12, 13, 2, 1, 7, 8, 16, 4, 3, 6, 5, 15, 14, 
11, 0, 10, 9, 2, 13, 12, 1, 7, 8, 16, 4, 3, 6, 5, 15, 14, 
11, 0, 1, 9, 12, 13, 2, 10, 7, 8, 16, 4, 3, 6, 5, 15, 14, 
11, 0, 12, 9, 10, 13, 2, 1, 7, 8, 16, 4, 3, 6, 5, 15, 14, 
11, 0, 1, 9, 2, 13, 12, 10, 7, 16, 8, 4, 3, 6, 5, 15, 14, 
11, 0, 10, 13, 2, 9, 12, 1, 7, 8, 16, 4, 3, 6, 5, 15, 14, 
11, 0, 10, 9, 12, 13, 2, 1, 7, 8, 16, 4, 3, 6, 5, 15, 14, 
11, 0, 12, 9, 1, 13, 2, 10, 7, 16, 8, 4, 3, 6, 5, 15, 14, 
11, 0, 1, 9, 12, 13, 2, 10, 7, 8, 16, 4, 3, 6, 5, 15, 14, 
11, 0, 10, 9, 12, 13, 2, 1, 7, 16, 8, 4, 3, 6, 5, 15, 14, 
11, 0, 1, 9, 12, 13, 2, 10, 7, 8, 16, 4, 3, 6, 5, 15, 14, 
11, 0, 1, 9, 12, 13, 2, 10, 7, 8, 16, 4, 3, 6, 5, 15, 14, 
11, 0, 1, 9, 12, 13, 2, 10, 7, 8, 16, 4, 3, 6, 5, 15, 14, 
11, 0, 1, 9, 12, 13, 2, 10, 7, 16, 8, 4, 3, 6, 5, 15, 14, 
11, 0, 1, 9, 12, 13, 2, 10, 7, 16, 8, 4, 3, 6, 5, 15, 14, 
11, 0, 1, 9, 12, 13, 2, 10, 7, 16, 8, 4, 3, 6, 5, 15, 14, 
11, 0, 10, 9, 12, 13, 2, 1, 7, 16, 8, 4, 3, 6, 5, 15, 14, 
11, 0, 1, 9, 12, 13, 2, 10, 7, 8, 16, 4, 3, 6, 5, 15, 14, 
11, 0, 10, 9, 2, 13, 12, 1, 7, 16, 8, 4, 3, 6, 5, 15, 14, 
11, 0, 1, 9, 12, 13, 2, 10, 7, 16, 8, 4, 3, 6, 5, 15, 14, 
11, 0, 1, 9, 12, 13, 2, 10, 7, 16, 8, 4, 3, 6, 5, 15, 14, 
11, 0, 10, 9, 1, 13, 2, 12, 7, 16, 8, 4, 3, 6, 5, 15, 14, 
11, 0, 10, 9, 12, 13, 2, 1, 7, 16, 8, 4, 3, 6, 5, 15, 14, 
11, 0, 1, 9, 12, 13, 2, 10, 7, 8, 16, 4, 3, 6, 5, 15, 14, 
11, 0, 10, 13, 2, 9, 12, 1, 7, 16, 8, 4, 3, 6, 5, 15, 14, 
11, 0, 10, 9, 12, 13, 2, 1, 7, 16, 8, 4, 3, 6, 5, 15, 14, 
11, 0, 10, 9, 2, 13, 12, 1, 7, 8, 16, 4, 3, 6, 5, 15, 14, 
11, 0, 1, 9, 12, 13, 2, 10, 7, 16, 8, 4, 3, 6, 5, 15, 14, 
11, 0, 1, 9, 12, 13, 2, 10, 7, 16, 8, 4, 3, 6, 5, 15, 14, 
11, 0, 1, 9, 12, 13, 2, 10, 7, 8, 16, 4, 3, 6, 5, 15, 14, 
11, 0, 1, 9, 12, 13, 2, 10, 7, 16, 8, 4, 3, 6, 5, 15, 14, 
11, 0, 1, 9, 12, 13, 2, 10, 7, 8, 16, 4, 3, 6, 5, 15, 14, 
11, 0, 1, 9, 12, 13, 2, 10, 7, 16, 8, 4, 3, 6, 5, 15, 14, 
11, 0, 12, 9, 1, 13, 2, 10, 7, 16, 8, 4, 3, 6, 5, 15, 14, 
11, 0, 1, 9, 12, 13, 2, 10, 7, 8, 16, 4, 3, 6, 5, 15, 14, 
11, 0, 10, 9, 2, 13, 12, 1, 7, 8, 16, 4, 3, 6, 5, 15, 14, 
11, 0, 1, 9, 12, 13, 2, 10, 7, 8, 16, 4, 3, 6, 5, 15, 14, 
11, 0, 2, 9, 10, 13, 12, 1, 7, 8, 16, 4, 3, 6, 5, 15, 14, 
Tiempo de ejecucion (total): 8.078
Best fitness a lo largo del tiempo: 
106, 106, 62, 60, 60, 56, 50, 50, 47, 44, 42, 42, 42, 42, 42, 42, 42, 42, 42, 42, 42, 42, 42, 42, 42, 42, 42, 42, 42, 42, 42, 42, 42, 42, 42, 42, 42, 42, 42, 42, 42, 42, 42, 42, 42, 42, 42, 42, 42, 42, 42, 42, 42, 42, 42, 42, 42, 42, 42, 42, 42, 42, 42, 42, 42, 42, 42, 42, 42, 42, 42, 42, 42, 42, 42, 42, 42, 42, 42, 40, 40, 40, 40, 40, 40, 40, 40, 40, 40, 40, 40, 40, 40, 40, 40, 40, 40, 40, 40, 40, 40, 40, 40, 40, 40, 40, 40, 40, 40, 40, 40, 40, 40, 40, 40, 40, 40, 40, 40, 40, 40, 40, 40, 40, 40, 40, 40, 40, 40, 40, 40, 40, 40, 40, 40, 40, 40, 40, 40, 40, 40, 40, 40, 40, 40, 40, 40, 40, 40, 40, 40, 40, 40, 40, 40, 40, 40, 40, 40, 40, 40, 40, 40, 40, 40, 40, 40, 40, 40, 40, 40, 40, 40, 40, 40, 40, 40, 40, 40, 40, 40, 40, 40, 40, 40, 40, 40, 40, 40, 40, 40, 40, 40, 40, 40, 40, 40, 40, 40, 40, 40, 40, 40, 40, 40, 40, 40, 40, 40, 40, 40, 40, 40, 40, 40, 40, 40, 40, 40, 40, 40, 40, 40, 40, 40, 40, 40, 40, 40, 40, 40, 40, 40, 40, 40, 40, 40, 40, 40, 40, 40, 40, 40, 40, 40, 40, 40, 40, 40, 40, 40, 40, 40, 40, 40, 40, 40, 40, 40, 40, 40, 40, 40, 40, 40, 40, 40, 40, 40, 40, 40, 40, 40, 40, 40, 40, 40, 40, 40, 40, 40, 40, 40, 40, 40, 40, 40, 40, 40, 40, 40, 40, 40, 40, 40, 40, 40, 40, 40, 40, 40, 40, 40, 40, 40, 40, 40, 40, 40, 40, 40, 40, 40, 40, 40, 40, 40, 40, 40, 40, 40, 40, 40, 40, 40, 40, 40, 40, 40, 40, 40, 40, 40, 40, 40, 40, 40, 40, 40, 40, 40, 40, 40, 40, 40, 40, 40, 40, 40, 40, 40, 40, 40, 40, 40, 40, 40, 40, 40, 40, 40, 40, 40, 40, 40, 40, 40, 40, 40, 40, 40, 40, 40, 40, 40, 40, 40, 40, 40, 40, 40, 40, 40, 40, 40, 40, 40, 40, 40, 40, 40, 40, 40, 40, 40, 40, 40, 40, 40, 40, 40, 40, 40, 40, 40, 40, 40, 40, 40, 40, 40, 40, 40, 40, 40, 40, 40, 40, 40, 40, 40, 40, 40, 40, 40, 40, 40, 40, 40, 40, 40, 40, 40, 40, 40, 40, 40, 40, 40, 40, 40, 40, 40, 40, 40, 40, 40, 40, 40, 40, 40, 40, 40, 40, 40, 40, 40, 40, 40, 40, 40, 40, 40, 40, 40, 40, 40, 40, 40, 40, 40, 40, 40, 40, 40, 40, 40, 40, 40, 40, 40, 40, 40, 40, 40, 40, 40, 40, 40, 40, 40, 40, 40, 40, 40, 40, 40, 40, 40, 40, 40, 40, 40, 40, 40, 40, 40, 40, 40, 40, 40, 40, 40, 40, 40, 40, 40, 40, 40, 40, 40, 40, 40, 40, 40, 40, 40, 40, 40, 40, 40, 40, 40, 40, 40, 40, 40, 40, 40, 40, 40, 40, 40, 40, 40, 40, 40, 40, 40, 40, 40, 40, 40, 40, 40, 40, 40, 40, 40, 40, 40, 40, 40, 40, 40, 40, 40, 40, 40, 40, 40, 40, 40, 40, 40, 40, 40, 40, 40, 40, 40, 40, 40, 40, 40, 40, 40, 40, 40, 40, 40, 40, 40, 40, 40, 40, 40, 40, 40, 40, 40, 40, 40, 40, 40, 40, 40, 40, 40, 40, 40, 40, 40, 40, 40, 40, 40, 40, 40, 40, 40, 40, 40, 40, 40, 40, 40, 40, 40, 40, 40, 40, 40, 40, 40, 40, 40, 40, 40, 40, 40, 40, 40, 40, 40, 40, 40, 40, 40, 40, 40, 40, 40, 40, 40, 40, 40, 40, 40, 40, 40, 40, 40, 40, 40, 40, 40, 40, 40, 40, 40, 40, 40, 40, 40, 40, 40, 40, 40, 40, 40, 40, 40, 40, 40, 40, 40, 40, 40, 40, 40, 40, 40, 40, 40, 40, 40, 40, 40, 40, 40, 40, 40, 40, 40, 40, 40, 40, 40, 40, 40, 40, 40, 40, 40, 40, 40, 40, 40, 40, 40, 40, 40, 40, 40, 40, 40, 40, 40, 40, 40, 40, 40, 40, 40, 40, 40, 40, 40, 40, 40, 40, 40, 40, 40, 40, 40, 40, 40, 40, 40, 40, 40, 40, 40, 40, 40, 40, 40, 40, 40, 40, 40, 40, 40, 40, 40, 40, 40, 40, 40, 40, 40, 40, 40, 40, 40, 40, 40, 40, 40, 40, 40, 40, 40, 40, 40, 40, 40, 40, 40, 40, 40, 40, 40, 40, 40, 40, 40, 40, 40, 40, 40, 40, 40, 40, 40, 40, 40, 40, 40, 40, 40, 40, 40, 40, 40, 40, 40, 40, 40, 40, 40, 40, 40, 40, 40, 40, 40, 40, 40, 40, 40, 40, 40, 40, 40, 40, 40, 40, 40, 40, 40, 40, 40, 40, 40, 40, 40, 40, 40, 40, 40, 40, 40, 40, 40, 40, 40, 40, 40, 40, 40, 40, 40, 40, 40, 40, 40, 40, 40, 40, 40, 40, 40, 40, 40, 40, 40, 40, 40, 40, 40, 40, 40, 40, 40, 40, 40, 40, 40, 40, 40, 40, 40, 40, 40, 40, 40, 40, 40, 40, 40, 40, 40, 40, 40, 40, 40, 40, 40, 40, 40, 40, 40, 40, 40, 40, 40, 40, 40, 40, 40, 40, 40, 40, 40, 40, 40, 40, 40, 40, 40, 40, 40, 40, 40, 40, 40, 40, 40, 40, 40, 40, 40, 40, 40, 40, 40, 40, 40, 40, 40, 40, 40, 40, 40, 40, 40, 40, 40, 40, 40, 40, 40, 40, 40, 40, 40, 40, 40, 40, 40, 40, 40, 40, 40, 40, 40, 40, 40, 40, 40, 40, 40, 40, 40, 40, 40, 40, 40, 40, 40, 40, 40, 40, 40, 40, 40, 40, 40, 40, 40, 40, 40, 40, 40, 40, 40, 40, 40, 40, 40, 40, 40, 40, 40, 40, 40, 40, 40, 40, 40, 40, 40, 40, 40, 40, 40, 40, 40, 40, 40, 40, 40, 40, 40, 40, 40, 40, 40, 40, 39, 
Fitness promedio a lo largo del tiempo: 
192, 171, 155, 133, 112, 104, 78, 65, 56, 49, 45, 43, 42, 42, 42, 42, 42, 42, 42, 42, 42, 42, 42, 42, 42, 42, 42, 42, 42, 42, 42, 42, 42, 42, 42, 42, 42, 42, 42, 48, 42, 42, 42, 42, 42, 42, 42, 42, 42, 42, 42, 42, 42, 42, 42, 42, 42, 42, 42, 42, 42, 42, 44, 42, 42, 42, 42, 42, 42, 42, 42, 42, 42, 42, 48, 42, 42, 42, 41, 41, 41, 41, 40, 40, 40, 40, 40, 40, 40, 40, 40, 40, 40, 40, 40, 40, 40, 40, 40, 40, 43, 40, 40, 40, 40, 40, 40, 40, 40, 40, 40, 40, 40, 40, 40, 40, 40, 40, 40, 40, 40, 40, 40, 40, 40, 40, 40, 40, 40, 40, 40, 40, 40, 40, 40, 40, 40, 40, 40, 40, 40, 40, 40, 40, 40, 40, 40, 40, 43, 40, 40, 40, 40, 40, 40, 40, 40, 40, 40, 40, 40, 40, 40, 40, 40, 40, 40, 40, 40, 40, 40, 40, 42, 40, 40, 40, 40, 40, 42, 40, 40, 40, 40, 40, 40, 40, 40, 40, 40, 41, 40, 40, 40, 40, 40, 40, 40, 40, 40, 40, 40, 40, 40, 40, 40, 40, 40, 42, 40, 40, 41, 40, 40, 40, 40, 40, 44, 40, 40, 40, 40, 40, 40, 40, 40, 40, 40, 43, 40, 40, 40, 40, 40, 40, 40, 40, 40, 40, 40, 40, 40, 40, 40, 40, 40, 40, 40, 40, 40, 40, 40, 40, 40, 40, 40, 40, 40, 40, 40, 40, 40, 40, 40, 40, 40, 40, 40, 40, 40, 40, 40, 40, 40, 40, 40, 40, 40, 40, 40, 40, 40, 40, 40, 40, 40, 40, 40, 41, 40, 40, 40, 40, 40, 40, 40, 40, 40, 43, 40, 40, 40, 40, 40, 40, 40, 40, 40, 40, 40, 42, 40, 40, 40, 40, 40, 40, 40, 40, 40, 40, 40, 40, 40, 40, 40, 40, 40, 40, 40, 46, 40, 40, 40, 40, 40, 40, 40, 40, 40, 40, 40, 40, 40, 40, 40, 40, 40, 40, 40, 40, 40, 40, 40, 43, 40, 40, 40, 40, 40, 40, 40, 40, 40, 40, 40, 40, 40, 40, 40, 40, 40, 40, 40, 40, 40, 40, 40, 40, 40, 40, 40, 40, 40, 40, 40, 40, 40, 40, 40, 40, 40, 40, 40, 40, 40, 40, 40, 40, 40, 40, 40, 40, 40, 40, 40, 40, 40, 40, 40, 40, 40, 40, 40, 40, 40, 43, 40, 40, 40, 40, 40, 40, 40, 40, 40, 40, 40, 40, 40, 40, 40, 40, 40, 40, 40, 40, 40, 40, 40, 40, 40, 40, 40, 40, 40, 40, 40, 40, 40, 40, 40, 40, 40, 40, 40, 40, 40, 40, 40, 40, 40, 40, 40, 40, 40, 40, 40, 40, 40, 44, 44, 40, 40, 40, 40, 40, 40, 40, 40, 40, 40, 40, 40, 40, 40, 40, 40, 40, 40, 40, 40, 40, 40, 40, 40, 40, 40, 40, 40, 40, 40, 40, 40, 40, 40, 40, 40, 40, 40, 40, 41, 40, 40, 40, 40, 43, 40, 40, 40, 40, 40, 40, 40, 40, 40, 40, 40, 40, 40, 40, 40, 40, 40, 40, 40, 40, 40, 40, 40, 40, 40, 40, 40, 40, 40, 40, 40, 40, 40, 40, 40, 40, 40, 40, 40, 40, 40, 40, 40, 40, 40, 40, 40, 40, 40, 40, 40, 40, 40, 43, 40, 40, 40, 40, 40, 43, 40, 40, 40, 40, 40, 40, 40, 40, 40, 40, 40, 40, 40, 40, 40, 40, 40, 40, 40, 40, 40, 40, 40, 40, 40, 40, 40, 42, 40, 40, 40, 40, 40, 40, 40, 40, 40, 40, 40, 40, 40, 40, 40, 40, 40, 40, 40, 40, 40, 40, 40, 40, 40, 40, 40, 40, 40, 40, 40, 40, 40, 40, 40, 46, 40, 40, 40, 40, 40, 40, 40, 40, 43, 40, 40, 40, 40, 40, 40, 40, 40, 40, 40, 40, 40, 40, 40, 40, 40, 43, 40, 40, 40, 40, 40, 40, 40, 40, 40, 40, 40, 40, 40, 40, 40, 40, 40, 40, 40, 40, 40, 40, 40, 40, 40, 40, 40, 40, 40, 40, 40, 40, 40, 40, 40, 40, 40, 40, 40, 40, 40, 40, 40, 40, 40, 40, 40, 42, 40, 40, 40, 40, 40, 40, 40, 40, 40, 40, 40, 40, 40, 40, 40, 40, 40, 40, 40, 40, 40, 40, 40, 40, 46, 40, 40, 40, 40, 40, 40, 40, 40, 40, 40, 40, 40, 40, 40, 40, 40, 40, 40, 40, 40, 40, 40, 40, 40, 40, 40, 40, 40, 48, 40, 40, 40, 40, 40, 40, 40, 40, 40, 40, 40, 40, 40, 40, 40, 40, 40, 40, 40, 40, 43, 40, 40, 40, 40, 40, 40, 40, 40, 46, 40, 40, 40, 40, 40, 40, 40, 40, 40, 40, 40, 40, 40, 41, 40, 40, 42, 40, 40, 40, 40, 40, 40, 40, 40, 40, 40, 40, 40, 40, 40, 40, 40, 40, 40, 40, 40, 40, 40, 40, 40, 40, 40, 40, 40, 40, 40, 40, 40, 40, 40, 40, 40, 40, 40, 40, 40, 40, 40, 40, 40, 40, 40, 40, 40, 40, 40, 40, 40, 40, 40, 40, 40, 40, 40, 40, 40, 40, 40, 40, 40, 40, 40, 40, 40, 40, 40, 45, 40, 40, 40, 40, 43, 40, 40, 40, 40, 40, 40, 40, 40, 40, 40, 40, 44, 40, 40, 40, 40, 40, 40, 40, 40, 40, 40, 40, 40, 40, 40, 40, 40, 40, 40, 40, 40, 40, 40, 40, 40, 40, 40, 40, 40, 40, 40, 40, 42, 40, 40, 40, 40, 40, 40, 40, 40, 40, 40, 40, 40, 40, 40, 40, 40, 40, 40, 40, 40, 40, 40, 40, 40, 40, 40, 40, 40, 40, 40, 40, 40, 40, 40, 40, 40, 40, 40, 40, 40, 40, 40, 40, 40, 40, 40, 40, 40, 40, 40, 40, 40, 40, 40, 40, 40, 40, 40, 40, 40, 40, 40, 40, 42, 40, 40, 40, 40, 40, 40, 40, 40, 40, 40, 40, 40, 40, 40, 40, 40, 40, 40, 40, 40, 40, 40, 40, 40, 40, 40, 40, 40, 40, 40, 40, 40, 40, 40, 40, 40, 40, 40, 40, 40, 40, 40, 40, 
Mejor solucion obtenida: 11, 0, 2, 13, 10, 9, 12, 1, 7, 16, 8, 4, 3, 6, 5, 15, 14, || Fitness: 39;