Archivo Usado: br17.atsp
Tamaño de la Poblacion: 100
Reemplazo por Generacion: 5
Tamaño de los Torneos: 5
Cantidad de ciudades: 17
Probabilidad de cruce: 90000
Probabilidad mutacion simple: 3000
Probabilidad mutacion compleja: 10000
Cruces minimos de la mutacion compleja: 4
Iteraciones ejecutadas: 10000
Largo del cruce PMX: 6
Operador de Cruce: 1
Metodo seleccion de Padres: 1
Operador de Mutacion: 0
Metodo seleccion de Supervivientes: 1
Cantidad de threads a usar: 8
3, 7, 8, 16, 1, 2, 13, 12, 9, 10, 11, 0, 6, 15, 5, 14, 4, 
3, 7, 8, 16, 1, 2, 13, 12, 9, 10, 11, 0, 6, 15, 5, 14, 4, 
3, 7, 8, 16, 1, 2, 13, 12, 9, 10, 0, 11, 6, 15, 5, 14, 4, 
3, 7, 8, 16, 1, 2, 13, 12, 9, 10, 11, 0, 6, 15, 5, 14, 4, 
3, 7, 8, 16, 1, 2, 13, 12, 9, 10, 11, 0, 6, 15, 5, 14, 4, 
3, 7, 8, 16, 1, 9, 10, 12, 2, 13, 11, 0, 6, 15, 5, 14, 4, 
3, 7, 8, 16, 1, 2, 13, 12, 9, 10, 11, 0, 6, 15, 5, 14, 4, 
3, 7, 8, 16, 1, 2, 13, 12, 9, 10, 0, 11, 6, 15, 5, 14, 4, 
3, 7, 8, 16, 1, 2, 13, 12, 9, 10, 11, 0, 6, 15, 5, 14, 4, 
3, 8, 7, 16, 1, 2, 13, 12, 9, 10, 11, 0, 6, 15, 5, 14, 4, 
3, 7, 8, 16, 1, 2, 13, 12, 9, 10, 11, 0, 6, 15, 5, 14, 4, 
3, 7, 8, 16, 1, 2, 13, 12, 9, 10, 11, 0, 6, 15, 5, 14, 4, 
3, 7, 8, 16, 1, 2, 13, 12, 9, 10, 11, 0, 6, 15, 5, 14, 4, 
3, 7, 8, 16, 1, 2, 13, 12, 9, 10, 11, 0, 6, 15, 5, 14, 4, 
3, 7, 8, 16, 1, 2, 13, 12, 9, 10, 11, 0, 6, 15, 5, 14, 4, 
3, 7, 8, 16, 1, 2, 13, 12, 9, 10, 11, 0, 6, 15, 5, 14, 4, 
3, 7, 8, 16, 1, 2, 13, 12, 9, 10, 11, 0, 6, 15, 5, 14, 4, 
3, 7, 8, 16, 1, 2, 13, 12, 9, 10, 11, 0, 6, 15, 5, 14, 4, 
3, 7, 8, 16, 1, 2, 13, 12, 9, 10, 11, 0, 6, 15, 5, 14, 4, 
3, 7, 8, 16, 1, 2, 13, 12, 9, 10, 11, 0, 6, 15, 5, 14, 4, 
3, 7, 8, 16, 1, 2, 13, 12, 9, 10, 11, 0, 6, 15, 5, 14, 4, 
3, 7, 8, 16, 1, 2, 13, 12, 9, 10, 11, 0, 6, 15, 5, 14, 4, 
3, 7, 8, 16, 1, 2, 13, 12, 9, 10, 11, 0, 6, 15, 5, 14, 4, 
3, 7, 8, 16, 1, 2, 13, 12, 9, 10, 11, 0, 6, 15, 5, 14, 4, 
3, 7, 8, 16, 1, 2, 13, 12, 9, 10, 11, 0, 6, 15, 5, 14, 4, 
3, 7, 8, 16, 1, 2, 13, 12, 9, 10, 11, 0, 6, 15, 5, 14, 4, 
3, 7, 8, 16, 1, 2, 13, 12, 9, 10, 11, 0, 6, 15, 5, 14, 4, 
3, 7, 8, 16, 1, 2, 13, 12, 9, 10, 11, 0, 6, 15, 5, 14, 4, 
3, 8, 7, 16, 1, 2, 13, 12, 9, 10, 11, 0, 6, 15, 5, 14, 4, 
3, 8, 7, 16, 1, 2, 13, 12, 9, 10, 11, 0, 6, 15, 5, 14, 4, 
3, 7, 8, 16, 1, 2, 13, 12, 9, 10, 11, 0, 6, 15, 5, 14, 4, 
3, 7, 8, 16, 1, 2, 13, 12, 9, 10, 0, 11, 6, 15, 5, 14, 4, 
3, 7, 8, 16, 1, 2, 13, 12, 9, 10, 11, 0, 6, 15, 5, 14, 4, 
3, 7, 8, 16, 1, 2, 13, 12, 9, 10, 11, 0, 6, 15, 5, 14, 4, 
3, 7, 8, 16, 1, 2, 13, 12, 9, 10, 11, 0, 6, 15, 5, 14, 4, 
3, 7, 8, 16, 1, 2, 13, 12, 9, 10, 11, 0, 6, 15, 5, 14, 4, 
3, 7, 8, 16, 1, 2, 13, 12, 9, 10, 11, 0, 6, 15, 5, 14, 4, 
3, 7, 8, 16, 1, 2, 13, 12, 9, 10, 11, 0, 6, 15, 5, 14, 4, 
3, 7, 8, 16, 1, 2, 13, 12, 9, 10, 11, 0, 6, 15, 5, 14, 4, 
3, 7, 8, 16, 1, 2, 13, 12, 9, 10, 11, 0, 6, 15, 5, 14, 4, 
3, 7, 8, 16, 1, 2, 13, 12, 9, 10, 11, 0, 6, 15, 5, 14, 4, 
3, 7, 8, 16, 1, 2, 13, 12, 9, 10, 11, 0, 6, 15, 5, 14, 4, 
3, 7, 8, 16, 1, 2, 13, 12, 9, 10, 11, 0, 6, 15, 5, 14, 4, 
3, 7, 8, 16, 1, 2, 13, 12, 9, 10, 11, 0, 6, 15, 5, 14, 4, 
3, 7, 8, 16, 1, 2, 13, 12, 9, 10, 11, 0, 6, 15, 5, 14, 4, 
3, 7, 8, 16, 1, 2, 13, 12, 9, 10, 11, 0, 6, 15, 5, 14, 4, 
3, 7, 8, 16, 1, 2, 13, 12, 9, 10, 11, 0, 6, 15, 5, 14, 4, 
3, 7, 8, 16, 1, 2, 13, 12, 9, 10, 11, 0, 6, 15, 5, 14, 4, 
3, 7, 8, 16, 1, 2, 13, 12, 9, 10, 11, 0, 6, 15, 5, 14, 4, 
3, 7, 8, 16, 1, 2, 13, 12, 9, 10, 11, 0, 6, 15, 5, 14, 4, 
3, 7, 8, 16, 1, 2, 13, 12, 9, 10, 0, 11, 6, 15, 5, 14, 4, 
3, 7, 8, 16, 1, 2, 13, 12, 9, 10, 11, 0, 6, 15, 5, 14, 4, 
3, 7, 8, 16, 1, 2, 13, 12, 9, 10, 11, 0, 6, 15, 5, 14, 4, 
3, 7, 8, 16, 1, 2, 13, 12, 9, 10, 11, 0, 6, 15, 5, 14, 4, 
3, 7, 8, 16, 1, 2, 13, 12, 9, 10, 11, 0, 6, 15, 5, 14, 4, 
3, 7, 8, 16, 1, 2, 13, 12, 9, 10, 0, 11, 6, 15, 5, 14, 4, 
3, 7, 8, 16, 1, 2, 13, 12, 9, 10, 11, 0, 6, 15, 5, 14, 4, 
3, 8, 7, 16, 1, 2, 13, 12, 9, 10, 11, 0, 6, 15, 5, 14, 4, 
3, 7, 8, 16, 1, 2, 13, 12, 9, 10, 11, 0, 6, 15, 5, 14, 4, 
3, 7, 8, 16, 1, 2, 13, 12, 9, 10, 11, 0, 6, 15, 5, 14, 4, 
3, 7, 8, 16, 1, 2, 13, 12, 9, 10, 11, 0, 6, 15, 5, 14, 4, 
3, 7, 8, 16, 1, 2, 13, 12, 9, 10, 11, 0, 6, 15, 5, 14, 4, 
3, 7, 8, 16, 1, 2, 13, 12, 9, 10, 11, 0, 6, 15, 5, 14, 4, 
3, 7, 8, 16, 1, 2, 13, 12, 9, 10, 11, 0, 6, 15, 5, 14, 4, 
3, 7, 8, 16, 1, 2, 13, 12, 9, 10, 0, 11, 6, 15, 5, 14, 4, 
3, 7, 8, 16, 1, 2, 13, 12, 9, 10, 11, 0, 6, 15, 5, 14, 4, 
3, 7, 8, 16, 1, 2, 13, 12, 9, 10, 11, 0, 6, 15, 5, 14, 4, 
3, 7, 8, 16, 1, 2, 13, 12, 9, 10, 11, 0, 6, 15, 5, 14, 4, 
3, 8, 7, 16, 1, 2, 13, 12, 9, 10, 11, 0, 6, 15, 5, 14, 4, 
3, 7, 8, 16, 1, 2, 13, 12, 9, 10, 11, 0, 6, 15, 5, 14, 4, 
3, 7, 8, 16, 1, 2, 13, 12, 9, 10, 11, 0, 6, 15, 5, 14, 4, 
3, 7, 8, 16, 1, 2, 13, 12, 9, 10, 11, 0, 6, 15, 5, 14, 4, 
3, 7, 8, 16, 1, 2, 13, 12, 9, 10, 11, 0, 6, 15, 5, 14, 4, 
3, 7, 8, 16, 1, 2, 13, 12, 9, 10, 11, 0, 6, 15, 5, 14, 4, 
3, 7, 8, 16, 1, 2, 13, 12, 9, 10, 11, 0, 6, 15, 5, 14, 4, 
3, 7, 8, 16, 1, 2, 13, 12, 9, 10, 11, 0, 6, 15, 5, 14, 4, 
3, 7, 8, 16, 1, 2, 13, 12, 9, 10, 11, 0, 6, 15, 5, 14, 4, 
3, 7, 8, 16, 1, 2, 13, 12, 9, 10, 11, 0, 6, 15, 5, 14, 4, 
3, 7, 8, 16, 1, 2, 13, 12, 9, 10, 11, 0, 6, 15, 5, 14, 4, 
3, 7, 8, 16, 1, 2, 13, 12, 9, 10, 11, 0, 6, 15, 5, 14, 4, 
3, 7, 8, 16, 1, 2, 13, 12, 9, 10, 11, 0, 6, 15, 5, 14, 4, 
3, 7, 8, 16, 1, 2, 13, 12, 9, 10, 11, 0, 6, 15, 5, 14, 4, 
3, 7, 8, 16, 1, 2, 13, 12, 9, 10, 11, 0, 6, 15, 5, 14, 4, 
3, 7, 8, 16, 1, 2, 13, 12, 9, 10, 11, 0, 6, 15, 5, 14, 4, 
3, 7, 8, 16, 1, 2, 13, 12, 9, 10, 11, 0, 6, 15, 5, 14, 4, 
3, 7, 8, 16, 1, 2, 13, 12, 9, 10, 11, 0, 6, 15, 5, 14, 4, 
3, 7, 8, 16, 1, 2, 13, 12, 9, 10, 11, 0, 6, 15, 5, 14, 4, 
3, 7, 8, 16, 1, 2, 13, 12, 9, 10, 11, 0, 6, 15, 5, 14, 4, 
3, 7, 8, 16, 1, 2, 13, 12, 9, 10, 0, 11, 6, 15, 5, 14, 4, 
3, 7, 8, 16, 1, 2, 13, 12, 9, 10, 11, 0, 6, 15, 5, 14, 4, 
3, 8, 7, 16, 1, 2, 13, 12, 9, 10, 11, 0, 6, 15, 5, 14, 4, 
3, 7, 8, 16, 1, 2, 13, 12, 9, 10, 11, 0, 6, 15, 5, 14, 4, 
3, 7, 8, 16, 1, 2, 13, 12, 9, 10, 11, 0, 6, 15, 5, 14, 4, 
3, 7, 8, 16, 1, 2, 13, 12, 9, 10, 11, 0, 6, 15, 5, 14, 4, 
3, 7, 8, 16, 1, 2, 13, 12, 9, 10, 11, 0, 6, 15, 5, 14, 4, 
3, 7, 8, 16, 1, 2, 13, 12, 9, 10, 11, 0, 6, 15, 5, 14, 4, 
3, 7, 8, 16, 1, 2, 13, 12, 9, 10, 11, 0, 6, 15, 5, 14, 4, 
3, 7, 8, 16, 1, 2, 13, 12, 9, 10, 11, 0, 6, 15, 5, 14, 4, 
3, 7, 8, 16, 1, 2, 13, 12, 9, 10, 11, 0, 6, 15, 5, 14, 4, 
3, 7, 8, 16, 1, 2, 10, 12, 9, 13, 11, 0, 6, 15, 5, 14, 4, 
Tiempo de ejecucion (total): 10.38
Best fitness a lo largo del tiempo: 
123, 117, 117, 94, 94, 88, 82, 82, 80, 67, 57, 57, 52, 52, 52, 44, 44, 44, 44, 44, 44, 44, 44, 44, 44, 44, 44, 42, 42, 42, 42, 42, 42, 42, 40, 40, 40, 40, 40, 40, 40, 40, 40, 40, 40, 40, 40, 40, 40, 40, 40, 40, 40, 40, 40, 40, 40, 40, 40, 40, 40, 40, 40, 40, 40, 40, 40, 40, 40, 40, 40, 40, 40, 40, 40, 40, 40, 40, 40, 40, 40, 40, 40, 40, 40, 40, 40, 40, 40, 40, 40, 40, 40, 40, 40, 40, 40, 40, 40, 40, 40, 40, 40, 40, 40, 40, 40, 40, 40, 40, 40, 40, 40, 40, 40, 40, 40, 40, 40, 40, 40, 40, 40, 40, 40, 40, 40, 40, 40, 40, 40, 40, 40, 40, 40, 40, 40, 40, 40, 40, 40, 40, 40, 40, 40, 40, 40, 40, 40, 40, 40, 40, 40, 40, 40, 40, 40, 40, 40, 40, 40, 40, 40, 40, 40, 40, 40, 40, 40, 40, 40, 40, 40, 40, 40, 40, 40, 40, 40, 40, 40, 40, 40, 40, 40, 40, 40, 40, 40, 40, 40, 40, 40, 40, 40, 40, 40, 40, 40, 40, 40, 40, 40, 40, 40, 40, 40, 40, 40, 40, 40, 40, 40, 40, 40, 40, 40, 40, 40, 40, 40, 40, 40, 40, 40, 40, 40, 40, 40, 40, 40, 40, 40, 40, 40, 40, 40, 40, 40, 40, 40, 40, 40, 40, 40, 40, 40, 40, 40, 40, 40, 40, 40, 40, 40, 40, 40, 40, 40, 40, 40, 40, 40, 40, 40, 40, 40, 40, 40, 40, 40, 40, 40, 40, 40, 40, 40, 40, 40, 40, 40, 40, 40, 40, 40, 40, 40, 40, 40, 40, 40, 40, 40, 40, 40, 40, 40, 40, 40, 40, 40, 40, 40, 40, 40, 40, 40, 40, 40, 40, 40, 40, 40, 40, 40, 40, 40, 40, 40, 40, 40, 40, 40, 40, 40, 40, 40, 40, 40, 40, 40, 40, 40, 40, 40, 40, 40, 40, 40, 40, 40, 40, 40, 40, 40, 40, 40, 40, 40, 40, 40, 40, 40, 40, 40, 40, 40, 40, 40, 40, 40, 40, 40, 40, 40, 40, 40, 40, 40, 40, 40, 40, 40, 40, 40, 40, 40, 40, 40, 40, 40, 40, 40, 40, 40, 40, 40, 40, 40, 40, 40, 40, 40, 40, 40, 40, 40, 40, 40, 40, 40, 40, 40, 40, 40, 40, 40, 40, 40, 40, 40, 40, 40, 40, 40, 40, 40, 40, 40, 40, 40, 40, 40, 40, 40, 40, 40, 40, 40, 40, 40, 40, 40, 40, 40, 40, 40, 40, 40, 40, 40, 40, 40, 40, 40, 40, 40, 40, 40, 40, 40, 40, 40, 40, 40, 40, 40, 40, 40, 40, 40, 40, 40, 40, 40, 40, 40, 40, 40, 40, 40, 40, 40, 40, 40, 40, 40, 40, 40, 40, 40, 40, 40, 40, 40, 40, 40, 40, 40, 40, 40, 40, 40, 40, 40, 40, 40, 40, 40, 40, 40, 40, 40, 40, 40, 40, 40, 40, 40, 40, 40, 40, 40, 40, 40, 40, 40, 40, 40, 40, 40, 40, 40, 40, 40, 40, 40, 40, 40, 40, 40, 40, 40, 40, 40, 40, 40, 40, 40, 40, 40, 40, 40, 40, 40, 40, 40, 40, 40, 40, 40, 40, 40, 40, 40, 40, 40, 40, 40, 40, 40, 40, 40, 40, 40, 40, 40, 40, 40, 40, 40, 40, 40, 40, 40, 40, 40, 40, 40, 40, 40, 40, 40, 40, 40, 40, 40, 40, 40, 40, 40, 40, 40, 40, 40, 40, 40, 40, 40, 40, 40, 40, 40, 40, 40, 40, 40, 40, 40, 40, 40, 40, 40, 40, 40, 40, 40, 40, 40, 40, 40, 40, 40, 40, 40, 40, 40, 40, 40, 40, 40, 40, 40, 40, 40, 40, 40, 40, 40, 40, 40, 40, 40, 40, 40, 40, 40, 40, 40, 40, 40, 40, 40, 40, 40, 40, 40, 40, 40, 40, 40, 40, 40, 40, 40, 40, 40, 40, 40, 40, 40, 40, 40, 40, 40, 40, 40, 40, 40, 40, 40, 40, 40, 40, 40, 40, 40, 40, 40, 40, 40, 40, 40, 40, 40, 40, 40, 40, 40, 40, 40, 40, 40, 40, 40, 40, 40, 40, 40, 40, 40, 40, 40, 40, 40, 40, 40, 40, 40, 40, 40, 40, 40, 40, 40, 40, 40, 40, 40, 40, 40, 40, 40, 40, 40, 40, 40, 40, 40, 40, 40, 40, 40, 40, 40, 40, 40, 40, 40, 40, 40, 40, 40, 40, 40, 40, 40, 40, 40, 40, 40, 40, 40, 40, 40, 40, 40, 40, 40, 40, 40, 40, 40, 40, 40, 40, 40, 40, 40, 40, 40, 40, 40, 40, 40, 40, 40, 40, 40, 40, 40, 40, 40, 40, 40, 40, 40, 40, 40, 40, 40, 40, 40, 40, 40, 40, 40, 40, 40, 40, 40, 40, 40, 40, 40, 40, 40, 40, 40, 40, 40, 40, 40, 40, 40, 40, 40, 40, 40, 40, 40, 40, 40, 40, 40, 40, 40, 40, 40, 40, 40, 40, 40, 40, 40, 40, 40, 40, 40, 40, 40, 40, 40, 40, 40, 40, 40, 40, 40, 40, 40, 40, 40, 40, 40, 40, 40, 40, 40, 40, 40, 40, 40, 40, 40, 40, 40, 40, 40, 40, 40, 40, 40, 40, 40, 40, 40, 40, 40, 40, 40, 40, 40, 40, 40, 40, 40, 40, 40, 40, 40, 40, 40, 40, 40, 40, 40, 40, 40, 40, 40, 40, 40, 40, 40, 40, 40, 40, 40, 40, 40, 40, 40, 40, 40, 40, 40, 40, 40, 40, 40, 40, 40, 40, 40, 40, 40, 40, 40, 40, 40, 40, 40, 40, 40, 40, 40, 40, 40, 40, 40, 40, 40, 40, 40, 40, 40, 40, 40, 40, 40, 40, 40, 40, 40, 40, 40, 40, 40, 40, 40, 40, 40, 40, 40, 40, 40, 40, 40, 40, 40, 40, 40, 40, 40, 40, 40, 40, 40, 40, 40, 40, 40, 40, 40, 40, 40, 40, 40, 40, 40, 40, 40, 40, 40, 40, 40, 40, 40, 40, 40, 40, 40, 40, 40, 40, 40, 40, 40, 40, 40, 40, 40, 40, 40, 40, 40, 40, 40, 40, 40, 40, 40, 40, 40, 40, 40, 40, 40, 40, 40, 40, 40, 40, 40, 40, 40, 40, 40, 40, 40, 40, 40, 40, 40, 40, 40, 40, 40, 40, 40, 40, 40, 40, 40, 40, 40, 40, 40, 40, 40, 40, 40, 40, 40, 40, 40, 40, 40, 40, 40, 40, 40, 40, 40, 40, 40, 40, 40, 40, 40, 40, 40, 40, 40, 40, 40, 40, 40, 40, 40, 40, 40, 40, 40, 40, 40, 40, 40, 40, 40, 40, 40, 40, 40, 40, 40, 40, 40, 40, 40, 40, 40, 40, 40, 40, 40, 40, 40, 40, 40, 40, 40, 40, 40, 40, 40, 40, 40, 40, 40, 40, 40, 40, 40, 40, 40, 40, 40, 40, 40, 40, 40, 40, 40, 40, 40, 40, 40, 40, 40, 40, 40, 40, 40, 40, 40, 40, 40, 40, 40, 40, 40, 40, 40, 40, 40, 40, 40, 40, 40, 40, 40, 40, 40, 40, 40, 40, 40, 40, 40, 40, 40, 40, 40, 40, 40, 40, 40, 40, 40, 40, 40, 40, 40, 40, 40, 40, 40, 40, 40, 40, 40, 40, 40, 40, 40, 40, 40, 40, 40, 40, 40, 40, 40, 40, 40, 40, 40, 40, 40, 40, 40, 40, 40, 40, 40, 40, 40, 40, 40, 40, 40, 40, 40, 40, 40, 40, 40, 40, 40, 40, 40, 40, 40, 40, 40, 40, 40, 40, 40, 40, 40, 40, 40, 40, 40, 40, 40, 40, 40, 40, 40, 40, 40, 40, 40, 40, 40, 40, 40, 40, 40, 40, 40, 40, 40, 40, 40, 40, 40, 40, 40, 40, 40, 40, 40, 40, 40, 40, 40, 40, 40, 40, 40, 40, 40, 40, 40, 40, 40, 40, 40, 40, 40, 40, 40, 40, 40, 40, 40, 40, 40, 40, 40, 40, 40, 40, 40, 40, 40, 40, 40, 40, 40, 40, 40, 40, 40, 40, 40, 40, 40, 40, 40, 40, 40, 40, 40, 40, 40, 40, 40, 40, 40, 40, 40, 40, 40, 40, 40, 40, 40, 40, 40, 40, 40, 40, 40, 40, 40, 40, 40, 40, 40, 40, 40, 40, 40, 40, 40, 40, 40, 40, 40, 40, 40, 40, 40, 40, 40, 40, 40, 40, 40, 40, 40, 40, 40, 40, 40, 40, 40, 40, 40, 40, 40, 40, 40, 40, 40, 40, 40, 40, 40, 40, 40, 40, 40, 40, 40, 40, 40, 40, 40, 40, 40, 40, 40, 40, 40, 40, 40, 40, 40, 40, 40, 40, 40, 40, 40, 40, 40, 40, 40, 40, 40, 40, 40, 40, 40, 40, 40, 40, 40, 40, 40, 40, 40, 40, 40, 40, 40, 40, 40, 40, 40, 40, 40, 40, 40, 40, 40, 40, 40, 40, 40, 40, 40, 40, 40, 40, 40, 40, 40, 40, 40, 40, 40, 40, 40, 40, 40, 40, 40, 40, 40, 40, 40, 40, 40, 40, 40, 40, 40, 40, 40, 40, 40, 40, 40, 40, 40, 40, 40, 40, 40, 40, 40, 40, 40, 40, 40, 40, 40, 40, 40, 40, 40, 40, 40, 40, 40, 40, 40, 40, 40, 40, 40, 40, 40, 40, 40, 40, 40, 40, 40, 40, 40, 40, 40, 40, 40, 40, 40, 40, 40, 40, 40, 40, 40, 40, 40, 40, 40, 40, 40, 40, 40, 40, 40, 40, 40, 40, 40, 40, 40, 40, 40, 40, 40, 40, 40, 40, 40, 40, 40, 40, 40, 40, 40, 40, 40, 40, 40, 40, 40, 40, 40, 40, 40, 40, 40, 40, 40, 40, 40, 40, 40, 40, 40, 40, 40, 40, 40, 40, 40, 40, 40, 40, 40, 40, 40, 40, 39, 
Fitness promedio a lo largo del tiempo: 
226, 204, 201, 200, 201, 192, 180, 183, 163, 160, 154, 134, 124, 113, 108, 100, 89, 85, 75, 65, 65, 56, 53, 53, 52, 48, 47, 48, 46, 46, 44, 44, 44, 44, 44, 44, 44, 44, 44, 43, 43, 43, 42, 42, 42, 41, 41, 41, 41, 40, 40, 41, 40, 40, 40, 40, 40, 40, 40, 40, 40, 40, 40, 40, 40, 40, 40, 40, 40, 40, 40, 40, 40, 40, 40, 40, 40, 40, 40, 40, 40, 40, 40, 40, 40, 40, 40, 40, 42, 43, 42, 41, 40, 40, 40, 40, 40, 40, 40, 40, 40, 40, 40, 40, 40, 40, 40, 40, 40, 40, 40, 40, 40, 40, 40, 41, 40, 40, 40, 40, 40, 40, 40, 40, 40, 40, 40, 40, 40, 40, 40, 40, 40, 40, 40, 40, 40, 40, 40, 40, 40, 40, 40, 40, 40, 40, 40, 40, 40, 40, 40, 40, 40, 40, 40, 40, 40, 40, 40, 40, 40, 40, 40, 40, 40, 40, 40, 40, 40, 40, 40, 40, 40, 40, 40, 40, 40, 40, 40, 40, 40, 40, 40, 40, 40, 40, 40, 40, 40, 40, 40, 40, 40, 40, 40, 40, 40, 40, 40, 40, 40, 40, 40, 40, 40, 40, 40, 40, 40, 40, 40, 40, 40, 40, 40, 40, 40, 40, 40, 40, 40, 40, 40, 40, 40, 40, 40, 40, 40, 41, 41, 40, 41, 41, 40, 41, 40, 40, 41, 41, 40, 40, 40, 40, 40, 40, 40, 40, 40, 40, 40, 40, 40, 40, 40, 40, 40, 40, 40, 40, 45, 40, 40, 40, 40, 40, 40, 40, 40, 40, 40, 40, 40, 40, 40, 40, 40, 40, 40, 40, 40, 40, 40, 40, 40, 40, 40, 40, 40, 40, 40, 40, 40, 40, 40, 40, 40, 42, 41, 40, 40, 40, 40, 40, 40, 40, 40, 40, 40, 40, 41, 40, 40, 40, 40, 40, 40, 40, 40, 40, 40, 40, 40, 40, 40, 40, 40, 40, 40, 40, 40, 41, 40, 40, 40, 40, 40, 40, 40, 40, 40, 40, 40, 40, 40, 40, 40, 40, 40, 40, 40, 40, 40, 40, 40, 40, 40, 40, 40, 40, 40, 40, 40, 40, 40, 40, 40, 40, 40, 40, 40, 40, 40, 40, 40, 40, 40, 40, 40, 40, 40, 40, 40, 40, 40, 40, 40, 40, 40, 40, 40, 40, 40, 40, 40, 40, 41, 41, 41, 40, 40, 40, 40, 40, 40, 40, 40, 40, 40, 40, 40, 40, 40, 40, 40, 40, 40, 40, 40, 40, 40, 40, 40, 40, 40, 40, 40, 40, 40, 40, 40, 40, 40, 40, 40, 40, 40, 40, 40, 40, 40, 40, 40, 40, 40, 40, 40, 40, 40, 40, 40, 40, 40, 40, 40, 40, 40, 40, 40, 40, 40, 40, 40, 40, 40, 40, 40, 40, 40, 40, 40, 40, 40, 40, 43, 40, 40, 40, 40, 40, 40, 40, 40, 40, 40, 40, 40, 44, 42, 40, 40, 40, 41, 41, 42, 41, 40, 40, 40, 40, 40, 40, 40, 40, 40, 40, 40, 40, 40, 40, 40, 40, 40, 40, 40, 40, 40, 40, 40, 40, 40, 40, 40, 40, 40, 40, 40, 40, 40, 40, 40, 40, 40, 40, 40, 43, 41, 40, 40, 40, 40, 40, 40, 40, 40, 40, 40, 40, 40, 40, 40, 40, 40, 40, 40, 40, 40, 40, 40, 40, 40, 40, 40, 40, 40, 40, 40, 40, 40, 40, 40, 40, 40, 40, 41, 40, 40, 40, 40, 40, 40, 40, 40, 40, 40, 40, 40, 40, 40, 40, 40, 40, 44, 44, 41, 40, 40, 40, 40, 40, 40, 40, 40, 43, 41, 41, 40, 40, 40, 40, 40, 40, 40, 40, 40, 40, 40, 40, 40, 40, 40, 40, 40, 40, 40, 40, 40, 40, 40, 40, 40, 40, 40, 40, 43, 42, 41, 40, 40, 40, 40, 40, 40, 40, 40, 40, 40, 40, 40, 40, 40, 40, 40, 40, 40, 40, 40, 40, 40, 40, 40, 40, 40, 40, 40, 40, 40, 40, 42, 42, 42, 41, 41, 41, 40, 41, 41, 41, 40, 41, 41, 41, 40, 41, 41, 40, 40, 40, 40, 40, 40, 40, 40, 40, 40, 40, 40, 40, 40, 40, 40, 40, 40, 40, 40, 40, 40, 40, 40, 40, 40, 40, 40, 40, 40, 40, 40, 40, 40, 40, 40, 40, 40, 40, 40, 40, 40, 40, 40, 40, 40, 40, 40, 40, 40, 40, 40, 40, 40, 40, 40, 40, 40, 40, 40, 40, 40, 40, 40, 40, 40, 40, 40, 40, 40, 40, 40, 40, 41, 41, 40, 40, 40, 40, 40, 40, 40, 40, 40, 40, 40, 40, 40, 40, 40, 40, 40, 40, 40, 40, 40, 40, 40, 40, 40, 40, 40, 40, 40, 40, 40, 40, 40, 40, 40, 40, 40, 40, 40, 40, 40, 40, 40, 40, 40, 40, 40, 40, 40, 40, 40, 40, 40, 40, 40, 43, 41, 40, 40, 40, 40, 40, 40, 40, 40, 40, 40, 40, 40, 40, 40, 40, 40, 40, 40, 40, 40, 40, 40, 40, 40, 40, 40, 40, 40, 40, 40, 40, 40, 40, 40, 40, 40, 40, 40, 40, 40, 40, 40, 40, 40, 40, 40, 40, 40, 40, 40, 40, 40, 40, 40, 40, 40, 40, 40, 40, 40, 40, 40, 40, 40, 40, 40, 40, 40, 40, 40, 40, 40, 40, 40, 40, 40, 40, 40, 40, 40, 40, 40, 40, 40, 40, 40, 40, 40, 40, 40, 40, 40, 40, 40, 40, 40, 40, 40, 40, 40, 40, 40, 40, 40, 40, 40, 40, 40, 40, 40, 40, 40, 40, 40, 40, 40, 40, 40, 41, 41, 41, 41, 40, 40, 40, 40, 40, 40, 40, 40, 40, 40, 40, 40, 40, 40, 40, 40, 40, 40, 40, 40, 40, 40, 40, 40, 40, 40, 40, 40, 40, 40, 40, 40, 40, 40, 43, 41, 41, 41, 40, 40, 40, 40, 40, 40, 40, 40, 40, 40, 40, 40, 40, 40, 40, 40, 40, 40, 40, 40, 40, 40, 40, 40, 40, 40, 40, 40, 40, 40, 40, 40, 40, 43, 41, 40, 40, 40, 40, 40, 40, 40, 40, 40, 40, 40, 40, 40, 40, 40, 40, 41, 40, 40, 40, 40, 40, 40, 40, 40, 40, 40, 40, 40, 40, 40, 40, 40, 40, 40, 40, 40, 40, 41, 41, 40, 40, 40, 41, 40, 40, 40, 40, 40, 40, 40, 40, 40, 40, 40, 40, 40, 40, 40, 40, 40, 40, 40, 40, 40, 40, 40, 40, 40, 40, 40, 40, 40, 40, 40, 40, 40, 40, 40, 40, 40, 40, 41, 40, 40, 41, 40, 40, 40, 40, 40, 40, 44, 42, 41, 41, 40, 40, 43, 44, 42, 40, 40, 40, 40, 41, 40, 40, 40, 40, 40, 40, 40, 40, 40, 40, 40, 40, 40, 40, 40, 42, 41, 41, 41, 41, 40, 40, 40, 40, 40, 40, 40, 40, 40, 40, 40, 40, 40, 40, 40, 40, 40, 40, 40, 40, 43, 40, 40, 40, 40, 40, 42, 42, 41, 40, 40, 40, 40, 40, 40, 40, 40, 40, 40, 40, 40, 40, 40, 40, 40, 40, 40, 40, 40, 40, 40, 40, 40, 40, 40, 40, 40, 40, 40, 40, 40, 40, 40, 40, 40, 40, 40, 43, 41, 41, 41, 41, 41, 45, 41, 40, 40, 40, 40, 40, 40, 40, 40, 40, 40, 40, 40, 40, 40, 40, 40, 40, 40, 40, 40, 40, 40, 40, 40, 40, 40, 40, 40, 40, 40, 40, 40, 40, 40, 40, 40, 40, 40, 42, 41, 40, 40, 40, 40, 40, 40, 40, 40, 40, 40, 40, 40, 40, 40, 40, 40, 40, 40, 40, 40, 40, 40, 40, 40, 40, 40, 40, 40, 40, 40, 40, 40, 40, 40, 40, 40, 40, 40, 40, 40, 43, 41, 40, 40, 40, 40, 40, 40, 40, 40, 40, 40, 40, 40, 40, 40, 40, 41, 41, 40, 40, 40, 40, 40, 40, 40, 41, 40, 41, 41, 41, 41, 41, 41, 41, 41, 40, 40, 40, 40, 40, 40, 41, 40, 40, 40, 40, 40, 40, 40, 40, 40, 40, 40, 40, 40, 40, 40, 40, 40, 40, 40, 40, 40, 40, 40, 40, 40, 40, 40, 40, 40, 40, 40, 40, 40, 40, 40, 40, 40, 40, 40, 40, 40, 40, 40, 40, 40, 40, 40, 40, 40, 40, 40, 40, 40, 40, 40, 40, 40, 40, 40, 40, 40, 40, 40, 40, 40, 40, 40, 40, 40, 40, 40, 40, 40, 40, 40, 40, 40, 41, 41, 40, 40, 40, 40, 40, 40, 40, 40, 40, 40, 40, 40, 40, 40, 40, 40, 40, 43, 41, 41, 41, 42, 43, 43, 42, 41, 42, 42, 42, 41, 40, 40, 40, 40, 40, 40, 40, 40, 40, 42, 40, 40, 40, 40, 40, 40, 40, 40, 40, 40, 40, 40, 40, 40, 40, 40, 40, 40, 40, 40, 40, 40, 40, 40, 40, 40, 40, 40, 40, 40, 40, 40, 40, 40, 40, 40, 40, 40, 40, 40, 40, 40, 40, 40, 40, 40, 40, 40, 40, 40, 40, 40, 40, 40, 40, 40, 40, 41, 40, 42, 41, 40, 40, 40, 40, 40, 40, 40, 40, 40, 40, 40, 40, 40, 40, 40, 40, 40, 40, 40, 40, 40, 40, 40, 40, 40, 40, 40, 40, 40, 40, 40, 40, 40, 40, 40, 40, 40, 40, 40, 40, 40, 40, 40, 40, 40, 40, 40, 40, 40, 40, 40, 40, 40, 40, 40, 40, 40, 40, 40, 40, 40, 40, 40, 40, 40, 40, 40, 40, 40, 40, 40, 41, 41, 40, 40, 40, 40, 40, 40, 40, 40, 40, 40, 40, 40, 40, 40, 45, 40, 40, 40, 40, 40, 41, 40, 40, 40, 40, 40, 40, 40, 40, 40, 40, 40, 40, 40, 40, 
Mejor solucion obtenida: 3, 7, 8, 16, 1, 9, 10, 12, 2, 13, 11, 0, 6, 15, 5, 14, 4, || Fitness: 39;