Archivo Usado: br17.atsp
Tamaño de la Poblacion: 100
Reemplazo por Generacion: 5
Tamaño de los Torneos: 5
Cantidad de ciudades: 17
Probabilidad de cruce: 90000
Probabilidad mutacion simple: 3000
Probabilidad mutacion compleja: 10000
Cruces minimos de la mutacion compleja: 4
Iteraciones ejecutadas: 10000
Largo del cruce PMX: 6
Operador de Cruce: 1
Metodo seleccion de Padres: 1
Operador de Mutacion: 0
Metodo seleccion de Supervivientes: 0
Cantidad de threads a usar: 8
7, 16, 0, 11, 12, 1, 13, 2, 9, 10, 15, 5, 6, 14, 4, 3, 8, 
7, 16, 0, 11, 12, 1, 13, 2, 10, 9, 15, 5, 14, 6, 4, 3, 8, 
7, 16, 12, 2, 13, 1, 9, 10, 11, 0, 15, 5, 6, 14, 4, 3, 8, 
7, 16, 0, 11, 9, 1, 13, 2, 12, 10, 15, 5, 6, 14, 4, 3, 8, 
7, 16, 12, 10, 9, 1, 13, 2, 11, 0, 15, 5, 6, 14, 4, 3, 8, 
7, 16, 0, 11, 9, 1, 13, 2, 12, 10, 15, 5, 6, 14, 4, 3, 8, 
7, 16, 12, 2, 13, 1, 9, 10, 11, 0, 15, 5, 6, 14, 4, 3, 8, 
7, 16, 0, 11, 9, 12, 13, 2, 10, 1, 15, 5, 6, 14, 4, 3, 8, 
7, 16, 0, 11, 9, 1, 13, 2, 12, 10, 15, 5, 14, 6, 4, 3, 8, 
7, 16, 0, 11, 9, 12, 13, 2, 10, 1, 15, 5, 6, 14, 4, 3, 8, 
7, 16, 0, 11, 12, 1, 13, 2, 10, 9, 15, 5, 6, 14, 4, 3, 8, 
7, 16, 0, 11, 12, 1, 13, 2, 10, 9, 15, 5, 6, 14, 4, 3, 8, 
7, 16, 0, 11, 9, 1, 13, 2, 10, 12, 15, 5, 6, 14, 4, 3, 8, 
7, 16, 0, 11, 9, 1, 13, 2, 12, 10, 15, 5, 6, 14, 4, 3, 8, 
7, 16, 0, 11, 9, 1, 13, 2, 12, 10, 15, 5, 6, 14, 3, 4, 8, 
7, 16, 0, 11, 1, 12, 13, 2, 10, 9, 15, 5, 6, 14, 4, 3, 8, 
7, 16, 0, 11, 9, 1, 13, 2, 12, 10, 15, 5, 6, 14, 4, 3, 8, 
7, 16, 0, 11, 12, 1, 13, 2, 9, 10, 15, 5, 6, 14, 4, 3, 8, 
7, 16, 0, 11, 12, 1, 13, 2, 10, 9, 15, 5, 6, 14, 4, 3, 8, 
7, 16, 0, 11, 12, 1, 13, 2, 10, 9, 15, 5, 6, 14, 4, 3, 8, 
7, 16, 0, 11, 12, 1, 13, 2, 10, 9, 15, 5, 6, 14, 4, 3, 8, 
7, 16, 0, 11, 12, 1, 13, 2, 10, 9, 15, 5, 6, 14, 4, 3, 8, 
7, 16, 0, 11, 12, 1, 13, 2, 9, 10, 15, 5, 6, 14, 4, 3, 8, 
7, 16, 0, 11, 12, 1, 13, 2, 10, 9, 15, 5, 6, 14, 4, 3, 8, 
7, 16, 0, 11, 9, 1, 13, 2, 10, 12, 15, 5, 6, 14, 4, 3, 8, 
7, 16, 0, 11, 12, 1, 13, 2, 10, 9, 15, 5, 6, 14, 4, 3, 8, 
7, 16, 0, 11, 12, 2, 13, 1, 10, 9, 15, 5, 6, 14, 4, 3, 8, 
7, 16, 0, 11, 12, 1, 13, 2, 10, 9, 15, 5, 6, 14, 4, 3, 8, 
7, 16, 0, 11, 9, 12, 13, 2, 10, 1, 15, 5, 6, 14, 4, 3, 8, 
7, 16, 0, 11, 9, 1, 13, 2, 10, 12, 15, 5, 6, 14, 4, 3, 8, 
7, 16, 12, 2, 13, 1, 9, 10, 11, 0, 15, 5, 6, 14, 4, 3, 8, 
7, 16, 0, 11, 1, 12, 13, 2, 10, 9, 15, 5, 14, 6, 4, 3, 8, 
7, 16, 0, 11, 12, 1, 13, 2, 10, 9, 15, 5, 6, 14, 4, 3, 8, 
7, 16, 0, 11, 9, 1, 13, 2, 10, 12, 15, 5, 6, 14, 4, 3, 8, 
7, 16, 0, 11, 9, 1, 13, 2, 10, 12, 15, 5, 6, 14, 3, 4, 8, 
7, 16, 0, 11, 9, 12, 13, 2, 10, 1, 15, 5, 6, 14, 4, 3, 8, 
7, 16, 0, 11, 12, 1, 13, 2, 10, 9, 15, 5, 6, 14, 4, 3, 8, 
7, 16, 0, 11, 12, 1, 13, 2, 10, 9, 15, 5, 6, 14, 4, 3, 8, 
7, 16, 0, 11, 12, 1, 13, 2, 10, 9, 15, 5, 6, 14, 4, 3, 8, 
7, 16, 0, 11, 9, 1, 13, 2, 12, 10, 15, 5, 6, 14, 4, 3, 8, 
7, 16, 0, 11, 12, 1, 13, 2, 10, 9, 15, 5, 6, 14, 4, 3, 8, 
7, 16, 0, 11, 12, 1, 13, 2, 10, 9, 15, 5, 6, 14, 4, 3, 8, 
7, 16, 0, 11, 9, 1, 13, 2, 12, 10, 15, 5, 6, 14, 4, 3, 8, 
7, 16, 0, 11, 9, 1, 13, 2, 12, 10, 15, 5, 6, 14, 4, 3, 8, 
7, 16, 12, 2, 13, 1, 9, 10, 11, 0, 15, 5, 6, 14, 4, 3, 8, 
7, 16, 0, 11, 12, 1, 13, 2, 10, 9, 15, 5, 6, 14, 4, 3, 8, 
7, 16, 12, 2, 13, 1, 9, 10, 11, 0, 15, 5, 14, 6, 4, 3, 8, 
7, 16, 0, 11, 9, 1, 13, 2, 10, 12, 15, 5, 6, 14, 4, 3, 8, 
7, 16, 0, 11, 9, 1, 13, 2, 12, 10, 15, 5, 6, 14, 4, 3, 8, 
7, 16, 0, 11, 9, 1, 13, 2, 10, 12, 15, 5, 6, 14, 4, 3, 8, 
7, 16, 0, 11, 9, 1, 13, 2, 12, 10, 15, 5, 6, 14, 4, 3, 8, 
7, 16, 11, 2, 13, 1, 9, 10, 12, 0, 15, 5, 6, 14, 4, 3, 8, 
7, 16, 12, 1, 0, 11, 13, 2, 10, 9, 15, 5, 6, 14, 4, 3, 8, 
7, 16, 0, 2, 13, 1, 9, 10, 12, 11, 15, 5, 14, 6, 4, 3, 8, 
7, 16, 12, 1, 11, 0, 13, 2, 9, 10, 15, 5, 6, 14, 4, 3, 8, 
7, 16, 0, 2, 13, 1, 9, 10, 12, 11, 15, 5, 6, 14, 4, 3, 8, 
7, 16, 12, 1, 11, 0, 13, 2, 10, 9, 15, 5, 6, 14, 4, 3, 8, 
7, 16, 11, 2, 13, 1, 9, 10, 12, 0, 15, 5, 6, 14, 4, 3, 8, 
7, 16, 9, 1, 11, 0, 13, 2, 10, 12, 15, 5, 6, 14, 4, 3, 8, 
7, 16, 1, 12, 11, 0, 13, 2, 9, 10, 15, 5, 6, 14, 4, 3, 8, 
7, 16, 1, 12, 11, 0, 13, 2, 10, 9, 15, 5, 6, 14, 4, 3, 8, 
7, 16, 12, 1, 11, 0, 13, 2, 10, 9, 15, 5, 6, 14, 4, 3, 8, 
7, 16, 9, 12, 11, 0, 13, 2, 10, 1, 15, 5, 6, 14, 4, 3, 8, 
7, 16, 12, 2, 13, 1, 9, 11, 0, 10, 15, 5, 14, 6, 4, 3, 8, 
7, 16, 10, 2, 13, 1, 0, 11, 12, 9, 15, 5, 6, 14, 4, 3, 8, 
7, 16, 12, 2, 13, 1, 0, 11, 10, 9, 15, 5, 14, 6, 4, 3, 8, 
7, 16, 12, 2, 13, 1, 0, 11, 10, 9, 15, 5, 6, 14, 4, 3, 8, 
7, 16, 12, 2, 13, 1, 0, 11, 10, 9, 15, 5, 6, 14, 4, 3, 8, 
7, 16, 10, 2, 13, 1, 0, 11, 12, 9, 15, 5, 14, 6, 4, 3, 8, 
7, 16, 12, 11, 0, 1, 13, 2, 10, 9, 15, 5, 6, 14, 4, 3, 8, 
7, 16, 10, 2, 13, 1, 12, 0, 11, 9, 15, 5, 6, 14, 4, 3, 8, 
7, 16, 10, 2, 13, 1, 12, 0, 11, 9, 15, 5, 6, 14, 4, 3, 8, 
7, 16, 12, 2, 13, 1, 0, 11, 10, 9, 15, 5, 6, 14, 4, 3, 8, 
7, 16, 12, 2, 13, 1, 0, 11, 10, 9, 15, 5, 6, 14, 4, 3, 8, 
16, 7, 0, 2, 13, 1, 9, 10, 12, 11, 15, 5, 14, 3, 4, 6, 8, 
7, 16, 11, 12, 1, 0, 13, 2, 10, 9, 15, 5, 6, 14, 4, 3, 8, 
7, 16, 0, 2, 13, 1, 9, 10, 11, 12, 15, 5, 6, 14, 4, 3, 8, 
7, 16, 0, 2, 13, 1, 9, 11, 10, 12, 15, 5, 6, 14, 4, 3, 8, 
7, 16, 0, 2, 13, 1, 9, 11, 12, 10, 15, 5, 14, 6, 4, 3, 8, 
7, 16, 0, 2, 13, 1, 9, 11, 10, 12, 15, 5, 6, 14, 4, 3, 8, 
7, 16, 0, 2, 13, 1, 9, 11, 10, 12, 15, 5, 6, 14, 4, 3, 8, 
7, 16, 0, 11, 13, 1, 9, 2, 12, 10, 15, 5, 6, 14, 4, 3, 8, 
7, 16, 0, 2, 13, 1, 9, 11, 10, 12, 15, 5, 6, 14, 4, 3, 8, 
7, 16, 0, 2, 13, 1, 9, 10, 11, 12, 15, 5, 6, 14, 4, 3, 8, 
7, 16, 12, 2, 13, 1, 9, 11, 0, 10, 15, 5, 14, 3, 4, 6, 8, 
7, 16, 0, 2, 13, 1, 9, 11, 10, 12, 15, 5, 6, 14, 4, 3, 8, 
7, 16, 0, 2, 13, 1, 9, 11, 10, 12, 15, 5, 6, 14, 4, 3, 8, 
7, 16, 12, 2, 13, 1, 9, 11, 10, 0, 15, 5, 6, 14, 4, 3, 8, 
7, 16, 12, 2, 13, 1, 9, 11, 10, 0, 15, 5, 6, 14, 4, 3, 8, 
7, 16, 12, 2, 13, 1, 9, 11, 10, 0, 15, 5, 6, 14, 4, 3, 8, 
7, 16, 12, 2, 13, 1, 9, 11, 10, 0, 15, 5, 6, 14, 4, 3, 8, 
7, 16, 12, 2, 13, 1, 9, 11, 10, 0, 15, 5, 6, 14, 4, 3, 8, 
7, 16, 0, 9, 11, 1, 13, 2, 12, 10, 15, 5, 6, 14, 4, 3, 8, 
7, 16, 12, 2, 13, 1, 9, 11, 10, 0, 15, 5, 6, 14, 4, 3, 8, 
7, 16, 12, 2, 13, 1, 9, 11, 10, 0, 15, 5, 6, 14, 4, 3, 8, 
7, 16, 12, 2, 13, 1, 9, 11, 10, 0, 15, 5, 6, 14, 4, 3, 8, 
7, 16, 12, 2, 13, 1, 9, 11, 10, 0, 15, 5, 6, 14, 4, 3, 8, 
7, 16, 12, 2, 13, 1, 9, 11, 10, 0, 15, 5, 6, 14, 4, 3, 8, 
7, 16, 12, 2, 13, 1, 9, 11, 10, 0, 15, 5, 6, 14, 4, 3, 8, 
7, 16, 12, 2, 13, 1, 9, 11, 10, 0, 15, 5, 6, 14, 4, 3, 8, 
Tiempo de ejecucion (total): 0.21
Best fitness a lo largo del tiempo: 
109, 96, 96, 76, 76, 76, 73, 71, 71, 70, 55, 55, 55, 46, 46, 46, 46, 46, 42, 40, 40, 40, 40, 40, 40, 40, 40, 40, 40, 40, 40, 40, 40, 40, 40, 39, 
Fitness promedio a lo largo del tiempo: 
241, 231, 220, 209, 199, 188, 178, 168, 158, 148, 139, 130, 120, 111, 103, 95, 87, 80, 73, 69, 65, 62, 59, 57, 54, 52, 51, 49, 47, 46, 45, 43, 43, 42, 41, 
Mejor solucion obtenida: 7, 16, 12, 10, 9, 1, 13, 2, 11, 0, 15, 5, 6, 14, 4, 3, 8, || Fitness: 39;