Archivo Usado: br17.atsp
Tamaño de la Poblacion: 100
Reemplazo por Generacion: 5
Tamaño de los Torneos: 5
Cantidad de ciudades: 17
Probabilidad de cruce: 90000
Probabilidad mutacion simple: 3000
Probabilidad mutacion compleja: 10000
Cruces minimos de la mutacion compleja: 4
Iteraciones ejecutadas: 10000
Largo del cruce PMX: 6
Operador de Cruce: 1
Metodo seleccion de Padres: 1
Operador de Mutacion: 0
Metodo seleccion de Supervivientes: 0
Cantidad de threads a usar: 8
3, 15, 6, 5, 14, 11, 0, 9, 1, 13, 2, 10, 12, 8, 7, 16, 4, 
3, 15, 14, 5, 6, 0, 11, 1, 9, 13, 2, 10, 12, 8, 7, 16, 4, 
3, 15, 5, 6, 14, 0, 11, 1, 9, 13, 2, 10, 12, 8, 7, 16, 4, 
3, 15, 5, 6, 14, 0, 11, 1, 9, 13, 2, 10, 12, 8, 7, 16, 4, 
3, 15, 5, 6, 14, 10, 12, 1, 9, 13, 2, 0, 11, 8, 7, 16, 4, 
3, 15, 5, 6, 14, 0, 11, 1, 9, 2, 13, 10, 12, 8, 7, 16, 4, 
3, 15, 5, 6, 14, 0, 11, 1, 9, 13, 2, 10, 12, 8, 7, 16, 4, 
3, 15, 5, 6, 14, 0, 11, 1, 9, 13, 2, 10, 12, 8, 7, 16, 4, 
3, 15, 5, 6, 14, 0, 11, 1, 9, 2, 13, 10, 12, 8, 7, 16, 4, 
3, 15, 6, 14, 5, 0, 11, 1, 9, 13, 2, 10, 12, 8, 7, 16, 4, 
3, 15, 14, 6, 5, 0, 11, 1, 9, 13, 2, 10, 12, 8, 7, 16, 4, 
3, 15, 6, 14, 5, 0, 11, 1, 9, 13, 2, 10, 12, 8, 7, 16, 4, 
3, 15, 5, 6, 14, 0, 11, 1, 9, 2, 13, 10, 12, 8, 7, 16, 4, 
3, 15, 5, 6, 14, 0, 11, 1, 9, 13, 2, 10, 12, 8, 7, 16, 4, 
3, 15, 14, 6, 5, 0, 11, 1, 9, 13, 2, 10, 12, 8, 7, 16, 4, 
3, 15, 5, 6, 14, 0, 11, 12, 9, 13, 2, 10, 1, 8, 7, 16, 4, 
3, 15, 5, 6, 14, 0, 11, 1, 9, 13, 2, 10, 12, 8, 7, 16, 4, 
3, 15, 6, 14, 5, 0, 11, 1, 9, 2, 13, 10, 12, 8, 7, 16, 4, 
3, 15, 5, 6, 14, 0, 11, 1, 9, 13, 2, 10, 12, 8, 7, 16, 4, 
3, 15, 5, 6, 14, 0, 11, 1, 9, 13, 2, 10, 12, 8, 7, 16, 4, 
3, 15, 5, 6, 14, 0, 11, 1, 9, 13, 2, 10, 12, 8, 7, 16, 4, 
3, 15, 5, 6, 14, 0, 11, 1, 9, 13, 2, 10, 12, 8, 7, 16, 4, 
3, 15, 5, 6, 14, 0, 11, 12, 9, 13, 2, 10, 1, 8, 7, 16, 4, 
3, 15, 5, 6, 14, 0, 11, 1, 9, 13, 2, 10, 12, 8, 7, 16, 4, 
3, 15, 5, 6, 14, 0, 11, 1, 9, 13, 2, 10, 12, 8, 7, 16, 4, 
3, 15, 14, 6, 5, 0, 11, 1, 9, 13, 2, 10, 12, 8, 7, 16, 4, 
3, 15, 5, 6, 14, 0, 11, 1, 9, 13, 2, 10, 12, 8, 7, 16, 4, 
3, 15, 5, 6, 14, 0, 11, 1, 9, 13, 2, 10, 12, 8, 7, 16, 4, 
3, 15, 5, 6, 14, 0, 11, 1, 9, 13, 2, 10, 12, 8, 7, 16, 4, 
3, 15, 5, 6, 14, 0, 11, 1, 9, 13, 2, 10, 12, 8, 7, 16, 4, 
3, 15, 14, 6, 5, 0, 11, 1, 9, 13, 2, 10, 12, 8, 7, 16, 4, 
3, 15, 5, 6, 14, 0, 11, 1, 9, 13, 2, 10, 12, 8, 7, 16, 4, 
3, 15, 14, 6, 5, 0, 11, 1, 9, 13, 2, 10, 12, 8, 7, 16, 4, 
3, 15, 14, 5, 6, 0, 11, 9, 1, 13, 2, 10, 12, 8, 7, 16, 4, 
3, 15, 6, 14, 5, 0, 11, 1, 12, 2, 13, 10, 9, 8, 7, 16, 4, 
3, 15, 5, 6, 14, 0, 11, 1, 9, 13, 2, 10, 12, 8, 7, 16, 4, 
3, 15, 5, 6, 14, 0, 11, 1, 9, 2, 13, 10, 12, 8, 7, 16, 4, 
3, 15, 14, 6, 5, 0, 11, 12, 9, 13, 2, 10, 1, 8, 7, 16, 4, 
3, 15, 6, 5, 14, 11, 0, 1, 9, 13, 2, 10, 12, 8, 7, 16, 4, 
3, 15, 5, 6, 14, 0, 11, 1, 9, 13, 2, 10, 12, 16, 7, 8, 4, 
3, 15, 5, 6, 14, 0, 11, 1, 9, 13, 2, 10, 12, 8, 7, 16, 4, 
3, 15, 5, 6, 14, 0, 11, 9, 1, 13, 2, 10, 12, 8, 7, 16, 4, 
3, 15, 6, 14, 5, 0, 11, 1, 9, 13, 2, 10, 12, 8, 7, 16, 4, 
3, 15, 5, 6, 14, 0, 11, 1, 9, 13, 2, 10, 12, 8, 7, 16, 4, 
3, 15, 5, 6, 14, 0, 11, 1, 9, 13, 2, 10, 12, 8, 7, 16, 4, 
3, 15, 5, 6, 14, 0, 11, 1, 9, 13, 2, 10, 12, 8, 7, 16, 4, 
3, 15, 5, 6, 14, 0, 11, 1, 9, 2, 13, 10, 12, 8, 7, 16, 4, 
3, 15, 6, 14, 5, 0, 11, 1, 9, 13, 2, 10, 12, 8, 7, 16, 4, 
3, 15, 6, 5, 14, 0, 11, 1, 9, 13, 2, 10, 12, 8, 7, 16, 4, 
3, 15, 5, 6, 14, 0, 11, 12, 9, 13, 2, 10, 1, 8, 7, 16, 4, 
3, 15, 5, 6, 14, 0, 11, 1, 9, 13, 2, 10, 12, 8, 7, 16, 4, 
3, 15, 14, 6, 5, 0, 11, 1, 9, 13, 2, 10, 12, 8, 7, 16, 4, 
3, 15, 6, 5, 14, 0, 11, 1, 9, 13, 2, 10, 12, 8, 7, 16, 4, 
3, 15, 6, 14, 5, 0, 11, 1, 9, 13, 2, 10, 12, 8, 7, 16, 4, 
3, 15, 5, 6, 14, 0, 11, 1, 9, 13, 2, 10, 12, 8, 7, 16, 4, 
3, 15, 5, 6, 14, 0, 11, 9, 1, 13, 2, 10, 12, 8, 7, 16, 4, 
3, 15, 6, 14, 5, 0, 11, 1, 9, 13, 2, 10, 12, 8, 7, 16, 4, 
3, 15, 5, 6, 14, 0, 11, 1, 9, 13, 2, 10, 12, 8, 7, 16, 4, 
3, 15, 14, 6, 5, 0, 11, 1, 9, 2, 13, 10, 12, 8, 7, 16, 4, 
3, 15, 6, 14, 5, 0, 11, 1, 9, 13, 2, 10, 12, 7, 8, 16, 4, 
3, 15, 6, 5, 14, 0, 11, 12, 9, 13, 2, 10, 1, 8, 7, 16, 4, 
3, 15, 5, 6, 14, 0, 11, 1, 9, 13, 2, 10, 12, 8, 7, 16, 4, 
3, 15, 5, 6, 14, 0, 11, 1, 9, 13, 2, 10, 12, 8, 7, 16, 4, 
3, 15, 5, 6, 14, 0, 11, 1, 9, 13, 2, 10, 12, 8, 7, 16, 4, 
3, 15, 5, 6, 14, 0, 11, 1, 9, 13, 2, 10, 12, 8, 7, 16, 4, 
3, 15, 5, 6, 14, 0, 11, 1, 9, 13, 2, 10, 12, 8, 7, 16, 4, 
3, 15, 5, 6, 14, 0, 11, 1, 9, 13, 2, 10, 12, 8, 7, 16, 4, 
3, 15, 5, 6, 14, 0, 11, 1, 9, 13, 2, 10, 12, 8, 7, 16, 4, 
3, 15, 6, 14, 5, 11, 0, 1, 9, 13, 2, 10, 12, 8, 7, 16, 4, 
3, 15, 5, 6, 14, 0, 11, 1, 9, 13, 2, 10, 12, 8, 7, 16, 4, 
3, 15, 5, 6, 14, 0, 11, 1, 9, 13, 2, 10, 12, 8, 7, 16, 4, 
3, 15, 14, 6, 5, 0, 11, 12, 9, 13, 2, 10, 1, 8, 7, 16, 4, 
3, 15, 14, 6, 5, 0, 11, 12, 9, 13, 2, 10, 1, 8, 7, 16, 4, 
3, 15, 14, 6, 5, 0, 11, 1, 9, 13, 2, 10, 12, 8, 7, 16, 4, 
3, 15, 5, 6, 14, 0, 11, 1, 9, 13, 2, 10, 12, 8, 7, 16, 4, 
3, 15, 5, 6, 14, 0, 11, 1, 9, 13, 2, 10, 12, 8, 7, 16, 4, 
3, 15, 5, 6, 14, 0, 11, 1, 9, 13, 2, 10, 12, 8, 7, 16, 4, 
3, 15, 14, 6, 5, 0, 11, 1, 9, 13, 2, 10, 12, 8, 7, 16, 4, 
3, 15, 5, 6, 14, 0, 11, 1, 9, 13, 2, 10, 12, 8, 7, 16, 4, 
3, 15, 6, 14, 5, 0, 11, 1, 9, 13, 2, 10, 12, 8, 7, 16, 4, 
3, 15, 5, 6, 14, 0, 11, 1, 9, 13, 2, 10, 12, 8, 7, 16, 4, 
3, 15, 14, 6, 5, 0, 11, 12, 9, 13, 2, 10, 1, 8, 7, 16, 4, 
3, 15, 5, 6, 14, 0, 11, 1, 9, 13, 2, 10, 12, 8, 7, 16, 4, 
3, 15, 14, 6, 5, 0, 11, 9, 1, 13, 2, 10, 12, 8, 7, 16, 4, 
3, 15, 6, 14, 5, 0, 11, 1, 9, 13, 2, 10, 12, 8, 7, 16, 4, 
3, 15, 6, 14, 5, 0, 11, 9, 1, 13, 2, 10, 12, 8, 7, 16, 4, 
3, 15, 14, 6, 5, 0, 11, 1, 9, 13, 2, 10, 12, 8, 7, 16, 4, 
3, 15, 6, 14, 5, 0, 11, 1, 9, 13, 2, 10, 12, 8, 7, 16, 4, 
3, 15, 5, 6, 14, 0, 11, 1, 9, 13, 2, 10, 12, 8, 7, 16, 4, 
3, 15, 5, 6, 14, 0, 11, 1, 9, 13, 2, 10, 12, 8, 7, 16, 4, 
3, 15, 5, 6, 14, 0, 11, 1, 9, 13, 2, 10, 12, 8, 7, 16, 4, 
3, 15, 5, 6, 14, 0, 11, 1, 9, 13, 2, 10, 12, 8, 7, 16, 4, 
3, 15, 5, 6, 14, 0, 11, 1, 9, 13, 2, 10, 12, 8, 7, 16, 4, 
3, 15, 5, 6, 14, 0, 11, 1, 9, 13, 2, 10, 12, 8, 7, 16, 4, 
3, 15, 5, 6, 14, 11, 0, 1, 9, 13, 2, 10, 12, 8, 7, 16, 4, 
3, 15, 6, 14, 5, 0, 11, 1, 9, 2, 13, 10, 12, 8, 7, 16, 4, 
3, 15, 5, 6, 14, 0, 11, 1, 9, 2, 13, 10, 12, 8, 7, 16, 4, 
3, 15, 5, 6, 14, 0, 11, 1, 9, 13, 2, 10, 12, 8, 7, 16, 4, 
3, 15, 5, 6, 14, 0, 11, 1, 9, 13, 2, 10, 12, 8, 7, 16, 4, 
3, 15, 5, 6, 14, 0, 11, 1, 9, 13, 2, 10, 12, 8, 7, 16, 4, 
Tiempo de ejecucion (total): 0.434
Best fitness a lo largo del tiempo: 
94, 94, 73, 73, 73, 69, 69, 69, 62, 62, 55, 55, 55, 55, 55, 55, 55, 55, 55, 55, 55, 52, 52, 52, 44, 42, 42, 42, 42, 42, 42, 42, 42, 42, 42, 42, 42, 42, 42, 42, 42, 42, 42, 42, 42, 40, 40, 40, 40, 40, 40, 40, 40, 40, 40, 40, 40, 40, 40, 40, 40, 40, 40, 40, 40, 40, 40, 40, 40, 40, 40, 40, 40, 39, 
Fitness promedio a lo largo del tiempo: 
234, 224, 213, 203, 193, 183, 173, 163, 154, 144, 136, 127, 119, 110, 103, 96, 89, 84, 79, 74, 71, 68, 66, 64, 62, 60, 58, 57, 56, 55, 54, 53, 52, 51, 50, 49, 49, 48, 47, 46, 46, 45, 45, 44, 43, 43, 42, 42, 42, 41, 41, 41, 41, 41, 41, 40, 40, 40, 40, 40, 40, 40, 40, 40, 40, 40, 40, 40, 40, 40, 40, 40, 39, 
Mejor solucion obtenida: 3, 15, 5, 6, 14, 10, 12, 1, 9, 13, 2, 0, 11, 8, 7, 16, 4, || Fitness: 39;