Archivo Usado: br17.atsp
Tamaño de la Poblacion: 100
Reemplazo por Generacion: 5
Tamaño de los Torneos: 5
Cantidad de ciudades: 17
Probabilidad de cruce: 90000
Probabilidad mutacion simple: 3000
Probabilidad mutacion compleja: 10000
Cruces minimos de la mutacion compleja: 4
Iteraciones ejecutadas: 10000
Largo del cruce PMX: 6
Operador de Cruce: 1
Metodo seleccion de Padres: 1
Operador de Mutacion: 0
Metodo seleccion de Supervivientes: 1
Cantidad de threads a usar: 8
11, 15, 5, 14, 6, 4, 3, 8, 7, 16, 12, 10, 13, 2, 9, 1, 0, 
11, 5, 15, 14, 6, 4, 3, 8, 7, 16, 10, 12, 13, 2, 9, 1, 0, 
11, 5, 15, 14, 6, 4, 3, 8, 7, 16, 12, 10, 13, 2, 9, 1, 0, 
11, 5, 15, 14, 6, 4, 3, 8, 7, 16, 12, 10, 13, 2, 9, 1, 0, 
11, 5, 15, 14, 6, 4, 3, 8, 7, 16, 12, 10, 13, 2, 9, 1, 0, 
11, 15, 5, 14, 6, 4, 3, 8, 7, 16, 9, 10, 12, 1, 13, 2, 0, 
11, 5, 15, 14, 6, 4, 3, 8, 7, 16, 12, 10, 13, 2, 9, 1, 0, 
11, 15, 5, 14, 6, 4, 3, 8, 7, 16, 12, 10, 13, 2, 9, 1, 0, 
11, 5, 15, 14, 6, 4, 3, 8, 7, 16, 12, 10, 13, 2, 9, 1, 0, 
11, 5, 15, 14, 6, 4, 3, 8, 7, 16, 12, 10, 13, 2, 9, 1, 0, 
11, 5, 15, 14, 6, 4, 3, 8, 7, 16, 12, 10, 13, 2, 9, 1, 0, 
11, 15, 5, 14, 6, 4, 3, 8, 7, 16, 9, 10, 13, 2, 12, 1, 0, 
11, 5, 15, 14, 6, 4, 3, 8, 7, 16, 10, 12, 13, 2, 9, 1, 0, 
11, 5, 15, 14, 6, 4, 3, 8, 7, 16, 12, 10, 13, 2, 9, 1, 0, 
11, 5, 15, 14, 6, 4, 3, 8, 7, 16, 12, 10, 13, 2, 9, 1, 0, 
11, 15, 5, 14, 6, 4, 3, 8, 7, 16, 12, 10, 13, 2, 9, 1, 0, 
11, 5, 15, 14, 6, 4, 3, 8, 7, 16, 12, 10, 13, 2, 9, 1, 0, 
11, 15, 5, 14, 6, 4, 3, 8, 7, 16, 12, 10, 13, 2, 9, 1, 0, 
11, 5, 15, 14, 6, 4, 3, 8, 7, 16, 9, 10, 13, 2, 12, 1, 0, 
11, 5, 15, 14, 6, 4, 3, 8, 7, 16, 9, 10, 13, 2, 12, 1, 0, 
11, 15, 5, 14, 6, 4, 3, 8, 7, 16, 9, 10, 13, 2, 12, 1, 0, 
11, 15, 5, 14, 6, 4, 3, 8, 7, 16, 12, 10, 13, 2, 9, 1, 0, 
11, 5, 15, 14, 6, 4, 3, 8, 7, 16, 12, 10, 13, 2, 9, 1, 0, 
11, 5, 15, 14, 6, 4, 3, 8, 7, 16, 12, 10, 13, 2, 9, 1, 0, 
11, 15, 5, 14, 6, 4, 3, 8, 7, 16, 9, 10, 13, 2, 12, 1, 0, 
11, 5, 15, 14, 6, 4, 3, 8, 7, 16, 12, 10, 13, 2, 9, 1, 0, 
11, 5, 15, 14, 6, 4, 3, 8, 7, 16, 9, 10, 13, 2, 12, 1, 0, 
11, 5, 15, 14, 6, 4, 3, 8, 7, 16, 12, 10, 13, 2, 9, 1, 0, 
11, 5, 15, 14, 6, 4, 3, 8, 7, 16, 12, 10, 13, 2, 9, 1, 0, 
11, 5, 15, 14, 6, 4, 3, 8, 7, 16, 12, 10, 13, 2, 9, 1, 0, 
11, 5, 15, 14, 6, 4, 3, 8, 7, 16, 12, 10, 13, 2, 9, 1, 0, 
11, 5, 15, 14, 6, 4, 3, 8, 7, 16, 12, 10, 13, 2, 9, 1, 0, 
11, 5, 15, 14, 6, 4, 3, 8, 16, 7, 10, 12, 13, 2, 9, 1, 0, 
11, 15, 5, 14, 6, 4, 3, 8, 7, 16, 12, 10, 13, 2, 9, 1, 0, 
11, 5, 15, 14, 6, 4, 3, 8, 7, 16, 12, 10, 13, 2, 9, 1, 0, 
11, 5, 15, 14, 6, 4, 3, 8, 7, 16, 12, 10, 13, 2, 9, 1, 0, 
11, 5, 15, 14, 6, 4, 3, 8, 7, 16, 12, 10, 13, 2, 9, 1, 0, 
11, 5, 15, 14, 6, 4, 3, 8, 7, 16, 12, 10, 13, 2, 9, 1, 0, 
11, 15, 5, 14, 6, 4, 3, 8, 7, 16, 12, 10, 13, 2, 9, 1, 0, 
11, 5, 15, 14, 6, 4, 3, 8, 7, 16, 9, 10, 12, 2, 13, 1, 0, 
11, 15, 5, 14, 6, 4, 3, 8, 7, 16, 9, 10, 13, 2, 12, 1, 0, 
11, 15, 5, 14, 6, 4, 3, 8, 7, 16, 12, 10, 13, 2, 9, 1, 0, 
11, 5, 15, 14, 6, 4, 3, 8, 7, 16, 12, 10, 13, 2, 9, 1, 0, 
11, 5, 15, 14, 6, 4, 3, 8, 7, 16, 12, 10, 13, 2, 9, 1, 0, 
11, 15, 5, 14, 6, 4, 3, 8, 7, 16, 9, 10, 13, 2, 12, 1, 0, 
11, 15, 5, 14, 6, 4, 3, 8, 7, 16, 9, 10, 13, 2, 12, 1, 0, 
11, 5, 15, 14, 6, 4, 3, 8, 7, 16, 12, 10, 13, 2, 9, 1, 0, 
11, 15, 5, 14, 6, 4, 3, 8, 7, 16, 9, 10, 13, 2, 12, 1, 0, 
11, 5, 15, 14, 6, 4, 3, 8, 7, 16, 12, 10, 13, 2, 9, 1, 0, 
11, 5, 15, 14, 6, 4, 3, 8, 7, 16, 12, 10, 13, 2, 9, 1, 0, 
11, 5, 15, 14, 6, 4, 3, 8, 7, 16, 12, 10, 13, 2, 9, 1, 0, 
11, 5, 15, 14, 6, 4, 3, 8, 7, 16, 12, 10, 13, 2, 9, 1, 0, 
11, 5, 15, 14, 6, 4, 3, 8, 7, 16, 12, 10, 13, 2, 9, 1, 0, 
11, 15, 5, 14, 6, 4, 3, 8, 7, 16, 12, 10, 13, 2, 9, 1, 0, 
11, 15, 5, 14, 6, 4, 3, 8, 7, 16, 12, 10, 13, 2, 9, 1, 0, 
11, 5, 15, 14, 6, 4, 3, 8, 7, 16, 12, 10, 13, 2, 9, 1, 0, 
11, 5, 15, 14, 6, 4, 3, 8, 7, 16, 12, 10, 13, 2, 9, 1, 0, 
11, 5, 15, 14, 6, 4, 3, 8, 7, 16, 12, 10, 13, 2, 9, 1, 0, 
11, 15, 5, 14, 6, 4, 3, 8, 7, 16, 12, 10, 13, 2, 9, 1, 0, 
11, 5, 15, 14, 6, 4, 3, 8, 7, 16, 12, 10, 13, 2, 9, 1, 0, 
11, 5, 15, 14, 6, 4, 3, 8, 7, 16, 12, 10, 13, 2, 9, 1, 0, 
11, 5, 15, 14, 6, 4, 3, 8, 7, 16, 12, 10, 13, 2, 9, 1, 0, 
11, 5, 15, 14, 6, 4, 3, 8, 7, 16, 12, 10, 13, 2, 9, 1, 0, 
11, 15, 5, 14, 6, 4, 3, 8, 7, 16, 12, 10, 13, 2, 9, 1, 0, 
11, 5, 15, 14, 6, 4, 3, 8, 7, 16, 10, 12, 13, 2, 9, 1, 0, 
11, 15, 5, 14, 6, 4, 3, 8, 7, 16, 12, 10, 13, 2, 9, 1, 0, 
11, 5, 15, 14, 6, 4, 3, 8, 7, 16, 12, 10, 13, 2, 9, 1, 0, 
11, 5, 15, 14, 6, 4, 3, 8, 7, 16, 12, 10, 13, 2, 9, 1, 0, 
11, 15, 5, 14, 6, 4, 3, 8, 7, 16, 12, 10, 13, 2, 9, 1, 0, 
11, 5, 15, 14, 6, 4, 3, 8, 7, 16, 12, 10, 13, 2, 9, 1, 0, 
11, 15, 5, 14, 6, 4, 3, 8, 7, 16, 9, 10, 13, 2, 12, 1, 0, 
11, 5, 15, 14, 6, 4, 3, 8, 7, 16, 10, 12, 13, 2, 9, 1, 0, 
11, 15, 5, 14, 6, 4, 3, 8, 7, 16, 12, 10, 13, 2, 9, 1, 0, 
11, 5, 15, 14, 6, 4, 3, 8, 7, 16, 12, 10, 13, 2, 9, 1, 0, 
11, 5, 15, 14, 6, 4, 3, 8, 7, 16, 12, 10, 13, 2, 9, 1, 0, 
11, 5, 15, 14, 6, 4, 3, 8, 7, 16, 12, 10, 13, 2, 9, 1, 0, 
11, 5, 15, 14, 6, 4, 3, 8, 7, 16, 12, 10, 13, 2, 9, 1, 0, 
11, 5, 15, 14, 6, 4, 3, 8, 7, 16, 12, 10, 13, 2, 9, 1, 0, 
11, 5, 15, 14, 6, 4, 3, 8, 7, 16, 10, 12, 13, 2, 9, 1, 0, 
11, 5, 15, 14, 6, 4, 3, 8, 7, 16, 12, 10, 13, 2, 9, 1, 0, 
11, 5, 15, 14, 6, 4, 3, 8, 7, 16, 12, 10, 13, 2, 9, 1, 0, 
11, 5, 15, 14, 6, 4, 3, 8, 7, 16, 12, 10, 13, 2, 9, 1, 0, 
11, 5, 15, 14, 6, 4, 3, 8, 7, 16, 12, 10, 13, 2, 9, 1, 0, 
11, 5, 15, 14, 6, 4, 3, 8, 7, 16, 12, 10, 13, 2, 9, 1, 0, 
11, 5, 15, 14, 6, 4, 3, 8, 7, 16, 12, 10, 13, 2, 9, 1, 0, 
11, 5, 15, 14, 6, 4, 3, 8, 7, 16, 12, 10, 13, 2, 9, 1, 0, 
11, 5, 15, 14, 6, 4, 3, 8, 7, 16, 12, 10, 13, 2, 9, 1, 0, 
11, 15, 5, 14, 6, 4, 3, 8, 7, 16, 12, 10, 13, 2, 9, 1, 0, 
11, 5, 15, 14, 6, 4, 3, 8, 7, 16, 12, 10, 13, 2, 9, 1, 0, 
11, 15, 5, 14, 6, 4, 3, 8, 7, 16, 12, 10, 13, 2, 9, 1, 0, 
11, 5, 15, 14, 6, 4, 3, 8, 7, 16, 12, 10, 13, 2, 9, 1, 0, 
11, 15, 5, 14, 6, 4, 3, 8, 7, 16, 12, 10, 13, 2, 9, 1, 0, 
11, 15, 5, 14, 6, 4, 3, 8, 7, 16, 12, 10, 13, 2, 9, 1, 0, 
11, 15, 5, 14, 6, 4, 3, 8, 7, 16, 9, 10, 12, 2, 13, 1, 0, 
11, 5, 15, 14, 6, 4, 3, 8, 7, 16, 12, 10, 13, 2, 9, 1, 0, 
11, 15, 5, 14, 6, 4, 3, 8, 7, 16, 9, 10, 13, 2, 12, 1, 0, 
11, 15, 5, 14, 6, 4, 3, 8, 7, 16, 9, 10, 12, 2, 13, 1, 0, 
11, 15, 5, 14, 6, 4, 3, 8, 7, 16, 9, 10, 13, 2, 12, 1, 0, 
11, 15, 5, 14, 6, 4, 3, 8, 7, 16, 9, 10, 13, 2, 12, 1, 0, 
11, 15, 5, 14, 6, 4, 3, 8, 7, 16, 12, 10, 13, 2, 9, 1, 0, 
Tiempo de ejecucion (total): 1.158
Best fitness a lo largo del tiempo: 
76, 76, 76, 56, 56, 56, 56, 56, 56, 56, 56, 56, 56, 56, 56, 42, 42, 42, 40, 40, 40, 40, 40, 40, 40, 40, 40, 40, 40, 40, 40, 40, 40, 40, 40, 40, 40, 40, 40, 40, 40, 40, 40, 40, 40, 40, 40, 40, 40, 40, 40, 40, 40, 40, 40, 40, 40, 40, 40, 40, 40, 40, 40, 40, 40, 40, 40, 40, 40, 40, 40, 40, 40, 40, 40, 40, 40, 40, 40, 40, 40, 40, 40, 40, 40, 40, 40, 40, 40, 40, 40, 40, 40, 40, 40, 40, 40, 40, 40, 40, 40, 40, 40, 40, 40, 40, 40, 40, 40, 40, 40, 40, 40, 40, 40, 40, 40, 40, 40, 40, 40, 40, 40, 40, 40, 40, 40, 40, 40, 40, 40, 40, 40, 40, 40, 40, 40, 40, 40, 40, 40, 40, 40, 40, 40, 40, 40, 40, 40, 40, 40, 40, 40, 40, 40, 40, 40, 40, 40, 40, 40, 40, 40, 40, 40, 40, 40, 40, 40, 40, 40, 40, 40, 40, 40, 40, 40, 40, 40, 40, 40, 40, 40, 40, 40, 40, 40, 40, 40, 40, 40, 40, 40, 40, 40, 40, 40, 39, 
Fitness promedio a lo largo del tiempo: 
226, 205, 182, 170, 163, 155, 153, 158, 163, 157, 142, 116, 118, 124, 111, 97, 88, 73, 63, 56, 51, 47, 47, 44, 44, 43, 42, 43, 42, 42, 42, 42, 42, 43, 42, 42, 42, 41, 40, 40, 40, 41, 41, 41, 40, 41, 41, 41, 41, 41, 41, 41, 41, 41, 41, 40, 40, 40, 40, 40, 40, 40, 40, 40, 40, 40, 40, 40, 40, 40, 40, 40, 40, 40, 40, 40, 40, 40, 40, 40, 40, 40, 40, 40, 40, 40, 40, 40, 40, 40, 40, 40, 40, 40, 40, 44, 44, 42, 42, 41, 40, 40, 40, 40, 40, 40, 40, 40, 40, 40, 40, 40, 40, 40, 40, 45, 44, 42, 40, 41, 40, 40, 41, 40, 40, 41, 41, 40, 40, 40, 40, 40, 40, 40, 40, 40, 40, 43, 41, 40, 40, 40, 40, 40, 40, 40, 41, 41, 40, 41, 40, 40, 40, 40, 40, 40, 40, 40, 40, 40, 40, 40, 40, 40, 40, 40, 40, 40, 40, 44, 40, 40, 40, 40, 40, 40, 40, 40, 40, 40, 40, 40, 40, 40, 40, 40, 40, 40, 40, 40, 40, 40, 40, 40, 40, 40, 39, 
Mejor solucion obtenida: 11, 15, 5, 14, 6, 4, 3, 8, 7, 16, 9, 10, 12, 1, 13, 2, 0, || Fitness: 39;