Archivo Usado: p43.atsp
Tamaño de la Poblacion: 100
Reemplazo por Generacion: 5
Tamaño de los Torneos: 5
Cantidad de ciudades: 43
Probabilidad de cruce: 90000
Probabilidad mutacion simple: 3000
Probabilidad mutacion compleja: 10000
Cruces minimos de la mutacion compleja: 4
Iteraciones ejecutadas: 10000
Largo del cruce PMX: 6
Operador de Cruce: 0
Metodo seleccion de Padres: 1
Operador de Mutacion: 0
Metodo seleccion de Supervivientes: 0
Cantidad de threads a usar: 8
3, 1, 2, 28, 27, 30, 29, 6, 7, 5, 8, 11, 10, 9, 31, 32, 33, 34, 13, 14, 12, 18, 19, 20, 16, 15, 17, 26, 24, 25, 21, 23, 22, 35, 0, 4, 39, 42, 40, 41, 38, 37, 36, 
10, 14, 12, 13, 34, 33, 15, 16, 20, 18, 19, 17, 4, 0, 35, 22, 23, 21, 25, 24, 26, 41, 40, 42, 39, 38, 37, 36, 1, 2, 3, 28, 27, 30, 29, 6, 7, 5, 8, 32, 31, 11, 9, 
3, 27, 28, 30, 29, 5, 7, 6, 9, 8, 32, 31, 10, 11, 13, 14, 12, 34, 33, 16, 20, 18, 19, 15, 17, 4, 0, 35, 22, 23, 21, 24, 25, 26, 41, 40, 42, 39, 38, 37, 36, 1, 2, 
7, 5, 29, 30, 27, 28, 2, 1, 3, 36, 37, 38, 39, 42, 40, 41, 26, 24, 25, 21, 23, 22, 35, 0, 4, 17, 19, 18, 20, 16, 15, 33, 34, 13, 12, 14, 10, 31, 32, 8, 9, 11, 6, 
23, 22, 35, 0, 4, 17, 15, 16, 20, 19, 18, 12, 14, 13, 34, 33, 32, 31, 9, 10, 11, 8, 5, 7, 6, 29, 30, 27, 28, 3, 2, 1, 36, 37, 38, 39, 42, 40, 41, 26, 25, 24, 21, 
11, 31, 32, 8, 5, 7, 6, 29, 30, 27, 28, 3, 2, 1, 36, 37, 38, 39, 42, 40, 41, 26, 24, 25, 21, 23, 22, 35, 0, 4, 17, 19, 18, 20, 16, 15, 33, 34, 13, 12, 14, 10, 9, 
39, 42, 40, 41, 26, 24, 25, 21, 23, 22, 35, 0, 4, 17, 15, 19, 18, 20, 16, 33, 34, 12, 14, 13, 11, 8, 9, 10, 31, 32, 6, 5, 7, 30, 29, 27, 28, 3, 2, 1, 36, 37, 38, 
27, 28, 3, 2, 1, 36, 37, 38, 39, 42, 40, 41, 26, 25, 24, 21, 23, 22, 35, 0, 4, 17, 15, 19, 18, 20, 16, 33, 34, 12, 14, 13, 11, 10, 31, 32, 8, 9, 6, 7, 5, 29, 30, 
24, 21, 23, 22, 35, 0, 4, 13, 14, 12, 34, 33, 16, 20, 18, 19, 15, 17, 31, 32, 8, 9, 10, 11, 6, 5, 7, 29, 30, 27, 28, 1, 2, 3, 36, 37, 38, 39, 42, 40, 41, 26, 25, 
16, 15, 17, 4, 0, 35, 22, 23, 21, 24, 25, 26, 41, 40, 42, 39, 38, 37, 36, 1, 2, 3, 28, 27, 30, 29, 6, 7, 5, 8, 11, 10, 9, 31, 32, 33, 34, 13, 14, 12, 18, 19, 20, 
9, 31, 32, 33, 34, 13, 14, 12, 18, 19, 20, 16, 15, 17, 4, 0, 35, 22, 23, 21, 24, 25, 26, 41, 40, 42, 39, 38, 37, 36, 1, 2, 3, 28, 27, 30, 29, 6, 7, 5, 8, 11, 10, 
10, 9, 11, 31, 32, 8, 5, 7, 6, 29, 30, 27, 28, 3, 2, 1, 36, 37, 38, 39, 42, 41, 40, 17, 16, 19, 18, 20, 15, 26, 24, 25, 21, 23, 22, 35, 0, 4, 12, 13, 14, 34, 33, 
10, 9, 11, 31, 32, 8, 5, 7, 6, 29, 30, 27, 28, 3, 2, 1, 36, 37, 38, 39, 42, 41, 40, 17, 16, 18, 19, 20, 15, 26, 24, 25, 21, 23, 22, 35, 0, 4, 12, 14, 13, 34, 33, 
10, 9, 11, 31, 32, 8, 5, 7, 6, 29, 30, 27, 28, 3, 2, 1, 36, 37, 38, 39, 42, 41, 40, 17, 16, 19, 18, 20, 15, 26, 24, 25, 21, 23, 22, 35, 0, 4, 12, 14, 13, 34, 33, 
27, 28, 30, 29, 5, 7, 6, 9, 8, 32, 31, 10, 11, 13, 14, 12, 34, 33, 16, 20, 18, 19, 15, 17, 4, 0, 35, 22, 23, 21, 24, 25, 26, 41, 40, 42, 39, 38, 37, 36, 1, 2, 3, 
11, 13, 14, 12, 34, 33, 16, 20, 18, 19, 15, 17, 4, 0, 35, 22, 23, 21, 24, 25, 26, 41, 40, 42, 39, 38, 37, 36, 3, 1, 2, 28, 27, 30, 29, 5, 7, 6, 9, 8, 32, 31, 10, 
30, 7, 5, 6, 32, 31, 10, 9, 8, 11, 13, 14, 12, 34, 33, 16, 20, 18, 19, 15, 17, 4, 0, 35, 22, 23, 21, 24, 25, 26, 41, 40, 42, 39, 38, 37, 36, 1, 2, 3, 28, 27, 29, 
41, 40, 42, 39, 38, 37, 36, 1, 2, 3, 27, 28, 30, 29, 6, 5, 7, 11, 10, 9, 8, 32, 31, 17, 15, 19, 18, 20, 16, 33, 34, 12, 14, 13, 4, 0, 35, 22, 23, 21, 24, 25, 26, 
15, 16, 20, 19, 18, 12, 14, 13, 34, 33, 32, 31, 9, 10, 11, 8, 5, 7, 6, 29, 30, 27, 28, 3, 2, 1, 36, 37, 38, 41, 40, 42, 39, 4, 0, 35, 23, 22, 21, 25, 24, 26, 17, 
3, 2, 1, 36, 37, 38, 41, 40, 42, 39, 4, 0, 35, 22, 23, 21, 25, 24, 26, 17, 15, 16, 20, 19, 18, 12, 14, 13, 34, 33, 32, 31, 9, 10, 11, 8, 5, 7, 6, 29, 30, 27, 28, 
3, 1, 2, 36, 37, 38, 41, 40, 42, 39, 4, 0, 35, 22, 23, 21, 25, 24, 26, 17, 15, 16, 20, 19, 18, 12, 14, 13, 34, 33, 32, 31, 9, 10, 11, 8, 5, 7, 6, 29, 30, 27, 28, 
10, 11, 31, 32, 8, 9, 5, 7, 6, 29, 30, 28, 27, 2, 3, 1, 36, 37, 38, 41, 40, 42, 39, 4, 0, 35, 23, 22, 21, 25, 24, 26, 15, 16, 17, 20, 18, 19, 34, 33, 14, 12, 13, 
19, 18, 20, 16, 33, 34, 12, 14, 13, 11, 32, 31, 8, 9, 10, 5, 7, 6, 29, 30, 28, 27, 3, 2, 1, 36, 37, 38, 41, 40, 42, 39, 4, 0, 35, 22, 23, 21, 24, 25, 26, 15, 17, 
24, 26, 16, 17, 19, 18, 20, 15, 33, 34, 13, 14, 12, 32, 31, 9, 10, 11, 8, 5, 7, 6, 29, 30, 28, 27, 3, 1, 2, 36, 37, 38, 41, 40, 42, 39, 4, 0, 35, 23, 22, 21, 25, 
41, 40, 42, 39, 4, 0, 35, 23, 22, 21, 25, 24, 26, 15, 16, 19, 18, 20, 17, 33, 34, 14, 13, 12, 8, 32, 31, 11, 10, 9, 5, 7, 6, 29, 30, 28, 27, 2, 3, 1, 36, 37, 38, 
26, 15, 17, 20, 18, 19, 16, 33, 34, 13, 14, 12, 9, 10, 8, 31, 32, 11, 6, 7, 5, 29, 30, 28, 27, 1, 2, 3, 36, 37, 38, 40, 41, 42, 39, 4, 0, 35, 22, 23, 21, 25, 24, 
23, 21, 25, 24, 26, 15, 17, 20, 18, 19, 16, 33, 34, 13, 14, 12, 9, 8, 32, 31, 10, 11, 6, 7, 5, 29, 30, 28, 27, 1, 2, 3, 36, 37, 38, 40, 41, 42, 39, 4, 0, 35, 22, 
40, 39, 4, 0, 35, 22, 23, 21, 25, 24, 26, 15, 17, 19, 18, 20, 16, 33, 34, 13, 14, 12, 32, 31, 8, 10, 11, 9, 7, 5, 6, 29, 30, 27, 28, 2, 1, 3, 36, 37, 38, 42, 41, 
25, 26, 15, 20, 19, 18, 17, 16, 12, 34, 33, 13, 14, 11, 10, 9, 31, 32, 8, 7, 5, 6, 29, 30, 28, 27, 3, 2, 1, 36, 37, 42, 41, 40, 38, 39, 4, 0, 35, 23, 22, 21, 24, 
33, 34, 13, 14, 12, 8, 31, 32, 11, 10, 9, 7, 5, 6, 29, 30, 28, 27, 3, 2, 1, 36, 37, 38, 41, 40, 42, 39, 4, 0, 35, 22, 23, 21, 24, 25, 26, 16, 20, 18, 19, 17, 15, 
11, 9, 8, 31, 32, 10, 5, 7, 6, 29, 30, 28, 27, 3, 2, 1, 36, 37, 38, 41, 40, 42, 39, 4, 0, 35, 22, 23, 21, 25, 24, 26, 15, 17, 18, 19, 20, 16, 33, 34, 12, 14, 13, 
31, 32, 8, 5, 7, 6, 29, 30, 28, 27, 3, 1, 2, 36, 37, 38, 41, 40, 42, 39, 4, 0, 35, 22, 23, 21, 25, 24, 26, 15, 17, 20, 18, 19, 16, 33, 34, 12, 13, 14, 10, 11, 9, 
12, 14, 13, 11, 9, 8, 31, 32, 10, 5, 7, 6, 29, 30, 28, 27, 3, 2, 1, 36, 37, 38, 40, 41, 42, 39, 4, 0, 35, 22, 23, 21, 25, 24, 26, 15, 17, 20, 19, 18, 16, 33, 34, 
39, 4, 0, 35, 22, 23, 21, 24, 25, 26, 15, 17, 20, 19, 18, 16, 34, 33, 13, 14, 12, 9, 11, 8, 31, 32, 10, 6, 7, 5, 29, 30, 28, 27, 1, 2, 3, 36, 37, 38, 41, 40, 42, 
19, 18, 20, 17, 33, 34, 13, 14, 12, 8, 9, 11, 10, 31, 32, 7, 5, 6, 29, 30, 28, 27, 3, 1, 2, 36, 37, 38, 41, 40, 42, 39, 4, 0, 35, 22, 23, 21, 25, 24, 26, 15, 16, 
10, 32, 31, 8, 5, 7, 6, 29, 30, 28, 27, 3, 2, 1, 36, 37, 42, 40, 41, 38, 39, 4, 0, 35, 22, 23, 21, 25, 24, 26, 15, 17, 18, 20, 19, 16, 33, 34, 12, 14, 13, 11, 9, 
5, 7, 6, 29, 30, 28, 27, 2, 3, 1, 36, 37, 38, 40, 41, 42, 39, 4, 0, 35, 23, 22, 21, 25, 24, 26, 15, 16, 19, 18, 20, 17, 33, 34, 14, 13, 12, 8, 32, 31, 11, 10, 9, 
11, 6, 7, 5, 29, 30, 28, 27, 3, 2, 1, 36, 37, 42, 41, 40, 38, 39, 4, 0, 35, 23, 22, 21, 24, 25, 26, 15, 17, 20, 18, 19, 16, 34, 33, 13, 14, 12, 9, 31, 32, 8, 10, 
36, 37, 39, 42, 41, 40, 38, 4, 0, 35, 22, 23, 21, 25, 24, 26, 15, 16, 20, 19, 18, 17, 33, 34, 13, 14, 12, 8, 32, 31, 10, 11, 9, 5, 7, 6, 29, 30, 28, 27, 3, 2, 1, 
13, 12, 14, 10, 9, 31, 32, 8, 11, 5, 7, 6, 29, 30, 28, 27, 3, 2, 1, 36, 37, 39, 40, 42, 41, 38, 4, 0, 35, 23, 22, 21, 25, 24, 26, 15, 17, 18, 20, 19, 16, 33, 34, 
5, 7, 6, 29, 30, 28, 27, 3, 1, 2, 36, 37, 38, 41, 40, 42, 39, 4, 0, 35, 23, 22, 21, 24, 25, 26, 15, 18, 20, 19, 17, 16, 33, 34, 13, 14, 12, 32, 31, 9, 10, 11, 8, 
42, 40, 41, 38, 39, 4, 0, 35, 22, 23, 21, 25, 24, 26, 15, 17, 16, 19, 20, 18, 33, 34, 12, 14, 13, 11, 8, 9, 10, 31, 32, 6, 5, 7, 30, 29, 27, 28, 3, 2, 1, 36, 37, 
42, 40, 41, 38, 39, 4, 0, 35, 22, 23, 21, 25, 24, 26, 15, 17, 18, 19, 20, 16, 33, 34, 12, 14, 13, 11, 8, 9, 10, 31, 32, 6, 5, 7, 30, 29, 27, 28, 3, 2, 1, 36, 37, 
42, 40, 41, 38, 39, 4, 0, 35, 23, 22, 21, 24, 25, 26, 15, 18, 20, 19, 17, 16, 33, 34, 13, 12, 14, 11, 10, 9, 31, 32, 8, 5, 7, 6, 29, 30, 28, 27, 3, 2, 1, 36, 37, 
19, 18, 17, 16, 34, 33, 13, 12, 14, 10, 31, 32, 8, 9, 11, 5, 7, 6, 29, 30, 27, 28, 2, 1, 3, 36, 37, 42, 40, 41, 38, 39, 4, 0, 35, 22, 23, 21, 25, 24, 26, 15, 20, 
30, 29, 6, 7, 5, 28, 27, 3, 1, 2, 36, 37, 38, 40, 41, 42, 39, 4, 0, 35, 22, 23, 21, 25, 24, 26, 15, 17, 20, 18, 19, 16, 33, 34, 13, 14, 12, 10, 9, 11, 8, 32, 31, 
8, 32, 31, 10, 9, 5, 6, 7, 30, 29, 27, 28, 3, 2, 1, 36, 37, 39, 38, 41, 40, 42, 4, 0, 35, 22, 23, 21, 25, 24, 26, 15, 17, 18, 19, 20, 16, 33, 34, 12, 14, 13, 11, 
31, 8, 11, 10, 9, 5, 7, 6, 29, 30, 27, 28, 1, 3, 2, 36, 37, 38, 41, 40, 42, 39, 4, 0, 35, 22, 23, 21, 25, 24, 26, 15, 16, 20, 18, 19, 17, 33, 34, 14, 13, 12, 32, 
33, 34, 12, 13, 14, 11, 10, 9, 31, 32, 8, 5, 7, 6, 29, 30, 28, 27, 3, 2, 1, 36, 37, 42, 41, 40, 38, 39, 4, 0, 35, 23, 22, 21, 24, 25, 26, 15, 18, 20, 19, 17, 16, 
41, 40, 42, 39, 4, 0, 35, 23, 22, 21, 24, 25, 26, 15, 17, 20, 18, 19, 16, 33, 34, 13, 14, 12, 11, 10, 9, 31, 32, 8, 5, 7, 6, 29, 30, 28, 27, 3, 1, 2, 36, 37, 38, 
4, 0, 35, 22, 23, 21, 25, 24, 26, 16, 20, 19, 18, 17, 15, 33, 34, 13, 14, 12, 9, 8, 32, 31, 10, 11, 6, 7, 5, 29, 30, 28, 27, 1, 2, 3, 36, 37, 38, 41, 40, 42, 39, 
28, 27, 3, 1, 2, 36, 37, 38, 40, 41, 42, 39, 4, 0, 35, 22, 23, 21, 25, 24, 26, 15, 17, 20, 18, 19, 16, 33, 34, 13, 14, 12, 10, 9, 11, 8, 32, 31, 30, 29, 6, 7, 5, 
33, 34, 12, 13, 14, 11, 10, 9, 31, 32, 8, 5, 7, 6, 29, 30, 28, 27, 3, 2, 1, 36, 37, 40, 41, 42, 38, 39, 4, 0, 35, 23, 22, 21, 24, 25, 26, 15, 20, 18, 19, 17, 16, 
17, 15, 33, 34, 13, 14, 12, 9, 8, 32, 31, 10, 11, 6, 7, 5, 29, 30, 28, 27, 1, 2, 3, 36, 37, 38, 41, 40, 42, 39, 4, 0, 35, 22, 23, 21, 25, 24, 26, 16, 20, 19, 18, 
3, 36, 37, 38, 41, 40, 42, 39, 4, 0, 35, 22, 23, 21, 25, 24, 26, 16, 20, 18, 19, 17, 15, 33, 34, 13, 14, 12, 9, 8, 32, 31, 10, 11, 6, 7, 5, 29, 30, 28, 27, 1, 2, 
42, 39, 4, 0, 35, 23, 22, 21, 25, 24, 26, 15, 20, 18, 19, 17, 16, 33, 34, 13, 12, 14, 10, 31, 32, 8, 9, 11, 5, 7, 6, 29, 30, 28, 27, 3, 2, 1, 36, 37, 38, 40, 41, 
24, 26, 15, 18, 19, 20, 17, 16, 33, 34, 13, 14, 12, 32, 31, 9, 10, 11, 8, 5, 7, 6, 29, 30, 28, 27, 3, 1, 2, 36, 37, 38, 41, 40, 42, 39, 4, 0, 35, 23, 22, 21, 25, 
42, 41, 40, 38, 39, 4, 0, 35, 22, 23, 21, 25, 24, 26, 15, 16, 17, 18, 19, 20, 33, 34, 13, 12, 14, 10, 31, 32, 8, 9, 11, 5, 7, 6, 29, 30, 27, 28, 2, 1, 3, 36, 37, 
10, 9, 7, 5, 6, 29, 30, 27, 28, 2, 3, 1, 36, 37, 38, 41, 40, 42, 39, 4, 0, 35, 22, 23, 21, 25, 24, 26, 16, 20, 18, 19, 17, 15, 33, 34, 13, 12, 14, 8, 32, 31, 11, 
15, 17, 19, 18, 20, 16, 33, 34, 13, 12, 14, 10, 31, 32, 8, 9, 11, 5, 7, 6, 29, 30, 27, 28, 2, 1, 3, 36, 37, 38, 40, 41, 42, 39, 4, 0, 35, 22, 23, 21, 25, 24, 26, 
6, 7, 5, 29, 30, 28, 27, 3, 2, 1, 36, 37, 42, 40, 41, 38, 39, 4, 0, 35, 22, 23, 21, 25, 24, 26, 15, 17, 18, 20, 19, 16, 33, 34, 12, 14, 13, 11, 10, 32, 31, 8, 9, 
19, 20, 18, 17, 16, 33, 34, 13, 12, 14, 11, 10, 9, 31, 32, 8, 5, 7, 6, 29, 30, 28, 27, 3, 2, 1, 36, 37, 38, 41, 40, 42, 39, 4, 0, 35, 23, 22, 21, 24, 25, 26, 15, 
2, 3, 36, 37, 38, 41, 40, 42, 39, 4, 0, 35, 23, 22, 21, 25, 24, 26, 15, 17, 18, 19, 20, 16, 33, 34, 13, 12, 14, 10, 9, 8, 32, 31, 11, 6, 5, 7, 29, 30, 27, 28, 1, 
12, 14, 13, 11, 9, 8, 31, 32, 10, 5, 7, 6, 29, 30, 28, 27, 3, 2, 1, 36, 37, 38, 41, 40, 42, 39, 4, 0, 35, 22, 23, 21, 25, 24, 26, 15, 17, 18, 19, 20, 16, 33, 34, 
10, 9, 11, 31, 32, 8, 5, 7, 6, 29, 30, 27, 28, 36, 2, 1, 3, 37, 38, 39, 42, 41, 40, 17, 16, 18, 19, 20, 15, 26, 24, 25, 21, 23, 22, 35, 0, 4, 12, 14, 13, 34, 33, 
5, 7, 6, 29, 30, 27, 28, 1, 3, 2, 36, 37, 38, 41, 40, 42, 39, 4, 0, 35, 23, 22, 21, 25, 24, 26, 16, 20, 18, 19, 17, 15, 33, 34, 13, 14, 12, 11, 9, 31, 32, 10, 8, 
16, 20, 19, 18, 17, 15, 33, 34, 13, 14, 12, 11, 8, 10, 32, 31, 9, 7, 6, 5, 29, 30, 27, 28, 1, 3, 2, 36, 37, 38, 41, 40, 42, 39, 4, 0, 35, 23, 22, 21, 25, 24, 26, 
32, 31, 10, 9, 11, 8, 5, 7, 6, 29, 30, 28, 27, 3, 1, 2, 36, 37, 38, 41, 40, 42, 39, 4, 0, 35, 23, 22, 21, 25, 24, 26, 16, 15, 17, 20, 18, 19, 13, 34, 33, 14, 12, 
23, 21, 24, 25, 26, 15, 17, 19, 18, 20, 16, 33, 34, 12, 13, 14, 10, 11, 9, 8, 32, 31, 5, 7, 6, 29, 30, 28, 27, 3, 1, 2, 36, 37, 38, 41, 40, 42, 39, 4, 0, 35, 22, 
31, 32, 10, 5, 7, 6, 29, 30, 28, 27, 3, 2, 1, 36, 37, 38, 41, 40, 42, 39, 4, 0, 35, 22, 23, 21, 25, 24, 26, 15, 17, 20, 19, 18, 16, 33, 34, 12, 14, 13, 11, 9, 8, 
34, 13, 14, 12, 32, 31, 9, 10, 11, 8, 5, 7, 6, 29, 30, 28, 27, 3, 2, 1, 36, 37, 38, 39, 41, 40, 42, 4, 0, 35, 23, 22, 21, 24, 25, 26, 16, 20, 18, 19, 17, 15, 33, 
11, 8, 5, 7, 6, 29, 30, 28, 27, 3, 1, 2, 36, 37, 38, 41, 40, 42, 39, 4, 0, 35, 23, 22, 21, 25, 24, 26, 16, 20, 18, 19, 17, 15, 33, 34, 13, 14, 12, 32, 31, 9, 10, 
4, 0, 35, 23, 22, 21, 25, 24, 26, 16, 20, 18, 19, 17, 15, 33, 34, 13, 14, 12, 9, 8, 32, 31, 10, 11, 6, 7, 5, 29, 30, 28, 27, 1, 2, 3, 36, 37, 38, 41, 40, 42, 39, 
19, 18, 20, 16, 33, 34, 13, 14, 12, 32, 31, 8, 9, 11, 10, 5, 6, 7, 29, 30, 28, 27, 3, 1, 2, 36, 37, 38, 40, 41, 42, 39, 4, 0, 35, 22, 23, 21, 25, 24, 26, 15, 17, 
42, 40, 41, 38, 39, 4, 0, 35, 22, 23, 21, 25, 24, 26, 15, 17, 18, 19, 20, 16, 33, 34, 12, 14, 13, 11, 9, 8, 31, 32, 10, 5, 7, 6, 29, 30, 28, 27, 3, 2, 1, 36, 37, 
42, 40, 41, 38, 39, 4, 0, 35, 23, 22, 21, 24, 25, 26, 15, 20, 19, 18, 17, 16, 33, 34, 12, 13, 14, 11, 9, 10, 31, 32, 8, 5, 7, 6, 29, 30, 28, 27, 3, 2, 1, 36, 37, 
6, 7, 30, 29, 27, 28, 2, 3, 1, 36, 37, 42, 41, 40, 38, 39, 4, 0, 35, 22, 23, 21, 25, 24, 26, 15, 16, 20, 19, 18, 17, 33, 34, 13, 14, 12, 8, 32, 31, 10, 11, 9, 5, 
41, 40, 42, 39, 4, 0, 35, 22, 23, 21, 24, 25, 26, 15, 17, 20, 18, 19, 16, 34, 33, 13, 14, 12, 9, 8, 32, 31, 10, 11, 6, 7, 5, 29, 30, 28, 27, 1, 2, 3, 36, 37, 38, 
23, 21, 24, 25, 26, 15, 17, 20, 18, 19, 16, 34, 33, 13, 14, 12, 9, 10, 11, 31, 32, 8, 5, 6, 7, 29, 30, 28, 27, 2, 3, 1, 36, 37, 39, 38, 40, 41, 42, 4, 0, 35, 22, 
13, 12, 14, 11, 9, 10, 31, 32, 8, 5, 7, 6, 29, 30, 27, 28, 2, 3, 1, 36, 37, 38, 41, 40, 42, 39, 4, 0, 35, 22, 23, 21, 24, 25, 26, 15, 17, 18, 20, 19, 16, 33, 34, 
17, 20, 18, 19, 16, 15, 33, 34, 13, 14, 12, 11, 10, 9, 31, 32, 8, 5, 7, 6, 29, 30, 27, 28, 2, 1, 3, 36, 37, 38, 41, 40, 42, 39, 4, 0, 35, 22, 23, 21, 25, 24, 26, 
1, 3, 2, 36, 37, 38, 41, 40, 42, 39, 4, 0, 35, 22, 23, 21, 25, 24, 26, 15, 17, 19, 18, 20, 16, 33, 34, 13, 14, 12, 10, 9, 11, 8, 31, 32, 5, 7, 6, 29, 30, 28, 27, 
42, 39, 4, 0, 35, 22, 23, 21, 25, 24, 26, 15, 17, 19, 18, 20, 16, 33, 34, 13, 14, 12, 32, 31, 8, 10, 11, 9, 7, 5, 6, 29, 30, 27, 28, 2, 1, 3, 36, 37, 38, 40, 41, 
37, 38, 41, 40, 42, 39, 4, 0, 35, 22, 23, 21, 25, 24, 26, 15, 17, 20, 18, 19, 16, 33, 34, 13, 14, 12, 32, 31, 8, 10, 11, 9, 7, 5, 6, 29, 30, 28, 27, 3, 1, 2, 36, 
5, 7, 6, 29, 30, 28, 27, 1, 2, 3, 36, 37, 39, 42, 40, 41, 38, 4, 0, 35, 22, 23, 21, 25, 24, 26, 15, 17, 20, 18, 19, 16, 33, 34, 13, 14, 12, 8, 9, 11, 10, 32, 31, 
31, 10, 11, 7, 5, 6, 29, 30, 28, 27, 3, 2, 1, 36, 37, 38, 41, 40, 42, 39, 4, 0, 35, 23, 22, 21, 25, 24, 26, 15, 17, 18, 19, 20, 16, 33, 34, 13, 14, 12, 9, 8, 32, 
31, 32, 7, 5, 6, 29, 30, 28, 27, 3, 2, 1, 36, 37, 39, 42, 41, 40, 38, 4, 0, 35, 22, 23, 21, 25, 24, 26, 15, 18, 20, 19, 17, 16, 33, 34, 13, 12, 14, 10, 9, 11, 8, 
25, 26, 15, 17, 20, 18, 19, 16, 33, 34, 13, 12, 14, 11, 9, 8, 31, 32, 10, 5, 7, 6, 29, 30, 28, 27, 3, 1, 2, 36, 37, 38, 41, 40, 42, 39, 4, 0, 35, 23, 21, 22, 24, 
8, 11, 10, 9, 6, 5, 7, 29, 30, 28, 27, 3, 1, 2, 36, 37, 38, 40, 41, 42, 39, 4, 0, 35, 22, 23, 21, 25, 24, 26, 15, 17, 19, 18, 20, 16, 33, 34, 13, 14, 12, 32, 31, 
15, 17, 18, 19, 20, 16, 33, 34, 12, 14, 13, 9, 10, 31, 32, 8, 11, 7, 5, 6, 29, 30, 27, 28, 1, 3, 2, 36, 37, 38, 41, 40, 42, 39, 4, 0, 35, 23, 22, 21, 25, 24, 26, 
10, 32, 31, 8, 5, 7, 6, 29, 30, 27, 28, 2, 3, 1, 36, 37, 38, 41, 40, 42, 39, 4, 0, 35, 23, 22, 21, 24, 25, 26, 15, 16, 20, 18, 19, 17, 33, 34, 13, 14, 12, 9, 11, 
33, 34, 12, 13, 14, 11, 10, 9, 31, 32, 8, 5, 7, 6, 29, 30, 28, 27, 3, 2, 1, 36, 37, 42, 41, 40, 38, 39, 4, 0, 35, 23, 22, 21, 24, 25, 26, 15, 20, 18, 19, 17, 16, 
33, 34, 12, 13, 14, 11, 10, 9, 31, 32, 8, 5, 7, 6, 29, 30, 28, 27, 3, 1, 2, 36, 37, 38, 41, 40, 42, 39, 4, 0, 35, 23, 22, 21, 24, 25, 26, 15, 17, 16, 20, 19, 18, 
10, 11, 9, 8, 7, 5, 6, 29, 30, 28, 27, 3, 2, 1, 36, 37, 38, 41, 40, 42, 39, 4, 0, 35, 22, 23, 21, 24, 25, 26, 17, 15, 19, 18, 20, 16, 33, 34, 12, 13, 14, 31, 32, 
38, 41, 40, 42, 39, 4, 0, 35, 22, 23, 21, 24, 25, 26, 15, 17, 20, 18, 19, 16, 34, 33, 13, 14, 12, 9, 8, 32, 31, 10, 11, 6, 7, 5, 29, 30, 28, 27, 1, 2, 3, 36, 37, 
7, 6, 5, 29, 30, 28, 27, 3, 2, 1, 36, 37, 42, 40, 41, 38, 39, 4, 0, 35, 23, 22, 21, 24, 25, 26, 15, 17, 20, 18, 19, 16, 34, 33, 13, 14, 12, 9, 8, 32, 31, 10, 11, 
16, 20, 18, 19, 17, 33, 34, 14, 13, 12, 8, 31, 32, 11, 10, 9, 5, 7, 6, 29, 30, 27, 28, 1, 2, 3, 36, 37, 38, 41, 40, 42, 39, 4, 0, 35, 22, 23, 21, 25, 24, 26, 15, 
25, 26, 15, 17, 19, 18, 20, 16, 33, 34, 12, 13, 14, 11, 10, 9, 31, 32, 8, 5, 7, 6, 29, 30, 28, 27, 3, 2, 1, 36, 37, 42, 41, 40, 38, 39, 4, 0, 35, 23, 22, 21, 24, 
23, 22, 21, 25, 24, 26, 15, 17, 19, 18, 20, 16, 34, 33, 13, 14, 12, 9, 31, 32, 8, 10, 11, 6, 7, 5, 29, 30, 28, 27, 3, 1, 2, 36, 37, 38, 41, 40, 42, 39, 4, 0, 35, 
16, 20, 18, 19, 15, 17, 33, 34, 12, 13, 14, 10, 11, 9, 8, 32, 31, 5, 7, 6, 29, 30, 28, 27, 3, 2, 1, 36, 37, 38, 39, 41, 40, 42, 4, 0, 35, 22, 23, 21, 24, 25, 26, 
Tiempo de ejecucion (total): 45.076
Best fitness a lo largo del tiempo: 
17242, 17242, 16983, 11816, 11816, 11769, 11769, 11719, 11653, 11653, 6466, 6247, 6247, 6247, 6247, 6247, 6238, 6232, 6159, 6159, 6138, 6138, 6138, 6090, 6078, 6025, 6025, 6025, 6025, 6023, 5951, 5951, 5951, 5951, 5951, 5951, 5951, 5935, 5935, 5935, 5935, 5929, 5929, 5929, 5929, 5929, 5926, 5926, 5906, 5894, 5870, 5870, 5870, 5870, 5863, 5861, 5861, 5861, 5861, 5845, 5845, 5841, 5809, 5809, 5809, 5799, 5799, 5799, 5799, 5799, 5799, 5799, 5799, 5799, 5784, 5784, 5784, 5784, 5784, 5780, 5780, 5762, 5762, 5762, 5762, 5762, 5762, 5762, 5762, 5762, 5758, 5758, 5758, 5758, 5758, 5748, 5748, 5748, 5748, 5744, 5744, 5744, 5744, 5744, 5737, 5737, 5737, 5737, 5737, 5733, 5733, 5733, 5733, 5733, 5728, 5728, 5720, 5720, 5720, 5720, 5720, 5704, 5704, 5704, 5704, 5704, 5704, 5704, 5704, 5704, 5692, 5692, 5692, 5692, 5692, 5692, 5690, 5690, 5690, 5690, 5690, 5690, 5690, 5690, 5690, 5688, 5684, 5684, 5682, 5682, 5682, 5674, 5674, 5674, 5674, 5674, 5674, 5674, 5674, 5674, 5672, 5670, 5670, 5670, 5670, 5670, 5662, 5658, 5658, 5658, 5652, 5652, 5652, 5650, 5650, 5650, 5650, 5650, 5650, 5650, 5650, 5650, 5650, 5650, 5650, 5650, 5650, 5650, 5650, 5648, 5648, 5648, 5648, 5648, 5648, 5648, 5648, 5648, 5646, 5646, 5646, 5646, 5646, 5644, 5644, 5644, 5644, 5642, 5642, 5642, 5642, 5642, 5642, 5642, 5642, 5642, 5642, 5642, 5642, 5642, 5642, 5642, 5642, 5642, 5642, 5642, 5642, 5642, 5642, 5642, 5642, 5642, 5642, 5642, 5642, 5642, 5642, 5642, 5642, 5640, 5640, 5640, 5640, 5640, 5640, 5640, 5640, 5640, 5640, 5640, 5640, 5640, 5640, 5640, 5640, 5640, 5640, 5640, 5640, 5640, 5640, 5640, 5640, 5640, 5640, 5640, 5640, 5640, 5640, 5640, 5640, 5640, 5640, 5640, 5640, 5640, 5640, 5640, 5640, 5640, 5640, 5640, 5640, 5640, 5640, 5640, 5640, 5640, 5640, 5640, 5640, 5640, 5640, 5640, 5640, 5640, 5640, 5640, 5640, 5640, 5640, 5640, 5640, 5640, 5640, 5640, 5640, 5640, 5640, 5640, 5640, 5640, 5640, 5640, 5640, 5640, 5640, 5640, 5640, 5640, 5640, 5640, 5640, 5640, 5640, 5640, 5640, 5640, 5640, 5640, 5640, 5640, 5640, 5640, 5640, 5640, 5640, 5640, 5640, 5640, 5640, 5640, 5640, 5640, 5640, 5640, 5640, 5640, 5640, 5640, 5640, 5640, 5640, 5640, 5640, 5640, 5640, 5640, 5640, 5640, 5640, 5640, 5640, 5640, 5640, 5640, 5640, 5640, 5640, 5640, 5640, 5640, 5640, 5640, 5640, 5640, 5640, 5640, 5640, 5640, 5640, 5640, 5640, 5640, 5640, 5640, 5640, 5640, 5640, 5640, 5640, 5640, 5640, 5640, 5640, 5640, 5640, 5640, 5640, 5640, 5640, 5640, 5640, 5640, 5640, 5640, 5640, 5640, 5640, 5640, 5640, 5640, 5640, 5640, 5640, 5640, 5640, 5640, 5640, 5640, 5640, 5640, 5640, 5640, 5640, 5640, 5640, 5640, 5640, 5640, 5640, 5640, 5640, 5640, 5640, 5640, 5640, 5640, 5640, 5640, 5640, 5640, 5640, 5640, 5640, 5640, 5640, 5640, 5640, 5640, 5640, 5640, 5640, 5640, 5640, 5640, 5640, 5640, 5640, 5640, 5640, 5640, 5640, 5640, 5640, 5640, 5640, 5640, 5640, 5640, 5640, 5640, 5640, 5640, 5640, 5640, 5640, 5640, 5640, 5640, 5640, 5640, 5640, 5640, 5640, 5640, 5640, 5640, 5640, 5640, 5640, 5640, 5640, 5640, 5640, 5640, 5640, 5640, 5640, 5640, 5640, 5640, 5640, 5640, 5640, 5640, 5640, 5640, 5640, 5640, 5640, 5640, 5640, 5640, 5640, 5640, 5640, 5640, 5640, 5640, 5640, 5640, 5640, 5640, 5640, 5640, 5640, 5640, 5640, 5640, 5640, 5640, 5640, 5640, 5640, 5640, 5640, 5640, 5640, 5640, 5640, 5640, 5640, 5640, 5640, 5640, 5640, 5640, 5640, 5640, 5640, 5640, 5640, 5640, 5640, 5640, 5640, 5640, 5640, 5640, 5640, 5640, 5640, 5640, 5640, 5640, 5640, 5640, 5640, 5640, 5640, 5640, 5640, 5640, 5640, 5640, 5640, 5640, 5640, 5640, 5640, 5640, 5640, 5640, 5640, 5640, 5640, 5640, 5640, 5640, 5640, 5640, 5640, 5640, 5640, 5640, 5640, 5640, 5640, 5640, 5640, 5640, 5640, 5640, 5640, 5640, 5640, 5640, 5640, 5640, 5640, 5640, 5640, 5640, 5640, 5640, 5640, 5640, 5640, 5640, 5640, 5640, 5640, 5640, 5640, 5640, 5640, 5640, 5640, 5640, 5640, 5640, 5640, 5640, 5640, 5640, 5640, 5640, 5640, 5640, 5640, 5640, 5640, 5640, 5640, 5640, 5640, 5640, 5640, 5640, 5640, 5640, 5640, 5640, 5640, 5640, 5640, 5640, 5640, 5640, 5640, 5640, 5640, 5640, 5640, 5640, 5640, 5640, 5640, 5640, 5640, 5640, 5640, 5640, 5640, 5640, 5640, 5640, 5640, 5640, 5640, 5640, 5640, 5640, 5640, 5640, 5640, 5640, 5640, 5640, 5640, 5640, 5640, 5640, 5640, 5640, 5640, 5640, 5640, 5640, 5640, 5640, 5640, 5640, 5640, 5640, 5640, 5640, 5640, 5640, 5640, 5640, 5640, 5640, 5640, 5640, 5640, 5640, 5640, 5640, 5640, 5640, 5640, 5640, 5640, 5640, 5640, 5640, 5640, 5640, 5640, 5640, 5640, 5640, 5640, 5640, 5640, 5640, 5640, 5640, 5640, 5640, 5640, 5640, 5640, 5640, 5640, 5640, 5640, 5640, 5640, 5640, 5640, 5640, 5640, 5640, 5640, 5640, 5640, 5640, 5640, 5640, 5640, 5640, 5640, 5640, 5640, 5640, 5640, 5640, 5640, 5640, 5640, 5640, 5640, 5640, 5640, 5640, 5640, 5640, 5640, 5640, 5640, 5640, 5640, 5640, 5640, 5640, 5640, 5640, 5640, 5634, 5632, 5632, 5632, 5632, 5632, 5632, 5632, 5632, 5632, 5632, 5632, 5632, 5632, 5632, 5632, 5632, 5632, 5632, 5632, 5632, 5632, 5632, 5632, 5632, 5632, 5632, 5632, 5632, 5632, 5632, 5632, 5632, 5632, 5632, 5632, 5632, 5632, 5632, 5632, 5632, 5632, 5632, 5632, 5632, 5632, 5632, 5632, 5632, 5632, 5632, 5632, 5632, 5632, 5632, 5632, 5632, 5632, 5632, 5632, 5632, 5632, 5632, 5632, 5632, 5632, 5632, 5632, 5632, 5632, 5632, 5632, 5632, 5632, 5632, 5632, 5622, 5622, 5622, 5622, 5622, 5622, 5622, 5622, 5622, 5622, 5622, 5620, 
Fitness promedio a lo largo del tiempo: 
25429, 24873, 24266, 23610, 22796, 21991, 21184, 20370, 19563, 18648, 17627, 16663, 15792, 14968, 14147, 13327, 12510, 11692, 10878, 10066, 9501, 8948, 8397, 7997, 7701, 7411, 7121, 6835, 6551, 6268, 6193, 6170, 6152, 6134, 6117, 6103, 6089, 6075, 6062, 6050, 6040, 6031, 6022, 6014, 6006, 5998, 5992, 5985, 5978, 5971, 5965, 5960, 5955, 5949, 5943, 5938, 5934, 5930, 5925, 5920, 5915, 5909, 5903, 5898, 5894, 5889, 5884, 5880, 5876, 5872, 5868, 5863, 5858, 5853, 5849, 5846, 5842, 5839, 5836, 5834, 5830, 5828, 5826, 5823, 5820, 5818, 5815, 5813, 5810, 5807, 5805, 5802, 5799, 5797, 5794, 5791, 5789, 5786, 5784, 5781, 5779, 5777, 5775, 5772, 5770, 5768, 5766, 5764, 5762, 5761, 5759, 5758, 5757, 5755, 5754, 5752, 5750, 5749, 5748, 5746, 5744, 5743, 5742, 5740, 5738, 5737, 5737, 5735, 5734, 5732, 5730, 5729, 5728, 5726, 5725, 5723, 5722, 5720, 5719, 5718, 5716, 5715, 5713, 5712, 5710, 5709, 5708, 5706, 5705, 5704, 5702, 5701, 5700, 5699, 5698, 5696, 5695, 5694, 5693, 5692, 5691, 5690, 5689, 5688, 5687, 5686, 5684, 5683, 5682, 5681, 5680, 5678, 5677, 5676, 5675, 5674, 5672, 5671, 5671, 5670, 5669, 5668, 5667, 5666, 5666, 5665, 5664, 5663, 5662, 5661, 5661, 5660, 5659, 5658, 5658, 5657, 5656, 5655, 5655, 5654, 5653, 5653, 5652, 5651, 5651, 5650, 5650, 5649, 5649, 5648, 5648, 5647, 5647, 5647, 5646, 5646, 5646, 5646, 5646, 5645, 5645, 5645, 5645, 5645, 5645, 5645, 5645, 5644, 5644, 5644, 5644, 5644, 5644, 5644, 5644, 5643, 5643, 5643, 5643, 5643, 5643, 5643, 5643, 5642, 5642, 5642, 5642, 5642, 5642, 5642, 5642, 5642, 5641, 5641, 5641, 5641, 5641, 5641, 5641, 5641, 5641, 5641, 5641, 5641, 5641, 5641, 5641, 5641, 5641, 5641, 5641, 5641, 5641, 5641, 5641, 5641, 5641, 5641, 5641, 5641, 5641, 5641, 5641, 5641, 5641, 5641, 5640, 5640, 5640, 5640, 5640, 5640, 5640, 5640, 5640, 5640, 5640, 5640, 5640, 5640, 5640, 5640, 5640, 5640, 5640, 5640, 5640, 5640, 5640, 5640, 5640, 5640, 5640, 5640, 5640, 5640, 5640, 5640, 5640, 5640, 5640, 5640, 5640, 5640, 5640, 5640, 5640, 5640, 5640, 5640, 5640, 5640, 5640, 5640, 5640, 5640, 5640, 5640, 5640, 5640, 5640, 5640, 5640, 5640, 5640, 5640, 5640, 5640, 5640, 5640, 5640, 5640, 5640, 5640, 5640, 5640, 5640, 5640, 5640, 5640, 5640, 5640, 5640, 5640, 5640, 5640, 5640, 5640, 5640, 5640, 5640, 5640, 5640, 5640, 5640, 5640, 5640, 5640, 5640, 5640, 5640, 5640, 5640, 5640, 5640, 5640, 5640, 5640, 5640, 5640, 5640, 5640, 5640, 5640, 5640, 5640, 5640, 5640, 5640, 5640, 5640, 5640, 5640, 5640, 5640, 5640, 5640, 5640, 5640, 5640, 5640, 5640, 5640, 5640, 5640, 5640, 5640, 5640, 5640, 5640, 5640, 5640, 5640, 5640, 5640, 5640, 5640, 5640, 5640, 5640, 5640, 5640, 5640, 5640, 5640, 5640, 5640, 5640, 5640, 5640, 5640, 5640, 5640, 5640, 5640, 5640, 5640, 5640, 5640, 5640, 5640, 5640, 5640, 5640, 5640, 5640, 5640, 5640, 5640, 5640, 5640, 5640, 5640, 5640, 5640, 5640, 5640, 5640, 5640, 5640, 5640, 5640, 5640, 5640, 5640, 5640, 5640, 5640, 5640, 5640, 5640, 5640, 5640, 5640, 5640, 5640, 5640, 5640, 5640, 5640, 5640, 5640, 5640, 5640, 5640, 5640, 5640, 5640, 5640, 5640, 5640, 5640, 5640, 5640, 5640, 5640, 5640, 5640, 5640, 5640, 5640, 5640, 5640, 5640, 5640, 5640, 5640, 5640, 5640, 5640, 5640, 5640, 5640, 5640, 5640, 5640, 5640, 5640, 5640, 5640, 5640, 5640, 5640, 5640, 5640, 5640, 5640, 5640, 5640, 5640, 5640, 5640, 5640, 5640, 5640, 5640, 5640, 5640, 5640, 5640, 5640, 5640, 5640, 5640, 5640, 5640, 5640, 5640, 5640, 5640, 5640, 5640, 5640, 5640, 5640, 5640, 5640, 5640, 5640, 5640, 5640, 5640, 5640, 5640, 5640, 5640, 5640, 5640, 5640, 5640, 5640, 5640, 5640, 5640, 5640, 5640, 5640, 5640, 5640, 5640, 5640, 5640, 5640, 5640, 5640, 5640, 5640, 5640, 5640, 5640, 5640, 5640, 5640, 5640, 5640, 5640, 5640, 5640, 5640, 5640, 5640, 5640, 5640, 5640, 5640, 5640, 5640, 5640, 5640, 5640, 5640, 5640, 5640, 5640, 5640, 5640, 5640, 5640, 5640, 5640, 5640, 5640, 5640, 5640, 5640, 5640, 5640, 5640, 5640, 5640, 5640, 5640, 5640, 5640, 5640, 5640, 5640, 5640, 5640, 5640, 5640, 5640, 5640, 5640, 5640, 5640, 5640, 5640, 5640, 5640, 5640, 5640, 5640, 5640, 5640, 5640, 5640, 5640, 5640, 5640, 5640, 5640, 5640, 5640, 5640, 5640, 5640, 5640, 5640, 5640, 5640, 5640, 5640, 5640, 5640, 5640, 5640, 5640, 5640, 5640, 5640, 5640, 5640, 5640, 5640, 5640, 5640, 5640, 5640, 5640, 5640, 5640, 5640, 5640, 5640, 5640, 5640, 5640, 5640, 5640, 5640, 5640, 5640, 5640, 5640, 5640, 5640, 5640, 5640, 5640, 5640, 5640, 5640, 5640, 5640, 5640, 5640, 5640, 5640, 5640, 5640, 5640, 5640, 5640, 5640, 5640, 5640, 5640, 5640, 5640, 5640, 5640, 5640, 5640, 5640, 5640, 5640, 5640, 5640, 5640, 5640, 5640, 5640, 5640, 5640, 5640, 5640, 5640, 5640, 5640, 5640, 5640, 5640, 5640, 5640, 5640, 5640, 5640, 5640, 5640, 5640, 5640, 5640, 5640, 5640, 5640, 5640, 5640, 5640, 5640, 5640, 5640, 5640, 5640, 5640, 5640, 5640, 5640, 5640, 5640, 5640, 5639, 5640, 5639, 5640, 5640, 5640, 5640, 5640, 5639, 5640, 5640, 5640, 5640, 5640, 5639, 5640, 5639, 5640, 5640, 5640, 5640, 5640, 5639, 5639, 5639, 5640, 5639, 5640, 5639, 5640, 5640, 5640, 5640, 5639, 5640, 5640, 5639, 5640, 5639, 5639, 5639, 5640, 5640, 5640, 5640, 5640, 5640, 5639, 5640, 5639, 5639, 5639, 5639, 5639, 5640, 5639, 5639, 5640, 5639, 5639, 5639, 5640, 5639, 5639, 5639, 5639, 5639, 5639, 5639, 5639, 5639, 5639, 5639, 5639, 5639, 5639, 5639, 5639, 5639, 5639, 5638, 5638, 5638, 5638, 5638, 5638, 5638, 
Mejor solucion obtenida: 23, 22, 35, 0, 4, 17, 15, 16, 20, 19, 18, 12, 14, 13, 34, 33, 32, 31, 9, 10, 11, 8, 5, 7, 6, 29, 30, 27, 28, 3, 2, 1, 36, 37, 38, 39, 42, 40, 41, 26, 25, 24, 21, || Fitness: 5620;