Archivo Usado: p43.atsp
Tamaño de la Poblacion: 100
Reemplazo por Generacion: 5
Tamaño de los Torneos: 5
Cantidad de ciudades: 43
Probabilidad de cruce: 90000
Probabilidad mutacion simple: 3000
Probabilidad mutacion compleja: 10000
Cruces minimos de la mutacion compleja: 4
Iteraciones ejecutadas: 10000
Largo del cruce PMX: 6
Operador de Cruce: 0
Metodo seleccion de Padres: 0
Operador de Mutacion: 1
Metodo seleccion de Supervivientes: 1
Cantidad de threads a usar: 8
11, 8, 9, 10, 31, 32, 30, 29, 6, 5, 7, 1, 3, 28, 27, 2, 36, 37, 38, 39, 41, 40, 42, 26, 25, 24, 21, 22, 23, 35, 0, 4, 15, 17, 20, 19, 18, 16, 14, 13, 12, 33, 34, 
32, 31, 10, 9, 8, 11, 6, 29, 30, 5, 7, 1, 3, 28, 27, 2, 36, 37, 38, 39, 41, 40, 42, 26, 25, 24, 21, 22, 23, 35, 0, 4, 15, 17, 20, 19, 18, 16, 14, 13, 12, 33, 34, 
7, 1, 3, 28, 27, 2, 36, 37, 38, 39, 41, 40, 42, 26, 25, 24, 21, 22, 23, 35, 0, 4, 15, 17, 20, 19, 18, 16, 14, 13, 12, 33, 34, 32, 31, 10, 9, 8, 11, 6, 5, 30, 29, 
6, 5, 7, 1, 3, 28, 27, 2, 36, 37, 38, 39, 41, 40, 42, 26, 25, 24, 21, 22, 23, 35, 0, 4, 15, 17, 20, 19, 18, 16, 14, 13, 12, 33, 34, 11, 8, 9, 10, 31, 32, 30, 29, 
11, 8, 9, 10, 31, 32, 30, 29, 6, 5, 7, 1, 3, 28, 27, 2, 36, 37, 38, 39, 41, 40, 42, 26, 25, 24, 21, 22, 23, 35, 0, 4, 15, 17, 20, 19, 18, 16, 14, 13, 12, 33, 34, 
25, 24, 21, 22, 23, 35, 0, 4, 15, 17, 20, 19, 18, 16, 14, 13, 12, 33, 34, 32, 31, 10, 9, 8, 11, 6, 5, 7, 29, 30, 27, 28, 3, 1, 2, 36, 37, 38, 39, 41, 40, 42, 26, 
31, 32, 30, 29, 6, 5, 7, 1, 3, 28, 27, 2, 36, 37, 38, 39, 41, 40, 42, 26, 25, 24, 21, 22, 23, 35, 0, 4, 15, 17, 20, 19, 18, 16, 14, 13, 12, 33, 34, 11, 8, 9, 10, 
16, 14, 13, 12, 33, 34, 32, 31, 10, 9, 8, 11, 6, 5, 30, 29, 7, 1, 3, 28, 27, 2, 36, 37, 38, 39, 41, 40, 42, 26, 25, 24, 21, 22, 23, 35, 0, 4, 15, 17, 20, 19, 18, 
5, 30, 29, 7, 1, 3, 28, 27, 2, 36, 37, 38, 39, 41, 40, 42, 26, 25, 24, 21, 22, 23, 35, 0, 4, 15, 17, 20, 19, 18, 16, 14, 13, 12, 33, 34, 32, 31, 10, 9, 8, 11, 6, 
8, 11, 6, 29, 30, 5, 7, 1, 3, 28, 27, 2, 36, 37, 38, 39, 41, 40, 42, 26, 25, 24, 21, 22, 23, 35, 0, 4, 15, 17, 20, 19, 18, 16, 14, 13, 12, 33, 34, 32, 31, 10, 9, 
42, 26, 25, 24, 21, 22, 23, 35, 0, 4, 15, 17, 20, 19, 18, 16, 14, 13, 12, 33, 34, 32, 31, 10, 9, 8, 11, 6, 5, 30, 29, 7, 1, 3, 28, 27, 2, 36, 37, 38, 39, 41, 40, 
3, 28, 27, 2, 36, 37, 38, 39, 41, 40, 42, 26, 25, 24, 21, 22, 23, 35, 0, 4, 15, 17, 20, 19, 18, 16, 14, 13, 12, 33, 34, 32, 31, 10, 9, 8, 11, 6, 5, 30, 29, 7, 1, 
9, 8, 11, 6, 5, 30, 29, 7, 1, 3, 28, 27, 2, 36, 37, 38, 39, 41, 40, 42, 26, 25, 24, 21, 22, 23, 35, 0, 4, 15, 17, 20, 19, 18, 16, 14, 13, 12, 33, 34, 32, 31, 10, 
20, 19, 18, 16, 14, 13, 12, 33, 34, 32, 31, 10, 9, 8, 11, 6, 5, 30, 29, 7, 1, 3, 28, 27, 2, 36, 37, 38, 39, 41, 40, 42, 26, 25, 24, 21, 22, 23, 35, 0, 4, 15, 17, 
32, 31, 10, 9, 8, 11, 6, 29, 30, 5, 7, 1, 3, 28, 27, 2, 36, 37, 38, 39, 41, 40, 42, 26, 25, 24, 21, 22, 23, 35, 0, 4, 15, 17, 20, 19, 18, 16, 14, 13, 12, 33, 34, 
17, 20, 19, 18, 16, 14, 13, 12, 33, 34, 11, 8, 9, 10, 31, 32, 30, 29, 7, 5, 6, 1, 3, 28, 27, 2, 36, 37, 38, 39, 41, 40, 42, 26, 25, 24, 21, 22, 23, 35, 0, 4, 15, 
5, 30, 29, 7, 1, 3, 28, 27, 2, 36, 37, 38, 39, 41, 40, 42, 26, 25, 24, 21, 22, 23, 35, 0, 4, 15, 17, 20, 19, 18, 16, 14, 13, 12, 33, 34, 32, 31, 10, 9, 8, 11, 6, 
4, 15, 17, 20, 19, 18, 16, 14, 13, 12, 33, 34, 11, 8, 9, 10, 31, 32, 30, 29, 6, 5, 7, 1, 3, 28, 27, 2, 36, 37, 38, 39, 41, 40, 42, 26, 25, 24, 21, 22, 23, 35, 0, 
37, 38, 39, 41, 40, 42, 26, 25, 24, 21, 22, 23, 35, 0, 4, 15, 17, 20, 19, 18, 16, 14, 13, 12, 33, 34, 32, 31, 10, 9, 8, 11, 6, 29, 30, 5, 7, 1, 3, 28, 27, 2, 36, 
8, 11, 6, 5, 30, 29, 7, 1, 3, 28, 27, 2, 36, 37, 38, 39, 41, 40, 42, 26, 25, 24, 21, 22, 23, 35, 0, 4, 15, 17, 20, 19, 18, 16, 14, 13, 12, 33, 34, 32, 31, 10, 9, 
40, 42, 26, 25, 24, 21, 22, 23, 35, 0, 4, 15, 17, 20, 19, 18, 16, 14, 13, 12, 33, 34, 29, 7, 5, 6, 11, 8, 9, 10, 31, 32, 30, 27, 28, 3, 1, 2, 36, 37, 38, 39, 41, 
1, 2, 36, 37, 38, 39, 41, 40, 42, 26, 25, 24, 21, 22, 23, 35, 0, 4, 15, 17, 20, 19, 18, 16, 14, 13, 12, 33, 34, 29, 7, 5, 6, 11, 8, 9, 10, 31, 32, 30, 27, 28, 3, 
10, 31, 32, 30, 27, 28, 3, 1, 2, 36, 37, 38, 39, 41, 40, 42, 26, 25, 24, 21, 22, 23, 35, 0, 4, 15, 17, 20, 19, 18, 16, 14, 13, 12, 33, 34, 29, 7, 5, 6, 11, 8, 9, 
29, 7, 5, 6, 11, 8, 9, 10, 31, 32, 30, 27, 28, 3, 1, 2, 36, 37, 38, 39, 41, 40, 42, 26, 25, 24, 21, 22, 23, 35, 0, 4, 15, 17, 20, 19, 18, 16, 14, 13, 12, 33, 34, 
5, 6, 11, 8, 9, 10, 31, 32, 30, 27, 28, 3, 1, 2, 36, 37, 38, 39, 41, 40, 42, 26, 25, 24, 21, 22, 23, 35, 0, 4, 15, 17, 20, 19, 18, 16, 14, 13, 12, 33, 34, 29, 7, 
39, 41, 40, 42, 26, 25, 24, 21, 22, 23, 35, 0, 4, 15, 17, 20, 19, 18, 16, 14, 13, 12, 33, 34, 29, 7, 5, 6, 11, 8, 9, 10, 31, 32, 30, 27, 28, 3, 1, 2, 36, 37, 38, 
39, 41, 40, 42, 26, 25, 24, 21, 22, 23, 35, 0, 4, 15, 17, 20, 19, 18, 16, 14, 13, 12, 33, 34, 29, 7, 5, 6, 11, 8, 9, 10, 31, 32, 30, 27, 28, 3, 1, 2, 36, 37, 38, 
1, 2, 36, 37, 38, 39, 41, 40, 42, 26, 25, 24, 21, 22, 23, 35, 0, 4, 15, 17, 20, 19, 18, 16, 14, 13, 12, 33, 34, 29, 7, 5, 6, 11, 8, 9, 10, 31, 32, 30, 27, 28, 3, 
23, 35, 0, 4, 15, 17, 20, 19, 18, 16, 14, 13, 12, 33, 34, 11, 8, 9, 31, 10, 32, 30, 29, 7, 5, 6, 1, 3, 28, 27, 2, 36, 37, 38, 39, 41, 40, 42, 26, 25, 24, 21, 22, 
2, 36, 37, 38, 39, 41, 40, 42, 26, 25, 24, 21, 22, 23, 35, 0, 4, 15, 17, 20, 19, 18, 16, 14, 13, 12, 33, 34, 29, 7, 5, 6, 11, 8, 9, 10, 31, 32, 30, 27, 28, 3, 1, 
20, 19, 18, 16, 14, 13, 12, 33, 34, 29, 7, 5, 6, 11, 8, 9, 10, 31, 32, 30, 27, 28, 3, 1, 2, 36, 37, 38, 39, 41, 40, 42, 26, 25, 24, 21, 22, 23, 35, 0, 4, 15, 17, 
21, 22, 23, 35, 0, 4, 15, 17, 20, 19, 18, 16, 14, 13, 12, 33, 34, 29, 7, 5, 6, 11, 8, 9, 10, 31, 32, 30, 27, 28, 3, 1, 2, 36, 37, 38, 39, 41, 40, 42, 26, 25, 24, 
27, 28, 3, 1, 2, 36, 37, 38, 39, 41, 40, 42, 26, 25, 24, 21, 22, 23, 35, 0, 4, 15, 17, 20, 19, 18, 16, 14, 13, 12, 33, 34, 29, 7, 5, 6, 11, 8, 9, 10, 31, 32, 30, 
2, 36, 37, 38, 39, 41, 40, 42, 26, 25, 24, 21, 22, 23, 35, 0, 4, 15, 17, 20, 19, 18, 16, 14, 13, 12, 33, 34, 29, 30, 32, 31, 10, 9, 8, 11, 6, 5, 7, 1, 3, 28, 27, 
27, 28, 3, 1, 2, 36, 37, 38, 39, 41, 40, 42, 26, 25, 24, 21, 22, 23, 35, 0, 4, 15, 17, 20, 19, 18, 16, 14, 13, 12, 33, 34, 29, 7, 5, 6, 11, 8, 9, 10, 31, 32, 30, 
38, 39, 41, 40, 42, 26, 25, 24, 21, 22, 23, 35, 0, 4, 15, 17, 20, 19, 18, 16, 14, 13, 12, 33, 34, 29, 7, 5, 6, 11, 8, 9, 10, 31, 32, 30, 27, 28, 3, 1, 2, 36, 37, 
5, 6, 11, 8, 9, 10, 31, 32, 30, 29, 7, 1, 3, 27, 28, 2, 36, 37, 38, 39, 41, 40, 42, 26, 25, 24, 21, 22, 23, 35, 0, 4, 15, 17, 20, 19, 18, 16, 14, 13, 12, 33, 34, 
7, 1, 3, 28, 27, 2, 36, 37, 38, 39, 41, 40, 42, 26, 25, 24, 21, 22, 23, 35, 0, 4, 15, 17, 20, 19, 18, 16, 14, 13, 12, 33, 34, 29, 30, 5, 6, 11, 8, 9, 10, 31, 32, 
0, 4, 15, 17, 20, 19, 18, 16, 30, 29, 14, 13, 12, 33, 34, 32, 31, 10, 9, 8, 11, 6, 5, 7, 1, 3, 28, 27, 2, 36, 37, 38, 39, 41, 40, 42, 26, 25, 24, 21, 22, 23, 35, 
3, 28, 27, 2, 36, 37, 38, 39, 41, 40, 42, 26, 25, 24, 21, 22, 23, 35, 0, 4, 15, 17, 20, 19, 18, 16, 30, 29, 14, 13, 12, 33, 34, 32, 31, 10, 9, 8, 11, 6, 5, 7, 1, 
16, 18, 19, 20, 17, 15, 4, 0, 35, 23, 22, 21, 24, 25, 26, 42, 40, 41, 39, 38, 37, 36, 2, 27, 28, 3, 1, 7, 5, 6, 11, 8, 9, 10, 31, 32, 30, 29, 34, 33, 12, 13, 14, 
12, 13, 14, 16, 18, 19, 20, 17, 15, 4, 0, 35, 23, 22, 21, 24, 25, 26, 42, 40, 41, 39, 38, 37, 36, 2, 1, 3, 28, 27, 30, 32, 31, 10, 9, 8, 11, 6, 5, 7, 29, 34, 33, 
1, 3, 28, 27, 2, 36, 37, 38, 39, 41, 40, 42, 26, 25, 24, 21, 22, 23, 35, 0, 4, 15, 16, 20, 19, 18, 17, 14, 13, 12, 33, 34, 11, 6, 5, 7, 10, 9, 8, 31, 32, 30, 29, 
21, 24, 25, 26, 42, 40, 41, 39, 38, 37, 36, 2, 27, 28, 3, 1, 7, 5, 6, 11, 8, 9, 10, 31, 32, 30, 29, 34, 33, 12, 13, 14, 16, 18, 19, 20, 17, 15, 4, 0, 35, 23, 22, 
20, 17, 15, 4, 0, 35, 23, 22, 21, 24, 25, 26, 42, 40, 41, 39, 38, 37, 36, 2, 28, 27, 3, 1, 7, 5, 6, 11, 8, 9, 10, 31, 32, 30, 29, 34, 33, 12, 13, 14, 16, 18, 19, 
0, 4, 15, 17, 20, 19, 18, 16, 14, 13, 12, 33, 34, 11, 6, 5, 7, 10, 9, 8, 31, 32, 30, 29, 1, 2, 27, 28, 3, 36, 37, 38, 39, 41, 40, 42, 26, 25, 24, 21, 22, 23, 35, 
35, 23, 22, 21, 24, 25, 26, 42, 40, 41, 39, 38, 37, 36, 2, 1, 3, 28, 27, 30, 32, 31, 10, 9, 8, 11, 6, 5, 7, 29, 34, 33, 12, 13, 14, 16, 18, 19, 20, 17, 15, 4, 0, 
4, 0, 35, 23, 22, 21, 24, 25, 26, 42, 40, 41, 39, 38, 37, 36, 2, 1, 3, 28, 27, 30, 32, 31, 10, 9, 8, 11, 6, 29, 7, 5, 34, 33, 12, 13, 14, 16, 18, 19, 20, 17, 15, 
36, 37, 38, 39, 41, 40, 42, 26, 25, 24, 21, 22, 23, 35, 0, 4, 15, 17, 20, 19, 18, 16, 14, 13, 12, 33, 34, 29, 30, 32, 31, 8, 9, 10, 7, 5, 6, 11, 27, 28, 3, 1, 2, 
4, 0, 35, 23, 22, 21, 24, 25, 26, 42, 40, 41, 39, 38, 37, 36, 2, 27, 28, 3, 1, 7, 29, 30, 32, 31, 10, 9, 8, 11, 6, 5, 34, 33, 12, 13, 14, 16, 18, 19, 20, 17, 15, 
1, 2, 36, 37, 38, 39, 41, 40, 42, 26, 25, 24, 21, 22, 23, 35, 0, 4, 15, 17, 20, 19, 18, 16, 14, 13, 12, 33, 34, 11, 8, 9, 10, 31, 32, 30, 27, 28, 3, 5, 7, 29, 6, 
19, 20, 17, 15, 4, 0, 35, 23, 22, 21, 24, 25, 26, 42, 40, 41, 39, 38, 37, 36, 2, 27, 28, 3, 1, 7, 5, 6, 29, 30, 32, 31, 10, 9, 8, 11, 34, 33, 12, 13, 14, 16, 18, 
36, 37, 38, 39, 41, 40, 42, 26, 25, 24, 21, 22, 23, 35, 0, 4, 15, 17, 20, 19, 18, 16, 14, 13, 12, 33, 34, 11, 8, 9, 10, 31, 32, 30, 27, 28, 3, 1, 2, 5, 6, 29, 7, 
33, 34, 32, 30, 27, 28, 3, 1, 2, 36, 37, 38, 39, 41, 40, 42, 26, 25, 24, 21, 22, 23, 35, 0, 4, 15, 17, 20, 19, 18, 16, 14, 13, 12, 8, 9, 10, 31, 11, 6, 5, 7, 29, 
27, 32, 30, 31, 10, 9, 8, 11, 6, 5, 7, 29, 34, 33, 12, 13, 14, 16, 18, 19, 20, 17, 15, 4, 0, 35, 23, 22, 21, 24, 25, 26, 42, 40, 41, 39, 38, 37, 36, 2, 1, 3, 28, 
16, 18, 19, 20, 17, 15, 4, 0, 35, 23, 22, 21, 24, 25, 26, 42, 40, 41, 39, 38, 37, 36, 2, 27, 28, 3, 1, 6, 11, 8, 9, 10, 31, 32, 34, 33, 12, 13, 14, 5, 30, 29, 7, 
16, 18, 19, 20, 17, 15, 4, 0, 35, 23, 22, 21, 24, 25, 26, 42, 40, 41, 39, 38, 37, 36, 2, 27, 28, 3, 1, 7, 5, 6, 11, 8, 9, 10, 31, 32, 34, 33, 12, 13, 14, 30, 29, 
36, 37, 38, 39, 41, 40, 42, 26, 25, 24, 21, 22, 23, 35, 0, 4, 15, 17, 20, 19, 18, 16, 14, 13, 12, 33, 34, 29, 30, 32, 31, 8, 9, 10, 7, 5, 6, 11, 28, 3, 1, 2, 27, 
30, 27, 2, 36, 37, 38, 39, 41, 40, 42, 26, 25, 24, 21, 22, 23, 35, 0, 4, 15, 17, 20, 19, 18, 16, 14, 13, 12, 33, 34, 29, 7, 1, 3, 28, 6, 11, 8, 9, 10, 31, 32, 5, 
6, 11, 8, 9, 10, 31, 32, 30, 29, 34, 33, 12, 13, 14, 16, 18, 19, 20, 17, 15, 4, 0, 35, 23, 22, 21, 24, 25, 26, 42, 40, 41, 39, 38, 37, 36, 2, 28, 27, 1, 7, 5, 3, 
7, 5, 6, 11, 34, 33, 12, 13, 14, 16, 18, 19, 20, 17, 15, 4, 0, 35, 23, 22, 21, 24, 25, 26, 42, 40, 41, 39, 38, 37, 36, 2, 1, 3, 28, 27, 30, 32, 31, 10, 9, 8, 29, 
31, 10, 9, 8, 11, 34, 33, 12, 13, 14, 16, 18, 19, 20, 17, 15, 4, 0, 35, 23, 22, 21, 24, 25, 26, 42, 40, 41, 39, 38, 37, 36, 2, 27, 28, 3, 1, 7, 5, 6, 30, 32, 29, 
31, 32, 30, 16, 18, 19, 20, 17, 15, 4, 0, 35, 23, 22, 21, 24, 25, 26, 42, 40, 41, 39, 38, 37, 36, 2, 27, 28, 3, 1, 7, 5, 6, 11, 8, 9, 10, 29, 14, 13, 12, 33, 34, 
32, 31, 8, 9, 10, 7, 5, 6, 11, 34, 33, 12, 13, 14, 16, 18, 19, 20, 17, 15, 4, 0, 35, 23, 22, 21, 24, 25, 26, 42, 40, 41, 39, 38, 37, 36, 2, 27, 28, 3, 1, 30, 29, 
4, 0, 35, 23, 22, 21, 24, 25, 26, 42, 40, 41, 39, 38, 37, 36, 2, 27, 28, 3, 1, 6, 5, 7, 29, 30, 16, 18, 19, 20, 17, 15, 32, 31, 10, 9, 8, 11, 34, 33, 12, 13, 14, 
12, 13, 14, 16, 18, 19, 20, 17, 15, 4, 0, 35, 23, 22, 21, 24, 25, 26, 42, 40, 41, 39, 38, 37, 36, 2, 27, 28, 3, 1, 7, 5, 6, 11, 8, 9, 10, 31, 32, 34, 33, 30, 29, 
6, 11, 8, 9, 10, 31, 32, 30, 29, 7, 5, 38, 39, 41, 40, 42, 26, 25, 24, 21, 22, 23, 35, 0, 4, 15, 17, 20, 19, 18, 16, 14, 13, 12, 33, 34, 37, 36, 2, 27, 28, 3, 1, 
28, 27, 2, 36, 37, 38, 39, 41, 40, 42, 26, 25, 24, 21, 22, 23, 35, 0, 4, 15, 17, 20, 19, 18, 16, 14, 13, 12, 33, 34, 29, 7, 1, 3, 9, 10, 31, 32, 30, 11, 8, 5, 6, 
13, 12, 33, 34, 29, 7, 5, 6, 11, 8, 9, 10, 31, 32, 30, 27, 28, 2, 36, 37, 38, 39, 41, 40, 42, 26, 25, 24, 21, 22, 23, 35, 0, 4, 15, 17, 20, 19, 18, 16, 14, 3, 1, 
13, 14, 16, 18, 19, 20, 17, 15, 4, 0, 35, 23, 22, 21, 24, 25, 26, 42, 40, 41, 39, 38, 37, 36, 2, 27, 28, 3, 1, 7, 5, 6, 11, 34, 33, 12, 8, 9, 10, 31, 32, 30, 29, 
8, 9, 10, 7, 5, 6, 11, 34, 33, 12, 13, 14, 16, 18, 19, 20, 17, 15, 4, 0, 35, 23, 22, 21, 24, 25, 26, 42, 40, 41, 39, 38, 37, 36, 2, 27, 28, 3, 1, 30, 32, 31, 29, 
38, 39, 41, 40, 42, 26, 25, 24, 21, 22, 23, 35, 0, 4, 15, 17, 20, 19, 18, 16, 14, 13, 12, 33, 34, 29, 30, 5, 6, 11, 8, 9, 10, 31, 32, 36, 37, 1, 3, 27, 28, 2, 7, 
18, 19, 20, 17, 15, 4, 0, 35, 23, 22, 21, 24, 25, 26, 42, 40, 41, 39, 38, 37, 36, 2, 27, 28, 3, 1, 7, 29, 30, 16, 14, 13, 12, 33, 34, 32, 31, 10, 9, 8, 11, 6, 5, 
28, 3, 1, 14, 5, 6, 29, 30, 32, 31, 10, 9, 8, 11, 34, 33, 12, 13, 7, 16, 18, 19, 20, 17, 15, 4, 0, 35, 23, 22, 21, 24, 25, 26, 42, 40, 41, 39, 38, 37, 36, 2, 27, 
36, 2, 27, 28, 3, 1, 7, 5, 6, 11, 8, 9, 10, 31, 32, 34, 33, 12, 13, 14, 16, 18, 19, 20, 17, 15, 4, 0, 35, 23, 22, 21, 24, 25, 26, 42, 40, 41, 39, 38, 37, 30, 29, 
27, 28, 3, 1, 7, 5, 6, 11, 34, 33, 12, 13, 14, 16, 18, 19, 20, 17, 15, 4, 0, 35, 23, 22, 21, 24, 25, 26, 42, 40, 41, 39, 38, 37, 36, 2, 31, 10, 9, 8, 32, 30, 29, 
14, 16, 18, 19, 20, 17, 15, 4, 0, 35, 23, 22, 21, 24, 25, 26, 42, 40, 41, 39, 38, 37, 36, 2, 1, 7, 5, 6, 11, 8, 9, 10, 31, 32, 30, 29, 34, 33, 12, 13, 28, 3, 27, 
36, 37, 38, 39, 41, 40, 42, 26, 25, 24, 21, 22, 23, 35, 0, 4, 15, 17, 20, 19, 18, 16, 14, 13, 12, 33, 6, 11, 8, 9, 10, 31, 32, 30, 27, 28, 3, 1, 2, 7, 5, 29, 34, 
24, 25, 26, 42, 40, 41, 39, 38, 37, 36, 2, 28, 27, 3, 1, 7, 5, 6, 11, 34, 29, 30, 32, 31, 10, 9, 8, 33, 12, 13, 14, 16, 18, 19, 20, 17, 15, 4, 0, 35, 23, 22, 21, 
16, 14, 13, 12, 33, 34, 11, 8, 9, 10, 31, 32, 30, 27, 28, 2, 36, 37, 38, 39, 41, 40, 42, 26, 25, 24, 21, 22, 23, 35, 0, 4, 15, 17, 20, 19, 18, 6, 5, 7, 1, 3, 29, 
12, 13, 14, 16, 18, 19, 20, 17, 15, 4, 0, 35, 23, 22, 21, 24, 25, 26, 42, 40, 41, 39, 38, 37, 36, 2, 28, 27, 32, 34, 33, 5, 6, 11, 8, 9, 10, 31, 29, 30, 1, 3, 7, 
36, 2, 27, 28, 3, 1, 14, 5, 6, 11, 8, 9, 10, 31, 32, 30, 29, 7, 16, 18, 19, 20, 17, 15, 4, 0, 35, 23, 22, 21, 24, 25, 26, 42, 40, 41, 39, 38, 37, 13, 12, 33, 34, 
34, 33, 12, 15, 14, 16, 18, 19, 20, 17, 13, 4, 0, 35, 23, 22, 21, 24, 25, 26, 42, 40, 41, 39, 38, 37, 36, 2, 27, 28, 3, 1, 7, 5, 30, 29, 6, 11, 8, 9, 10, 31, 32, 
18, 19, 20, 17, 15, 4, 0, 35, 23, 22, 21, 24, 25, 26, 42, 40, 41, 39, 38, 37, 36, 2, 28, 27, 6, 5, 7, 1, 3, 14, 16, 13, 12, 33, 34, 11, 8, 9, 10, 31, 32, 30, 29, 
35, 0, 4, 15, 17, 20, 19, 18, 16, 14, 13, 12, 3, 34, 29, 30, 32, 31, 10, 9, 8, 11, 6, 5, 7, 1, 33, 28, 27, 2, 36, 37, 38, 39, 41, 40, 42, 26, 25, 24, 21, 22, 23, 
0, 4, 15, 17, 20, 19, 18, 16, 14, 13, 12, 33, 34, 11, 8, 9, 10, 31, 32, 30, 29, 7, 5, 6, 35, 23, 22, 21, 24, 25, 26, 42, 40, 41, 39, 38, 37, 36, 2, 27, 28, 3, 1, 
7, 4, 3, 28, 27, 2, 36, 37, 38, 39, 41, 40, 42, 26, 25, 24, 21, 22, 23, 35, 0, 1, 15, 17, 20, 19, 18, 16, 14, 13, 12, 33, 34, 32, 31, 10, 9, 8, 11, 6, 5, 30, 29, 
25, 26, 42, 40, 41, 39, 38, 37, 36, 2, 1, 3, 28, 27, 30, 32, 31, 8, 9, 10, 7, 5, 6, 11, 34, 29, 15, 4, 0, 35, 23, 22, 21, 24, 12, 33, 13, 14, 16, 18, 19, 20, 17, 
21, 22, 23, 35, 0, 4, 15, 17, 20, 19, 18, 16, 14, 13, 12, 33, 34, 32, 30, 27, 28, 3, 1, 2, 36, 37, 38, 39, 41, 40, 42, 26, 25, 24, 5, 6, 11, 8, 9, 10, 31, 29, 7, 
3, 1, 7, 29, 30, 32, 31, 10, 9, 8, 11, 6, 5, 34, 33, 12, 13, 14, 16, 18, 19, 20, 17, 15, 4, 0, 35, 25, 22, 21, 24, 23, 26, 42, 40, 41, 39, 38, 37, 36, 2, 27, 28, 
35, 0, 4, 15, 17, 20, 19, 18, 16, 14, 13, 12, 33, 34, 29, 7, 1, 3, 28, 27, 2, 36, 37, 38, 39, 41, 40, 42, 26, 25, 24, 21, 22, 23, 9, 10, 31, 32, 30, 11, 8, 5, 6, 
23, 35, 0, 4, 15, 17, 20, 19, 18, 16, 14, 13, 12, 33, 34, 11, 6, 5, 7, 10, 31, 32, 30, 29, 1, 2, 36, 37, 38, 39, 41, 40, 42, 26, 25, 24, 21, 22, 27, 28, 3, 8, 9, 
3, 1, 7, 5, 6, 11, 8, 9, 10, 31, 32, 30, 29, 25, 26, 42, 40, 41, 39, 38, 37, 36, 2, 27, 28, 0, 35, 23, 22, 21, 24, 14, 16, 18, 19, 20, 17, 15, 4, 13, 12, 33, 34, 
29, 0, 5, 6, 11, 8, 9, 10, 31, 32, 30, 27, 28, 3, 1, 2, 36, 37, 38, 39, 41, 40, 42, 26, 25, 24, 21, 22, 23, 35, 7, 4, 15, 17, 20, 19, 18, 16, 14, 13, 12, 33, 34, 
20, 19, 18, 16, 14, 13, 12, 33, 34, 32, 10, 31, 9, 8, 11, 6, 5, 7, 29, 30, 21, 22, 23, 35, 0, 4, 15, 17, 28, 3, 1, 37, 36, 2, 27, 39, 38, 41, 40, 42, 26, 25, 24, 
32, 30, 29, 6, 5, 7, 1, 3, 28, 27, 2, 36, 37, 38, 39, 41, 40, 42, 26, 25, 24, 33, 22, 23, 35, 0, 4, 15, 17, 20, 19, 18, 16, 14, 13, 12, 21, 34, 11, 8, 9, 10, 31, 
42, 40, 41, 39, 38, 37, 36, 2, 27, 28, 3, 1, 6, 5, 30, 29, 7, 0, 4, 15, 17, 20, 19, 18, 16, 14, 13, 12, 33, 34, 32, 31, 10, 9, 8, 11, 21, 24, 25, 26, 22, 23, 35, 
36, 2, 27, 28, 3, 1, 7, 5, 6, 11, 8, 9, 10, 31, 32, 30, 29, 22, 21, 24, 25, 26, 42, 40, 41, 39, 38, 37, 19, 20, 17, 15, 4, 0, 35, 23, 34, 33, 12, 13, 14, 16, 18, 
39, 38, 37, 36, 2, 27, 28, 3, 1, 7, 5, 6, 11, 8, 9, 10, 31, 32, 34, 33, 12, 13, 14, 16, 18, 19, 20, 17, 15, 4, 0, 35, 23, 22, 21, 24, 25, 26, 42, 40, 41, 30, 29, 
15, 17, 20, 19, 18, 16, 14, 13, 12, 33, 34, 11, 8, 9, 10, 31, 32, 30, 29, 6, 5, 7, 1, 2, 27, 28, 3, 39, 41, 40, 42, 26, 25, 24, 21, 22, 23, 35, 0, 4, 36, 37, 38, 
Tiempo de ejecucion (total): 207.41
Best fitness a lo largo del tiempo: 
11994, 11654, 6510, 6358, 6280, 6204, 6125, 6034, 5963, 5963, 5933, 5933, 5933, 5933, 5885, 5885, 5885, 5879, 5869, 5861, 5854, 5854, 5834, 5834, 5829, 5829, 5795, 5795, 5795, 5795, 5788, 5787, 5787, 5782, 5782, 5782, 5782, 5777, 5769, 5747, 5740, 5740, 5740, 5740, 5740, 5727, 5726, 5726, 5726, 5714, 5714, 5714, 5714, 5714, 5714, 5714, 5714, 5714, 5714, 5714, 5714, 5714, 5712, 5712, 5712, 5712, 5710, 5710, 5708, 5688, 5688, 5687, 5678, 5678, 5678, 5676, 5676, 5676, 5676, 5676, 5676, 5676, 5670, 5670, 5670, 5670, 5670, 5670, 5670, 5670, 5670, 5670, 5670, 5670, 5670, 5670, 5670, 5670, 5670, 5670, 5670, 5670, 5670, 5670, 5670, 5670, 5670, 5670, 5670, 5670, 5670, 5670, 5670, 5670, 5670, 5670, 5670, 5670, 5668, 5662, 5662, 5662, 5662, 5662, 5662, 5662, 5662, 5662, 5662, 5662, 5662, 5662, 5662, 5662, 5662, 5661, 5661, 5661, 5661, 5661, 5661, 5661, 5661, 5661, 5661, 5661, 5661, 5661, 5661, 5661, 5661, 5661, 5661, 5661, 5661, 5661, 5661, 5661, 5661, 5661, 5661, 5661, 5661, 5661, 5661, 5661, 5661, 5661, 5661, 5661, 5661, 5661, 5661, 5661, 5661, 5661, 5661, 5661, 5661, 5661, 5661, 5661, 5661, 5661, 5661, 5661, 5661, 5661, 5661, 5661, 5661, 5661, 5661, 5661, 5661, 5661, 5661, 5661, 5661, 5661, 5661, 5661, 5661, 5661, 5659, 5659, 5659, 5659, 5659, 5659, 5659, 5659, 5659, 5659, 5659, 5659, 5659, 5659, 5659, 5659, 5659, 5659, 5659, 5659, 5659, 5659, 5659, 5659, 5659, 5659, 5659, 5659, 5659, 5659, 5659, 5659, 5655, 5655, 5655, 5655, 5655, 5655, 5655, 5655, 5655, 5655, 5655, 5655, 5655, 5655, 5655, 5655, 5655, 5655, 5655, 5655, 5655, 5655, 5655, 5655, 5655, 5655, 5655, 5649, 5649, 5649, 5649, 5649, 5649, 5649, 5649, 5649, 5649, 5649, 5649, 5649, 5649, 5649, 5649, 5649, 5649, 5649, 5649, 5649, 5649, 5649, 5649, 5649, 5649, 5649, 5649, 5649, 5649, 5649, 5649, 5649, 5649, 5649, 5649, 5649, 5649, 5649, 5649, 5649, 5649, 5649, 5649, 5649, 5649, 5649, 5649, 5649, 5649, 5649, 5649, 5649, 5649, 5649, 5649, 5649, 5649, 5649, 5649, 5649, 5649, 5649, 5649, 5649, 5649, 5649, 5649, 5649, 5649, 5649, 5649, 5649, 5649, 5649, 5649, 5649, 5649, 5649, 5649, 5649, 5649, 5649, 5649, 5649, 5649, 5649, 5649, 5649, 5649, 5649, 5649, 5649, 5649, 5649, 5649, 5649, 5649, 5645, 5645, 5645, 5645, 5639, 5639, 5639, 5639, 5639, 5639, 5639, 5639, 5639, 5639, 5639, 5637, 5637, 5637, 5637, 5637, 5637, 5637, 5637, 5637, 5637, 5637, 5637, 5637, 5637, 5637, 5637, 5637, 5637, 5637, 5637, 5637, 5637, 5637, 5637, 5637, 5637, 5637, 5637, 5637, 5637, 5637, 5637, 5637, 5637, 5637, 5637, 5637, 5637, 5637, 5637, 5637, 5637, 5637, 5637, 5637, 5637, 5637, 5637, 5637, 5637, 5637, 5637, 5637, 5637, 5637, 5637, 5637, 5637, 5637, 5637, 5637, 5637, 5637, 5637, 5637, 5637, 5637, 5637, 5637, 5637, 5637, 5637, 5637, 5637, 5637, 5637, 5637, 5633, 5633, 5633, 5633, 5631, 5631, 5631, 5631, 5631, 5631, 5631, 5631, 5631, 5631, 5631, 5631, 5631, 5631, 5631, 5631, 5631, 5631, 5631, 5631, 5631, 5631, 5631, 5631, 5631, 5631, 5631, 5631, 5631, 5631, 5631, 5631, 5631, 5631, 5631, 5631, 5631, 5631, 5631, 5631, 5631, 5631, 5631, 5631, 5631, 5631, 5631, 5631, 5631, 5631, 5631, 5631, 5631, 5631, 5631, 5631, 5631, 5631, 5631, 5631, 5631, 5631, 5631, 5631, 5631, 5631, 5631, 5631, 5631, 5631, 5631, 5631, 5631, 5631, 5631, 5631, 5631, 5631, 5631, 5631, 5631, 5631, 5631, 5631, 5631, 5631, 5631, 5631, 5631, 5631, 5631, 5631, 5631, 5631, 5631, 5631, 5631, 5631, 5631, 5631, 5631, 5631, 5631, 5631, 5631, 5631, 5631, 5631, 5631, 5631, 5631, 5631, 5631, 5631, 5631, 5631, 5631, 5631, 5631, 5631, 5631, 5629, 5629, 5629, 5629, 5629, 5629, 5629, 5629, 5629, 5629, 5629, 5629, 5629, 5629, 5629, 5629, 5629, 5629, 5629, 5629, 5629, 5629, 5629, 5629, 5629, 5629, 5629, 5629, 5629, 5629, 5629, 5629, 5629, 5629, 5629, 5629, 5629, 5629, 5629, 5629, 5629, 5629, 5629, 5629, 5629, 5629, 5629, 5629, 5629, 5629, 5629, 5629, 5629, 5629, 5629, 5629, 5629, 5629, 5629, 5629, 5629, 5629, 5629, 5629, 5627, 5627, 5627, 5627, 5627, 5627, 5627, 5627, 5627, 5627, 5627, 5627, 5627, 5627, 5627, 5627, 5627, 5627, 5627, 5627, 5627, 5627, 5627, 5627, 5627, 5627, 5627, 5627, 5627, 5627, 5627, 5627, 5627, 5627, 5627, 5627, 5627, 5627, 5627, 5627, 5627, 5627, 5627, 5627, 5627, 5627, 5627, 5627, 5627, 5627, 5627, 5627, 5627, 5627, 5627, 5627, 5627, 5627, 5627, 5627, 5627, 5627, 5627, 5627, 5627, 5627, 5627, 5627, 5627, 5627, 5627, 5627, 5627, 5627, 5627, 5627, 5627, 5627, 5627, 5627, 5627, 5627, 5627, 5627, 5627, 5627, 5627, 5627, 5627, 5627, 5627, 5627, 5627, 5627, 5627, 5627, 5627, 5627, 5627, 5627, 5627, 5627, 5627, 5627, 5627, 5627, 5627, 5627, 5627, 5627, 5627, 5627, 5627, 5627, 5627, 5627, 5627, 5627, 5627, 5627, 5627, 5627, 5627, 5627, 5627, 5627, 5627, 5627, 5627, 5627, 5627, 5627, 5627, 5627, 5627, 5627, 5627, 5627, 5627, 5627, 5627, 5627, 5627, 5627, 5627, 5627, 5627, 5627, 5627, 5627, 5627, 5627, 5627, 5627, 5627, 5627, 5627, 5627, 5627, 5627, 5627, 5627, 5627, 5627, 5627, 5627, 5627, 5627, 5627, 5627, 5627, 5627, 5627, 5627, 5627, 5627, 5627, 5627, 5627, 5627, 5627, 5627, 5627, 5627, 5627, 5627, 5627, 5627, 5627, 5627, 5627, 5627, 5627, 5627, 5627, 5627, 5627, 5627, 5627, 5627, 5627, 5627, 5627, 5627, 5627, 5627, 5627, 5627, 5627, 5627, 5627, 5627, 5627, 5627, 5627, 5627, 5627, 5627, 5627, 5627, 5627, 5627, 5627, 5627, 5627, 5627, 5627, 5627, 5627, 5627, 5627, 5627, 5627, 5627, 5627, 5627, 5627, 5627, 5627, 5627, 5627, 5627, 5627, 5627, 5627, 5627, 5627, 5627, 5627, 5627, 5627, 5627, 5627, 5627, 5627, 5627, 5627, 5627, 5627, 5627, 5627, 5627, 5627, 5627, 5627, 5627, 5627, 5627, 5627, 5627, 5627, 5627, 5627, 5627, 5627, 5627, 5627, 5627, 5627, 5627, 5627, 5627, 5627, 5627, 5627, 5627, 5627, 5627, 5627, 5627, 5627, 5627, 5627, 5627, 5627, 5627, 5627, 5627, 5627, 5627, 5627, 5627, 5627, 5627, 5627, 5627, 5627, 5627, 5627, 5627, 5627, 5627, 5627, 5627, 5627, 5627, 5627, 5627, 5627, 5627, 5627, 5627, 5627, 5627, 5627, 5627, 5627, 5627, 5627, 5627, 5627, 5627, 5627, 5627, 5627, 5627, 5627, 5627, 5627, 5627, 5627, 5627, 5627, 5627, 5627, 5627, 5627, 5627, 5627, 5627, 5627, 5627, 5627, 5627, 5627, 5627, 5627, 5627, 5627, 5627, 5627, 5627, 5627, 5627, 5627, 5627, 5627, 5627, 5627, 5627, 5627, 5627, 5627, 5627, 5627, 5627, 5627, 5627, 5627, 5627, 5627, 5627, 5627, 5627, 5627, 5627, 5627, 5627, 5627, 5627, 5627, 5627, 5627, 5627, 5627, 5627, 5627, 5627, 5627, 5627, 5627, 5627, 5627, 5627, 5627, 5627, 5627, 5627, 5627, 5627, 5627, 5627, 5627, 5627, 5627, 5627, 5627, 5627, 5627, 5627, 5627, 5627, 5627, 5627, 5627, 5627, 5627, 5627, 5627, 5627, 5627, 5627, 5627, 5627, 5627, 5627, 5627, 5627, 5627, 5627, 5627, 5627, 5627, 5627, 5627, 5627, 5627, 5625, 5625, 5625, 5625, 5625, 5625, 5625, 5625, 5625, 5625, 5625, 5625, 5625, 5625, 5625, 5625, 5625, 5625, 5625, 5625, 5625, 5625, 5625, 5625, 5625, 5625, 5625, 5625, 5625, 5625, 5625, 5625, 5625, 5625, 5625, 5625, 5625, 5625, 5625, 5625, 5625, 5625, 5625, 5625, 5625, 5625, 5625, 5625, 5625, 5625, 5625, 5625, 5625, 5625, 5625, 5625, 5625, 5625, 5625, 5625, 5625, 5625, 5625, 5625, 5625, 5625, 5625, 5625, 5625, 5625, 5625, 5625, 5625, 5625, 5625, 5625, 5625, 5625, 5625, 5625, 5625, 5625, 5625, 5625, 5625, 5625, 5625, 5625, 5625, 5625, 5625, 5625, 5625, 5625, 5625, 5625, 5625, 5625, 5625, 5625, 5625, 5625, 5625, 5625, 5625, 5625, 5625, 5625, 5625, 5625, 5625, 5625, 5625, 5625, 5625, 5625, 5625, 5625, 5625, 5625, 5625, 5625, 5625, 5625, 5625, 5625, 5625, 5625, 5625, 5625, 5625, 5625, 5625, 5625, 5625, 5625, 5625, 5625, 5625, 5625, 5625, 5625, 5625, 5625, 5625, 5625, 5625, 5625, 5625, 5625, 5625, 5625, 5625, 5625, 5625, 5625, 5625, 5625, 5625, 5625, 5625, 5625, 5625, 5625, 5625, 5625, 5625, 5625, 5625, 5625, 5625, 5625, 5625, 5625, 5625, 5625, 5625, 5625, 5625, 5625, 5625, 5625, 5625, 5625, 5625, 5625, 5625, 5625, 5625, 5625, 5625, 5625, 5625, 5625, 5625, 5625, 5625, 5625, 5625, 5625, 5625, 5625, 5625, 5625, 5625, 5625, 5625, 5625, 5625, 5625, 5625, 5625, 5625, 5625, 5625, 5625, 5625, 5625, 5625, 5625, 5625, 5625, 5625, 5625, 5625, 5625, 5625, 5625, 5625, 5625, 5625, 5625, 5625, 5625, 5625, 5625, 5625, 5625, 5625, 5625, 5625, 5625, 5625, 5625, 5625, 5625, 5625, 5625, 5625, 5625, 5625, 5625, 5625, 5625, 5625, 5625, 5625, 5625, 5625, 5625, 5625, 5625, 5625, 5625, 5625, 5625, 5625, 5625, 5625, 5625, 5625, 5625, 5625, 5625, 5625, 5625, 5625, 5625, 5625, 5625, 5625, 5625, 5625, 5625, 5625, 5625, 5625, 5625, 5625, 5625, 5625, 5625, 5625, 5625, 5625, 5625, 5625, 5625, 5625, 5625, 5625, 5625, 5625, 5625, 5625, 5625, 5625, 5625, 5625, 5625, 5625, 5625, 5625, 5625, 5625, 5625, 5625, 5625, 5625, 5625, 5625, 5625, 5625, 5625, 5625, 5625, 5625, 5625, 5625, 5625, 5625, 5625, 5625, 5625, 5625, 5625, 5625, 5625, 5625, 5625, 5625, 5625, 5625, 5625, 5625, 5625, 5625, 5625, 5625, 5625, 5625, 5625, 5625, 5625, 5625, 5625, 5625, 5625, 5625, 5625, 5625, 5625, 5625, 5625, 5625, 5625, 5625, 5625, 5625, 5625, 5625, 5625, 5625, 5625, 5625, 5625, 5625, 5625, 5625, 5625, 5625, 5625, 5625, 5625, 5625, 5625, 5625, 5625, 5625, 5625, 5625, 5625, 5625, 5625, 5625, 5625, 5625, 5625, 5625, 5625, 5625, 5625, 5625, 5625, 5625, 5625, 5625, 5625, 5625, 5625, 5625, 5625, 5625, 5625, 5625, 5625, 5625, 5625, 5625, 5625, 5625, 5625, 5625, 5625, 5625, 5625, 5625, 5625, 5625, 5625, 5625, 5625, 5625, 5625, 5625, 5625, 5625, 5625, 5625, 5625, 5625, 5625, 5625, 5625, 5625, 5625, 5625, 5625, 5625, 5625, 5625, 5625, 5625, 5625, 5625, 5625, 5625, 5625, 5625, 5625, 5625, 5625, 5625, 5625, 5625, 5625, 5625, 5625, 5625, 5625, 5625, 5625, 5625, 5625, 5625, 5625, 5625, 5625, 5625, 5625, 5625, 5625, 5625, 5625, 5625, 5625, 5625, 5625, 5625, 5625, 5625, 5625, 5625, 5625, 5625, 5625, 5625, 5625, 5625, 5625, 5625, 5625, 5625, 5625, 5625, 5625, 5625, 5625, 5625, 5625, 5625, 5625, 5625, 5625, 5625, 5625, 5625, 5625, 5625, 5625, 5625, 5625, 5625, 5625, 5625, 5625, 5625, 5625, 5625, 5625, 5625, 5625, 5625, 5625, 5625, 5625, 5625, 5625, 5625, 5625, 5625, 5625, 5625, 5625, 5625, 5625, 5625, 5625, 5625, 5625, 5625, 5625, 5625, 5625, 5625, 5625, 5625, 5625, 5625, 5625, 5625, 5625, 5625, 5625, 5625, 5625, 5625, 5625, 5625, 5625, 5625, 5625, 5625, 5625, 5625, 5625, 5625, 5625, 5625, 5625, 5625, 5625, 5625, 5625, 5625, 5625, 5625, 5625, 5625, 5625, 5625, 5625, 5625, 5625, 5625, 5625, 5625, 5625, 5625, 5625, 5625, 5625, 5625, 5625, 5625, 5625, 5625, 5625, 5625, 5625, 5625, 5625, 5625, 5625, 5625, 5625, 5625, 5625, 5625, 5625, 5625, 5625, 5625, 5625, 5625, 5625, 5625, 5625, 5625, 5625, 5625, 5625, 5625, 5625, 5625, 5625, 5625, 5625, 5625, 5625, 5625, 5625, 5625, 5625, 5625, 5625, 5625, 5625, 5625, 5625, 5625, 5625, 5625, 5625, 5625, 5625, 5625, 5625, 5625, 5625, 5625, 5625, 5625, 5625, 5625, 5625, 5625, 5625, 5625, 5625, 5625, 5625, 5625, 5625, 5625, 5625, 5625, 5625, 5625, 5625, 5625, 5625, 5625, 5625, 5625, 5625, 5625, 5625, 5625, 5625, 5625, 5625, 5625, 5625, 5625, 5625, 5625, 5625, 5625, 5625, 5625, 5625, 5625, 5625, 5625, 5625, 5625, 5625, 5625, 5625, 5625, 5625, 5625, 5625, 5625, 5625, 5625, 5625, 5625, 5625, 5625, 5625, 5625, 5625, 5625, 5625, 5625, 5625, 5625, 5625, 5625, 5625, 5625, 5625, 5625, 5625, 5625, 5625, 5625, 5625, 5625, 5625, 5625, 5625, 5625, 5625, 5625, 5625, 5625, 5625, 5625, 5625, 5625, 5625, 5625, 5625, 5625, 5625, 5625, 5625, 5625, 5625, 5625, 5625, 5625, 5625, 5625, 5625, 5625, 5625, 5625, 5625, 5625, 5625, 5625, 5625, 5625, 5625, 5625, 5625, 5625, 5625, 5625, 5625, 5625, 5625, 5625, 5625, 5625, 5625, 5625, 5625, 5625, 5625, 5625, 5625, 5625, 5625, 5625, 5625, 5625, 5625, 5625, 5625, 5625, 5625, 5625, 5625, 5625, 5625, 5625, 5625, 5625, 5625, 5625, 5625, 5625, 5625, 5625, 5625, 5625, 5625, 5625, 5625, 5625, 5625, 5625, 5625, 5625, 5625, 5625, 5625, 5625, 5625, 5625, 5625, 5625, 5625, 5625, 5625, 5625, 5625, 5625, 5625, 5625, 5625, 5625, 5625, 5625, 5625, 5625, 5625, 5625, 5625, 5625, 5625, 5625, 5625, 5625, 5625, 5625, 5625, 5625, 5625, 5625, 5625, 5625, 5625, 5625, 5625, 5625, 5625, 5625, 5625, 5625, 5625, 5625, 5625, 5625, 5625, 5625, 5625, 5625, 5625, 5625, 5625, 5625, 5625, 5625, 5625, 5625, 5625, 5625, 5625, 5625, 5625, 5625, 5625, 5625, 5625, 5625, 5625, 5625, 5625, 5625, 5625, 5625, 5625, 5625, 5625, 5625, 5625, 5625, 5625, 5625, 5625, 5625, 5625, 5625, 5625, 5625, 5625, 5625, 5625, 5625, 5625, 5625, 5625, 5625, 5625, 5625, 5625, 5625, 5625, 5625, 5625, 5625, 5625, 5625, 5625, 5625, 5625, 5625, 5625, 5625, 5625, 5625, 5625, 5625, 5625, 5625, 5625, 5625, 5625, 5625, 5625, 5625, 5625, 5625, 5625, 5625, 5625, 5625, 5625, 5625, 5625, 5625, 5625, 5625, 5625, 5625, 5625, 5625, 5625, 5625, 5625, 5625, 5625, 5625, 5625, 5625, 5625, 5625, 5625, 5625, 5625, 5625, 5625, 5625, 5625, 5625, 5625, 5625, 5625, 5625, 5625, 5625, 5625, 5625, 5625, 5625, 5625, 5625, 5625, 5625, 5625, 5625, 5625, 5625, 5625, 5625, 5625, 5625, 5625, 5625, 5625, 5625, 5625, 5625, 5625, 5625, 5625, 5625, 5625, 5625, 5625, 5625, 5625, 5625, 5625, 5625, 5625, 5625, 5625, 5625, 5625, 5625, 5625, 5625, 5625, 5625, 5625, 5625, 5625, 5625, 5625, 5625, 5625, 5625, 5625, 5625, 5625, 5625, 5625, 5625, 5625, 5625, 5625, 5625, 5625, 5625, 5625, 5625, 5625, 5625, 5625, 5625, 5625, 5625, 5625, 5625, 5625, 5625, 5625, 5625, 5625, 5625, 5625, 5625, 5625, 5625, 5625, 5625, 5625, 5625, 5625, 5625, 5625, 5625, 5625, 5625, 5625, 5625, 5625, 5625, 5625, 5625, 5625, 5625, 5625, 5625, 5625, 5625, 5625, 5625, 5625, 5625, 5625, 5625, 5625, 5625, 5625, 5625, 5625, 5625, 5625, 5625, 5625, 5625, 5625, 5625, 5625, 5625, 5625, 5625, 5625, 5625, 5625, 5625, 5625, 5625, 5625, 5625, 5625, 5625, 5625, 5625, 5625, 5625, 5625, 5625, 5625, 5625, 5625, 5625, 5625, 5625, 5625, 5625, 5625, 5625, 5625, 5625, 5625, 5625, 5625, 5625, 5625, 5625, 5625, 5625, 5625, 5625, 5625, 5625, 5625, 5625, 5625, 5625, 5625, 5625, 5625, 5625, 5625, 5625, 5625, 5625, 5625, 5625, 5625, 5625, 5625, 5625, 5625, 5625, 5625, 5625, 5625, 5625, 5625, 5625, 5625, 5625, 5625, 5625, 5625, 5625, 5625, 5625, 5625, 5625, 5625, 5625, 5625, 5625, 5625, 5625, 5625, 5625, 5625, 5625, 5625, 5625, 5625, 5625, 5625, 5625, 5625, 5625, 5625, 5625, 5625, 5625, 5625, 5625, 5625, 5625, 5625, 5625, 5625, 5625, 5625, 5625, 5625, 5625, 5625, 5625, 5625, 5625, 5625, 5625, 5625, 5625, 5625, 5625, 5625, 5625, 5625, 5625, 5625, 5625, 5625, 5625, 5625, 5625, 5625, 5625, 5625, 5625, 5625, 5625, 5625, 5625, 5625, 5625, 5625, 5625, 5625, 5625, 5625, 5625, 5625, 5625, 5625, 5625, 5625, 5625, 5625, 5625, 5625, 5625, 5625, 5625, 5625, 5625, 5625, 5625, 5625, 5625, 5625, 5625, 5625, 5625, 5625, 5625, 5625, 5625, 5625, 5625, 5625, 5625, 5625, 5625, 5625, 5625, 5625, 5625, 5625, 5625, 5625, 5625, 5625, 5625, 5625, 5625, 5625, 5625, 5625, 5625, 5625, 5625, 5625, 5625, 5625, 5625, 5625, 5625, 5625, 5625, 5625, 5625, 5625, 5625, 5625, 5625, 5625, 5625, 5625, 5625, 5625, 5625, 5625, 5625, 5625, 5625, 5625, 5625, 5625, 5625, 5625, 5625, 5625, 5625, 5625, 5625, 5625, 5625, 5625, 5625, 5625, 5625, 5625, 5625, 5625, 5625, 5625, 5625, 5625, 5625, 5625, 5625, 5625, 5625, 5625, 5625, 5625, 5625, 5625, 5625, 5625, 5625, 5625, 5624, 5624, 5624, 5624, 5624, 5624, 5624, 5624, 5624, 5624, 5624, 5624, 5624, 5624, 5624, 5624, 5624, 5624, 5624, 5624, 5624, 5624, 5624, 5624, 5624, 5624, 5624, 5624, 5624, 5624, 5624, 5624, 5624, 5624, 5624, 5624, 5624, 5624, 5624, 5624, 5624, 5624, 5624, 5624, 5624, 5624, 5624, 5624, 5624, 5624, 5624, 5624, 5624, 5624, 5624, 5624, 5624, 5624, 5624, 5624, 5624, 5624, 5624, 5624, 5624, 5624, 5624, 5624, 5624, 5624, 5624, 5624, 5624, 5624, 5624, 5624, 5624, 5624, 5624, 5624, 5624, 5624, 5624, 5624, 5624, 5624, 5624, 5624, 5624, 5624, 5624, 5624, 5624, 5624, 5624, 5624, 5624, 5624, 5624, 5624, 5624, 5624, 5624, 5624, 5624, 5624, 5624, 5624, 5624, 5624, 5624, 5624, 5624, 5624, 5624, 5624, 5624, 5624, 5624, 5624, 5624, 5624, 5624, 5624, 5624, 5624, 5624, 5624, 5624, 5624, 5624, 5624, 5624, 5624, 5624, 5624, 5624, 5624, 5624, 5624, 5624, 5624, 5624, 5624, 5624, 5624, 5624, 5624, 5624, 5624, 5624, 5624, 5624, 5624, 5624, 5624, 5624, 5624, 5624, 5624, 5624, 5624, 5624, 5624, 5624, 5624, 5624, 5624, 5624, 5624, 5624, 5624, 5624, 5624, 5624, 5624, 5624, 5624, 5624, 5624, 5624, 5624, 5624, 5624, 5624, 5624, 5624, 5624, 5624, 5624, 5624, 5624, 5624, 5624, 5624, 5624, 5624, 5624, 5624, 5624, 5624, 5624, 5624, 5624, 5624, 5624, 5624, 5624, 5624, 5624, 5624, 5624, 5624, 5624, 5624, 5624, 5624, 5624, 5624, 5624, 5624, 5624, 5624, 5624, 5624, 5624, 5624, 5624, 5624, 5624, 5624, 5624, 5624, 5624, 5624, 5624, 5624, 5624, 5624, 5624, 5624, 5624, 5624, 5624, 5624, 5624, 5624, 5624, 5624, 5624, 5624, 5624, 5624, 5624, 5624, 5624, 5624, 5624, 5624, 5624, 5624, 5624, 5624, 5624, 5624, 5624, 5624, 5624, 5624, 5624, 5624, 5624, 5624, 5624, 5624, 5624, 5624, 5624, 5624, 5624, 5624, 5624, 5624, 5624, 5624, 5624, 5624, 5624, 5624, 5624, 5624, 5624, 5624, 5624, 5624, 5624, 5624, 5624, 5624, 5624, 5624, 5624, 5624, 5624, 5624, 5624, 5624, 5624, 5624, 5624, 5624, 5624, 5624, 5624, 5624, 5624, 5624, 5624, 5624, 5624, 5624, 5624, 5624, 5624, 5624, 5624, 5624, 5624, 5624, 5624, 5624, 5624, 5624, 5624, 5624, 5624, 5624, 5624, 5624, 5624, 5624, 5624, 5624, 5624, 5624, 5624, 5624, 5624, 5624, 5624, 5624, 5624, 5624, 5624, 5624, 5624, 5624, 5624, 5624, 5624, 5624, 5624, 5624, 5624, 5624, 5624, 5624, 5624, 5624, 5624, 5624, 5624, 5624, 5624, 5624, 5624, 5624, 5624, 5624, 5624, 5624, 5624, 5624, 5624, 5624, 5624, 5624, 5624, 5624, 5624, 5624, 5624, 5624, 5624, 5624, 5624, 5624, 5624, 5624, 5624, 5624, 5624, 5624, 5624, 5624, 5624, 5624, 5624, 5624, 5624, 5624, 5624, 5624, 5624, 5624, 5624, 5624, 5624, 5624, 5624, 5624, 5624, 5624, 5624, 5624, 5624, 5624, 5624, 5624, 5624, 5624, 5624, 5624, 5624, 5624, 5624, 5624, 5624, 5624, 5624, 5624, 5624, 5624, 5624, 5624, 5624, 5624, 5624, 5624, 5624, 5624, 5624, 5624, 5624, 5624, 5624, 5624, 5624, 5624, 5624, 5624, 5624, 5624, 5624, 5624, 5624, 5624, 5624, 5624, 5624, 5624, 5624, 5624, 5624, 5624, 5624, 5624, 5624, 5624, 5624, 5624, 5624, 5624, 5624, 5624, 5624, 5624, 5624, 5624, 5624, 5624, 5624, 5624, 5624, 5624, 5624, 5624, 5624, 5624, 5624, 5624, 5624, 5624, 5624, 5624, 5624, 5624, 5624, 5624, 5624, 5624, 5624, 5624, 5624, 5624, 5624, 5624, 5624, 5624, 5624, 5624, 5624, 5624, 5624, 5624, 5624, 5624, 5624, 5624, 5624, 5624, 5624, 5624, 5624, 5624, 5624, 5624, 5624, 5624, 5624, 5624, 5624, 5624, 5624, 5624, 5624, 5624, 5624, 5624, 5624, 5624, 5624, 5624, 5624, 5624, 5624, 5624, 5624, 5624, 5624, 5624, 5624, 5624, 5624, 5624, 5624, 5624, 5624, 5624, 5624, 5624, 5624, 5624, 5624, 5624, 5624, 5624, 5624, 5624, 5624, 5624, 5624, 5624, 5624, 5624, 5624, 5624, 5624, 5624, 5624, 5624, 5624, 5624, 5624, 5624, 5624, 5624, 5624, 5624, 5624, 5624, 5624, 5624, 5624, 5624, 5624, 5624, 5624, 5624, 5624, 5624, 5624, 5624, 5624, 5624, 5624, 5624, 5624, 5624, 5624, 5624, 5624, 5624, 5624, 5624, 5624, 5624, 5624, 5624, 5624, 5624, 5624, 5624, 5624, 5624, 5624, 5624, 5624, 5624, 5624, 5624, 5624, 5624, 5624, 5624, 5624, 5624, 5624, 5624, 5624, 5624, 5624, 5624, 5624, 5624, 5624, 5624, 5624, 5624, 5624, 5624, 5624, 5624, 5624, 5624, 5624, 5624, 5624, 5624, 5624, 5624, 5624, 5624, 5624, 5624, 5624, 5624, 5624, 5624, 5624, 5624, 5624, 5624, 5624, 5624, 5624, 5624, 5624, 5624, 5624, 5624, 5624, 5624, 5624, 5624, 5624, 5624, 5624, 5624, 5624, 5624, 5624, 5624, 5624, 5624, 5624, 5624, 5624, 5624, 5624, 5624, 5624, 5624, 5624, 5624, 5624, 5624, 5624, 5624, 5624, 5624, 5624, 5624, 5624, 5624, 5624, 5624, 5624, 5624, 5624, 5624, 5624, 5624, 5624, 5624, 5624, 5624, 5624, 5624, 5624, 5624, 5624, 5624, 5624, 5624, 5624, 5624, 5624, 5624, 5624, 5624, 5624, 5624, 5624, 5624, 5624, 5624, 5624, 5624, 5624, 5624, 5624, 5624, 5624, 5624, 5624, 5624, 5624, 5624, 5624, 5624, 5624, 5624, 5624, 5624, 5624, 5624, 5624, 5624, 5624, 5624, 5624, 5624, 5624, 5624, 5624, 5624, 5624, 5624, 5624, 5624, 5624, 5624, 5624, 5624, 5624, 5624, 5624, 5624, 5624, 5624, 5624, 5624, 5624, 5624, 5624, 5624, 5624, 5624, 5624, 5624, 5624, 5624, 5624, 5624, 5624, 5624, 5624, 5624, 5624, 5624, 5624, 5624, 5624, 5624, 5624, 5624, 5624, 5624, 5624, 5624, 5624, 5624, 5624, 5624, 5624, 5624, 5624, 5624, 5624, 5624, 5624, 5624, 5624, 5624, 5624, 5624, 5624, 5624, 5624, 5624, 5624, 5624, 5624, 5624, 5624, 5624, 5624, 5624, 5624, 5624, 5624, 5624, 5624, 5624, 5624, 5624, 5624, 5624, 5624, 5624, 5624, 5624, 5624, 5624, 5624, 5624, 5624, 5624, 5624, 5624, 5624, 5624, 5624, 5624, 5624, 5624, 5624, 5624, 5624, 5624, 5624, 5624, 5624, 5624, 5624, 5624, 5624, 5624, 5624, 5624, 5624, 5624, 5624, 5624, 5624, 5624, 5624, 5624, 5624, 5624, 5624, 5624, 5624, 5624, 5624, 5624, 5624, 5624, 5624, 5624, 5624, 5624, 5624, 5624, 5624, 5624, 5624, 5624, 5624, 5624, 5624, 5624, 5624, 5624, 5624, 5624, 5624, 5624, 5624, 5624, 5624, 5624, 5624, 5624, 5624, 5624, 5624, 5624, 5624, 5624, 5624, 5624, 5624, 5624, 5624, 5624, 5624, 5624, 5624, 5624, 5624, 5624, 5624, 5624, 5624, 5624, 5624, 5624, 5624, 5624, 5624, 5624, 5624, 5624, 5624, 5624, 5624, 5624, 5624, 5624, 5624, 5624, 5624, 5624, 5624, 5624, 5624, 5624, 5624, 5624, 5624, 5624, 5624, 5624, 5624, 5624, 5624, 5624, 5624, 5624, 5624, 5624, 5624, 5624, 5624, 5624, 5624, 5624, 5624, 5624, 5624, 5624, 5624, 5624, 5624, 5624, 5624, 5624, 5624, 5624, 5624, 5624, 5624, 5624, 5624, 5624, 5624, 5624, 5624, 5624, 5624, 5624, 5624, 5624, 5624, 5624, 5624, 5624, 5624, 5624, 5624, 5624, 5624, 5624, 5624, 5624, 5624, 5624, 5624, 5624, 5624, 5624, 5624, 5624, 5624, 5624, 5624, 5624, 5624, 5624, 5624, 5624, 5624, 5624, 5624, 5624, 5624, 5624, 5624, 5624, 5624, 5624, 5624, 5624, 5624, 5624, 5624, 5624, 5624, 5624, 5624, 5624, 5624, 5624, 5624, 5624, 5624, 5624, 5624, 5624, 5624, 5624, 5624, 5624, 5624, 5624, 5624, 5624, 5624, 5624, 5624, 5624, 5624, 5624, 5624, 5624, 5624, 5624, 5624, 5624, 5624, 5624, 5624, 5624, 5624, 5624, 5624, 5624, 5624, 5624, 5624, 5624, 5624, 5624, 5624, 5624, 5624, 5624, 5624, 5624, 5624, 5624, 5624, 5624, 5624, 5624, 5624, 5624, 5624, 5624, 5624, 5624, 5624, 5624, 5624, 5624, 5624, 5624, 5624, 5624, 5624, 5624, 5624, 5624, 5624, 5624, 5624, 5624, 5624, 5624, 5624, 5624, 5624, 5624, 5624, 5624, 5624, 5624, 5624, 5624, 5624, 5624, 5624, 5624, 5624, 5624, 5624, 5624, 5624, 5624, 5624, 5624, 5624, 5624, 5624, 5624, 5624, 5624, 5624, 5624, 5624, 5624, 5624, 5624, 5624, 5624, 5624, 5624, 5624, 5624, 5624, 5624, 5624, 5624, 5624, 5624, 5624, 5624, 5624, 5624, 5624, 5624, 5624, 5624, 5624, 5624, 5624, 5624, 5624, 5624, 5624, 5624, 5624, 5624, 5624, 5624, 5624, 5624, 5624, 5624, 5624, 5624, 5624, 5624, 5624, 5624, 5624, 5624, 5624, 5624, 5624, 5624, 5624, 5624, 5624, 5624, 5624, 5624, 5624, 5624, 5624, 5624, 5624, 5624, 5624, 5624, 5624, 5624, 5624, 5624, 5624, 5624, 5624, 5624, 5624, 5624, 5624, 5624, 5624, 5624, 5624, 5624, 5624, 5624, 5624, 5624, 5624, 5624, 5624, 5624, 5622, 5622, 5622, 5622, 5622, 5622, 5622, 5622, 5622, 5622, 5622, 5622, 5622, 5622, 5622, 5622, 5622, 5622, 5622, 5622, 5622, 5622, 5622, 5622, 5622, 5622, 5622, 5622, 5622, 5622, 5622, 5622, 5622, 5622, 5622, 5622, 5622, 5622, 5622, 5622, 5622, 5622, 5622, 5622, 5622, 5622, 5622, 5622, 5622, 5622, 5622, 5622, 5622, 5622, 5622, 5622, 5622, 5622, 5622, 5622, 5622, 5622, 5622, 5622, 5622, 5622, 5622, 5622, 5622, 5622, 5622, 5622, 5622, 5622, 5622, 5622, 5622, 5622, 5622, 5622, 5622, 5622, 5622, 5622, 5622, 5622, 5622, 5622, 5622, 5622, 5622, 5622, 5622, 5622, 5622, 5622, 5622, 5622, 5622, 5622, 5622, 5622, 5622, 5622, 5622, 5622, 5622, 5622, 5622, 5622, 5622, 5622, 5622, 5622, 5622, 5622, 5622, 5622, 5622, 5622, 5622, 5622, 5622, 5622, 5622, 5622, 5622, 5622, 5622, 5622, 5622, 5622, 5622, 5622, 5622, 5622, 5622, 5622, 5622, 5622, 5622, 5622, 5622, 5622, 5622, 5622, 5622, 5622, 5622, 5622, 5622, 5622, 5622, 5622, 5622, 5622, 5622, 5622, 5622, 5622, 5622, 5622, 5622, 5622, 5622, 5622, 5620, 
Fitness promedio a lo largo del tiempo: 
19980, 16244, 12835, 9816, 8003, 7223, 7086, 7046, 6937, 7108, 6795, 6711, 6575, 6727, 6559, 6335, 6895, 6607, 6019, 6708, 6523, 6836, 6990, 6779, 6531, 6355, 6983, 7090, 6344, 6539, 6534, 7482, 6569, 6831, 6784, 6677, 6631, 6741, 6567, 6084, 6337, 6660, 6661, 6619, 6701, 6262, 6703, 6386, 6448, 6556, 6280, 6481, 6010, 6809, 6165, 6213, 5747, 5757, 5747, 6016, 5746, 5758, 6091, 6418, 5774, 5988, 6311, 6087, 6047, 6303, 6108, 6787, 6627, 5859, 6049, 5721, 5875, 5996, 5901, 6001, 5990, 5729, 6135, 6097, 5873, 5800, 5697, 5692, 5682, 5684, 5693, 5679, 5688, 5823, 5683, 5757, 5959, 5686, 5682, 5673, 5682, 5686, 5678, 5689, 5685, 5682, 5757, 5678, 5746, 5682, 5690, 5682, 5692, 5682, 5686, 5683, 5738, 5754, 5680, 5691, 5795, 5677, 5688, 5742, 5678, 5669, 5673, 5682, 5853, 5676, 5688, 5681, 5670, 5669, 5950, 5846, 5673, 5743, 5856, 5897, 5680, 5688, 5672, 5704, 5673, 6221, 5688, 5688, 5790, 6062, 5680, 5684, 5673, 5789, 5678, 5671, 5676, 5672, 5669, 5679, 5798, 5667, 5668, 5689, 5676, 5684, 5843, 5667, 5669, 5680, 5740, 5681, 5682, 5668, 5744, 5672, 5668, 5918, 5674, 5675, 5670, 5794, 5679, 5663, 5673, 5676, 5681, 5668, 5675, 5671, 5668, 5678, 5679, 5681, 5680, 5676, 5687, 5958, 5672, 5684, 6112, 5672, 5672, 5670, 5798, 5688, 5952, 6007, 5691, 6031, 5691, 5673, 5673, 5673, 5700, 5692, 5675, 5684, 5687, 5916, 5697, 5674, 5682, 5695, 5676, 5669, 5851, 5676, 5697, 5672, 5692, 5686, 5696, 5789, 5672, 5666, 5740, 5864, 5688, 5677, 5857, 5681, 5738, 5665, 5670, 5670, 5668, 5664, 5846, 5959, 5690, 5673, 5667, 5670, 5672, 5752, 5901, 5687, 5678, 5667, 5669, 5665, 5676, 5663, 5669, 5782, 5690, 5661, 5680, 5662, 5671, 5672, 5674, 5672, 5668, 5664, 5671, 5660, 5748, 5940, 5669, 5656, 5668, 5665, 5730, 5734, 5666, 5674, 5675, 5677, 5673, 5683, 5670, 5666, 5658, 5666, 5663, 5682, 5657, 5665, 5659, 5664, 5667, 5789, 5678, 5672, 5661, 5679, 5666, 5669, 5667, 5675, 5668, 5787, 5950, 5668, 5660, 5675, 5666, 5676, 5680, 5666, 5664, 5680, 5656, 5671, 5681, 5673, 5734, 5667, 5672, 5667, 5659, 5683, 5675, 5672, 5660, 5674, 5728, 5667, 5655, 5671, 5669, 5673, 5657, 5672, 5660, 5680, 5658, 5672, 5654, 5667, 5720, 5666, 5884, 5682, 5654, 5852, 5672, 5782, 5741, 5676, 5670, 5663, 6156, 5676, 5997, 5679, 5659, 5648, 5652, 5648, 5647, 5647, 5641, 5645, 5721, 5640, 5640, 5657, 5663, 5870, 5653, 5653, 5658, 5663, 5662, 5646, 5660, 5658, 5762, 5653, 5647, 5644, 5647, 5716, 5831, 5651, 5927, 5724, 5658, 5662, 5641, 5648, 5670, 5879, 5660, 5644, 5651, 5655, 5641, 5648, 5653, 5714, 5646, 5647, 5655, 5712, 5670, 5659, 5652, 5773, 5661, 5710, 5767, 5646, 5671, 5667, 5659, 5642, 5662, 5658, 5663, 5660, 5648, 5647, 5778, 5655, 5649, 5771, 5660, 5655, 5664, 5648, 6204, 5644, 5672, 5657, 5680, 5652, 5778, 5935, 5708, 5653, 5657, 5737, 5646, 5665, 5654, 5767, 5707, 5653, 5650, 5659, 5648, 5656, 5641, 5652, 5640, 5659, 5642, 5638, 5710, 5650, 5673, 5654, 5638, 5647, 5654, 5665, 5642, 5764, 5657, 5712, 5640, 5757, 5652, 5644, 5649, 5648, 5948, 5660, 5641, 5643, 5644, 5658, 5636, 5645, 5642, 5645, 5653, 5646, 5654, 5657, 5642, 5659, 5716, 5641, 5654, 5644, 5651, 5642, 6025, 5645, 5640, 5644, 5645, 5646, 5639, 5637, 5705, 5717, 5640, 5643, 5641, 5642, 5647, 5645, 5648, 5638, 5651, 5640, 5643, 5658, 5640, 5640, 5647, 5642, 5644, 5645, 5648, 5637, 5637, 5639, 5640, 5636, 5647, 5644, 5650, 5653, 5643, 5642, 5648, 5638, 5637, 5756, 5639, 5648, 5711, 5647, 5645, 5645, 5644, 5647, 5647, 5645, 5655, 5649, 5653, 5646, 5645, 5640, 5657, 5651, 5761, 5641, 5719, 5659, 5672, 5638, 5640, 5642, 5656, 5658, 5649, 5640, 5642, 5652, 5647, 5638, 5650, 5658, 5640, 5847, 5641, 5640, 5651, 5637, 5643, 5639, 5640, 5638, 5710, 5641, 5641, 5639, 5648, 5635, 5647, 5641, 5640, 5890, 5639, 5642, 5756, 5652, 6179, 5647, 5642, 5641, 5639, 5711, 5649, 5665, 5800, 5648, 5635, 5660, 5649, 5636, 5652, 5639, 5633, 5643, 5643, 5638, 5672, 5643, 5656, 5644, 5633, 5653, 5653, 5641, 5650, 5642, 5813, 5643, 5630, 5648, 5639, 5634, 5644, 5876, 5645, 5655, 5632, 5635, 5698, 5645, 5637, 5638, 5639, 5632, 5637, 5652, 5649, 5641, 5639, 5638, 5651, 5635, 5634, 5638, 5631, 5644, 5629, 5640, 5634, 5650, 5634, 5643, 5630, 5710, 5642, 5636, 5634, 5648, 5630, 5635, 5648, 5641, 5634, 5644, 5634, 5643, 6035, 5649, 5642, 5636, 5633, 5635, 5650, 5634, 5635, 5646, 5636, 5645, 5633, 5644, 5645, 5650, 5746, 5634, 5638, 5634, 5630, 5639, 5639, 5637, 5650, 5663, 5634, 5769, 5655, 5649, 5643, 5642, 5646, 5650, 5633, 5634, 5655, 5649, 5631, 5639, 5706, 5660, 5639, 5644, 5640, 5642, 5637, 5649, 5633, 5642, 5632, 5633, 5908, 5641, 5651, 5638, 5656, 5636, 5631, 5641, 5655, 5641, 5911, 5757, 5637, 5636, 5637, 5633, 5631, 5635, 5637, 5639, 5642, 5635, 5637, 5635, 5634, 5635, 5639, 5636, 5644, 5763, 5644, 5637, 5648, 5647, 5637, 5640, 5631, 5656, 5644, 5657, 5649, 5642, 5643, 5678, 5648, 5641, 5702, 5647, 5643, 5636, 5635, 5656, 5646, 5645, 5639, 5755, 5634, 5637, 5656, 5639, 5635, 5649, 5644, 5642, 5633, 5646, 5633, 5656, 5637, 5716, 5643, 5667, 5642, 5639, 5634, 5644, 5639, 5661, 5647, 5641, 5637, 5637, 5639, 5640, 5705, 5653, 5650, 5761, 5641, 5635, 5632, 5638, 5637, 5634, 5640, 5644, 5641, 5643, 5645, 5643, 5807, 5634, 5823, 5645, 5636, 5631, 5645, 5640, 5642, 5631, 5646, 5646, 5636, 5634, 5635, 5699, 5636, 5635, 5642, 5643, 5648, 5642, 5650, 5640, 5633, 5632, 5638, 6193, 5638, 5644, 5640, 5632, 5643, 5637, 5660, 5636, 5652, 5640, 5862, 5927, 5659, 5646, 5642, 5647, 5637, 5635, 5652, 5632, 5643, 5635, 5651, 5694, 5644, 5632, 5640, 5663, 5647, 5640, 5645, 5638, 5644, 5635, 5652, 5634, 5654, 5634, 5632, 5636, 5634, 5635, 5656, 5640, 5636, 5649, 5640, 5641, 5635, 5639, 5638, 5642, 5639, 5631, 5645, 5629, 5641, 5649, 5638, 5635, 5636, 5637, 5704, 5755, 5639, 5633, 5639, 5648, 5636, 5659, 5633, 5639, 5636, 5636, 5929, 5634, 5700, 5638, 5640, 5634, 5649, 5643, 5639, 5639, 5636, 5632, 5645, 5714, 5636, 5639, 5636, 5824, 5642, 5635, 5633, 5641, 5644, 5717, 5670, 5639, 5643, 5705, 5649, 5709, 5633, 5651, 5650, 5644, 5634, 5638, 5751, 5632, 5652, 5636, 5867, 5632, 5636, 5781, 5640, 5634, 5638, 5643, 5632, 5646, 5640, 5631, 5659, 5646, 5721, 5635, 5646, 5634, 5638, 5639, 5701, 5636, 5643, 5638, 5641, 5861, 5638, 5630, 5764, 5712, 5641, 5703, 5642, 5637, 5641, 5636, 5636, 5659, 5709, 5658, 5642, 5630, 5645, 5630, 5642, 5630, 5637, 5647, 5642, 5639, 5633, 5631, 5638, 5642, 5637, 5651, 5640, 5636, 5639, 5659, 5639, 5648, 5655, 5693, 5634, 5637, 5641, 5826, 5672, 5645, 5632, 5636, 5645, 5643, 5635, 5637, 5672, 5638, 5636, 5635, 5639, 5643, 5636, 5710, 5650, 5642, 5636, 5719, 5810, 5649, 5809, 5647, 5823, 5632, 5695, 5635, 5654, 5820, 5655, 5756, 5636, 5634, 5642, 5637, 5772, 5641, 5644, 5641, 5644, 5639, 5632, 5634, 5634, 5633, 5640, 5631, 5651, 5696, 5639, 5646, 5650, 5647, 5633, 5647, 6082, 5640, 5641, 5642, 5643, 5649, 5637, 5707, 5638, 5762, 5641, 5648, 5635, 5705, 5634, 5638, 5637, 5711, 5647, 5807, 5640, 5711, 5707, 5643, 5643, 5640, 5881, 5648, 5643, 5858, 5631, 5647, 5751, 5645, 5637, 5653, 5636, 5644, 5659, 5643, 5637, 5630, 5637, 5750, 5646, 5648, 5631, 5803, 5637, 5645, 5701, 5707, 5643, 5639, 5645, 5650, 5818, 5644, 5639, 6018, 5640, 5639, 5638, 5636, 5796, 5915, 5822, 5637, 5652, 5864, 5640, 5644, 5641, 5629, 5862, 5647, 5664, 5643, 5643, 5708, 5920, 5820, 5821, 5635, 5655, 5814, 5635, 5643, 5635, 5644, 5638, 5653, 5637, 5634, 5634, 5632, 5760, 5636, 5695, 5658, 5647, 5636, 5703, 5651, 5640, 5634, 5635, 5656, 5635, 5628, 5647, 5663, 5630, 5633, 5645, 5637, 5636, 5628, 5747, 5652, 5635, 5629, 5636, 5641, 5633, 5642, 5636, 5626, 5637, 5632, 5655, 5633, 5698, 5809, 5642, 5633, 5636, 5859, 5640, 5979, 5640, 5641, 5643, 5637, 5761, 5643, 5650, 5639, 6036, 5642, 5639, 5642, 5640, 5766, 5660, 5656, 5640, 5644, 5703, 5810, 5645, 5653, 5636, 5642, 5633, 5633, 5635, 5804, 5640, 5707, 5867, 5643, 5642, 5643, 5810, 5645, 5964, 5652, 5974, 5635, 5643, 5634, 5651, 5634, 5638, 5650, 5634, 5645, 5635, 5639, 5819, 5633, 5634, 5634, 5644, 5632, 5647, 5651, 5636, 5633, 5633, 5643, 5631, 5754, 5639, 5645, 5648, 5641, 5651, 5641, 5646, 5638, 5927, 5636, 5639, 5635, 5708, 5638, 5925, 5634, 5648, 6077, 5641, 5645, 5655, 5712, 5634, 5644, 5631, 5633, 5633, 5631, 5634, 5636, 5636, 5634, 5699, 5626, 5633, 5652, 5634, 5643, 5871, 5812, 5703, 5652, 5641, 5649, 5646, 5640, 5639, 5640, 5633, 5631, 5632, 5638, 5710, 5639, 5637, 5642, 5634, 5638, 5633, 5636, 5631, 5640, 5649, 5637, 5706, 5809, 5883, 5631, 5749, 5797, 5648, 5633, 5870, 5629, 5651, 5646, 5639, 5647, 5982, 5652, 5647, 5645, 5638, 5636, 5922, 5634, 5642, 5630, 5659, 5658, 5637, 5638, 5643, 5634, 5656, 5708, 5636, 5636, 5751, 5649, 5637, 5633, 5641, 5651, 5632, 5822, 5645, 5628, 5986, 5639, 5634, 5634, 5643, 5645, 5649, 5649, 5639, 5639, 5643, 5646, 5757, 5630, 5634, 5651, 5638, 5640, 5639, 5636, 5646, 5633, 5642, 5642, 5635, 5749, 5655, 5918, 5645, 5636, 5634, 5632, 5634, 5658, 5635, 5810, 5642, 5639, 5631, 5645, 5748, 5632, 5634, 5631, 5643, 5638, 5633, 5631, 5653, 5815, 5635, 5633, 5641, 5646, 5634, 5632, 5646, 5638, 5938, 5637, 5634, 5646, 5806, 5632, 5765, 5641, 5761, 5633, 5697, 5631, 5632, 5636, 5637, 5634, 5631, 5636, 5641, 5643, 5635, 5862, 5643, 5706, 5649, 5638, 5647, 5645, 5645, 5634, 5638, 5636, 5640, 5756, 5650, 5642, 5631, 5753, 5637, 5631, 5753, 5649, 5703, 5631, 5921, 5631, 5646, 5630, 5636, 5641, 5757, 5638, 5711, 5635, 5706, 5631, 5659, 5634, 5631, 5634, 5639, 5640, 5647, 5642, 5632, 5629, 5711, 5631, 5822, 5639, 5631, 5632, 5660, 5631, 5639, 5638, 5635, 5807, 5647, 5633, 5695, 5636, 5926, 5926, 5658, 5637, 5651, 5915, 5638, 5632, 5632, 5700, 5648, 5637, 5630, 5644, 5634, 5651, 5639, 5646, 5635, 5633, 5636, 5755, 5645, 5655, 5657, 5627, 5709, 5628, 5630, 5634, 5639, 5631, 5635, 5643, 5639, 5627, 5634, 5639, 5637, 5631, 5646, 5634, 5651, 5637, 5641, 5636, 5646, 5821, 5647, 5634, 5640, 5824, 5635, 5629, 5640, 5641, 5649, 5758, 5649, 5636, 5640, 5639, 5817, 5753, 5645, 5636, 5636, 5643, 5653, 5635, 5631, 5634, 5633, 5634, 5648, 5632, 5639, 5632, 5704, 5627, 5972, 5631, 5635, 5635, 5635, 5637, 5651, 5656, 5634, 5637, 5634, 5760, 5643, 5868, 5805, 5630, 5650, 5642, 5636, 5858, 5640, 5637, 5880, 5633, 5651, 5636, 5804, 5636, 5633, 5637, 5853, 5630, 5637, 5638, 5633, 5915, 5633, 5641, 5636, 5709, 5633, 5629, 5634, 5632, 5850, 5642, 5639, 5631, 5632, 5628, 5642, 5695, 5640, 5636, 5631, 5643, 5638, 5644, 5658, 5636, 5642, 5749, 5636, 5696, 5645, 5638, 5651, 5762, 5719, 5636, 5650, 5633, 5707, 5642, 5702, 5632, 5757, 5635, 5662, 5633, 5639, 5641, 5631, 5630, 5633, 5635, 5634, 5702, 5645, 5635, 5653, 5628, 5634, 5639, 5641, 5636, 5640, 5637, 5714, 5754, 5635, 5640, 5639, 5631, 5644, 5632, 5650, 5808, 5635, 5638, 5762, 5761, 5651, 6243, 5635, 5644, 5642, 5636, 5639, 5640, 5634, 5634, 5704, 5637, 5641, 5640, 5643, 5635, 5645, 5637, 5644, 5655, 5969, 5654, 5703, 5644, 5643, 5645, 5644, 5640, 5974, 5629, 5638, 5628, 5646, 5626, 5642, 5658, 5641, 5647, 5651, 5640, 5761, 5632, 5637, 5634, 6132, 5641, 5652, 5807, 5634, 5828, 5648, 5652, 5655, 5636, 5640, 5640, 5646, 5640, 5712, 5752, 5642, 5637, 5642, 5632, 5639, 5642, 5641, 5636, 5630, 5640, 5647, 5647, 5637, 5634, 5809, 5653, 5710, 5647, 5643, 5649, 5657, 5638, 5632, 5633, 5759, 5642, 5630, 5660, 5639, 5768, 5634, 5642, 5651, 5656, 5694, 5826, 5629, 5631, 5635, 5700, 5632, 5636, 6016, 5707, 6042, 5642, 5649, 5820, 5638, 5750, 5637, 5636, 5647, 5653, 5632, 5706, 5633, 5641, 5634, 5652, 5629, 5637, 5626, 5640, 5641, 5633, 5641, 5643, 5971, 5634, 5906, 5640, 5636, 5702, 5969, 6178, 5636, 5646, 5640, 5659, 5643, 5652, 5702, 5647, 5633, 5653, 5705, 5631, 5632, 5646, 5645, 5635, 6132, 5649, 5636, 5648, 5976, 5871, 5636, 5651, 5805, 5638, 5637, 5650, 5636, 5656, 5645, 5652, 5859, 5636, 5641, 5639, 5643, 5636, 5632, 5637, 5754, 5647, 5633, 5966, 5644, 5639, 5708, 5648, 6227, 5767, 5653, 5632, 5704, 5655, 5643, 5634, 5636, 5809, 5867, 5643, 5647, 5628, 5649, 5640, 5648, 5636, 5640, 5630, 5633, 5688, 5764, 5644, 5640, 5642, 5657, 5634, 5632, 5636, 5646, 5759, 5643, 5697, 5645, 5631, 5645, 5639, 5635, 5643, 5640, 5645, 5984, 5953, 6140, 5638, 5646, 5983, 5640, 5630, 5656, 5638, 5652, 5700, 5761, 5702, 5874, 5634, 5647, 5969, 5643, 5643, 5634, 5643, 5643, 5863, 5631, 5654, 5634, 5633, 5639, 5809, 5711, 5632, 5646, 5640, 5642, 5644, 5867, 5631, 5758, 5632, 5651, 5633, 5877, 5743, 5632, 5657, 5871, 5707, 5631, 5639, 5703, 5702, 5646, 5658, 5758, 5635, 5663, 5645, 5878, 5640, 5647, 5631, 5632, 5646, 5640, 5628, 5657, 5633, 5650, 5637, 5656, 5647, 5637, 5631, 5635, 5628, 5853, 5645, 5648, 5632, 5640, 5641, 6086, 5633, 5648, 5635, 5644, 5761, 5775, 5639, 5639, 5630, 5633, 5631, 5671, 5637, 5700, 5700, 5634, 5634, 5636, 5632, 5632, 5627, 5649, 5967, 5638, 5639, 5657, 5660, 5652, 5644, 5639, 5973, 5665, 5634, 5705, 5633, 5632, 5636, 5642, 5644, 5631, 5644, 5807, 5630, 5634, 6233, 5636, 5641, 5639, 5631, 5633, 5644, 5913, 5692, 5642, 5644, 5639, 5798, 5643, 5635, 5633, 5626, 5645, 5743, 5868, 5659, 5655, 5706, 5639, 5629, 5647, 5636, 5631, 5972, 5654, 5926, 5647, 5649, 5643, 5633, 5706, 5640, 5648, 5640, 5639, 5634, 5665, 5721, 5650, 5632, 5636, 5649, 5775, 5718, 5641, 5749, 5657, 5653, 5647, 6246, 5644, 5643, 5655, 5633, 5632, 6184, 6138, 5645, 5868, 5635, 5640, 5712, 5643, 5639, 5633, 5692, 5640, 5657, 5635, 5865, 5640, 5635, 5645, 5631, 5646, 5631, 5639, 5640, 5631, 5643, 5644, 5642, 5637, 5649, 5638, 5650, 5634, 5632, 5632, 5665, 5645, 5653, 5634, 5642, 5652, 5645, 5638, 5772, 5631, 5641, 5709, 5660, 5627, 5666, 5753, 5768, 5810, 5637, 5637, 5653, 5642, 5634, 5631, 5852, 5926, 5654, 5632, 5646, 5641, 5649, 5634, 5631, 5863, 5811, 5708, 5649, 5756, 6018, 5629, 5803, 5664, 5649, 5811, 5634, 5645, 5635, 5701, 5632, 5636, 5634, 5629, 5635, 5646, 5641, 5634, 5638, 5652, 5636, 5637, 5814, 5631, 5644, 5645, 5651, 5630, 5657, 5636, 5636, 5757, 5648, 5913, 5654, 5663, 5991, 5658, 5647, 5652, 5644, 5668, 5701, 5642, 5908, 5694, 5631, 5638, 5641, 5654, 5634, 5646, 5913, 5644, 5634, 5638, 5757, 5648, 5644, 5633, 5646, 5650, 7051, 5637, 6136, 5634, 5640, 5701, 5654, 5874, 5635, 5632, 5649, 5639, 5631, 5642, 6082, 5703, 5637, 5630, 5635, 5642, 5638, 5641, 5915, 5641, 5640, 5635, 5636, 5634, 5637, 5646, 5925, 5638, 5640, 5638, 5771, 5718, 5652, 5764, 5628, 5637, 5645, 5648, 5646, 5652, 5718, 5645, 5642, 5635, 5649, 5634, 6043, 5640, 5752, 5647, 5635, 5648, 5761, 5819, 5638, 5696, 5637, 5643, 5632, 5766, 5628, 5647, 5636, 5664, 5639, 5640, 5647, 5638, 5658, 5909, 5906, 5768, 5639, 5762, 5753, 5642, 5636, 6138, 5632, 5638, 5752, 5645, 5722, 5655, 5652, 5637, 5743, 5636, 5635, 5638, 5637, 5636, 5637, 5654, 5630, 5646, 5635, 5704, 5701, 5994, 5656, 6079, 5639, 5635, 5631, 5648, 5654, 5708, 5694, 5863, 5641, 5865, 5646, 5632, 5644, 5658, 5633, 5645, 5634, 5636, 5633, 5642, 5632, 5647, 5639, 5646, 5631, 5632, 5649, 5642, 5700, 5647, 5632, 5633, 5635, 5815, 5631, 5634, 5639, 5651, 5634, 5642, 5640, 5640, 5634, 5642, 5658, 5635, 5817, 5867, 5633, 5636, 5647, 5653, 5653, 5664, 5701, 5648, 5628, 5759, 5717, 6087, 5699, 5652, 5707, 5861, 5717, 5636, 6031, 5717, 6072, 5631, 5651, 5636, 5629, 5658, 5811, 5636, 5635, 5641, 5648, 5632, 5639, 5641, 5754, 5643, 5632, 5635, 5632, 5641, 5630, 5636, 5632, 5639, 5637, 5651, 5633, 5639, 5636, 5635, 5627, 5699, 5628, 5635, 5631, 5631, 5704, 5640, 5639, 5701, 5639, 5633, 5643, 5635, 5646, 5630, 5642, 5630, 5655, 5653, 5653, 5632, 5637, 5631, 5634, 5636, 5638, 5631, 5626, 5636, 5648, 5703, 5873, 5637, 5648, 5634, 5636, 5665, 5803, 5632, 5632, 5638, 5641, 5634, 5647, 5648, 5625, 5631, 5632, 5633, 5640, 5636, 5746, 5643, 5633, 5641, 5636, 5634, 5718, 5630, 5640, 5758, 5642, 5642, 5642, 5646, 5639, 5654, 5650, 5633, 5642, 5633, 5643, 5636, 5634, 5629, 5633, 5760, 5631, 5644, 5627, 5767, 5631, 5643, 5646, 5643, 5746, 5648, 5630, 5641, 5630, 5640, 5633, 5635, 5633, 5641, 5642, 5634, 5638, 5630, 5883, 5637, 6024, 5631, 5637, 5650, 5636, 5634, 5631, 5640, 5642, 5636, 5626, 5634, 5640, 5652, 5635, 5648, 5807, 5635, 5664, 5643, 5639, 5635, 5630, 5635, 5633, 5644, 5632, 5644, 5636, 5745, 5647, 5640, 5632, 5704, 5636, 5639, 5636, 5640, 5640, 5633, 5632, 5637, 5635, 5647, 5635, 5636, 5635, 5630, 5637, 5761, 5642, 5645, 5647, 5639, 5669, 5920, 5633, 5630, 5634, 5632, 6043, 5641, 5634, 5644, 5630, 5635, 5631, 5643, 5633, 5629, 5628, 5632, 5633, 5637, 5635, 5631, 5630, 5637, 5627, 5634, 5695, 5646, 5635, 5634, 5640, 5630, 5630, 5632, 5646, 5632, 5627, 5634, 5632, 5647, 5637, 5636, 5629, 5706, 5637, 5646, 5758, 5636, 5628, 5640, 5635, 5636, 5640, 5636, 5632, 5634, 5628, 5633, 5639, 5702, 5633, 5636, 5650, 5644, 5629, 5640, 5645, 5631, 5638, 5652, 5626, 5636, 5630, 5655, 5663, 5643, 5648, 5695, 5632, 5634, 5636, 5639, 5639, 5805, 5804, 5639, 5648, 5646, 5631, 5637, 5652, 5628, 5640, 5627, 5631, 5751, 5632, 5632, 5629, 5631, 5640, 5628, 5637, 5699, 5633, 5635, 5652, 5642, 5700, 5637, 5639, 5636, 5636, 5634, 5630, 5705, 5796, 5640, 5652, 5633, 5639, 5651, 5658, 5636, 5632, 5636, 5639, 5642, 5630, 5648, 5637, 5630, 5631, 5631, 5635, 5647, 5630, 5630, 5632, 5637, 5633, 5633, 5633, 5636, 5638, 5639, 5634, 5634, 5635, 5629, 5638, 5653, 5640, 5647, 5634, 5656, 5633, 5631, 5637, 5647, 5635, 5627, 5632, 5631, 5635, 5636, 5645, 5633, 5649, 5632, 5652, 5634, 5662, 5656, 5642, 5640, 5632, 5639, 5632, 5632, 5702, 5628, 6181, 5636, 5642, 5632, 5649, 5635, 5632, 5646, 5647, 5644, 5643, 5640, 5634, 5629, 5642, 5641, 5653, 5641, 5632, 5630, 5634, 5821, 5637, 5652, 5851, 5757, 5629, 5633, 5658, 5629, 5641, 5657, 5633, 5651, 5636, 5633, 5809, 5638, 5636, 5637, 5632, 5636, 5633, 5646, 5637, 5633, 5631, 5660, 5646, 5634, 5632, 5648, 5641, 5635, 5631, 5627, 5632, 5630, 5638, 5663, 5629, 5626, 5974, 5644, 5637, 5628, 5631, 5637, 5635, 5738, 5630, 5645, 5640, 5645, 5629, 5636, 5637, 5649, 5640, 5630, 5633, 5635, 5649, 5633, 5633, 5648, 5632, 5636, 5636, 5755, 5636, 5643, 5630, 5632, 5634, 5639, 5631, 5638, 5637, 5642, 5634, 5692, 5629, 5645, 5634, 5651, 5630, 5647, 5756, 5770, 5649, 5647, 5642, 5633, 5627, 5633, 5634, 5634, 5638, 5649, 5630, 5633, 5635, 5706, 5641, 5638, 5631, 5635, 5629, 5629, 5626, 5639, 5707, 5638, 5639, 5636, 5631, 5634, 6030, 5643, 5635, 5640, 5637, 5634, 5642, 5657, 5632, 5636, 5631, 5652, 5634, 5636, 5636, 5631, 5638, 5634, 5632, 5653, 5631, 5652, 5638, 5633, 5632, 5645, 5630, 5632, 5630, 5633, 5706, 5642, 5642, 5629, 5635, 5639, 5755, 5638, 5634, 5632, 5642, 5638, 5630, 5632, 5638, 6085, 5639, 5648, 5645, 5630, 5630, 5868, 5634, 5633, 5628, 5638, 5648, 5647, 5630, 5639, 5647, 5631, 5712, 5635, 5630, 5633, 5631, 5639, 5628, 5641, 5640, 5635, 5639, 5635, 5650, 5643, 5760, 5632, 5630, 5633, 5638, 5634, 5643, 5631, 5644, 5636, 5636, 5633, 5628, 5664, 5636, 5632, 5624, 5640, 5813, 5701, 5638, 5630, 5653, 5712, 5637, 5643, 5644, 5636, 5629, 5658, 5639, 5770, 5641, 5637, 5638, 5637, 5639, 5708, 5631, 5635, 5634, 5644, 5628, 5909, 5635, 5692, 5642, 5634, 5629, 5654, 5633, 5630, 5633, 5635, 5635, 5639, 5631, 5634, 5634, 5753, 5639, 5635, 5633, 5639, 5646, 5652, 5629, 5631, 5634, 5634, 5631, 5635, 5647, 5629, 5634, 5631, 5634, 5925, 5627, 5633, 5629, 5635, 5752, 5639, 5627, 5633, 5634, 5641, 5628, 5649, 5632, 5635, 5628, 5636, 5638, 5634, 5640, 5810, 5630, 5972, 5638, 5814, 5638, 5635, 5626, 5641, 5637, 5861, 5818, 5648, 5627, 5651, 5639, 5635, 5635, 5634, 5641, 5643, 5630, 5639, 5632, 5635, 5632, 5640, 5651, 5642, 5751, 5636, 5635, 5637, 5707, 5634, 5625, 5630, 5627, 5634, 5636, 5644, 5632, 5636, 5631, 5636, 5635, 5634, 5639, 5648, 5767, 5655, 5631, 5636, 5627, 5635, 5643, 5640, 5627, 5636, 5758, 5644, 5636, 5633, 5754, 5643, 5650, 5633, 5745, 5636, 5648, 5642, 5640, 5641, 5642, 5653, 5629, 5633, 5634, 5640, 5643, 5629, 5633, 5649, 5629, 5639, 5635, 5638, 5632, 5636, 5631, 5638, 5638, 5639, 5648, 5639, 5634, 5635, 5630, 5640, 5632, 5632, 5628, 5634, 5640, 5640, 5645, 5638, 5635, 5633, 5818, 5647, 5639, 5644, 5699, 5635, 5642, 5629, 5645, 5650, 5631, 5631, 5633, 5635, 5632, 5638, 5633, 5633, 5634, 5641, 5766, 5637, 5630, 5632, 5638, 5641, 5647, 5638, 5752, 5643, 5629, 5638, 5631, 5653, 5648, 5634, 5644, 5632, 5649, 5642, 5636, 5633, 5631, 5633, 5633, 5633, 5632, 5637, 5635, 5645, 5634, 5631, 5629, 5638, 5805, 5644, 5630, 5630, 5647, 5637, 5638, 5639, 5633, 5640, 5636, 5631, 5631, 5630, 5631, 5631, 5633, 5653, 5631, 5640, 5632, 5632, 5636, 5635, 5638, 5633, 5769, 5657, 5633, 5629, 5634, 5631, 5631, 5632, 5637, 5649, 5655, 5636, 5634, 5661, 5627, 5652, 5704, 5639, 5633, 5634, 5633, 5634, 5634, 5631, 5631, 5637, 5630, 5661, 5631, 5633, 5627, 5635, 5641, 5630, 5632, 5643, 5632, 5867, 5632, 5633, 5629, 5636, 5644, 5635, 5627, 5632, 5641, 5634, 5629, 5639, 5633, 5637, 5795, 5635, 5628, 5633, 5636, 5643, 5632, 5638, 5642, 5637, 5630, 5631, 5646, 5637, 5706, 5643, 5639, 5648, 5627, 5633, 5636, 5632, 5627, 5642, 5635, 5640, 5630, 5632, 5629, 5630, 5634, 5638, 5634, 5637, 5640, 5638, 5649, 5638, 5634, 5643, 5635, 5629, 5634, 5634, 5640, 5630, 5627, 5631, 5626, 5639, 5634, 5633, 5629, 5797, 5629, 5633, 5654, 5813, 5630, 5632, 5632, 5630, 5644, 5649, 5628, 5646, 5630, 5666, 5635, 5811, 5631, 5642, 5628, 5636, 5701, 5633, 5629, 5642, 5746, 5639, 5630, 5639, 5627, 5757, 5629, 5633, 5632, 5659, 5650, 5644, 5627, 5629, 5639, 5635, 5636, 5633, 5639, 5636, 5799, 5630, 5688, 5634, 5644, 5635, 5638, 5634, 5641, 5648, 5630, 5635, 5628, 5637, 5627, 5634, 5637, 5703, 5629, 5754, 5645, 5638, 5642, 5633, 5635, 5633, 5648, 5638, 5635, 5646, 5640, 5635, 5636, 5760, 5632, 5755, 5629, 5647, 5630, 5631, 5626, 5633, 5802, 5650, 5628, 5764, 5647, 5773, 5635, 5638, 5864, 5631, 5635, 5644, 5630, 5634, 5755, 5708, 5643, 5708, 5864, 5639, 5630, 5634, 5634, 5647, 5636, 5632, 5639, 5636, 5633, 5647, 5630, 5636, 5633, 5644, 5627, 5644, 5635, 5629, 5633, 5636, 5643, 5700, 5645, 5654, 5637, 5631, 5631, 5639, 5639, 5638, 5645, 5630, 5633, 5637, 5630, 5632, 5636, 5630, 5640, 5633, 5632, 5632, 5653, 5641, 5654, 5765, 5640, 5656, 5630, 5639, 5638, 5630, 5637, 5699, 5635, 5637, 5640, 5636, 5640, 5635, 5805, 5853, 5630, 5632, 5630, 5634, 5636, 5634, 5642, 5640, 5851, 5641, 5631, 5649, 5635, 5971, 5631, 5660, 5709, 5636, 5636, 5630, 5630, 5646, 5637, 5639, 5637, 5630, 5634, 5802, 5651, 5640, 5634, 5632, 5634, 5638, 5637, 5639, 5633, 5646, 5633, 5634, 5650, 5647, 5629, 5702, 5641, 5632, 5634, 5634, 5629, 5637, 5630, 5636, 5638, 5643, 5627, 5632, 5632, 5637, 5654, 5631, 5630, 5643, 5635, 5630, 5630, 5640, 5635, 5694, 5636, 5638, 5628, 5633, 5763, 5706, 5765, 5641, 5628, 5631, 5646, 5634, 5694, 5638, 5631, 5643, 5625, 5664, 5637, 5633, 5638, 5632, 5632, 5642, 5638, 5631, 5643, 5640, 5918, 5718, 5635, 5638, 5630, 5637, 5859, 5634, 5695, 5638, 5634, 5868, 5637, 5649, 5645, 5639, 5633, 5640, 5692, 5635, 5634, 5635, 5632, 5972, 5811, 5638, 5632, 5808, 5630, 5635, 5653, 5636, 5637, 5632, 5633, 5659, 5694, 5647, 5647, 5639, 5652, 5633, 5641, 5653, 5644, 5639, 5634, 5713, 6027, 5659, 5880, 5659, 5859, 5649, 5637, 5648, 5650, 5662, 5767, 5648, 5659, 5652, 5706, 5701, 5969, 5646, 5653, 5784, 5771, 5655, 5711, 5869, 5655, 5644, 5647, 5640, 5656, 5720, 5765, 5639, 5644, 5659, 5655, 5754, 5704, 5986, 5653, 5649, 5642, 5644, 5644, 5646, 5701, 5655, 5644, 5655, 5634, 5651, 5647, 5649, 5648, 5648, 5647, 5877, 5707, 5646, 5633, 5656, 5639, 5656, 6026, 5809, 5642, 5878, 5655, 5703, 5655, 5664, 5645, 5647, 5647, 5635, 5752, 5705, 5827, 5708, 5713, 5654, 5660, 5650, 5871, 5922, 5981, 5640, 5874, 5663, 5657, 5915, 5638, 5661, 5705, 5659, 5716, 5649, 5667, 5705, 5817, 5648, 5653, 5644, 5889, 5647, 5654, 5636, 5765, 5646, 5641, 5634, 5642, 5665, 5771, 6038, 5654, 5815, 5828, 5649, 5770, 5994, 5711, 5644, 5650, 5666, 5706, 5757, 5642, 5714, 5650, 5715, 5666, 5928, 5813, 5640, 5649, 5647, 5650, 5929, 5641, 5650, 5710, 5658, 5640, 5640, 5638, 5640, 5637, 5714, 5656, 5646, 5653, 5655, 5759, 
Mejor solucion obtenida: 25, 24, 21, 22, 23, 35, 0, 4, 15, 17, 20, 19, 18, 16, 14, 13, 12, 33, 34, 32, 31, 10, 9, 8, 11, 6, 5, 7, 29, 30, 27, 28, 3, 1, 2, 36, 37, 38, 39, 41, 40, 42, 26, || Fitness: 5620;