Archivo Usado: p43.atsp
Tamaño de la Poblacion: 100
Reemplazo por Generacion: 5
Tamaño de los Torneos: 5
Cantidad de ciudades: 43
Probabilidad de cruce: 90000
Probabilidad mutacion simple: 3000
Probabilidad mutacion compleja: 10000
Cruces minimos de la mutacion compleja: 4
Iteraciones ejecutadas: 10000
Largo del cruce PMX: 6
Operador de Cruce: 0
Metodo seleccion de Padres: 0
Operador de Mutacion: 0
Metodo seleccion de Supervivientes: 1
Cantidad de threads a usar: 8
2, 1, 36, 35, 37, 38, 39, 40, 41, 42, 26, 25, 24, 21, 22, 23, 0, 4, 16, 15, 18, 19, 20, 17, 14, 12, 13, 33, 34, 32, 31, 10, 11, 9, 8, 5, 7, 6, 30, 29, 27, 28, 3, 
40, 41, 42, 26, 25, 24, 21, 22, 23, 0, 4, 16, 15, 18, 19, 20, 17, 14, 12, 13, 33, 34, 32, 31, 10, 11, 9, 8, 5, 7, 6, 30, 29, 27, 28, 3, 2, 1, 36, 35, 37, 38, 39, 
35, 37, 38, 39, 40, 41, 42, 26, 25, 24, 21, 22, 23, 0, 4, 16, 15, 18, 19, 20, 17, 14, 12, 13, 33, 34, 32, 31, 10, 11, 9, 8, 5, 7, 6, 30, 29, 27, 28, 3, 2, 1, 36, 
8, 5, 7, 6, 30, 29, 27, 28, 3, 2, 1, 36, 35, 37, 38, 39, 40, 41, 42, 26, 25, 24, 21, 22, 23, 0, 4, 16, 15, 18, 19, 20, 17, 14, 12, 13, 33, 34, 32, 31, 10, 11, 9, 
42, 26, 25, 24, 21, 22, 23, 0, 4, 16, 15, 18, 19, 20, 17, 14, 12, 13, 33, 34, 32, 31, 10, 11, 9, 8, 5, 7, 6, 30, 29, 27, 28, 3, 2, 1, 36, 35, 37, 38, 39, 40, 41, 
0, 4, 16, 15, 18, 19, 20, 17, 14, 12, 13, 33, 34, 32, 31, 10, 11, 9, 8, 5, 7, 6, 30, 29, 27, 28, 3, 2, 1, 36, 37, 38, 39, 40, 41, 42, 26, 25, 24, 21, 22, 23, 35, 
4, 16, 15, 18, 19, 20, 17, 14, 12, 13, 33, 34, 32, 31, 10, 11, 9, 8, 5, 7, 6, 30, 29, 27, 28, 3, 2, 1, 36, 35, 37, 38, 39, 40, 41, 42, 26, 25, 24, 21, 22, 23, 0, 
37, 38, 39, 40, 41, 42, 26, 25, 24, 21, 22, 23, 0, 4, 16, 15, 18, 19, 20, 17, 14, 12, 13, 33, 34, 32, 31, 10, 11, 9, 8, 5, 7, 6, 30, 29, 27, 28, 3, 2, 1, 36, 35, 
37, 38, 39, 40, 41, 42, 26, 25, 24, 21, 22, 23, 0, 4, 16, 15, 18, 19, 20, 17, 14, 12, 13, 33, 34, 32, 31, 10, 11, 9, 8, 5, 7, 6, 30, 29, 27, 28, 3, 2, 1, 36, 35, 
37, 38, 39, 40, 41, 42, 26, 25, 24, 21, 22, 23, 0, 4, 16, 15, 18, 19, 20, 17, 14, 12, 13, 33, 34, 32, 31, 10, 11, 9, 8, 5, 7, 6, 30, 29, 27, 28, 3, 2, 1, 36, 35, 
19, 20, 17, 14, 12, 13, 33, 34, 32, 31, 8, 9, 11, 10, 5, 7, 6, 30, 29, 27, 28, 3, 2, 1, 36, 35, 37, 38, 39, 40, 41, 42, 26, 25, 24, 21, 22, 23, 0, 4, 16, 15, 18, 
6, 30, 29, 27, 28, 3, 2, 1, 36, 35, 37, 38, 39, 40, 41, 42, 26, 25, 24, 21, 22, 23, 0, 4, 16, 15, 18, 19, 20, 17, 14, 12, 13, 33, 34, 32, 31, 10, 11, 9, 8, 5, 7, 
13, 33, 34, 32, 31, 10, 11, 9, 8, 5, 7, 6, 30, 29, 27, 28, 3, 2, 1, 36, 35, 37, 38, 39, 40, 41, 42, 26, 25, 24, 21, 22, 23, 0, 4, 16, 15, 18, 19, 20, 17, 14, 12, 
33, 34, 32, 31, 10, 11, 9, 8, 5, 7, 6, 30, 29, 27, 28, 3, 2, 1, 36, 35, 37, 38, 39, 40, 41, 42, 26, 25, 24, 21, 22, 23, 0, 4, 16, 15, 18, 19, 20, 17, 14, 12, 13, 
32, 31, 10, 11, 9, 8, 5, 7, 6, 30, 29, 27, 28, 3, 2, 1, 36, 35, 37, 38, 39, 40, 41, 42, 26, 25, 24, 21, 22, 23, 0, 4, 16, 15, 18, 19, 20, 17, 14, 12, 13, 33, 34, 
0, 4, 16, 15, 18, 19, 20, 17, 14, 12, 13, 33, 34, 32, 31, 10, 11, 9, 8, 5, 7, 6, 30, 29, 27, 28, 3, 2, 1, 36, 35, 37, 38, 39, 40, 41, 42, 26, 25, 24, 21, 22, 23, 
35, 37, 38, 39, 40, 41, 42, 26, 25, 24, 21, 22, 23, 0, 4, 16, 15, 18, 19, 20, 17, 14, 12, 13, 33, 34, 32, 31, 10, 11, 9, 8, 5, 7, 6, 30, 29, 27, 28, 3, 2, 1, 36, 
37, 38, 39, 40, 41, 42, 26, 25, 24, 21, 22, 23, 0, 4, 16, 15, 18, 19, 20, 17, 14, 12, 13, 33, 34, 32, 31, 10, 11, 9, 8, 5, 7, 6, 30, 29, 27, 28, 3, 2, 1, 36, 35, 
27, 28, 3, 2, 1, 36, 35, 37, 38, 39, 40, 41, 42, 26, 25, 24, 21, 22, 23, 0, 4, 16, 15, 18, 19, 20, 17, 14, 12, 13, 33, 34, 32, 31, 10, 11, 9, 8, 5, 7, 6, 30, 29, 
15, 18, 19, 20, 17, 14, 12, 13, 33, 34, 32, 31, 10, 11, 9, 8, 5, 7, 6, 30, 29, 27, 28, 3, 2, 1, 36, 35, 37, 38, 39, 40, 41, 42, 26, 25, 24, 21, 22, 23, 0, 4, 16, 
1, 36, 35, 37, 38, 39, 40, 41, 42, 26, 25, 24, 21, 22, 23, 0, 4, 16, 15, 18, 19, 20, 17, 14, 12, 13, 33, 34, 32, 31, 10, 11, 9, 8, 5, 7, 6, 30, 29, 27, 28, 3, 2, 
7, 6, 30, 29, 27, 28, 3, 2, 1, 36, 35, 37, 38, 39, 40, 41, 42, 26, 25, 24, 21, 22, 23, 0, 4, 16, 15, 18, 19, 20, 17, 14, 12, 13, 33, 34, 32, 31, 10, 11, 9, 8, 5, 
42, 26, 25, 24, 21, 22, 23, 0, 4, 16, 15, 18, 19, 20, 17, 14, 12, 13, 33, 34, 32, 31, 10, 11, 9, 8, 5, 7, 6, 30, 29, 27, 28, 3, 2, 1, 36, 35, 37, 38, 39, 40, 41, 
34, 32, 31, 10, 11, 9, 8, 5, 7, 6, 30, 29, 27, 28, 3, 2, 1, 36, 35, 37, 38, 39, 40, 41, 42, 26, 25, 24, 21, 22, 23, 0, 4, 16, 15, 18, 19, 20, 17, 14, 12, 13, 33, 
21, 22, 23, 0, 4, 16, 15, 18, 19, 20, 17, 14, 12, 13, 33, 34, 32, 31, 10, 11, 9, 8, 5, 7, 6, 30, 29, 27, 28, 3, 2, 1, 36, 35, 37, 38, 39, 40, 41, 42, 26, 25, 24, 
20, 17, 14, 12, 13, 33, 34, 32, 31, 10, 11, 9, 8, 5, 7, 6, 30, 29, 27, 28, 3, 2, 1, 36, 35, 37, 38, 39, 40, 41, 42, 26, 25, 24, 21, 22, 23, 0, 4, 16, 15, 18, 19, 
8, 5, 7, 6, 30, 29, 27, 28, 3, 2, 1, 36, 35, 37, 38, 39, 40, 41, 42, 26, 25, 24, 21, 22, 23, 0, 4, 16, 15, 18, 19, 20, 17, 14, 12, 13, 33, 34, 32, 31, 10, 11, 9, 
39, 40, 41, 42, 26, 25, 24, 21, 22, 23, 0, 4, 16, 15, 18, 19, 20, 17, 14, 12, 13, 33, 34, 32, 31, 10, 11, 9, 8, 7, 5, 6, 30, 29, 27, 28, 3, 2, 1, 36, 35, 37, 38, 
21, 22, 23, 0, 4, 16, 15, 18, 19, 20, 17, 14, 12, 13, 33, 34, 32, 31, 10, 11, 9, 8, 5, 7, 6, 30, 29, 27, 28, 3, 2, 1, 36, 35, 37, 38, 39, 40, 41, 42, 26, 25, 24, 
14, 12, 13, 33, 34, 32, 31, 10, 11, 9, 8, 5, 7, 6, 30, 29, 27, 28, 3, 2, 1, 36, 35, 37, 38, 39, 40, 41, 42, 26, 25, 24, 21, 22, 23, 0, 4, 16, 15, 18, 19, 20, 17, 
20, 17, 14, 12, 13, 33, 34, 32, 31, 10, 11, 9, 8, 5, 7, 6, 30, 29, 27, 28, 3, 2, 1, 36, 35, 37, 38, 39, 40, 41, 42, 26, 25, 24, 21, 22, 23, 0, 4, 16, 15, 18, 19, 
16, 15, 18, 19, 20, 17, 14, 12, 13, 33, 34, 32, 31, 10, 11, 9, 8, 5, 7, 6, 30, 29, 27, 28, 3, 2, 1, 36, 35, 37, 38, 39, 40, 41, 42, 26, 25, 24, 21, 22, 23, 0, 4, 
35, 37, 38, 39, 40, 41, 42, 26, 25, 24, 21, 22, 23, 0, 4, 16, 15, 18, 19, 20, 17, 14, 12, 13, 33, 34, 32, 31, 10, 11, 9, 8, 5, 7, 6, 30, 29, 27, 28, 3, 2, 1, 36, 
7, 6, 30, 29, 27, 28, 3, 2, 1, 36, 35, 37, 38, 39, 40, 41, 42, 26, 25, 24, 21, 22, 23, 0, 4, 16, 15, 18, 19, 20, 17, 14, 12, 13, 33, 34, 32, 31, 10, 11, 9, 8, 5, 
42, 26, 25, 24, 21, 22, 23, 0, 4, 16, 15, 18, 19, 20, 17, 14, 12, 13, 33, 34, 32, 31, 10, 11, 9, 8, 5, 7, 6, 30, 29, 27, 28, 3, 2, 1, 36, 35, 37, 38, 39, 40, 41, 
4, 16, 15, 18, 19, 20, 17, 14, 12, 13, 33, 34, 32, 31, 10, 11, 9, 8, 5, 7, 6, 30, 29, 27, 28, 3, 2, 1, 36, 35, 37, 38, 39, 40, 41, 42, 26, 25, 24, 21, 22, 23, 0, 
13, 33, 34, 32, 31, 10, 11, 9, 8, 5, 7, 6, 30, 29, 27, 28, 3, 2, 1, 36, 35, 37, 38, 39, 40, 41, 42, 26, 25, 24, 21, 22, 23, 0, 4, 16, 15, 18, 19, 20, 17, 14, 12, 
40, 41, 42, 26, 25, 24, 21, 22, 23, 0, 4, 16, 15, 18, 19, 20, 17, 14, 12, 13, 33, 34, 32, 31, 10, 11, 9, 8, 5, 7, 6, 30, 29, 27, 28, 3, 2, 1, 36, 35, 37, 38, 39, 
35, 37, 38, 39, 40, 41, 42, 26, 25, 24, 21, 22, 23, 0, 4, 16, 15, 18, 19, 20, 17, 14, 12, 13, 33, 34, 32, 31, 10, 11, 9, 8, 5, 7, 6, 30, 29, 27, 28, 3, 2, 1, 36, 
7, 6, 30, 29, 27, 28, 3, 2, 1, 36, 35, 37, 38, 39, 40, 41, 42, 26, 25, 24, 21, 22, 23, 0, 4, 16, 15, 18, 19, 20, 17, 14, 12, 13, 33, 34, 32, 31, 10, 11, 9, 8, 5, 
4, 16, 15, 18, 19, 20, 17, 14, 12, 13, 33, 34, 32, 31, 10, 11, 9, 8, 5, 7, 6, 30, 29, 27, 28, 3, 2, 1, 36, 35, 37, 38, 39, 40, 41, 42, 26, 25, 24, 21, 22, 23, 0, 
39, 40, 41, 42, 26, 25, 24, 21, 22, 23, 0, 4, 16, 15, 18, 19, 20, 17, 14, 12, 13, 33, 34, 32, 31, 10, 11, 9, 8, 5, 7, 6, 30, 29, 27, 28, 3, 2, 1, 36, 35, 37, 38, 
36, 37, 38, 39, 40, 41, 42, 26, 25, 24, 21, 22, 23, 0, 4, 16, 15, 18, 19, 20, 17, 14, 12, 13, 33, 34, 32, 31, 10, 11, 9, 8, 5, 7, 6, 30, 29, 27, 28, 3, 2, 1, 35, 
36, 1, 2, 3, 28, 27, 29, 30, 6, 7, 5, 8, 9, 11, 10, 31, 32, 34, 33, 13, 12, 14, 17, 20, 19, 18, 15, 16, 4, 0, 23, 22, 21, 24, 25, 26, 42, 41, 40, 39, 38, 37, 35, 
40, 39, 38, 37, 35, 36, 1, 2, 3, 28, 27, 29, 30, 6, 7, 5, 8, 9, 11, 10, 31, 32, 34, 33, 13, 12, 14, 17, 20, 19, 18, 15, 16, 4, 0, 23, 22, 21, 24, 25, 26, 42, 41, 
24, 25, 26, 42, 41, 40, 39, 38, 37, 35, 36, 1, 2, 3, 28, 27, 29, 30, 6, 7, 5, 8, 9, 11, 10, 31, 32, 34, 33, 13, 12, 14, 17, 20, 19, 18, 15, 16, 4, 0, 23, 22, 21, 
23, 22, 21, 24, 25, 26, 42, 41, 40, 39, 38, 37, 35, 36, 1, 2, 3, 28, 27, 29, 30, 6, 7, 5, 8, 9, 11, 10, 31, 32, 34, 33, 13, 12, 14, 17, 20, 19, 18, 15, 16, 4, 0, 
0, 23, 22, 21, 24, 25, 26, 42, 41, 40, 39, 38, 37, 35, 36, 1, 2, 3, 28, 27, 29, 30, 6, 7, 5, 8, 9, 11, 10, 31, 32, 34, 33, 13, 12, 14, 17, 20, 19, 18, 15, 16, 4, 
4, 0, 23, 22, 21, 24, 25, 26, 42, 41, 40, 39, 38, 37, 35, 36, 1, 2, 3, 28, 27, 29, 30, 6, 7, 5, 8, 9, 11, 10, 31, 32, 34, 33, 13, 12, 14, 17, 20, 19, 18, 15, 16, 
40, 39, 38, 37, 35, 36, 1, 2, 3, 28, 27, 29, 30, 6, 7, 5, 8, 9, 11, 10, 31, 32, 34, 33, 13, 12, 14, 17, 20, 19, 18, 15, 16, 4, 0, 23, 22, 21, 24, 25, 26, 42, 41, 
35, 36, 1, 2, 3, 28, 27, 29, 30, 6, 7, 5, 8, 9, 11, 10, 31, 32, 34, 33, 13, 12, 14, 17, 20, 19, 18, 15, 16, 4, 0, 23, 22, 21, 24, 25, 26, 42, 41, 40, 39, 38, 37, 
12, 14, 17, 20, 19, 18, 15, 16, 4, 0, 23, 22, 21, 24, 25, 26, 42, 41, 40, 39, 38, 37, 35, 36, 1, 2, 3, 28, 27, 29, 30, 6, 7, 5, 8, 9, 11, 10, 31, 32, 34, 33, 13, 
11, 10, 31, 32, 34, 33, 13, 12, 14, 17, 20, 19, 18, 15, 16, 4, 0, 23, 22, 21, 24, 25, 26, 42, 41, 40, 39, 38, 37, 35, 36, 1, 2, 3, 28, 27, 29, 30, 6, 7, 5, 8, 9, 
19, 18, 15, 16, 4, 0, 23, 22, 21, 24, 25, 26, 42, 41, 40, 39, 38, 37, 35, 36, 1, 2, 3, 28, 27, 29, 30, 6, 7, 5, 8, 9, 11, 10, 31, 32, 34, 33, 13, 12, 14, 17, 20, 
30, 6, 7, 5, 8, 9, 11, 10, 31, 32, 34, 33, 13, 12, 14, 17, 20, 19, 18, 15, 16, 4, 0, 23, 22, 21, 24, 25, 26, 42, 41, 40, 39, 38, 37, 35, 36, 1, 2, 3, 28, 27, 29, 
31, 32, 34, 33, 13, 12, 14, 17, 20, 19, 18, 15, 16, 4, 0, 23, 22, 21, 24, 25, 26, 42, 41, 40, 39, 38, 37, 35, 36, 1, 2, 3, 28, 27, 29, 30, 6, 7, 5, 8, 9, 11, 10, 
20, 19, 18, 15, 16, 4, 0, 23, 22, 21, 24, 25, 26, 42, 41, 40, 39, 38, 37, 35, 36, 1, 2, 3, 28, 27, 29, 30, 6, 7, 5, 8, 9, 11, 10, 31, 32, 34, 33, 13, 12, 14, 17, 
21, 24, 25, 26, 42, 41, 40, 39, 38, 37, 35, 36, 1, 2, 3, 28, 27, 29, 30, 6, 7, 5, 8, 9, 11, 10, 31, 32, 34, 33, 13, 12, 14, 17, 20, 19, 18, 15, 16, 4, 0, 23, 22, 
2, 3, 28, 27, 29, 30, 6, 7, 5, 8, 9, 11, 10, 31, 32, 34, 33, 13, 12, 14, 17, 20, 19, 18, 15, 16, 4, 0, 23, 22, 21, 24, 25, 26, 42, 41, 40, 39, 38, 37, 35, 36, 1, 
5, 8, 9, 11, 10, 31, 32, 34, 33, 13, 12, 14, 17, 20, 19, 18, 15, 16, 4, 0, 23, 22, 21, 24, 25, 26, 42, 41, 40, 39, 38, 37, 35, 36, 1, 2, 3, 28, 27, 29, 30, 6, 7, 
9, 11, 10, 31, 32, 34, 33, 13, 12, 14, 17, 20, 19, 18, 15, 16, 4, 0, 23, 22, 21, 24, 25, 26, 42, 41, 40, 39, 38, 37, 35, 36, 1, 2, 3, 28, 27, 29, 30, 6, 7, 5, 8, 
14, 17, 20, 19, 18, 15, 16, 4, 0, 23, 22, 21, 24, 25, 26, 42, 41, 40, 39, 38, 37, 35, 36, 1, 2, 3, 28, 27, 29, 30, 6, 7, 5, 8, 9, 11, 10, 31, 32, 34, 33, 13, 12, 
42, 41, 40, 39, 38, 37, 35, 36, 1, 2, 3, 28, 27, 29, 30, 6, 7, 5, 8, 9, 11, 10, 31, 32, 34, 33, 13, 12, 14, 17, 20, 19, 18, 15, 16, 4, 0, 23, 22, 21, 24, 25, 26, 
20, 19, 18, 15, 16, 4, 0, 23, 21, 22, 24, 25, 26, 42, 41, 40, 39, 38, 37, 35, 36, 1, 2, 3, 28, 27, 29, 30, 6, 7, 5, 8, 9, 11, 10, 31, 32, 34, 33, 13, 12, 14, 17, 
21, 24, 25, 26, 42, 41, 40, 39, 38, 37, 35, 36, 1, 2, 3, 28, 27, 29, 30, 6, 7, 5, 8, 9, 11, 10, 31, 32, 34, 33, 13, 12, 14, 17, 20, 19, 18, 15, 16, 4, 0, 23, 22, 
16, 4, 0, 23, 22, 21, 24, 25, 26, 42, 41, 40, 39, 38, 37, 35, 36, 1, 2, 3, 28, 27, 29, 30, 6, 7, 5, 8, 9, 11, 10, 31, 32, 34, 33, 13, 12, 14, 17, 20, 19, 18, 15, 
39, 38, 37, 35, 36, 1, 2, 3, 28, 27, 29, 30, 6, 7, 5, 8, 9, 11, 10, 31, 32, 34, 33, 13, 12, 14, 17, 20, 19, 18, 15, 16, 4, 0, 23, 22, 21, 24, 25, 26, 42, 41, 40, 
29, 30, 6, 7, 5, 8, 9, 11, 10, 31, 32, 34, 33, 13, 12, 14, 17, 20, 19, 18, 15, 16, 4, 0, 23, 22, 21, 24, 25, 26, 42, 41, 40, 39, 38, 37, 35, 36, 1, 2, 3, 28, 27, 
24, 25, 26, 42, 41, 40, 39, 38, 37, 35, 36, 1, 2, 3, 28, 27, 29, 30, 6, 7, 5, 8, 9, 11, 10, 31, 32, 34, 33, 13, 12, 14, 17, 20, 19, 18, 15, 16, 4, 0, 23, 22, 21, 
6, 7, 5, 8, 9, 11, 10, 31, 32, 34, 33, 13, 12, 14, 17, 20, 19, 18, 15, 16, 4, 0, 23, 22, 21, 24, 25, 26, 42, 41, 40, 39, 38, 37, 35, 36, 1, 2, 3, 28, 27, 29, 30, 
40, 41, 42, 26, 25, 24, 21, 22, 23, 0, 4, 16, 15, 18, 19, 20, 17, 14, 12, 13, 33, 34, 32, 31, 10, 11, 9, 29, 5, 7, 6, 30, 8, 27, 28, 3, 2, 1, 36, 35, 37, 38, 39, 
11, 10, 31, 32, 34, 33, 13, 12, 14, 17, 20, 19, 18, 15, 16, 4, 0, 23, 22, 21, 24, 25, 26, 42, 41, 40, 39, 38, 37, 35, 36, 1, 2, 3, 28, 27, 29, 30, 6, 7, 5, 8, 9, 
10, 31, 32, 34, 33, 13, 12, 14, 17, 20, 19, 18, 15, 16, 4, 0, 23, 22, 21, 24, 25, 26, 42, 41, 40, 39, 38, 37, 35, 36, 1, 2, 3, 28, 27, 29, 30, 6, 7, 5, 8, 9, 11, 
18, 15, 16, 4, 0, 23, 22, 21, 24, 25, 26, 42, 41, 40, 39, 38, 37, 35, 36, 1, 2, 3, 28, 27, 29, 30, 6, 7, 5, 8, 9, 11, 10, 31, 32, 34, 33, 13, 12, 14, 17, 20, 19, 
26, 42, 41, 40, 39, 38, 37, 35, 36, 1, 2, 3, 28, 27, 29, 30, 6, 7, 5, 8, 9, 11, 10, 31, 32, 34, 33, 13, 12, 14, 17, 20, 19, 18, 15, 16, 4, 0, 23, 22, 21, 24, 25, 
40, 39, 38, 37, 35, 36, 1, 2, 3, 28, 27, 29, 30, 6, 7, 31, 8, 9, 11, 10, 5, 32, 34, 33, 13, 12, 14, 17, 20, 19, 18, 15, 16, 4, 0, 23, 22, 21, 24, 25, 26, 42, 41, 
36, 1, 2, 3, 28, 27, 29, 30, 6, 7, 31, 8, 9, 11, 10, 5, 32, 34, 33, 13, 12, 14, 17, 20, 19, 18, 15, 16, 4, 0, 23, 22, 21, 24, 25, 26, 42, 41, 40, 39, 38, 37, 35, 
27, 29, 30, 6, 7, 31, 10, 11, 9, 8, 5, 32, 34, 33, 13, 12, 14, 17, 20, 19, 18, 15, 16, 4, 0, 23, 22, 21, 24, 25, 26, 42, 41, 40, 39, 38, 37, 35, 36, 1, 2, 3, 28, 
9, 11, 10, 5, 32, 34, 33, 13, 12, 14, 17, 20, 19, 18, 15, 16, 4, 0, 23, 22, 21, 24, 25, 26, 42, 41, 40, 39, 38, 37, 35, 36, 1, 2, 3, 28, 27, 29, 30, 6, 7, 31, 8, 
40, 41, 42, 26, 25, 24, 21, 22, 23, 0, 4, 16, 15, 18, 19, 20, 17, 14, 7, 13, 33, 34, 32, 31, 10, 11, 9, 8, 5, 12, 6, 30, 29, 27, 28, 3, 2, 1, 36, 35, 37, 38, 39, 
8, 5, 7, 6, 3, 29, 27, 28, 30, 2, 1, 36, 35, 37, 38, 39, 40, 41, 42, 26, 25, 24, 21, 22, 23, 0, 4, 16, 15, 18, 19, 20, 17, 14, 12, 13, 33, 34, 32, 31, 10, 11, 9, 
15, 18, 19, 20, 6, 14, 12, 13, 33, 34, 32, 31, 10, 11, 9, 8, 5, 7, 17, 30, 29, 27, 28, 3, 2, 1, 36, 35, 37, 38, 39, 40, 41, 42, 26, 25, 24, 21, 22, 23, 0, 4, 16, 
35, 37, 38, 39, 40, 41, 42, 26, 25, 24, 21, 22, 23, 0, 4, 27, 15, 18, 19, 20, 17, 14, 12, 13, 33, 34, 32, 31, 10, 11, 9, 8, 5, 7, 6, 30, 29, 16, 28, 3, 2, 1, 36, 
20, 19, 18, 15, 16, 4, 0, 23, 22, 21, 24, 25, 26, 42, 41, 40, 39, 38, 37, 35, 36, 1, 2, 3, 7, 27, 29, 30, 6, 28, 5, 8, 9, 11, 10, 31, 32, 34, 33, 13, 12, 14, 17, 
31, 32, 34, 33, 13, 12, 14, 17, 20, 19, 18, 15, 30, 4, 0, 23, 22, 21, 24, 25, 26, 42, 41, 40, 39, 38, 37, 35, 36, 1, 2, 3, 28, 27, 29, 16, 6, 7, 5, 8, 9, 11, 10, 
10, 31, 32, 34, 33, 13, 12, 14, 17, 20, 19, 18, 15, 16, 4, 0, 23, 22, 21, 24, 25, 26, 42, 41, 40, 39, 38, 37, 35, 28, 27, 29, 30, 6, 7, 5, 8, 9, 11, 3, 2, 1, 36, 
8, 5, 7, 6, 30, 29, 27, 28, 3, 2, 1, 4, 35, 37, 38, 39, 40, 41, 42, 26, 25, 24, 21, 22, 23, 0, 36, 16, 15, 18, 19, 20, 17, 14, 12, 13, 33, 34, 32, 31, 10, 11, 9, 
15, 18, 19, 20, 17, 14, 12, 13, 33, 34, 32, 31, 10, 11, 9, 8, 5, 7, 36, 30, 29, 27, 28, 3, 2, 1, 6, 35, 37, 38, 39, 40, 41, 42, 26, 25, 24, 21, 22, 23, 0, 4, 16, 
27, 28, 3, 2, 1, 36, 35, 37, 38, 39, 40, 41, 42, 26, 25, 24, 21, 22, 23, 0, 4, 16, 15, 10, 19, 20, 17, 14, 12, 13, 33, 34, 32, 31, 18, 11, 9, 8, 5, 7, 6, 30, 29, 
36, 1, 2, 3, 28, 27, 29, 30, 6, 7, 5, 8, 9, 11, 10, 31, 32, 33, 13, 12, 14, 17, 20, 19, 18, 15, 16, 4, 0, 23, 22, 21, 24, 25, 26, 42, 41, 40, 39, 38, 37, 35, 34, 
31, 32, 34, 33, 13, 12, 14, 17, 20, 19, 18, 15, 16, 4, 0, 23, 22, 24, 25, 26, 42, 41, 40, 39, 38, 37, 35, 36, 1, 2, 3, 28, 27, 29, 30, 6, 7, 5, 8, 9, 11, 10, 21, 
6, 7, 5, 8, 9, 11, 10, 31, 32, 34, 33, 13, 12, 14, 17, 20, 19, 18, 15, 16, 4, 0, 23, 22, 24, 25, 26, 42, 41, 40, 39, 38, 37, 35, 36, 1, 2, 3, 28, 27, 29, 30, 21, 
30, 6, 7, 5, 8, 9, 11, 10, 31, 32, 34, 33, 13, 12, 14, 17, 20, 19, 18, 15, 16, 4, 0, 23, 22, 24, 25, 26, 42, 41, 40, 39, 38, 37, 35, 36, 1, 2, 3, 28, 27, 29, 21, 
37, 38, 39, 40, 41, 42, 26, 25, 24, 22, 21, 16, 15, 18, 19, 20, 17, 14, 12, 13, 33, 34, 32, 31, 10, 11, 9, 8, 5, 7, 6, 30, 29, 27, 28, 3, 2, 1, 36, 35, 23, 0, 4, 
20, 19, 18, 15, 16, 4, 0, 23, 22, 21, 24, 25, 26, 42, 41, 40, 39, 38, 37, 35, 36, 1, 2, 11, 10, 31, 32, 34, 33, 13, 12, 14, 17, 8, 9, 27, 29, 30, 6, 7, 5, 28, 3, 
42, 41, 40, 39, 38, 37, 35, 36, 1, 2, 3, 28, 27, 29, 30, 6, 7, 5, 8, 9, 11, 10, 31, 32, 34, 33, 13, 12, 14, 17, 20, 19, 18, 15, 16, 4, 0, 23, 22, 24, 25, 26, 21, 
17, 20, 19, 18, 15, 16, 4, 0, 23, 22, 24, 25, 26, 42, 41, 40, 39, 38, 37, 35, 36, 1, 2, 3, 28, 27, 29, 30, 6, 7, 5, 8, 9, 11, 10, 31, 32, 34, 33, 13, 12, 14, 21, 
32, 23, 10, 11, 9, 8, 5, 7, 6, 30, 29, 27, 28, 3, 2, 1, 36, 35, 37, 38, 39, 40, 41, 42, 26, 25, 24, 21, 22, 31, 0, 4, 16, 15, 18, 19, 20, 17, 14, 12, 13, 33, 34, 
15, 16, 4, 0, 23, 22, 24, 25, 26, 42, 41, 40, 39, 38, 37, 35, 36, 1, 2, 3, 28, 27, 29, 30, 6, 7, 5, 8, 9, 11, 10, 31, 32, 34, 33, 13, 12, 14, 17, 20, 19, 18, 21, 
40, 41, 42, 26, 25, 24, 17, 22, 23, 0, 4, 16, 15, 18, 19, 20, 21, 14, 12, 13, 33, 34, 32, 31, 10, 11, 9, 8, 5, 7, 6, 30, 29, 27, 28, 3, 2, 1, 36, 35, 37, 38, 39, 
Tiempo de ejecucion (total): 152.208
Best fitness a lo largo del tiempo: 
12174, 11811, 11667, 6541, 6224, 6197, 6163, 6087, 6068, 6019, 5992, 5967, 5961, 5940, 5931, 5931, 5914, 5906, 5894, 5894, 5865, 5865, 5845, 5845, 5841, 5811, 5811, 5811, 5811, 5807, 5785, 5781, 5749, 5749, 5742, 5742, 5736, 5736, 5736, 5730, 5726, 5721, 5721, 5717, 5710, 5703, 5703, 5692, 5692, 5692, 5692, 5692, 5692, 5688, 5688, 5688, 5688, 5688, 5684, 5684, 5676, 5676, 5672, 5672, 5672, 5672, 5670, 5668, 5653, 5653, 5651, 5651, 5651, 5651, 5651, 5651, 5647, 5647, 5647, 5647, 5647, 5647, 5647, 5647, 5647, 5647, 5647, 5647, 5647, 5647, 5647, 5647, 5647, 5647, 5647, 5647, 5647, 5647, 5647, 5647, 5647, 5647, 5647, 5647, 5647, 5647, 5647, 5647, 5647, 5647, 5647, 5647, 5647, 5647, 5647, 5647, 5647, 5647, 5647, 5647, 5647, 5647, 5647, 5647, 5647, 5647, 5647, 5647, 5647, 5647, 5647, 5647, 5647, 5647, 5647, 5647, 5643, 5643, 5643, 5643, 5643, 5643, 5643, 5643, 5643, 5643, 5643, 5643, 5643, 5643, 5643, 5643, 5643, 5643, 5643, 5643, 5643, 5643, 5643, 5643, 5643, 5643, 5643, 5643, 5643, 5643, 5643, 5643, 5643, 5643, 5643, 5643, 5643, 5643, 5643, 5643, 5643, 5643, 5641, 5641, 5641, 5641, 5641, 5641, 5641, 5641, 5641, 5641, 5641, 5641, 5641, 5641, 5641, 5641, 5641, 5641, 5641, 5639, 5639, 5639, 5639, 5639, 5639, 5639, 5639, 5639, 5639, 5639, 5639, 5639, 5639, 5639, 5639, 5639, 5639, 5639, 5639, 5639, 5639, 5639, 5639, 5639, 5639, 5639, 5639, 5639, 5639, 5639, 5639, 5639, 5639, 5639, 5639, 5639, 5639, 5633, 5633, 5633, 5633, 5633, 5633, 5633, 5633, 5633, 5633, 5633, 5633, 5633, 5633, 5633, 5633, 5633, 5633, 5633, 5633, 5633, 5633, 5633, 5633, 5633, 5633, 5633, 5633, 5633, 5633, 5633, 5633, 5633, 5633, 5633, 5633, 5633, 5633, 5633, 5633, 5633, 5633, 5633, 5633, 5633, 5633, 5633, 5633, 5633, 5633, 5633, 5633, 5633, 5633, 5633, 5633, 5633, 5633, 5633, 5633, 5633, 5633, 5633, 5633, 5633, 5633, 5633, 5633, 5633, 5633, 5633, 5633, 5633, 5633, 5633, 5633, 5633, 5633, 5633, 5633, 5633, 5633, 5633, 5633, 5633, 5633, 5633, 5633, 5633, 5633, 5633, 5633, 5633, 5633, 5633, 5633, 5633, 5633, 5633, 5633, 5633, 5633, 5633, 5633, 5633, 5633, 5633, 5633, 5633, 5633, 5633, 5633, 5633, 5633, 5633, 5633, 5633, 5633, 5633, 5633, 5633, 5633, 5633, 5633, 5633, 5633, 5633, 5633, 5633, 5633, 5633, 5633, 5633, 5633, 5633, 5633, 5633, 5633, 5633, 5633, 5633, 5633, 5633, 5633, 5633, 5633, 5633, 5633, 5633, 5633, 5633, 5633, 5633, 5633, 5633, 5633, 5633, 5633, 5633, 5633, 5633, 5633, 5633, 5633, 5633, 5633, 5633, 5633, 5633, 5633, 5633, 5633, 5633, 5633, 5633, 5633, 5633, 5633, 5633, 5633, 5633, 5633, 5633, 5633, 5633, 5633, 5633, 5633, 5633, 5633, 5633, 5633, 5633, 5633, 5633, 5633, 5633, 5633, 5633, 5633, 5633, 5633, 5633, 5633, 5633, 5633, 5633, 5633, 5633, 5633, 5633, 5633, 5633, 5633, 5633, 5633, 5633, 5633, 5633, 5633, 5633, 5633, 5633, 5633, 5633, 5633, 5633, 5633, 5633, 5633, 5633, 5633, 5633, 5633, 5633, 5633, 5633, 5633, 5633, 5633, 5633, 5633, 5633, 5633, 5633, 5633, 5633, 5633, 5633, 5633, 5633, 5633, 5633, 5633, 5633, 5633, 5633, 5633, 5633, 5633, 5633, 5633, 5633, 5633, 5633, 5633, 5633, 5633, 5633, 5633, 5633, 5633, 5633, 5633, 5633, 5633, 5633, 5633, 5633, 5633, 5633, 5633, 5633, 5633, 5633, 5633, 5633, 5633, 5633, 5633, 5633, 5633, 5633, 5633, 5633, 5633, 5633, 5633, 5633, 5633, 5633, 5633, 5633, 5633, 5633, 5633, 5633, 5633, 5633, 5633, 5633, 5633, 5633, 5633, 5633, 5633, 5633, 5633, 5633, 5633, 5633, 5633, 5631, 5631, 5631, 5631, 5631, 5631, 5631, 5631, 5631, 5631, 5631, 5631, 5629, 5629, 5629, 5629, 5629, 5629, 5629, 5629, 5629, 5629, 5629, 5629, 5629, 5629, 5629, 5629, 5629, 5629, 5629, 5629, 5629, 5629, 5629, 5629, 5629, 5629, 5629, 5629, 5629, 5629, 5629, 5629, 5629, 5629, 5629, 5629, 5629, 5629, 5629, 5629, 5629, 5629, 5629, 5629, 5629, 5629, 5629, 5629, 5629, 5629, 5629, 5629, 5629, 5629, 5629, 5629, 5629, 5629, 5629, 5629, 5629, 5629, 5629, 5629, 5629, 5629, 5629, 5629, 5629, 5629, 5629, 5629, 5629, 5629, 5629, 5629, 5629, 5629, 5629, 5629, 5629, 5629, 5629, 5629, 5629, 5629, 5629, 5629, 5629, 5629, 5629, 5629, 5629, 5629, 5629, 5629, 5629, 5629, 5629, 5629, 5629, 5629, 5629, 5629, 5629, 5629, 5629, 5629, 5629, 5629, 5629, 5629, 5629, 5629, 5629, 5629, 5629, 5629, 5629, 5629, 5629, 5629, 5629, 5629, 5629, 5629, 5629, 5629, 5629, 5629, 5629, 5629, 5629, 5629, 5629, 5629, 5629, 5629, 5629, 5629, 5629, 5629, 5629, 5629, 5629, 5629, 5629, 5629, 5629, 5629, 5629, 5629, 5629, 5629, 5629, 5629, 5629, 5629, 5629, 5629, 5629, 5629, 5629, 5629, 5629, 5629, 5629, 5629, 5629, 5629, 5629, 5629, 5629, 5629, 5629, 5629, 5629, 5629, 5629, 5629, 5629, 5629, 5629, 5629, 5629, 5629, 5629, 5629, 5629, 5629, 5629, 5629, 5629, 5629, 5629, 5629, 5629, 5629, 5629, 5629, 5629, 5629, 5629, 5629, 5629, 5629, 5629, 5629, 5629, 5629, 5629, 5629, 5629, 5629, 5629, 5629, 5629, 5629, 5629, 5629, 5629, 5629, 5629, 5629, 5629, 5629, 5629, 5629, 5629, 5629, 5629, 5629, 5629, 5629, 5629, 5629, 5629, 5629, 5629, 5629, 5629, 5629, 5629, 5629, 5629, 5629, 5629, 5629, 5629, 5629, 5629, 5629, 5629, 5629, 5629, 5629, 5629, 5629, 5629, 5629, 5629, 5629, 5629, 5629, 5629, 5629, 5629, 5629, 5629, 5629, 5629, 5629, 5629, 5629, 5629, 5629, 5629, 5629, 5629, 5629, 5629, 5629, 5629, 5629, 5629, 5629, 5629, 5629, 5629, 5629, 5629, 5629, 5629, 5629, 5629, 5629, 5629, 5629, 5629, 5629, 5629, 5629, 5629, 5629, 5629, 5629, 5629, 5629, 5629, 5629, 5629, 5629, 5629, 5629, 5629, 5629, 5629, 5629, 5629, 5629, 5629, 5629, 5629, 5629, 5629, 5629, 5629, 5629, 5629, 5629, 5629, 5629, 5629, 5629, 5629, 5629, 5629, 5629, 5629, 5629, 5629, 5629, 5629, 5629, 5629, 5629, 5629, 5629, 5629, 5629, 5629, 5629, 5629, 5629, 5629, 5629, 5629, 5629, 5629, 5629, 5629, 5629, 5629, 5629, 5629, 5629, 5629, 5629, 5629, 5629, 5629, 5629, 5629, 5629, 5629, 5629, 5629, 5629, 5629, 5629, 5629, 5629, 5629, 5629, 5629, 5629, 5629, 5629, 5629, 5629, 5629, 5629, 5629, 5629, 5629, 5629, 5629, 5629, 5629, 5629, 5629, 5629, 5629, 5629, 5629, 5629, 5629, 5629, 5629, 5629, 5629, 5629, 5629, 5629, 5629, 5629, 5629, 5629, 5629, 5629, 5629, 5629, 5629, 5629, 5629, 5629, 5629, 5629, 5629, 5629, 5629, 5629, 5629, 5629, 5629, 5629, 5629, 5629, 5629, 5629, 5629, 5629, 5629, 5629, 5629, 5629, 5629, 5629, 5629, 5629, 5629, 5629, 5629, 5629, 5629, 5629, 5629, 5629, 5629, 5629, 5629, 5629, 5629, 5629, 5629, 5629, 5629, 5629, 5629, 5629, 5629, 5629, 5629, 5629, 5629, 5629, 5629, 5629, 5629, 5629, 5629, 5629, 5629, 5629, 5629, 5629, 5629, 5629, 5629, 5629, 5629, 5629, 5629, 5629, 5629, 5629, 5629, 5629, 5629, 5629, 5629, 5629, 5629, 5629, 5629, 5629, 5629, 5629, 5629, 5629, 5629, 5629, 5629, 5629, 5629, 5629, 5629, 5629, 5629, 5629, 5629, 5629, 5629, 5629, 5629, 5629, 5629, 5629, 5629, 5629, 5629, 5629, 5629, 5629, 5629, 5629, 5629, 5629, 5629, 5629, 5629, 5629, 5629, 5629, 5629, 5629, 5629, 5629, 5629, 5629, 5629, 5629, 5629, 5629, 5629, 5629, 5629, 5629, 5629, 5629, 5629, 5629, 5629, 5629, 5629, 5629, 5629, 5629, 5629, 5629, 5629, 5629, 5629, 5629, 5629, 5629, 5629, 5629, 5629, 5629, 5629, 5629, 5629, 5629, 5629, 5629, 5629, 5629, 5629, 5629, 5629, 5629, 5629, 5629, 5629, 5629, 5629, 5629, 5629, 5629, 5629, 5629, 5629, 5629, 5629, 5629, 5629, 5629, 5629, 5629, 5629, 5629, 5629, 5629, 5629, 5629, 5629, 5629, 5629, 5629, 5629, 5629, 5629, 5629, 5629, 5629, 5629, 5629, 5629, 5629, 5629, 5629, 5629, 5629, 5629, 5629, 5629, 5629, 5629, 5629, 5629, 5629, 5629, 5629, 5629, 5629, 5629, 5629, 5629, 5629, 5629, 5629, 5629, 5629, 5629, 5629, 5629, 5629, 5629, 5629, 5629, 5629, 5629, 5629, 5629, 5629, 5629, 5629, 5629, 5629, 5629, 5629, 5629, 5629, 5629, 5629, 5629, 5629, 5629, 5629, 5629, 5629, 5629, 5629, 5629, 5629, 5629, 5629, 5629, 5629, 5629, 5629, 5629, 5629, 5629, 5629, 5629, 5629, 5629, 5629, 5629, 5629, 5629, 5629, 5629, 5629, 5629, 5629, 5629, 5629, 5629, 5629, 5629, 5629, 5629, 5629, 5629, 5629, 5629, 5629, 5629, 5629, 5629, 5629, 5629, 5629, 5629, 5629, 5629, 5629, 5629, 5629, 5629, 5629, 5629, 5629, 5629, 5629, 5629, 5629, 5629, 5629, 5629, 5629, 5629, 5629, 5629, 5629, 5629, 5629, 5629, 5629, 5629, 5629, 5629, 5629, 5629, 5629, 5629, 5629, 5629, 5629, 5629, 5629, 5629, 5629, 5629, 5629, 5629, 5629, 5629, 5629, 5629, 5629, 5629, 5629, 5629, 5629, 5629, 5629, 5629, 5629, 5629, 5629, 5629, 5629, 5629, 5629, 5629, 5629, 5629, 5629, 5629, 5629, 5629, 5629, 5629, 5629, 5629, 5629, 5629, 5629, 5629, 5629, 5629, 5629, 5629, 5629, 5629, 5629, 5629, 5629, 5629, 5629, 5629, 5629, 5629, 5629, 5629, 5629, 5629, 5629, 5629, 5629, 5629, 5629, 5629, 5629, 5629, 5629, 5629, 5629, 5629, 5629, 5629, 5629, 5629, 5629, 5629, 5629, 5629, 5629, 5629, 5629, 5629, 5629, 5629, 5629, 5629, 5629, 5629, 5629, 5629, 5629, 5629, 5629, 5629, 5629, 5629, 5629, 5629, 5629, 5629, 5629, 5629, 5629, 5629, 5629, 5629, 5629, 5629, 5629, 5629, 5629, 5629, 5629, 5629, 5629, 5629, 5629, 5629, 5629, 5629, 5629, 5629, 5629, 5629, 5629, 5629, 5629, 5629, 5629, 5629, 5629, 5629, 5629, 5629, 5629, 5629, 5629, 5629, 5629, 5629, 5629, 5629, 5629, 5629, 5629, 5629, 5629, 5629, 5629, 5629, 5629, 5629, 5629, 5629, 5629, 5629, 5629, 5629, 5629, 5629, 5629, 5629, 5629, 5629, 5629, 5629, 5629, 5629, 5629, 5629, 5629, 5629, 5629, 5629, 5629, 5629, 5629, 5629, 5629, 5629, 5629, 5629, 5629, 5629, 5629, 5629, 5629, 5629, 5629, 5629, 5629, 5629, 5629, 5629, 5629, 5629, 5629, 5629, 5629, 5629, 5629, 5629, 5629, 5629, 5629, 5629, 5629, 5629, 5629, 5629, 5629, 5629, 5629, 5629, 5629, 5629, 5629, 5629, 5629, 5629, 5629, 5629, 5629, 5629, 5629, 5629, 5629, 5629, 5629, 5629, 5629, 5629, 5629, 5629, 5629, 5629, 5629, 5629, 5629, 5629, 5629, 5629, 5629, 5629, 5629, 5629, 5629, 5629, 5629, 5629, 5629, 5629, 5629, 5629, 5629, 5629, 5629, 5629, 5629, 5629, 5629, 5629, 5629, 5629, 5629, 5629, 5629, 5629, 5629, 5629, 5629, 5629, 5629, 5629, 5629, 5629, 5629, 5629, 5629, 5629, 5629, 5629, 5629, 5629, 5629, 5629, 5629, 5629, 5629, 5629, 5629, 5629, 5629, 5629, 5629, 5629, 5629, 5629, 5629, 5629, 5629, 5629, 5629, 5629, 5629, 5629, 5629, 5629, 5629, 5629, 5629, 5629, 5629, 5629, 5629, 5629, 5629, 5629, 5629, 5629, 5629, 5629, 5629, 5629, 5629, 5629, 5629, 5629, 5629, 5629, 5629, 5629, 5629, 5629, 5629, 5629, 5629, 5629, 5629, 5629, 5629, 5629, 5629, 5629, 5629, 5629, 5629, 5629, 5629, 5629, 5629, 5629, 5629, 5629, 5629, 5629, 5629, 5629, 5629, 5629, 5629, 5629, 5629, 5629, 5629, 5629, 5629, 5629, 5629, 5629, 5629, 5629, 5629, 5629, 5629, 5629, 5629, 5629, 5629, 5629, 5629, 5629, 5629, 5629, 5629, 5629, 5629, 5629, 5629, 5629, 5629, 5629, 5629, 5629, 5629, 5629, 5629, 5629, 5629, 5629, 5629, 5629, 5629, 5629, 5629, 5629, 5629, 5629, 5629, 5629, 5629, 5629, 5629, 5629, 5629, 5629, 5629, 5629, 5629, 5629, 5629, 5629, 5629, 5629, 5629, 5629, 5629, 5629, 5629, 5629, 5629, 5629, 5629, 5629, 5629, 5629, 5629, 5629, 5629, 5629, 5629, 5629, 5629, 5629, 5629, 5629, 5629, 5629, 5629, 5629, 5629, 5629, 5629, 5629, 5629, 5629, 5629, 5629, 5629, 5629, 5629, 5629, 5629, 5629, 5629, 5629, 5629, 5629, 5629, 5629, 5629, 5629, 5629, 5629, 5629, 5629, 5629, 5629, 5629, 5629, 5629, 5629, 5629, 5629, 5629, 5629, 5629, 5629, 5629, 5629, 5629, 5629, 5629, 5629, 5629, 5629, 5629, 5629, 5629, 5629, 5629, 5629, 5629, 5629, 5629, 5629, 5629, 5629, 5629, 5629, 5629, 5629, 5629, 5629, 5629, 5629, 5629, 5629, 5629, 5629, 5629, 5629, 5629, 5629, 5629, 5629, 5629, 5629, 5629, 5629, 5629, 5629, 5629, 5629, 5629, 5629, 5629, 5629, 5629, 5629, 5629, 5629, 5629, 5629, 5629, 5629, 5629, 5629, 5629, 5629, 5629, 5629, 5629, 5629, 5629, 5629, 5629, 5629, 5629, 5629, 5629, 5629, 5629, 5629, 5629, 5629, 5629, 5629, 5629, 5629, 5629, 5629, 5629, 5629, 5629, 5629, 5629, 5629, 5629, 5629, 5629, 5629, 5629, 5629, 5629, 5629, 5629, 5629, 5629, 5629, 5629, 5629, 5629, 5629, 5629, 5629, 5629, 5629, 5629, 5629, 5629, 5629, 5629, 5629, 5629, 5629, 5629, 5629, 5629, 5629, 5629, 5629, 5629, 5629, 5629, 5629, 5629, 5629, 5629, 5629, 5629, 5629, 5629, 5629, 5629, 5629, 5629, 5629, 5629, 5629, 5629, 5629, 5629, 5629, 5629, 5629, 5629, 5629, 5629, 5629, 5629, 5629, 5629, 5629, 5629, 5629, 5629, 5629, 5629, 5629, 5629, 5629, 5629, 5629, 5629, 5629, 5629, 5629, 5629, 5629, 5629, 5629, 5629, 5629, 5629, 5629, 5629, 5629, 5629, 5629, 5629, 5629, 5629, 5629, 5629, 5629, 5629, 5629, 5629, 5629, 5629, 5629, 5629, 5629, 5629, 5629, 5629, 5629, 5629, 5629, 5629, 5629, 5629, 5629, 5629, 5629, 5629, 5629, 5629, 5629, 5629, 5629, 5629, 5629, 5629, 5629, 5629, 5629, 5629, 5629, 5629, 5629, 5629, 5629, 5629, 5629, 5629, 5629, 5629, 5629, 5629, 5629, 5629, 5629, 5629, 5629, 5629, 5629, 5629, 5629, 5629, 5629, 5629, 5629, 5629, 5629, 5629, 5629, 5629, 5629, 5629, 5629, 5629, 5629, 5629, 5629, 5629, 5629, 5629, 5629, 5629, 5629, 5629, 5629, 5629, 5629, 5629, 5629, 5629, 5629, 5629, 5629, 5629, 5629, 5629, 5629, 5629, 5629, 5629, 5629, 5629, 5629, 5629, 5629, 5629, 5629, 5629, 5629, 5629, 5629, 5629, 5629, 5629, 5629, 5629, 5629, 5629, 5629, 5629, 5629, 5629, 5629, 5629, 5629, 5629, 5629, 5629, 5629, 5629, 5629, 5629, 5629, 5629, 5629, 5629, 5629, 5629, 5629, 5629, 5629, 5629, 5629, 5629, 5629, 5629, 5629, 5629, 5629, 5629, 5629, 5629, 5629, 5629, 5629, 5629, 5629, 5629, 5629, 5629, 5629, 5629, 5629, 5629, 5629, 5629, 5629, 5629, 5629, 5629, 5629, 5629, 5629, 5629, 5629, 5629, 5629, 5629, 5629, 5629, 5629, 5629, 5629, 5629, 5629, 5629, 5629, 5629, 5629, 5629, 5629, 5629, 5629, 5629, 5629, 5629, 5629, 5629, 5629, 5629, 5629, 5629, 5629, 5629, 5629, 5629, 5629, 5629, 5629, 5629, 5629, 5629, 5629, 5629, 5629, 5629, 5629, 5629, 5629, 5629, 5629, 5629, 5629, 5629, 5629, 5629, 5629, 5629, 5629, 5629, 5629, 5629, 5629, 5629, 5629, 5629, 5629, 5629, 5629, 5629, 5629, 5629, 5629, 5629, 5629, 5629, 5629, 5629, 5629, 5629, 5629, 5629, 5629, 5629, 5629, 5629, 5629, 5629, 5629, 5629, 5629, 5629, 5629, 5629, 5629, 5629, 5629, 5629, 5629, 5629, 5629, 5629, 5629, 5629, 5629, 5629, 5629, 5629, 5629, 5629, 5629, 5629, 5629, 5629, 5629, 5629, 5629, 5629, 5629, 5629, 5629, 5629, 5629, 5629, 5629, 5629, 5629, 5629, 5629, 5629, 5629, 5629, 5629, 5629, 5629, 5629, 5629, 5629, 5629, 5629, 5629, 5629, 5629, 5629, 5629, 5629, 5629, 5629, 5629, 5629, 5629, 5629, 5629, 5629, 5629, 5629, 5629, 5629, 5629, 5629, 5629, 5629, 5629, 5629, 5629, 5629, 5629, 5629, 5629, 5629, 5629, 5629, 5629, 5629, 5629, 5629, 5629, 5629, 5629, 5629, 5629, 5629, 5629, 5629, 5629, 5629, 5629, 5629, 5629, 5629, 5629, 5629, 5629, 5629, 5629, 5629, 5629, 5629, 5629, 5629, 5629, 5629, 5629, 5629, 5629, 5629, 5629, 5629, 5629, 5629, 5629, 5629, 5629, 5629, 5629, 5629, 5629, 5629, 5629, 5629, 5629, 5629, 5629, 5629, 5629, 5629, 5629, 5629, 5629, 5629, 5629, 5629, 5629, 5629, 5629, 5629, 5629, 5629, 5629, 5629, 5629, 5629, 5629, 5629, 5629, 5629, 5629, 5629, 5629, 5629, 5629, 5629, 5629, 5629, 5629, 5629, 5629, 5629, 5629, 5629, 5629, 5629, 5629, 5629, 5629, 5629, 5629, 5629, 5629, 5629, 5629, 5629, 5629, 5629, 5629, 5629, 5629, 5629, 5629, 5629, 5629, 5629, 5629, 5629, 5629, 5629, 5629, 5629, 5629, 5629, 5629, 5629, 5629, 5629, 5629, 5629, 5629, 5629, 5629, 5629, 5629, 5629, 5629, 5629, 5629, 5629, 5629, 5629, 5629, 5629, 5629, 5629, 5629, 5629, 5629, 5629, 5629, 5629, 5629, 5629, 5629, 5629, 5629, 5629, 5629, 5629, 5629, 5629, 5629, 5629, 5629, 5629, 5629, 5629, 5629, 5629, 5629, 5629, 5629, 5629, 5629, 5629, 5629, 5629, 5629, 5629, 5629, 5629, 5629, 5629, 5629, 5629, 5629, 5629, 5629, 5629, 5629, 5629, 5629, 5629, 5629, 5629, 5629, 5629, 5629, 5629, 5629, 5629, 5629, 5629, 5629, 5629, 5629, 5629, 5629, 5629, 5629, 5629, 5629, 5629, 5629, 5629, 5629, 5629, 5629, 5629, 5629, 5629, 5629, 5629, 5629, 5629, 5629, 5629, 5629, 5629, 5629, 5629, 5629, 5629, 5629, 5629, 5629, 5629, 5629, 5629, 5629, 5629, 5629, 5629, 5629, 5629, 5629, 5629, 5629, 5629, 5629, 5629, 5629, 5629, 5629, 5629, 5629, 5629, 5629, 5629, 5629, 5629, 5629, 5629, 5629, 5629, 5629, 5629, 5629, 5629, 5629, 5629, 5629, 5629, 5629, 5629, 5629, 5629, 5629, 5629, 5629, 5629, 5629, 5629, 5629, 5629, 5629, 5629, 5629, 5629, 5629, 5629, 5629, 5629, 5629, 5629, 5629, 5629, 5629, 5629, 5629, 5629, 5629, 5629, 5629, 5629, 5629, 5629, 5629, 5629, 5629, 5629, 5629, 5629, 5629, 5629, 5629, 5629, 5629, 5629, 5629, 5629, 5629, 5629, 5629, 5629, 5629, 5629, 5629, 5629, 5629, 5629, 5629, 5629, 5629, 5629, 5629, 5629, 5629, 5629, 5629, 5629, 5629, 5629, 5629, 5629, 5629, 5629, 5629, 5629, 5629, 5629, 5629, 5629, 5629, 5629, 5629, 5629, 5629, 5629, 5629, 5629, 5629, 5629, 5629, 5629, 5629, 5629, 5629, 5629, 5629, 5629, 5629, 5629, 5629, 5629, 5629, 5629, 5629, 5629, 5629, 5629, 5629, 5629, 5629, 5629, 5629, 5629, 5629, 5629, 5629, 5629, 5629, 5629, 5629, 5629, 5629, 5629, 5629, 5629, 5629, 5629, 5629, 5629, 5629, 5629, 5629, 5629, 5629, 5629, 5629, 5629, 5629, 5629, 5629, 5629, 5629, 5629, 5629, 5629, 5629, 5629, 5629, 5629, 5629, 5629, 5629, 5629, 5629, 5629, 5629, 5629, 5629, 5629, 5629, 5629, 5629, 5629, 5629, 5629, 5629, 5629, 5629, 5629, 5629, 5629, 5629, 5629, 5629, 5629, 5629, 5629, 5629, 5629, 5629, 5629, 5629, 5629, 5629, 5629, 5629, 5629, 5629, 5629, 5629, 5629, 5629, 5629, 5629, 5629, 5629, 5629, 5629, 5629, 5629, 5629, 5629, 5629, 5629, 5629, 5629, 5629, 5629, 5629, 5629, 5629, 5629, 5629, 5629, 5629, 5629, 5629, 5629, 5629, 5629, 5629, 5629, 5629, 5629, 5629, 5629, 5629, 5629, 5629, 5629, 5629, 5629, 5629, 5629, 5629, 5629, 5629, 5629, 5629, 5629, 5629, 5629, 5629, 5629, 5629, 5629, 5629, 5629, 5629, 5629, 5629, 5629, 5629, 5629, 5629, 5620, 
Fitness promedio a lo largo del tiempo: 
21945, 17961, 15386, 11837, 10547, 8515, 7552, 7053, 7080, 7064, 7090, 6649, 6930, 7063, 7064, 6672, 6846, 6993, 6827, 6663, 6282, 6600, 6597, 6754, 6053, 6736, 6266, 6356, 6922, 6400, 6534, 6731, 6458, 6402, 6964, 7016, 7325, 6997, 6784, 6713, 6183, 6233, 6481, 6823, 6805, 6392, 6562, 6713, 6777, 6963, 6272, 6328, 6162, 6313, 6902, 6292, 6111, 6327, 6212, 6540, 6039, 5854, 6322, 5785, 5882, 5684, 5696, 5758, 5974, 5693, 5700, 5764, 5712, 6264, 5698, 5679, 5669, 5781, 5662, 5657, 5667, 5656, 5686, 5657, 5782, 5655, 5666, 5829, 5664, 5653, 5656, 5667, 5662, 5653, 5728, 5659, 5661, 5660, 5671, 5666, 5664, 5659, 5661, 5656, 5843, 5661, 5653, 5718, 5677, 5831, 5656, 5663, 5773, 5656, 5654, 5679, 5657, 5656, 5657, 5657, 5670, 5664, 5661, 5653, 5665, 5847, 5664, 5664, 5675, 5659, 5672, 5665, 5666, 5676, 5665, 5651, 5690, 5651, 5770, 5788, 5672, 6056, 5656, 5665, 5657, 5827, 5652, 5672, 5679, 5654, 5647, 5653, 5649, 5651, 5643, 5643, 5670, 5663, 5648, 5661, 5646, 5655, 5647, 5667, 5657, 5654, 5769, 5661, 5935, 5649, 5645, 5722, 5648, 5725, 5662, 5657, 5776, 5648, 5645, 5643, 5781, 5665, 5657, 5667, 5645, 5648, 5668, 5759, 5648, 5647, 5658, 5648, 5653, 5647, 5757, 5647, 5647, 5645, 5648, 5644, 5648, 5643, 5640, 5639, 5646, 5646, 5655, 5644, 5646, 5711, 5643, 5642, 5645, 5654, 5644, 5647, 5651, 5715, 5643, 5672, 5657, 5653, 5711, 5775, 5718, 5652, 5658, 5660, 5647, 5643, 5660, 5642, 5653, 5645, 5773, 5659, 5724, 5640, 5649, 5640, 5643, 5647, 5646, 5713, 5640, 5643, 5640, 5646, 5660, 5642, 5644, 5642, 5643, 5666, 5647, 5642, 5709, 5641, 5639, 5643, 5641, 5646, 5638, 5812, 5861, 5669, 5654, 5766, 5651, 5652, 5765, 5651, 5704, 5654, 5648, 5639, 5642, 5649, 5649, 5641, 5642, 5642, 5637, 5659, 5639, 5652, 5646, 5646, 5650, 5875, 5653, 5645, 5643, 5640, 5635, 5652, 5648, 5646, 5635, 5639, 5653, 5642, 5644, 5643, 6242, 5645, 5818, 5663, 5637, 5717, 5646, 5641, 5643, 5645, 5706, 5814, 5778, 5642, 5637, 5719, 5765, 5680, 5642, 5649, 5921, 5659, 5636, 5644, 5640, 5657, 5820, 5643, 5637, 5823, 5637, 5640, 5640, 5647, 5651, 5656, 5640, 5882, 5659, 5654, 5645, 5832, 5646, 5645, 5647, 5653, 5638, 5646, 5645, 5651, 5639, 5765, 5759, 5644, 5656, 5645, 5641, 5642, 5643, 5763, 5641, 5647, 5648, 5649, 5931, 5761, 5669, 5645, 5636, 5647, 5638, 5649, 5639, 5649, 5635, 5708, 5640, 5642, 5641, 5641, 5666, 5643, 5643, 5638, 5662, 5643, 5639, 5640, 5642, 5643, 5644, 5867, 5641, 5653, 5644, 5641, 5646, 5760, 5817, 5647, 5705, 5646, 5639, 5641, 5641, 5648, 5656, 5656, 5642, 5722, 5647, 5647, 5645, 5639, 5656, 5651, 5759, 5708, 5777, 5643, 5647, 5643, 5658, 5638, 5649, 5641, 5718, 5654, 5644, 5653, 5639, 5644, 5646, 5654, 5648, 5652, 5643, 5657, 5649, 5644, 5643, 5644, 5706, 5645, 5646, 5643, 5639, 5868, 5640, 5638, 5643, 5643, 5642, 5655, 5643, 5643, 5655, 5661, 5638, 5641, 5636, 5826, 5645, 5644, 5645, 5647, 5651, 5897, 5647, 5826, 5788, 5660, 5643, 5647, 5648, 5640, 5639, 5642, 5656, 5639, 5636, 5644, 5637, 5641, 5653, 5650, 5637, 5649, 5648, 5641, 5638, 5662, 5773, 5647, 5640, 5641, 5642, 5651, 5639, 5644, 5641, 5768, 5645, 5654, 5643, 5644, 5644, 5758, 5662, 5643, 5642, 5639, 5644, 5647, 5645, 5649, 5635, 5653, 5665, 5646, 5640, 5652, 5716, 5650, 5649, 5638, 5707, 5665, 5644, 5657, 5644, 5643, 5648, 5643, 5649, 5717, 5698, 5640, 5707, 5719, 5877, 5653, 5665, 5650, 5815, 5653, 5646, 5643, 5707, 5646, 5641, 5714, 5637, 5644, 5658, 5645, 5671, 5652, 5647, 5656, 5657, 5715, 5656, 5655, 5667, 5652, 5717, 5733, 5824, 5945, 5817, 5646, 5644, 5645, 5644, 5651, 5639, 5714, 5670, 5820, 5827, 5884, 5638, 5660, 5636, 5648, 5640, 5640, 5635, 5650, 5640, 5643, 5642, 5713, 5646, 5819, 5642, 5656, 5635, 5644, 5644, 5640, 5712, 5658, 5647, 5644, 5711, 5647, 5721, 5764, 5641, 6002, 5641, 5650, 5643, 5664, 5655, 5647, 5651, 5875, 5647, 5652, 5647, 5721, 5701, 5641, 5634, 5648, 6001, 5662, 5638, 5712, 5643, 5646, 5673, 6043, 5644, 5648, 5654, 5648, 5646, 5643, 5643, 5655, 5647, 5651, 5647, 5654, 5634, 5659, 5643, 5717, 5807, 5654, 5766, 5647, 5642, 5645, 5752, 5653, 5644, 6103, 5648, 5642, 5649, 5659, 5646, 5649, 5642, 5774, 5650, 5645, 5644, 5643, 5672, 5644, 5647, 5649, 5638, 5770, 5768, 5646, 5648, 5645, 5640, 5651, 5632, 5648, 5644, 5716, 5703, 5662, 5638, 5829, 5645, 5645, 5642, 5653, 5644, 5645, 5643, 5646, 5708, 5649, 5654, 5643, 5641, 5647, 5761, 5705, 5643, 5644, 5646, 5654, 5666, 5645, 5827, 5647, 5656, 5652, 5640, 5644, 5651, 5642, 5638, 5644, 5634, 5642, 5649, 5663, 5642, 5712, 5636, 5643, 5635, 5651, 5651, 5643, 5645, 5757, 5633, 5641, 5648, 5642, 5655, 5640, 5641, 5870, 5712, 5650, 5646, 5645, 5637, 5646, 5635, 5655, 5640, 5646, 5759, 5648, 5642, 5757, 5761, 5643, 5640, 5980, 5643, 5657, 5641, 5649, 5649, 5644, 5654, 5651, 5655, 5646, 5647, 5869, 5650, 5651, 5922, 5729, 5642, 5870, 5914, 5652, 5655, 5650, 5640, 5641, 5648, 5645, 5635, 5882, 5643, 5641, 5639, 5643, 5638, 5659, 5637, 5646, 5648, 5640, 5648, 5648, 5642, 5645, 5637, 5640, 5696, 5664, 5639, 5643, 5641, 5645, 5635, 5645, 5632, 5643, 5761, 5649, 5635, 5668, 5766, 5651, 5643, 5666, 5648, 5648, 5917, 5643, 5635, 5642, 5667, 5876, 5644, 5640, 5652, 5705, 5643, 5647, 5636, 5649, 5631, 5893, 5712, 5647, 5643, 5869, 5638, 5641, 5637, 5661, 5637, 5653, 5637, 5656, 5635, 5640, 5632, 5642, 5658, 5649, 5639, 5640, 5639, 5660, 5642, 5648, 5646, 5644, 5649, 5659, 5859, 5648, 5647, 5655, 5657, 5874, 5645, 5641, 5664, 5646, 5635, 5644, 5651, 5645, 5640, 5641, 5640, 5661, 5773, 5644, 5654, 5644, 5656, 5707, 5632, 5653, 5653, 5648, 5645, 5642, 5933, 5644, 5645, 5644, 5637, 5650, 5640, 5654, 5646, 5649, 5639, 5642, 5643, 5643, 5834, 5650, 5637, 5645, 5641, 5665, 5817, 5648, 5639, 5652, 5759, 5651, 5717, 5657, 5636, 5641, 5647, 5643, 5647, 5712, 5699, 5712, 5714, 5673, 5664, 5657, 5658, 5638, 5649, 5646, 5760, 6189, 5715, 5637, 5722, 5634, 5641, 5644, 5651, 5656, 5651, 5642, 5640, 5633, 5645, 5644, 5701, 5650, 5727, 5655, 5648, 5652, 5643, 5639, 5642, 5660, 5639, 5647, 5651, 5643, 5642, 5650, 5637, 5644, 5642, 5641, 5647, 5647, 5635, 5648, 5641, 5646, 5640, 5651, 5638, 5648, 5640, 5643, 5726, 5759, 5646, 5640, 5653, 5921, 5645, 5643, 5655, 5645, 5650, 5641, 5654, 5660, 5640, 5673, 5648, 5650, 5641, 5976, 5639, 5645, 5638, 5649, 5643, 5654, 5636, 5655, 5639, 5641, 5649, 5709, 5643, 5641, 5659, 5643, 5647, 5641, 6185, 5644, 5753, 5657, 5638, 5724, 5922, 5641, 5652, 5649, 5645, 5642, 5640, 5648, 5638, 5647, 5714, 5666, 5666, 5667, 5643, 5645, 5669, 5639, 5781, 5642, 5753, 5643, 5635, 5642, 5635, 5709, 5696, 5656, 5644, 5640, 5644, 5645, 5654, 5643, 6097, 5639, 5987, 5645, 5813, 5655, 5643, 5647, 5636, 5708, 5647, 5642, 5703, 5653, 5639, 5645, 5640, 5641, 5646, 5644, 5651, 5647, 5639, 5641, 5639, 5881, 5642, 5655, 5647, 5921, 5647, 5669, 5643, 5721, 5761, 5644, 5759, 5643, 5704, 5655, 5751, 5720, 5635, 5710, 5645, 5650, 5641, 5644, 5643, 5650, 5651, 5644, 5637, 5660, 5652, 5640, 5680, 5654, 5833, 5645, 5659, 5711, 5645, 5652, 5639, 5655, 5634, 5669, 5649, 5646, 5643, 5662, 5649, 5645, 5640, 5657, 5636, 5718, 5663, 5701, 5642, 5651, 5643, 5650, 5822, 5643, 5936, 5658, 5639, 5648, 5644, 5816, 5755, 5654, 5634, 5660, 5637, 5646, 5769, 5703, 5926, 5769, 5668, 5702, 5663, 5702, 5657, 5643, 5639, 5646, 5641, 5646, 5638, 5643, 5652, 5662, 5636, 5717, 5638, 5647, 5651, 5651, 5638, 5645, 5766, 5641, 5822, 5659, 5762, 5658, 5643, 5644, 5667, 5817, 5652, 5653, 5638, 5644, 5634, 5645, 5645, 5699, 5941, 5640, 5651, 5649, 5635, 5642, 5644, 5641, 5638, 5645, 5635, 5648, 5647, 5658, 5636, 5650, 5637, 5645, 5638, 5645, 5878, 5646, 5697, 5755, 5660, 5644, 5645, 5648, 5638, 5643, 5645, 5653, 5638, 5646, 5640, 5641, 5635, 5654, 5698, 5647, 5651, 5655, 5755, 5643, 5643, 5649, 5662, 5643, 5806, 5645, 5655, 5654, 5644, 5645, 5642, 5643, 5645, 5650, 5635, 5771, 5648, 5642, 5640, 5644, 5831, 5659, 5648, 5645, 5870, 5662, 5665, 5650, 5636, 5650, 5641, 5651, 5641, 5717, 5648, 5644, 5641, 5640, 5650, 5645, 5769, 5833, 5654, 5661, 5638, 5650, 5666, 5662, 5650, 5651, 5657, 5639, 5658, 5642, 5637, 5646, 5926, 5645, 5642, 5659, 5657, 6046, 5650, 5642, 5648, 5650, 5767, 5642, 5643, 5653, 5634, 5646, 5651, 5656, 5755, 5650, 5635, 5762, 5645, 5943, 5640, 5645, 5868, 5643, 5636, 5655, 5639, 5660, 5714, 5711, 5657, 5647, 5644, 5653, 5639, 5644, 5637, 5651, 5661, 5644, 5640, 5642, 5635, 5715, 5642, 5643, 5652, 5644, 5869, 5716, 5637, 5649, 5717, 5650, 5760, 5641, 5650, 5650, 5646, 5649, 5703, 5650, 5763, 5645, 5638, 5724, 5767, 5651, 5642, 5833, 5645, 5652, 5639, 5646, 6036, 5646, 5638, 5676, 5641, 5648, 5982, 5659, 5639, 5830, 5638, 5654, 5634, 5774, 5637, 5651, 5637, 5640, 5650, 5644, 5652, 5651, 5637, 5651, 5698, 5662, 5640, 5874, 5772, 5657, 5832, 5641, 5813, 5645, 5646, 5654, 5657, 5644, 5646, 5663, 5637, 5649, 5651, 5646, 5811, 5707, 5654, 5644, 5641, 5657, 5976, 5647, 5650, 5647, 5645, 5761, 5824, 5646, 5662, 5711, 5650, 5643, 5642, 5642, 5633, 5711, 5681, 5643, 5760, 5661, 5657, 5885, 5770, 5651, 5645, 5645, 5638, 5644, 5639, 5648, 5642, 5644, 5644, 5649, 5638, 5662, 5643, 5644, 5640, 5647, 5635, 5647, 5646, 5654, 5811, 5640, 5657, 5651, 5822, 6211, 5723, 5655, 5636, 5764, 5639, 5651, 5637, 5651, 5641, 5660, 5651, 5668, 5645, 5643, 5635, 5642, 5870, 5650, 5641, 5866, 5923, 5660, 5657, 5675, 5656, 5659, 6170, 5654, 5642, 5648, 5643, 5640, 5654, 5668, 5650, 5643, 6052, 5645, 5650, 5775, 5655, 5651, 5643, 5659, 5768, 5645, 5662, 5643, 5648, 5652, 5647, 5643, 5646, 5656, 5643, 5643, 5649, 5657, 5635, 5643, 5636, 5978, 5646, 5659, 5633, 5664, 5661, 5768, 5639, 5712, 5638, 5644, 5659, 5647, 5665, 5647, 5819, 5645, 5638, 5655, 5871, 5646, 5979, 5667, 5640, 5642, 5645, 5641, 5645, 5665, 5640, 5644, 5640, 5645, 5640, 5861, 5635, 5642, 5640, 5643, 5642, 5651, 5663, 5640, 5648, 5653, 5645, 5648, 5647, 5641, 5642, 5643, 5645, 5651, 5970, 5710, 5636, 5645, 5668, 5640, 5763, 5648, 5696, 5712, 5641, 5657, 5653, 5640, 5639, 5651, 5647, 5705, 5637, 5653, 5646, 5644, 5645, 5668, 5660, 5653, 5636, 5643, 5658, 5671, 5639, 5659, 5640, 5640, 5775, 5657, 5656, 5831, 5804, 5925, 5649, 5645, 5642, 5653, 5652, 5819, 5645, 5665, 5647, 5658, 5671, 5647, 5636, 5653, 5639, 5649, 5644, 5653, 5641, 5719, 5637, 5644, 5641, 5641, 5632, 5824, 5635, 5649, 5650, 5648, 5653, 5647, 5642, 5648, 5650, 5647, 5659, 5652, 5643, 5883, 5638, 5644, 5647, 5647, 5635, 5643, 5638, 5650, 5646, 5651, 5657, 5647, 5643, 5653, 5650, 5641, 5654, 5665, 6172, 5654, 5877, 5652, 5648, 5773, 5641, 5884, 5652, 5649, 5645, 5642, 5644, 5643, 5639, 5640, 5638, 5822, 5641, 5728, 5637, 5648, 5655, 5660, 5641, 5764, 5805, 5647, 5645, 5641, 5646, 5643, 5705, 5660, 5643, 5642, 5650, 5766, 5646, 5643, 5641, 5643, 5708, 5651, 5637, 5646, 5655, 5671, 5645, 5659, 5641, 5660, 5645, 5640, 5638, 5650, 5653, 5646, 5653, 5656, 5755, 5649, 5637, 5655, 5639, 5642, 5708, 5653, 5647, 5652, 5705, 5718, 5641, 5649, 5636, 5647, 5644, 5647, 5638, 5655, 5641, 5650, 5642, 5654, 5719, 5647, 5824, 5659, 5641, 5647, 5818, 5646, 5636, 5654, 5646, 5644, 5638, 5662, 5636, 5658, 5635, 5654, 5638, 5714, 5638, 5643, 5640, 5642, 5698, 5651, 5644, 5662, 5645, 5645, 5639, 5641, 5647, 5666, 5639, 5644, 5978, 5642, 5640, 5642, 5708, 5652, 5642, 5645, 5657, 5654, 5648, 5661, 5644, 5640, 5637, 5644, 5656, 5643, 5867, 5653, 5644, 5767, 5652, 5652, 5643, 5652, 5933, 5646, 5654, 6147, 5653, 5653, 5635, 5661, 5652, 5652, 5770, 5652, 5647, 5655, 5639, 5648, 5642, 5643, 5639, 5646, 5643, 5647, 5638, 5873, 5647, 5671, 5646, 5649, 5643, 5659, 5976, 5645, 5650, 5638, 5638, 5671, 5641, 5659, 5649, 5647, 5646, 5652, 5650, 5825, 5655, 5649, 5819, 5661, 5636, 5648, 5643, 5654, 5648, 5643, 5814, 5653, 5643, 5700, 5879, 5657, 5660, 5658, 5653, 5646, 5642, 5674, 5650, 5653, 5655, 5643, 5647, 5647, 5638, 5643, 5641, 5644, 5768, 5651, 5650, 5647, 5641, 5648, 6022, 5667, 5644, 5644, 5646, 5713, 5645, 5651, 5644, 5641, 5633, 5645, 5645, 5644, 5645, 5643, 5647, 5646, 5644, 5641, 5750, 5671, 5702, 5667, 5637, 5643, 5635, 5655, 5640, 5866, 5635, 5649, 5816, 5647, 5712, 5642, 5653, 5664, 5640, 5654, 5642, 5828, 5650, 5645, 5638, 5645, 5928, 5658, 5700, 5723, 5641, 5712, 5642, 5640, 5647, 5644, 5639, 5649, 5636, 5640, 5762, 5649, 5639, 5645, 5716, 5775, 5639, 5641, 5631, 5649, 5638, 5647, 5816, 5648, 5806, 5721, 5659, 5658, 5634, 5644, 5648, 5649, 5637, 5718, 5632, 5657, 5700, 5717, 5639, 5640, 5638, 5642, 5656, 5644, 5643, 5648, 5637, 5641, 5653, 5647, 5646, 5666, 5641, 5658, 5969, 5651, 5652, 5808, 5761, 5643, 5641, 5650, 5634, 5641, 5635, 5643, 5648, 5723, 5643, 5772, 5750, 5649, 5636, 5716, 5640, 5647, 5869, 5645, 5708, 5644, 5651, 5643, 5642, 5765, 5655, 5643, 5641, 5647, 5651, 5647, 5709, 5643, 5638, 5655, 5649, 5648, 5648, 5647, 5644, 5721, 5646, 5758, 5636, 5649, 5636, 5642, 5645, 5658, 5704, 5643, 5645, 5659, 5643, 5643, 5664, 5716, 5717, 5661, 5924, 5643, 5636, 5644, 5640, 5648, 5720, 5643, 5711, 5646, 5652, 5640, 5647, 5716, 5662, 5639, 5938, 5645, 5654, 5641, 5664, 5660, 5647, 5636, 5645, 5718, 5650, 5636, 5653, 5647, 5644, 5637, 6031, 5640, 5757, 5883, 5649, 5973, 5652, 5642, 6038, 5719, 5649, 5645, 5664, 5644, 5647, 5638, 5764, 5649, 5713, 5662, 5649, 5644, 5646, 5632, 5645, 5657, 5641, 5711, 5645, 5643, 5646, 5638, 5646, 5633, 5642, 5816, 5640, 5655, 5645, 5639, 5644, 5634, 5657, 5636, 5650, 5638, 5642, 5660, 5644, 5643, 5642, 5649, 5650, 5715, 5643, 5654, 5656, 5640, 5643, 5641, 5640, 5641, 5642, 5659, 5646, 5654, 5644, 5636, 5827, 5642, 5649, 5643, 5661, 5865, 5643, 5652, 5661, 5636, 5784, 5985, 5658, 5755, 5767, 5816, 5716, 6023, 5978, 5977, 5759, 5766, 5650, 5647, 5642, 5715, 5656, 5646, 5641, 5919, 5641, 5810, 5669, 5753, 5651, 5658, 5650, 5758, 5706, 5644, 5648, 5648, 5642, 5642, 5659, 5761, 5652, 5643, 5644, 5653, 5641, 5636, 5659, 5641, 5653, 5640, 5646, 5637, 5653, 5639, 5646, 5644, 5671, 5653, 5650, 5651, 5976, 5638, 5642, 5654, 5646, 5671, 5643, 5638, 5645, 5642, 5643, 5639, 5642, 5825, 5646, 5639, 5652, 5643, 5648, 5636, 5656, 5647, 5642, 5661, 5650, 5634, 5647, 5633, 5771, 5639, 5641, 5653, 5642, 5640, 5645, 5636, 5658, 5698, 5987, 5708, 5656, 5639, 5645, 5648, 5646, 5641, 5643, 5642, 5645, 5825, 5647, 5640, 5819, 5923, 5641, 5647, 5643, 5809, 5659, 5636, 5648, 5636, 5653, 5716, 5658, 5647, 5643, 5646, 5651, 5636, 5648, 5656, 5648, 5732, 5646, 5641, 5667, 5639, 5673, 5638, 5776, 5650, 5652, 5642, 5659, 5653, 5652, 5814, 5655, 5647, 5653, 5644, 5886, 5637, 5773, 5640, 5662, 5641, 5664, 5639, 5641, 5647, 5648, 5820, 5650, 5634, 5923, 5644, 5641, 5641, 5652, 5637, 5644, 5634, 5673, 5644, 5660, 5638, 5818, 5639, 5647, 5639, 5705, 5642, 5652, 5639, 5727, 5668, 5640, 5646, 5675, 5642, 5657, 5650, 5642, 5634, 5641, 5640, 5644, 5640, 5644, 5632, 5640, 5641, 5658, 5637, 5645, 5640, 5652, 5925, 5656, 5694, 5652, 5997, 5648, 5651, 5656, 5640, 5644, 5662, 5645, 5643, 5649, 5645, 5647, 5635, 5655, 5643, 5659, 5650, 5715, 5641, 5640, 5661, 5779, 5638, 5646, 5653, 5653, 5638, 5650, 5641, 5826, 5640, 5644, 5642, 5640, 5639, 5659, 5729, 5650, 5645, 5648, 5639, 5644, 5657, 5646, 5637, 5707, 5636, 5676, 5652, 5817, 5670, 5921, 5632, 5657, 5642, 5646, 5706, 5645, 5648, 5645, 5638, 5645, 5637, 5650, 5923, 5649, 5869, 5647, 5638, 5646, 5634, 5648, 5638, 5656, 5637, 5656, 5636, 5648, 5646, 5656, 5650, 5645, 5636, 5644, 5703, 5874, 5657, 5655, 5654, 5778, 5634, 5645, 5639, 5642, 5649, 5643, 5637, 5642, 5763, 5776, 5642, 5645, 5649, 5650, 5639, 5659, 5758, 5653, 5648, 5714, 5644, 5646, 5654, 5878, 5756, 5653, 5646, 5721, 5658, 5665, 5650, 5652, 5642, 5643, 5640, 5756, 5636, 5648, 5932, 5650, 5647, 5641, 5649, 5821, 5654, 5649, 5658, 5644, 5640, 5647, 5640, 5641, 5645, 5711, 5645, 5714, 5812, 5663, 5637, 5663, 5639, 5658, 5665, 5677, 5709, 5644, 5646, 5718, 5652, 5708, 5649, 5648, 5655, 5656, 5644, 5661, 5664, 5710, 5645, 5655, 5756, 5932, 5653, 5662, 5636, 5644, 5637, 5762, 5634, 5640, 5655, 5658, 5771, 5641, 5638, 5644, 5645, 5659, 5645, 5660, 5659, 5645, 5637, 5661, 5708, 5646, 5646, 5645, 5864, 5640, 5643, 5645, 5639, 5646, 5643, 5673, 5642, 5663, 5648, 5641, 5638, 5644, 5640, 5877, 5661, 5714, 5873, 5652, 5640, 5643, 5636, 5658, 5641, 5783, 5652, 5764, 5636, 5648, 5657, 5648, 5644, 5766, 5642, 5648, 5633, 5640, 5642, 5656, 5718, 5642, 5642, 5645, 5648, 5642, 5861, 5643, 5643, 5651, 5645, 5651, 5644, 5726, 5645, 5654, 5635, 5667, 5666, 5828, 5661, 5649, 5653, 5658, 5867, 5990, 5705, 5657, 5938, 5655, 5639, 5658, 5645, 5645, 5641, 5655, 5637, 5651, 5654, 5651, 5646, 5648, 5658, 5647, 5827, 5700, 5647, 5641, 5647, 5646, 5656, 5763, 5654, 5654, 5640, 5873, 5643, 5642, 5722, 5641, 5649, 5652, 5639, 5648, 5648, 5641, 5641, 5652, 5635, 5645, 5648, 5719, 5756, 5646, 5753, 5640, 5645, 5664, 5636, 5646, 5654, 5650, 5646, 5647, 5703, 5643, 5648, 5643, 5645, 5644, 5651, 5642, 5648, 5642, 5641, 5934, 5660, 5753, 5640, 5636, 5644, 5755, 5641, 5633, 5643, 5640, 5646, 5639, 5719, 5638, 5869, 5646, 5642, 5647, 6304, 5643, 5640, 5642, 5651, 5646, 5704, 5644, 5646, 5837, 5648, 5713, 5719, 5639, 5649, 5771, 5667, 5657, 5655, 5645, 5645, 5708, 5656, 5759, 5648, 5756, 5644, 5643, 5934, 6089, 5714, 5640, 5642, 5665, 5642, 5770, 5650, 5641, 5647, 5641, 5640, 5639, 5643, 5649, 5647, 5639, 5648, 5652, 5643, 5655, 5656, 5638, 5648, 5753, 5649, 5649, 5660, 5652, 5821, 5666, 5882, 5640, 5660, 5702, 5658, 5651, 5671, 5982, 5646, 6088, 5649, 5641, 5822, 5634, 5642, 5633, 5652, 5641, 5650, 5660, 5710, 5667, 5668, 5711, 5665, 5764, 5763, 5639, 5644, 5660, 
Mejor solucion obtenida: 0, 4, 16, 15, 18, 19, 20, 17, 14, 12, 13, 33, 34, 32, 31, 10, 11, 9, 8, 5, 7, 6, 30, 29, 27, 28, 3, 2, 1, 36, 37, 38, 39, 40, 41, 42, 26, 25, 24, 21, 22, 23, 35, || Fitness: 5620;