61.042000, 5624, 5630, 10000, 90000, 3000, 10000, 50, 0, 0, 1
53.578000, 5624, 5631, 10000, 85000, 3000, 10000, 50, 0, 0, 1
48.850000, 5627, 5709, 10000, 80000, 3000, 10000, 50, 0, 0, 1
44.128000, 5635, 6070, 10000, 75000, 3000, 10000, 50, 0, 0, 1
39.811000, 5621, 5730, 10000, 70000, 3000, 10000, 50, 0, 0, 1
59.387000, 5624, 5635, 10000, 90000, 8000, 10000, 50, 0, 0, 1
53.114000, 5627, 5831, 10000, 85000, 8000, 10000, 50, 0, 0, 1
48.457000, 5634, 5952, 10000, 80000, 8000, 10000, 50, 0, 0, 1
7.070000, 5620, 6049, 1608, 75000, 8000, 10000, 50, 0, 0, 1
39.381000, 5623, 5788, 10000, 70000, 8000, 10000, 50, 0, 0, 1
34.108000, 5620, 5646, 5790, 90000, 13000, 10000, 50, 0, 0, 1
52.899000, 5626, 5799, 10000, 85000, 13000, 10000, 50, 0, 0, 1
48.868000, 5625, 5657, 10000, 80000, 13000, 10000, 50, 0, 0, 1
43.878000, 5622, 5877, 10000, 75000, 13000, 10000, 50, 0, 0, 1
39.624000, 5624, 6201, 10000, 70000, 13000, 10000, 50, 0, 0, 1
59.326000, 5623, 5639, 10000, 90000, 18000, 10000, 50, 0, 0, 1
53.426000, 5622, 5772, 10000, 85000, 18000, 10000, 50, 0, 0, 1
48.425000, 5630, 6383, 10000, 80000, 18000, 10000, 50, 0, 0, 1
43.851000, 5628, 6009, 10000, 75000, 18000, 10000, 50, 0, 0, 1
39.694000, 5622, 5670, 10000, 70000, 18000, 10000, 50, 0, 0, 1
58.935000, 5625, 5937, 10000, 90000, 23000, 10000, 50, 0, 0, 1
53.332000, 5622, 5663, 10000, 85000, 23000, 10000, 50, 0, 0, 1
48.238000, 5622, 5660, 10000, 80000, 23000, 10000, 50, 0, 0, 1
46.279000, 5624, 5667, 10000, 75000, 23000, 10000, 50, 0, 0, 1
39.892000, 5627, 6504, 10000, 70000, 23000, 10000, 50, 0, 0, 1
59.489000, 5626, 5655, 10000, 90000, 3000, 15000, 50, 0, 0, 1
53.634000, 5630, 5725, 10000, 85000, 3000, 15000, 50, 0, 0, 1
48.502000, 5627, 5652, 10000, 80000, 3000, 15000, 50, 0, 0, 1
44.612000, 5622, 6431, 10000, 75000, 3000, 15000, 50, 0, 0, 1
42.156000, 5627, 5848, 10000, 70000, 3000, 15000, 50, 0, 0, 1
61.945000, 5622, 5638, 10000, 90000, 8000, 15000, 50, 0, 0, 1
54.829000, 5624, 5667, 10000, 85000, 8000, 15000, 50, 0, 0, 1
50.122000, 5622, 5726, 10000, 80000, 8000, 15000, 50, 0, 0, 1
45.385000, 5624, 5891, 10000, 75000, 8000, 15000, 50, 0, 0, 1
41.275000, 5631, 5968, 10000, 70000, 8000, 15000, 50, 0, 0, 1
59.558000, 5625, 5647, 10000, 90000, 13000, 15000, 50, 0, 0, 1
54.246000, 5627, 5633, 10000, 85000, 13000, 15000, 50, 0, 0, 1
51.614000, 5626, 5743, 10000, 80000, 13000, 15000, 50, 0, 0, 1
44.744000, 5622, 5649, 10000, 75000, 13000, 15000, 50, 0, 0, 1
40.259000, 5622, 6188, 10000, 70000, 13000, 15000, 50, 0, 0, 1
60.585000, 5623, 5929, 10000, 90000, 18000, 15000, 50, 0, 0, 1
56.108000, 5626, 6054, 10000, 85000, 18000, 15000, 50, 0, 0, 1
50.947000, 5630, 5664, 10000, 80000, 18000, 15000, 50, 0, 0, 1
44.956000, 5621, 5804, 10000, 75000, 18000, 15000, 50, 0, 0, 1
39.905000, 5622, 7032, 10000, 70000, 18000, 15000, 50, 0, 0, 1
59.495000, 5631, 5901, 10000, 90000, 23000, 15000, 50, 0, 0, 1
53.280000, 5624, 5668, 10000, 85000, 23000, 15000, 50, 0, 0, 1
48.884000, 5628, 5696, 10000, 80000, 23000, 15000, 50, 0, 0, 1
44.628000, 5625, 6693, 10000, 75000, 23000, 15000, 50, 0, 0, 1
40.696000, 5627, 5703, 10000, 70000, 23000, 15000, 50, 0, 0, 1
60.105000, 5622, 5627, 10000, 90000, 3000, 20000, 50, 0, 0, 1
53.729000, 5624, 5710, 10000, 85000, 3000, 20000, 50, 0, 0, 1
48.777000, 5622, 6042, 10000, 80000, 3000, 20000, 50, 0, 0, 1
43.664000, 5626, 6280, 10000, 75000, 3000, 20000, 50, 0, 0, 1
9.153000, 5620, 6371, 2292, 70000, 3000, 20000, 50, 0, 0, 1
5.124000, 5620, 5630, 864, 90000, 8000, 20000, 50, 0, 0, 1
53.531000, 5623, 5926, 10000, 85000, 8000, 20000, 50, 0, 0, 1
48.868000, 5621, 5780, 10000, 80000, 8000, 20000, 50, 0, 0, 1
43.945000, 5631, 6184, 10000, 75000, 8000, 20000, 50, 0, 0, 1
40.088000, 5622, 5678, 10000, 70000, 8000, 20000, 50, 0, 0, 1
59.800000, 5622, 5824, 10000, 90000, 13000, 20000, 50, 0, 0, 1
53.950000, 5622, 5858, 10000, 85000, 13000, 20000, 50, 0, 0, 1
51.548000, 5627, 6572, 10000, 80000, 13000, 20000, 50, 0, 0, 1
45.439000, 5624, 6121, 10000, 75000, 13000, 20000, 50, 0, 0, 1
40.645000, 5631, 6238, 10000, 70000, 13000, 20000, 50, 0, 0, 1
59.966000, 5621, 5653, 10000, 90000, 18000, 20000, 50, 0, 0, 1
54.713000, 5630, 5671, 10000, 85000, 18000, 20000, 50, 0, 0, 1
48.649000, 5623, 5676, 10000, 80000, 18000, 20000, 50, 0, 0, 1
44.215000, 5623, 5911, 10000, 75000, 18000, 20000, 50, 0, 0, 1
40.279000, 5624, 6080, 10000, 70000, 18000, 20000, 50, 0, 0, 1
59.867000, 5622, 5649, 10000, 90000, 23000, 20000, 50, 0, 0, 1
54.026000, 5622, 6059, 10000, 85000, 23000, 20000, 50, 0, 0, 1
48.858000, 5622, 6877, 10000, 80000, 23000, 20000, 50, 0, 0, 1
44.241000, 5622, 5681, 10000, 75000, 23000, 20000, 50, 0, 0, 1
40.748000, 5629, 6473, 10000, 70000, 23000, 20000, 50, 0, 0, 1
60.874000, 5623, 5642, 10000, 90000, 3000, 25000, 50, 0, 0, 1
55.250000, 5624, 5828, 10000, 85000, 3000, 25000, 50, 0, 0, 1
50.726000, 5627, 5766, 10000, 80000, 3000, 25000, 50, 0, 0, 1
44.537000, 5634, 5670, 10000, 75000, 3000, 25000, 50, 0, 0, 1
42.833000, 5622, 5702, 10000, 70000, 3000, 25000, 50, 0, 0, 1
62.704000, 5632, 5638, 10000, 90000, 8000, 25000, 50, 0, 0, 1
57.003000, 5626, 5641, 10000, 85000, 8000, 25000, 50, 0, 0, 1
52.181000, 5624, 6660, 10000, 80000, 8000, 25000, 50, 0, 0, 1
47.213000, 5621, 5667, 10000, 75000, 8000, 25000, 50, 0, 0, 1
42.119000, 5622, 7244, 10000, 70000, 8000, 25000, 50, 0, 0, 1
63.631000, 5623, 5827, 10000, 90000, 13000, 25000, 50, 0, 0, 1
57.714000, 5622, 5822, 10000, 85000, 13000, 25000, 50, 0, 0, 1
51.761000, 5621, 6353, 10000, 80000, 13000, 25000, 50, 0, 0, 1
46.395000, 5623, 5676, 10000, 75000, 13000, 25000, 50, 0, 0, 1
41.802000, 5628, 5766, 10000, 70000, 13000, 25000, 50, 0, 0, 1
62.466000, 5626, 5639, 10000, 90000, 18000, 25000, 50, 0, 0, 1
55.591000, 5627, 5669, 10000, 85000, 18000, 25000, 50, 0, 0, 1
50.787000, 5624, 5670, 10000, 80000, 18000, 25000, 50, 0, 0, 1
46.057000, 5625, 6167, 10000, 75000, 18000, 25000, 50, 0, 0, 1
42.455000, 5622, 6127, 10000, 70000, 18000, 25000, 50, 0, 0, 1
60.484000, 5628, 5944, 10000, 90000, 23000, 25000, 50, 0, 0, 1
54.184000, 5632, 5667, 10000, 85000, 23000, 25000, 50, 0, 0, 1
49.260000, 5625, 6749, 10000, 80000, 23000, 25000, 50, 0, 0, 1
46.412000, 5623, 5852, 10000, 75000, 23000, 25000, 50, 0, 0, 1
39.875000, 5623, 6441, 10000, 70000, 23000, 25000, 50, 0, 0, 1
59.808000, 5624, 5626, 10000, 90000, 3000, 30000, 50, 0, 0, 1
53.709000, 5625, 5643, 10000, 85000, 3000, 30000, 50, 0, 0, 1
44.676000, 5620, 5666, 9127, 80000, 3000, 30000, 50, 0, 0, 1
44.099000, 5622, 5669, 10000, 75000, 3000, 30000, 50, 0, 0, 1
40.610000, 5622, 6377, 10000, 70000, 3000, 30000, 50, 0, 0, 1
11.036000, 5620, 5636, 1855, 90000, 8000, 30000, 50, 0, 0, 1
54.064000, 5629, 5941, 10000, 85000, 8000, 30000, 50, 0, 0, 1
48.978000, 5623, 5891, 10000, 80000, 8000, 30000, 50, 0, 0, 1
2.033000, 5620, 5701, 461, 75000, 8000, 30000, 50, 0, 0, 1
40.635000, 5624, 5709, 10000, 70000, 8000, 30000, 50, 0, 0, 1
60.737000, 5625, 5994, 10000, 90000, 13000, 30000, 50, 0, 0, 1
56.537000, 5625, 6115, 10000, 85000, 13000, 30000, 50, 0, 0, 1
49.131000, 5630, 6391, 10000, 80000, 13000, 30000, 50, 0, 0, 1
44.208000, 5623, 5918, 10000, 75000, 13000, 30000, 50, 0, 0, 1
40.487000, 5627, 6730, 10000, 70000, 13000, 30000, 50, 0, 0, 1
59.816000, 5623, 5643, 10000, 90000, 18000, 30000, 50, 0, 0, 1
54.879000, 5625, 5659, 10000, 85000, 18000, 30000, 50, 0, 0, 1
49.660000, 5622, 6496, 10000, 80000, 18000, 30000, 50, 0, 0, 1
47.986000, 5621, 6128, 10000, 75000, 18000, 30000, 50, 0, 0, 1
42.861000, 5624, 6518, 10000, 70000, 18000, 30000, 50, 0, 0, 1
61.507000, 5627, 5686, 10000, 90000, 23000, 30000, 50, 0, 0, 1
55.298000, 5622, 5668, 10000, 85000, 23000, 30000, 50, 0, 0, 1
21.908000, 5620, 6276, 4433, 80000, 23000, 30000, 50, 0, 0, 1
44.465000, 5624, 5780, 10000, 75000, 23000, 30000, 50, 0, 0, 1
40.590000, 5627, 5855, 10000, 70000, 23000, 30000, 50, 0, 0, 1
60.015000, 5621, 5701, 10000, 90000, 3000, 10000, 60, 0, 0, 1
53.770000, 5628, 6317, 10000, 85000, 3000, 10000, 60, 0, 0, 1
49.151000, 5625, 5654, 10000, 80000, 3000, 10000, 60, 0, 0, 1
44.337000, 5623, 6232, 10000, 75000, 3000, 10000, 60, 0, 0, 1
40.723000, 5625, 6216, 10000, 70000, 3000, 10000, 60, 0, 0, 1
59.700000, 5626, 5641, 10000, 90000, 8000, 10000, 60, 0, 0, 1
54.656000, 5628, 5661, 10000, 85000, 8000, 10000, 60, 0, 0, 1
49.640000, 5631, 5829, 10000, 80000, 8000, 10000, 60, 0, 0, 1
44.404000, 5629, 5949, 10000, 75000, 8000, 10000, 60, 0, 0, 1
40.127000, 5624, 6175, 10000, 70000, 8000, 10000, 60, 0, 0, 1
59.121000, 5631, 5643, 10000, 90000, 13000, 10000, 60, 0, 0, 1
53.794000, 5623, 5639, 10000, 85000, 13000, 10000, 60, 0, 0, 1
50.516000, 5637, 5659, 10000, 80000, 13000, 10000, 60, 0, 0, 1
45.108000, 5628, 6318, 10000, 75000, 13000, 10000, 60, 0, 0, 1
41.434000, 5623, 6863, 10000, 70000, 13000, 10000, 60, 0, 0, 1
65.383000, 5622, 5646, 10000, 90000, 18000, 10000, 60, 0, 0, 1
54.900000, 5622, 5980, 10000, 85000, 18000, 10000, 60, 0, 0, 1
49.434000, 5622, 5829, 10000, 80000, 18000, 10000, 60, 0, 0, 1
45.857000, 5624, 6209, 10000, 75000, 18000, 10000, 60, 0, 0, 1
40.476000, 5627, 6000, 10000, 70000, 18000, 10000, 60, 0, 0, 1
61.740000, 5625, 5838, 10000, 90000, 23000, 10000, 60, 0, 0, 1
54.554000, 5623, 5703, 10000, 85000, 23000, 10000, 60, 0, 0, 1
49.069000, 5623, 6113, 10000, 80000, 23000, 10000, 60, 0, 0, 1
44.262000, 5625, 6381, 10000, 75000, 23000, 10000, 60, 0, 0, 1
40.385000, 5621, 6670, 10000, 70000, 23000, 10000, 60, 0, 0, 1
59.814000, 5622, 5665, 10000, 90000, 3000, 15000, 60, 0, 0, 1
53.963000, 5622, 5634, 10000, 85000, 3000, 15000, 60, 0, 0, 1
50.116000, 5624, 5670, 10000, 80000, 3000, 15000, 60, 0, 0, 1
45.323000, 5622, 6109, 10000, 75000, 3000, 15000, 60, 0, 0, 1
41.252000, 5628, 5914, 10000, 70000, 3000, 15000, 60, 0, 0, 1
62.966000, 5622, 5634, 10000, 90000, 8000, 15000, 60, 0, 0, 1
55.958000, 5623, 5647, 10000, 85000, 8000, 15000, 60, 0, 0, 1
49.531000, 5622, 5730, 10000, 80000, 8000, 15000, 60, 0, 0, 1
45.070000, 5622, 6066, 10000, 75000, 8000, 15000, 60, 0, 0, 1
40.973000, 5624, 5668, 10000, 70000, 8000, 15000, 60, 0, 0, 1
60.633000, 5624, 5641, 10000, 90000, 13000, 15000, 60, 0, 0, 1
54.854000, 5628, 5647, 10000, 85000, 13000, 15000, 60, 0, 0, 1
49.462000, 5628, 6089, 10000, 80000, 13000, 15000, 60, 0, 0, 1
44.996000, 5626, 5685, 10000, 75000, 13000, 15000, 60, 0, 0, 1
40.746000, 5622, 5797, 10000, 70000, 13000, 15000, 60, 0, 0, 1
60.470000, 5624, 5645, 10000, 90000, 18000, 15000, 60, 0, 0, 1
54.481000, 5622, 5653, 10000, 85000, 18000, 15000, 60, 0, 0, 1
49.549000, 5622, 5844, 10000, 80000, 18000, 15000, 60, 0, 0, 1
14.032000, 5620, 5893, 3138, 75000, 18000, 15000, 60, 0, 0, 1
39.906000, 5632, 5966, 10000, 70000, 18000, 15000, 60, 0, 0, 1
59.661000, 5624, 5886, 10000, 90000, 23000, 15000, 60, 0, 0, 1
40.756000, 5620, 5660, 7477, 85000, 23000, 15000, 60, 0, 0, 1
49.781000, 5626, 5660, 10000, 80000, 23000, 15000, 60, 0, 0, 1
47.607000, 5625, 6110, 10000, 75000, 23000, 15000, 60, 0, 0, 1
40.492000, 5624, 6506, 10000, 70000, 23000, 15000, 60, 0, 0, 1
60.395000, 5631, 5642, 10000, 90000, 3000, 20000, 60, 0, 0, 1
54.771000, 5627, 5709, 10000, 85000, 3000, 20000, 60, 0, 0, 1
51.443000, 5622, 6045, 10000, 80000, 3000, 20000, 60, 0, 0, 1
49.177000, 5628, 6064, 10000, 75000, 3000, 20000, 60, 0, 0, 1
41.899000, 5622, 5845, 10000, 70000, 3000, 20000, 60, 0, 0, 1
60.135000, 5624, 5828, 10000, 90000, 8000, 20000, 60, 0, 0, 1
53.979000, 5627, 5645, 10000, 85000, 8000, 20000, 60, 0, 0, 1
50.203000, 5622, 5654, 10000, 80000, 8000, 20000, 60, 0, 0, 1
45.086000, 5622, 6116, 10000, 75000, 8000, 20000, 60, 0, 0, 1
40.856000, 5625, 6271, 10000, 70000, 8000, 20000, 60, 0, 0, 1
62.684000, 5630, 5642, 10000, 90000, 13000, 20000, 60, 0, 0, 1
56.100000, 5626, 5889, 10000, 85000, 13000, 20000, 60, 0, 0, 1
50.173000, 5628, 6046, 10000, 80000, 13000, 20000, 60, 0, 0, 1
44.798000, 5622, 5687, 10000, 75000, 13000, 20000, 60, 0, 0, 1
41.060000, 5621, 6345, 10000, 70000, 13000, 20000, 60, 0, 0, 1
62.574000, 5631, 5944, 10000, 90000, 18000, 20000, 60, 0, 0, 1
57.494000, 5623, 5676, 10000, 85000, 18000, 20000, 60, 0, 0, 1
52.294000, 5623, 5662, 10000, 80000, 18000, 20000, 60, 0, 0, 1
46.921000, 5623, 6382, 10000, 75000, 18000, 20000, 60, 0, 0, 1
41.254000, 5623, 6047, 10000, 70000, 18000, 20000, 60, 0, 0, 1
61.897000, 5622, 5658, 10000, 90000, 23000, 20000, 60, 0, 0, 1
56.872000, 5627, 6379, 10000, 85000, 23000, 20000, 60, 0, 0, 1
51.202000, 5621, 6222, 10000, 80000, 23000, 20000, 60, 0, 0, 1
46.312000, 5623, 5974, 10000, 75000, 23000, 20000, 60, 0, 0, 1
41.649000, 5627, 6698, 10000, 70000, 23000, 20000, 60, 0, 0, 1
61.787000, 5622, 5634, 10000, 90000, 3000, 25000, 60, 0, 0, 1
56.697000, 5622, 5878, 10000, 85000, 3000, 25000, 60, 0, 0, 1
51.120000, 5623, 5647, 10000, 80000, 3000, 25000, 60, 0, 0, 1
45.937000, 5624, 6474, 10000, 75000, 3000, 25000, 60, 0, 0, 1
41.359000, 5632, 5687, 10000, 70000, 3000, 25000, 60, 0, 0, 1
61.284000, 5627, 5651, 10000, 90000, 8000, 25000, 60, 0, 0, 1
56.095000, 5623, 5636, 10000, 85000, 8000, 25000, 60, 0, 0, 1
50.403000, 5624, 6432, 10000, 80000, 8000, 25000, 60, 0, 0, 1
45.786000, 5623, 5645, 10000, 75000, 8000, 25000, 60, 0, 0, 1
41.799000, 5622, 6333, 10000, 70000, 8000, 25000, 60, 0, 0, 1
61.869000, 5624, 5671, 10000, 90000, 13000, 25000, 60, 0, 0, 1
55.587000, 5622, 5663, 10000, 85000, 13000, 25000, 60, 0, 0, 1
52.189000, 5623, 5644, 10000, 80000, 13000, 25000, 60, 0, 0, 1
46.596000, 5627, 5678, 10000, 75000, 13000, 25000, 60, 0, 0, 1
42.502000, 5630, 6774, 10000, 70000, 13000, 25000, 60, 0, 0, 1
43.825000, 5620, 5655, 6847, 90000, 18000, 25000, 60, 0, 0, 1
57.031000, 5633, 5677, 10000, 85000, 18000, 25000, 60, 0, 0, 1
51.950000, 5629, 6951, 10000, 80000, 18000, 25000, 60, 0, 0, 1
47.086000, 5622, 5684, 10000, 75000, 18000, 25000, 60, 0, 0, 1
42.005000, 5626, 6240, 10000, 70000, 18000, 25000, 60, 0, 0, 1
62.100000, 5629, 5845, 10000, 90000, 23000, 25000, 60, 0, 0, 1
56.367000, 5623, 6255, 10000, 85000, 23000, 25000, 60, 0, 0, 1
52.126000, 5622, 6200, 10000, 80000, 23000, 25000, 60, 0, 0, 1
47.145000, 5624, 5696, 10000, 75000, 23000, 25000, 60, 0, 0, 1
41.901000, 5626, 6833, 10000, 70000, 23000, 25000, 60, 0, 0, 1
62.109000, 5624, 5628, 10000, 90000, 3000, 30000, 60, 0, 0, 1
55.936000, 5632, 5766, 10000, 85000, 3000, 30000, 60, 0, 0, 1
51.179000, 5627, 5736, 10000, 80000, 3000, 30000, 60, 0, 0, 1
46.287000, 5622, 6398, 10000, 75000, 3000, 30000, 60, 0, 0, 1
41.981000, 5627, 6708, 10000, 70000, 3000, 30000, 60, 0, 0, 1
62.992000, 5627, 5643, 10000, 90000, 8000, 30000, 60, 0, 0, 1
56.710000, 5624, 5672, 10000, 85000, 8000, 30000, 60, 0, 0, 1
51.502000, 5624, 5663, 10000, 80000, 8000, 30000, 60, 0, 0, 1
46.346000, 5623, 6355, 10000, 75000, 8000, 30000, 60, 0, 0, 1
41.843000, 5627, 6317, 10000, 70000, 8000, 30000, 60, 0, 0, 1
61.596000, 5627, 5639, 10000, 90000, 13000, 30000, 60, 0, 0, 1
54.220000, 5627, 6063, 10000, 85000, 13000, 30000, 60, 0, 0, 1
49.308000, 5625, 5653, 10000, 80000, 13000, 30000, 60, 0, 0, 1
44.568000, 5625, 6359, 10000, 75000, 13000, 30000, 60, 0, 0, 1
40.775000, 5622, 6390, 10000, 70000, 13000, 30000, 60, 0, 0, 1
60.320000, 5622, 5653, 10000, 90000, 18000, 30000, 60, 0, 0, 1
54.404000, 5626, 5830, 10000, 85000, 18000, 30000, 60, 0, 0, 1
49.494000, 5631, 6555, 10000, 80000, 18000, 30000, 60, 0, 0, 1
44.307000, 5629, 6255, 10000, 75000, 18000, 30000, 60, 0, 0, 1
40.331000, 5630, 7697, 10000, 70000, 18000, 30000, 60, 0, 0, 1
60.017000, 5628, 5658, 10000, 90000, 23000, 30000, 60, 0, 0, 1
54.250000, 5622, 5686, 10000, 85000, 23000, 30000, 60, 0, 0, 1
49.392000, 5623, 5646, 10000, 80000, 23000, 30000, 60, 0, 0, 1
44.822000, 5623, 5970, 10000, 75000, 23000, 30000, 60, 0, 0, 1
42.901000, 5628, 5792, 10000, 70000, 23000, 30000, 60, 0, 0, 1
63.815000, 5627, 5647, 10000, 90000, 3000, 10000, 70, 0, 0, 1
55.477000, 5622, 5705, 10000, 85000, 3000, 10000, 70, 0, 0, 1
50.594000, 5626, 5658, 10000, 80000, 3000, 10000, 70, 0, 0, 1
46.441000, 5629, 5780, 10000, 75000, 3000, 10000, 70, 0, 0, 1
42.302000, 5622, 6094, 10000, 70000, 3000, 10000, 70, 0, 0, 1
61.916000, 5622, 5863, 10000, 90000, 8000, 10000, 70, 0, 0, 1
57.787000, 5622, 5642, 10000, 85000, 8000, 10000, 70, 0, 0, 1
51.758000, 5634, 6047, 10000, 80000, 8000, 10000, 70, 0, 0, 1
46.568000, 5625, 5996, 10000, 75000, 8000, 10000, 70, 0, 0, 1
42.292000, 5622, 6320, 10000, 70000, 8000, 10000, 70, 0, 0, 1
64.855000, 5623, 6110, 10000, 90000, 13000, 10000, 70, 0, 0, 1
58.467000, 5623, 5633, 10000, 85000, 13000, 10000, 70, 0, 0, 1
53.356000, 5628, 5660, 10000, 80000, 13000, 10000, 70, 0, 0, 1
47.567000, 5634, 6054, 10000, 75000, 13000, 10000, 70, 0, 0, 1
43.278000, 5634, 6774, 10000, 70000, 13000, 10000, 70, 0, 0, 1
64.323000, 5622, 5651, 10000, 90000, 18000, 10000, 70, 0, 0, 1
0.740000, 5620, 5654, 127, 85000, 18000, 10000, 70, 0, 0, 1
52.502000, 5621, 5957, 10000, 80000, 18000, 10000, 70, 0, 0, 1
47.154000, 5633, 5751, 10000, 75000, 18000, 10000, 70, 0, 0, 1
43.478000, 5623, 5855, 10000, 70000, 18000, 10000, 70, 0, 0, 1
66.072000, 5631, 6006, 10000, 90000, 23000, 10000, 70, 0, 0, 1
57.207000, 5621, 5948, 10000, 85000, 23000, 10000, 70, 0, 0, 1
55.177000, 5624, 6424, 10000, 80000, 23000, 10000, 70, 0, 0, 1
48.019000, 5624, 5738, 10000, 75000, 23000, 10000, 70, 0, 0, 1
43.570000, 5625, 6401, 10000, 70000, 23000, 10000, 70, 0, 0, 1
64.905000, 5624, 5627, 10000, 90000, 3000, 15000, 70, 0, 0, 1
60.211000, 5626, 5639, 10000, 85000, 3000, 15000, 70, 0, 0, 1
54.214000, 5631, 5664, 10000, 80000, 3000, 15000, 70, 0, 0, 1
49.406000, 5632, 5800, 10000, 75000, 3000, 15000, 70, 0, 0, 1
43.473000, 5627, 6016, 10000, 70000, 3000, 15000, 70, 0, 0, 1
64.147000, 5621, 5763, 10000, 90000, 8000, 15000, 70, 0, 0, 1
57.909000, 5629, 5708, 10000, 85000, 8000, 15000, 70, 0, 0, 1
52.674000, 5625, 5659, 10000, 80000, 8000, 15000, 70, 0, 0, 1
25.539000, 5620, 5991, 4253, 75000, 8000, 15000, 70, 0, 0, 1
44.600000, 5625, 6323, 10000, 70000, 8000, 15000, 70, 0, 0, 1
70.925000, 5624, 5920, 10000, 90000, 13000, 15000, 70, 0, 0, 1
60.556000, 5626, 5642, 10000, 85000, 13000, 15000, 70, 0, 0, 1
37.255000, 5620, 5646, 6926, 80000, 13000, 15000, 70, 0, 0, 1
49.493000, 5627, 5692, 10000, 75000, 13000, 15000, 70, 0, 0, 1
43.447000, 5622, 6054, 10000, 70000, 13000, 15000, 70, 0, 0, 1
61.558000, 5624, 5641, 10000, 90000, 18000, 15000, 70, 0, 0, 1
57.383000, 5628, 5667, 10000, 85000, 18000, 15000, 70, 0, 0, 1
52.055000, 5628, 5662, 10000, 80000, 18000, 15000, 70, 0, 0, 1
47.051000, 5624, 6580, 10000, 75000, 18000, 15000, 70, 0, 0, 1
42.794000, 5631, 6314, 10000, 70000, 18000, 15000, 70, 0, 0, 1
63.404000, 5624, 5640, 10000, 90000, 23000, 15000, 70, 0, 0, 1
56.399000, 5629, 5845, 10000, 85000, 23000, 15000, 70, 0, 0, 1
50.862000, 5632, 6166, 10000, 80000, 23000, 15000, 70, 0, 0, 1
45.733000, 5630, 6673, 10000, 75000, 23000, 15000, 70, 0, 0, 1
41.776000, 5622, 6412, 10000, 70000, 23000, 15000, 70, 0, 0, 1
33.111000, 5620, 5699, 5187, 90000, 3000, 20000, 70, 0, 0, 1
56.226000, 5637, 5664, 10000, 85000, 3000, 20000, 70, 0, 0, 1
50.703000, 5627, 5674, 10000, 80000, 3000, 20000, 70, 0, 0, 1
46.474000, 5622, 5658, 10000, 75000, 3000, 20000, 70, 0, 0, 1
41.990000, 5626, 5667, 10000, 70000, 3000, 20000, 70, 0, 0, 1
61.672000, 5628, 5656, 10000, 90000, 8000, 20000, 70, 0, 0, 1
55.729000, 5621, 5649, 10000, 85000, 8000, 20000, 70, 0, 0, 1
50.559000, 5624, 5990, 10000, 80000, 8000, 20000, 70, 0, 0, 1
46.012000, 5627, 6067, 10000, 75000, 8000, 20000, 70, 0, 0, 1
41.454000, 5628, 6382, 10000, 70000, 8000, 20000, 70, 0, 0, 1
62.204000, 5622, 5632, 10000, 90000, 13000, 20000, 70, 0, 0, 1
56.037000, 5623, 5677, 10000, 85000, 13000, 20000, 70, 0, 0, 1
52.418000, 5623, 5649, 10000, 80000, 13000, 20000, 70, 0, 0, 1
45.898000, 5623, 6094, 10000, 75000, 13000, 20000, 70, 0, 0, 1
47.768000, 5622, 6015, 10000, 70000, 13000, 20000, 70, 0, 0, 1
63.743000, 5621, 5654, 10000, 90000, 18000, 20000, 70, 0, 0, 1
57.393000, 5627, 5989, 10000, 85000, 18000, 20000, 70, 0, 0, 1
52.149000, 5622, 5900, 10000, 80000, 18000, 20000, 70, 0, 0, 1
46.081000, 5633, 6132, 10000, 75000, 18000, 20000, 70, 0, 0, 1
43.001000, 5622, 5670, 10000, 70000, 18000, 20000, 70, 0, 0, 1
63.358000, 5622, 5737, 10000, 90000, 23000, 20000, 70, 0, 0, 1
56.660000, 5622, 5716, 10000, 85000, 23000, 20000, 70, 0, 0, 1
52.574000, 5622, 6204, 10000, 80000, 23000, 20000, 70, 0, 0, 1
46.921000, 5622, 5670, 10000, 75000, 23000, 20000, 70, 0, 0, 1
42.152000, 5622, 5971, 10000, 70000, 23000, 20000, 70, 0, 0, 1
62.835000, 5633, 5778, 10000, 90000, 3000, 25000, 70, 0, 0, 1
56.845000, 5621, 6095, 10000, 85000, 3000, 25000, 70, 0, 0, 1
51.483000, 5628, 6045, 10000, 80000, 3000, 25000, 70, 0, 0, 1
46.377000, 5626, 5838, 10000, 75000, 3000, 25000, 70, 0, 0, 1
42.273000, 5624, 5658, 10000, 70000, 3000, 25000, 70, 0, 0, 1
62.449000, 5625, 5712, 10000, 90000, 8000, 25000, 70, 0, 0, 1
60.207000, 5623, 5651, 10000, 85000, 8000, 25000, 70, 0, 0, 1
52.173000, 5622, 6164, 10000, 80000, 8000, 25000, 70, 0, 0, 1
46.171000, 5622, 5668, 10000, 75000, 8000, 25000, 70, 0, 0, 1
42.174000, 5625, 6008, 10000, 70000, 8000, 25000, 70, 0, 0, 1
63.580000, 5625, 5650, 10000, 90000, 13000, 25000, 70, 0, 0, 1
56.496000, 5625, 5997, 10000, 85000, 13000, 25000, 70, 0, 0, 1
53.182000, 5631, 6017, 10000, 80000, 13000, 25000, 70, 0, 0, 1
48.547000, 5623, 5993, 10000, 75000, 13000, 25000, 70, 0, 0, 1
42.625000, 5623, 6459, 10000, 70000, 13000, 25000, 70, 0, 0, 1
62.826000, 5623, 5655, 10000, 90000, 18000, 25000, 70, 0, 0, 1
56.902000, 5624, 5651, 10000, 85000, 18000, 25000, 70, 0, 0, 1
51.813000, 5627, 5678, 10000, 80000, 18000, 25000, 70, 0, 0, 1
45.761000, 5622, 6520, 10000, 75000, 18000, 25000, 70, 0, 0, 1
43.206000, 5629, 7222, 10000, 70000, 18000, 25000, 70, 0, 0, 1
61.082000, 5621, 5651, 10000, 90000, 23000, 25000, 70, 0, 0, 1
56.355000, 5627, 6166, 10000, 85000, 23000, 25000, 70, 0, 0, 1
52.320000, 5627, 5805, 10000, 80000, 23000, 25000, 70, 0, 0, 1
45.387000, 5624, 5684, 10000, 75000, 23000, 25000, 70, 0, 0, 1
41.227000, 5622, 6609, 10000, 70000, 23000, 25000, 70, 0, 0, 1
61.786000, 5633, 6206, 10000, 90000, 3000, 30000, 70, 0, 0, 1
56.610000, 5624, 5885, 10000, 85000, 3000, 30000, 70, 0, 0, 1
52.886000, 5625, 5653, 10000, 80000, 3000, 30000, 70, 0, 0, 1
48.024000, 5623, 6439, 10000, 75000, 3000, 30000, 70, 0, 0, 1
44.547000, 5622, 6285, 10000, 70000, 3000, 30000, 70, 0, 0, 1
62.012000, 5627, 5917, 10000, 90000, 8000, 30000, 70, 0, 0, 1
56.852000, 5628, 5660, 10000, 85000, 8000, 30000, 70, 0, 0, 1
50.460000, 5624, 5795, 10000, 80000, 8000, 30000, 70, 0, 0, 1
46.442000, 5624, 5841, 10000, 75000, 8000, 30000, 70, 0, 0, 1
42.754000, 5633, 5971, 10000, 70000, 8000, 30000, 70, 0, 0, 1
61.337000, 5631, 5654, 10000, 90000, 13000, 30000, 70, 0, 0, 1
55.534000, 5625, 6118, 10000, 85000, 13000, 30000, 70, 0, 0, 1
3.040000, 5620, 5658, 604, 80000, 13000, 30000, 70, 0, 0, 1
45.327000, 5627, 6138, 10000, 75000, 13000, 30000, 70, 0, 0, 1
41.119000, 5625, 5648, 10000, 70000, 13000, 30000, 70, 0, 0, 1
60.642000, 5623, 5657, 10000, 90000, 18000, 30000, 70, 0, 0, 1
54.987000, 5628, 5642, 10000, 85000, 18000, 30000, 70, 0, 0, 1
50.777000, 5634, 6240, 10000, 80000, 18000, 30000, 70, 0, 0, 1
45.681000, 5633, 7696, 10000, 75000, 18000, 30000, 70, 0, 0, 1
41.009000, 5625, 6079, 10000, 70000, 18000, 30000, 70, 0, 0, 1
61.365000, 5623, 5903, 10000, 90000, 23000, 30000, 70, 0, 0, 1
54.826000, 5633, 6120, 10000, 85000, 23000, 30000, 70, 0, 0, 1
49.971000, 5623, 6921, 10000, 80000, 23000, 30000, 70, 0, 0, 1
45.394000, 5627, 6599, 10000, 75000, 23000, 30000, 70, 0, 0, 1
41.067000, 5622, 6040, 10000, 70000, 23000, 30000, 70, 0, 0, 1
61.076000, 5624, 5654, 10000, 90000, 3000, 10000, 80, 0, 0, 1
54.462000, 5621, 5645, 10000, 85000, 3000, 10000, 80, 0, 0, 1
49.495000, 5623, 5947, 10000, 80000, 3000, 10000, 80, 0, 0, 1
44.772000, 5624, 5637, 10000, 75000, 3000, 10000, 80, 0, 0, 1
40.611000, 5623, 5681, 10000, 70000, 3000, 10000, 80, 0, 0, 1
60.462000, 5627, 6215, 10000, 90000, 8000, 10000, 80, 0, 0, 1
54.511000, 5629, 5663, 10000, 85000, 8000, 10000, 80, 0, 0, 1
49.602000, 5622, 5839, 10000, 80000, 8000, 10000, 80, 0, 0, 1
44.838000, 5628, 5886, 10000, 75000, 8000, 10000, 80, 0, 0, 1
40.848000, 5622, 6041, 10000, 70000, 8000, 10000, 80, 0, 0, 1
61.082000, 5627, 5642, 10000, 90000, 13000, 10000, 80, 0, 0, 1
55.282000, 5628, 5945, 10000, 85000, 13000, 10000, 80, 0, 0, 1
54.376000, 5624, 5679, 10000, 80000, 13000, 10000, 80, 0, 0, 1
46.446000, 5624, 5664, 10000, 75000, 13000, 10000, 80, 0, 0, 1
42.064000, 5622, 6494, 10000, 70000, 13000, 10000, 80, 0, 0, 1
61.053000, 5625, 5642, 10000, 90000, 18000, 10000, 80, 0, 0, 1
55.953000, 5631, 5653, 10000, 85000, 18000, 10000, 80, 0, 0, 1
53.386000, 5621, 5650, 10000, 80000, 18000, 10000, 80, 0, 0, 1
49.421000, 5624, 6067, 10000, 75000, 18000, 10000, 80, 0, 0, 1
42.551000, 5623, 6169, 10000, 70000, 18000, 10000, 80, 0, 0, 1
67.860000, 5629, 5790, 10000, 90000, 23000, 10000, 80, 0, 0, 1
57.423000, 5625, 6099, 10000, 85000, 23000, 10000, 80, 0, 0, 1
52.079000, 5621, 5822, 10000, 80000, 23000, 10000, 80, 0, 0, 1
47.185000, 5624, 5958, 10000, 75000, 23000, 10000, 80, 0, 0, 1
42.861000, 5625, 6232, 10000, 70000, 23000, 10000, 80, 0, 0, 1
62.924000, 5625, 5630, 10000, 90000, 3000, 15000, 80, 0, 0, 1
56.824000, 5630, 5643, 10000, 85000, 3000, 15000, 80, 0, 0, 1
51.772000, 5625, 5646, 10000, 80000, 3000, 15000, 80, 0, 0, 1
47.014000, 5633, 5688, 10000, 75000, 3000, 15000, 80, 0, 0, 1
42.687000, 5622, 5667, 10000, 70000, 3000, 15000, 80, 0, 0, 1
63.513000, 5622, 5635, 10000, 90000, 8000, 15000, 80, 0, 0, 1
56.937000, 5622, 5642, 10000, 85000, 8000, 15000, 80, 0, 0, 1
51.510000, 5624, 5987, 10000, 80000, 8000, 15000, 80, 0, 0, 1
46.084000, 5622, 7360, 10000, 75000, 8000, 15000, 80, 0, 0, 1
42.761000, 5622, 5774, 10000, 70000, 8000, 15000, 80, 0, 0, 1
63.821000, 5625, 5636, 10000, 90000, 13000, 15000, 80, 0, 0, 1
57.073000, 5626, 5652, 10000, 85000, 13000, 15000, 80, 0, 0, 1
52.061000, 5623, 5851, 10000, 80000, 13000, 15000, 80, 0, 0, 1
46.914000, 5628, 6219, 10000, 75000, 13000, 15000, 80, 0, 0, 1
42.088000, 5629, 5672, 10000, 70000, 13000, 15000, 80, 0, 0, 1
61.923000, 5624, 5717, 10000, 90000, 18000, 15000, 80, 0, 0, 1
55.922000, 5624, 5649, 10000, 85000, 18000, 15000, 80, 0, 0, 1
51.698000, 5626, 5784, 10000, 80000, 18000, 15000, 80, 0, 0, 1
45.815000, 5622, 5683, 10000, 75000, 18000, 15000, 80, 0, 0, 1
41.501000, 5621, 5895, 10000, 70000, 18000, 15000, 80, 0, 0, 1
62.143000, 5625, 5661, 10000, 90000, 23000, 15000, 80, 0, 0, 1
55.893000, 5622, 5731, 10000, 85000, 23000, 15000, 80, 0, 0, 1
50.907000, 5627, 5695, 10000, 80000, 23000, 15000, 80, 0, 0, 1
45.830000, 5625, 6343, 10000, 75000, 23000, 15000, 80, 0, 0, 1
41.586000, 5630, 6352, 10000, 70000, 23000, 15000, 80, 0, 0, 1
61.315000, 5623, 5636, 10000, 90000, 3000, 20000, 80, 0, 0, 1
56.776000, 5622, 6084, 10000, 85000, 3000, 20000, 80, 0, 0, 1
52.455000, 5622, 5817, 10000, 80000, 3000, 20000, 80, 0, 0, 1
47.079000, 5628, 5640, 10000, 75000, 3000, 20000, 80, 0, 0, 1
42.486000, 5626, 5730, 10000, 70000, 3000, 20000, 80, 0, 0, 1
63.128000, 5631, 5993, 10000, 90000, 8000, 20000, 80, 0, 0, 1
57.792000, 5623, 5768, 10000, 85000, 8000, 20000, 80, 0, 0, 1
51.864000, 5622, 6147, 10000, 80000, 8000, 20000, 80, 0, 0, 1
46.718000, 5625, 6172, 10000, 75000, 8000, 20000, 80, 0, 0, 1
42.527000, 5622, 5669, 10000, 70000, 8000, 20000, 80, 0, 0, 1
62.763000, 5627, 5982, 10000, 90000, 13000, 20000, 80, 0, 0, 1
56.899000, 5628, 5664, 10000, 85000, 13000, 20000, 80, 0, 0, 1
51.857000, 5625, 5670, 10000, 80000, 13000, 20000, 80, 0, 0, 1
47.070000, 5623, 6052, 10000, 75000, 13000, 20000, 80, 0, 0, 1
42.394000, 5625, 6755, 10000, 70000, 13000, 20000, 80, 0, 0, 1
63.581000, 5629, 5654, 10000, 90000, 18000, 20000, 80, 0, 0, 1
57.305000, 5630, 5662, 10000, 85000, 18000, 20000, 80, 0, 0, 1
52.307000, 5621, 6384, 10000, 80000, 18000, 20000, 80, 0, 0, 1
47.055000, 5623, 5835, 10000, 75000, 18000, 20000, 80, 0, 0, 1
42.946000, 5621, 6451, 10000, 70000, 18000, 20000, 80, 0, 0, 1
63.347000, 5623, 5832, 10000, 90000, 23000, 20000, 80, 0, 0, 1
56.320000, 5621, 6006, 10000, 85000, 23000, 20000, 80, 0, 0, 1
52.135000, 5629, 5737, 10000, 80000, 23000, 20000, 80, 0, 0, 1
47.308000, 5625, 6008, 10000, 75000, 23000, 20000, 80, 0, 0, 1
42.869000, 5630, 6290, 10000, 70000, 23000, 20000, 80, 0, 0, 1
63.008000, 5628, 5656, 10000, 90000, 3000, 25000, 80, 0, 0, 1
57.227000, 5624, 5860, 10000, 85000, 3000, 25000, 80, 0, 0, 1
15.506000, 5620, 5680, 2991, 80000, 3000, 25000, 80, 0, 0, 1
15.442000, 5620, 6696, 3250, 75000, 3000, 25000, 80, 0, 0, 1
42.770000, 5627, 6628, 10000, 70000, 3000, 25000, 80, 0, 0, 1
63.435000, 5625, 5990, 10000, 90000, 8000, 25000, 80, 0, 0, 1
56.985000, 5627, 5822, 10000, 85000, 8000, 25000, 80, 0, 0, 1
52.044000, 5623, 5642, 10000, 80000, 8000, 25000, 80, 0, 0, 1
46.391000, 5622, 6769, 10000, 75000, 8000, 25000, 80, 0, 0, 1
42.708000, 5628, 6319, 10000, 70000, 8000, 25000, 80, 0, 0, 1
63.772000, 5631, 5646, 10000, 90000, 13000, 25000, 80, 0, 0, 1
57.520000, 5625, 5633, 10000, 85000, 13000, 25000, 80, 0, 0, 1
52.019000, 5630, 6285, 10000, 80000, 13000, 25000, 80, 0, 0, 1
47.215000, 5624, 5788, 10000, 75000, 13000, 25000, 80, 0, 0, 1
42.132000, 5623, 5667, 10000, 70000, 13000, 25000, 80, 0, 0, 1
63.313000, 5625, 6737, 10000, 90000, 18000, 25000, 80, 0, 0, 1
57.085000, 5624, 5661, 10000, 85000, 18000, 25000, 80, 0, 0, 1
52.024000, 5621, 6273, 10000, 80000, 18000, 25000, 80, 0, 0, 1
47.050000, 5626, 5926, 10000, 75000, 18000, 25000, 80, 0, 0, 1
42.845000, 5626, 6872, 10000, 70000, 18000, 25000, 80, 0, 0, 1
62.863000, 5626, 6047, 10000, 90000, 23000, 25000, 80, 0, 0, 1
57.209000, 5627, 5911, 10000, 85000, 23000, 25000, 80, 0, 0, 1
52.447000, 5626, 5916, 10000, 80000, 23000, 25000, 80, 0, 0, 1
47.379000, 5627, 6760, 10000, 75000, 23000, 25000, 80, 0, 0, 1
42.856000, 5625, 6226, 10000, 70000, 23000, 25000, 80, 0, 0, 1
63.228000, 5621, 6159, 10000, 90000, 3000, 30000, 80, 0, 0, 1
56.537000, 5629, 5651, 10000, 85000, 3000, 30000, 80, 0, 0, 1
51.610000, 5623, 5794, 10000, 80000, 3000, 30000, 80, 0, 0, 1
46.961000, 5628, 5686, 10000, 75000, 3000, 30000, 80, 0, 0, 1
42.338000, 5622, 5919, 10000, 70000, 3000, 30000, 80, 0, 0, 1
62.882000, 5627, 6091, 10000, 90000, 8000, 30000, 80, 0, 0, 1
56.909000, 5624, 6093, 10000, 85000, 8000, 30000, 80, 0, 0, 1
51.806000, 5625, 5666, 10000, 80000, 8000, 30000, 80, 0, 0, 1
46.884000, 5624, 6179, 10000, 75000, 8000, 30000, 80, 0, 0, 1
42.645000, 5622, 5718, 10000, 70000, 8000, 30000, 80, 0, 0, 1
63.035000, 5627, 5722, 10000, 90000, 13000, 30000, 80, 0, 0, 1
56.780000, 5627, 5673, 10000, 85000, 13000, 30000, 80, 0, 0, 1
51.711000, 5629, 6024, 10000, 80000, 13000, 30000, 80, 0, 0, 1
46.869000, 5622, 5675, 10000, 75000, 13000, 30000, 80, 0, 0, 1
42.431000, 5628, 5703, 10000, 70000, 13000, 30000, 80, 0, 0, 1
63.241000, 5624, 5643, 10000, 90000, 18000, 30000, 80, 0, 0, 1
57.074000, 5622, 5673, 10000, 85000, 18000, 30000, 80, 0, 0, 1
51.565000, 5624, 6547, 10000, 80000, 18000, 30000, 80, 0, 0, 1
45.963000, 5622, 6411, 10000, 75000, 18000, 30000, 80, 0, 0, 1
41.941000, 5627, 5821, 10000, 70000, 18000, 30000, 80, 0, 0, 1
45.656000, 5620, 5656, 7370, 90000, 23000, 30000, 80, 0, 0, 1
56.743000, 5621, 6009, 10000, 85000, 23000, 30000, 80, 0, 0, 1
52.232000, 5621, 6340, 10000, 80000, 23000, 30000, 80, 0, 0, 1
47.104000, 5621, 6086, 10000, 75000, 23000, 30000, 80, 0, 0, 1
44.520000, 5636, 6586, 10000, 70000, 23000, 30000, 80, 0, 0, 1
65.039000, 5629, 5637, 10000, 90000, 3000, 10000, 90, 0, 0, 1
57.554000, 5622, 5630, 10000, 85000, 3000, 10000, 90, 0, 0, 1
52.314000, 5622, 5647, 10000, 80000, 3000, 10000, 90, 0, 0, 1
47.162000, 5625, 5638, 10000, 75000, 3000, 10000, 90, 0, 0, 1
43.161000, 5626, 5661, 10000, 70000, 3000, 10000, 90, 0, 0, 1
41.523000, 5620, 5833, 6617, 90000, 8000, 10000, 90, 0, 0, 1
56.701000, 5624, 5642, 10000, 85000, 8000, 10000, 90, 0, 0, 1
51.764000, 5625, 5660, 10000, 80000, 8000, 10000, 90, 0, 0, 1
46.634000, 5626, 6037, 10000, 75000, 8000, 10000, 90, 0, 0, 1
42.400000, 5628, 6918, 10000, 70000, 8000, 10000, 90, 0, 0, 1
62.636000, 5623, 5638, 10000, 90000, 13000, 10000, 90, 0, 0, 1
56.436000, 5622, 5665, 10000, 85000, 13000, 10000, 90, 0, 0, 1
51.817000, 5624, 5670, 10000, 80000, 13000, 10000, 90, 0, 0, 1
46.759000, 5622, 6238, 10000, 75000, 13000, 10000, 90, 0, 0, 1
42.280000, 5629, 5677, 10000, 70000, 13000, 10000, 90, 0, 0, 1
62.835000, 5626, 5652, 10000, 90000, 18000, 10000, 90, 0, 0, 1
57.439000, 5627, 5783, 10000, 85000, 18000, 10000, 90, 0, 0, 1
51.427000, 5621, 5656, 10000, 80000, 18000, 10000, 90, 0, 0, 1
45.644000, 5622, 6220, 10000, 75000, 18000, 10000, 90, 0, 0, 1
41.618000, 5623, 6188, 10000, 70000, 18000, 10000, 90, 0, 0, 1
61.195000, 5627, 5647, 10000, 90000, 23000, 10000, 90, 0, 0, 1
55.283000, 5622, 6097, 10000, 85000, 23000, 10000, 90, 0, 0, 1
50.525000, 5623, 5855, 10000, 80000, 23000, 10000, 90, 0, 0, 1
45.715000, 5621, 6910, 10000, 75000, 23000, 10000, 90, 0, 0, 1
41.460000, 5625, 7079, 10000, 70000, 23000, 10000, 90, 0, 0, 1
61.611000, 5622, 5638, 10000, 90000, 3000, 15000, 90, 0, 0, 1
55.596000, 5621, 5653, 10000, 85000, 3000, 15000, 90, 0, 0, 1
50.708000, 5623, 5654, 10000, 80000, 3000, 15000, 90, 0, 0, 1
45.913000, 5624, 5673, 10000, 75000, 3000, 15000, 90, 0, 0, 1
41.871000, 5630, 5948, 10000, 70000, 3000, 15000, 90, 0, 0, 1
61.324000, 5625, 5631, 10000, 90000, 8000, 15000, 90, 0, 0, 1
38.861000, 5620, 5922, 6981, 85000, 8000, 15000, 90, 0, 0, 1
50.525000, 5624, 5973, 10000, 80000, 8000, 15000, 90, 0, 0, 1
45.635000, 5622, 6005, 10000, 75000, 8000, 15000, 90, 0, 0, 1
41.598000, 5625, 6437, 10000, 70000, 8000, 15000, 90, 0, 0, 1
62.068000, 5625, 5880, 10000, 90000, 13000, 15000, 90, 0, 0, 1
55.689000, 5623, 6256, 10000, 85000, 13000, 15000, 90, 0, 0, 1
50.858000, 5637, 5678, 10000, 80000, 13000, 15000, 90, 0, 0, 1
45.684000, 5627, 6427, 10000, 75000, 13000, 15000, 90, 0, 0, 1
41.329000, 5628, 5891, 10000, 70000, 13000, 15000, 90, 0, 0, 1
61.501000, 5622, 5638, 10000, 90000, 18000, 15000, 90, 0, 0, 1
55.702000, 5630, 6162, 10000, 85000, 18000, 15000, 90, 0, 0, 1
50.680000, 5636, 5660, 10000, 80000, 18000, 15000, 90, 0, 0, 1
45.910000, 5622, 5898, 10000, 75000, 18000, 15000, 90, 0, 0, 1
41.758000, 5633, 6807, 10000, 70000, 18000, 15000, 90, 0, 0, 1
62.005000, 5624, 5643, 10000, 90000, 23000, 15000, 90, 0, 0, 1
55.636000, 5621, 5654, 10000, 85000, 23000, 15000, 90, 0, 0, 1
50.807000, 5626, 5842, 10000, 80000, 23000, 15000, 90, 0, 0, 1
46.772000, 5622, 5925, 10000, 75000, 23000, 15000, 90, 0, 0, 1
42.097000, 5626, 5909, 10000, 70000, 23000, 15000, 90, 0, 0, 1
62.010000, 5625, 5636, 10000, 90000, 3000, 20000, 90, 0, 0, 1
55.988000, 5631, 6376, 10000, 85000, 3000, 20000, 90, 0, 0, 1
50.504000, 5626, 5783, 10000, 80000, 3000, 20000, 90, 0, 0, 1
46.031000, 5622, 5767, 10000, 75000, 3000, 20000, 90, 0, 0, 1
42.454000, 5626, 6137, 10000, 70000, 3000, 20000, 90, 0, 0, 1
62.754000, 5623, 5642, 10000, 90000, 8000, 20000, 90, 0, 0, 1
56.784000, 5623, 5790, 10000, 85000, 8000, 20000, 90, 0, 0, 1
51.649000, 5622, 6095, 10000, 80000, 8000, 20000, 90, 0, 0, 1
46.738000, 5627, 6173, 10000, 75000, 8000, 20000, 90, 0, 0, 1
42.469000, 5624, 6353, 10000, 70000, 8000, 20000, 90, 0, 0, 1
63.323000, 5633, 5645, 10000, 90000, 13000, 20000, 90, 0, 0, 1
56.958000, 5625, 5763, 10000, 85000, 13000, 20000, 90, 0, 0, 1
51.773000, 5622, 5916, 10000, 80000, 13000, 20000, 90, 0, 0, 1
46.902000, 5622, 6227, 10000, 75000, 13000, 20000, 90, 0, 0, 1
41.699000, 5625, 5696, 10000, 70000, 13000, 20000, 90, 0, 0, 1
61.633000, 5624, 5648, 10000, 90000, 18000, 20000, 90, 0, 0, 1
1.291000, 5620, 6196, 227, 85000, 18000, 20000, 90, 0, 0, 1
51.288000, 5626, 6541, 10000, 80000, 18000, 20000, 90, 0, 0, 1
45.816000, 5628, 6392, 10000, 75000, 18000, 20000, 90, 0, 0, 1
15.811000, 5620, 5664, 3797, 70000, 18000, 20000, 90, 0, 0, 1
61.915000, 5621, 5730, 10000, 90000, 23000, 20000, 90, 0, 0, 1
56.550000, 5629, 6225, 10000, 85000, 23000, 20000, 90, 0, 0, 1
51.402000, 5623, 5868, 10000, 80000, 23000, 20000, 90, 0, 0, 1
47.524000, 5623, 6506, 10000, 75000, 23000, 20000, 90, 0, 0, 1
42.616000, 5622, 6766, 10000, 70000, 23000, 20000, 90, 0, 0, 1
62.581000, 5627, 5810, 10000, 90000, 3000, 25000, 90, 0, 0, 1
56.700000, 5621, 5822, 10000, 85000, 3000, 25000, 90, 0, 0, 1
51.516000, 5622, 5636, 10000, 80000, 3000, 25000, 90, 0, 0, 1
47.324000, 5625, 6316, 10000, 75000, 3000, 25000, 90, 0, 0, 1
44.582000, 5628, 6485, 10000, 70000, 3000, 25000, 90, 0, 0, 1
66.991000, 5622, 5650, 10000, 90000, 8000, 25000, 90, 0, 0, 1
29.338000, 5620, 5653, 5185, 85000, 8000, 25000, 90, 0, 0, 1
51.973000, 5624, 5682, 10000, 80000, 8000, 25000, 90, 0, 0, 1
48.070000, 5625, 5942, 10000, 75000, 8000, 25000, 90, 0, 0, 1
42.524000, 5631, 6767, 10000, 70000, 8000, 25000, 90, 0, 0, 1
62.908000, 5622, 5831, 10000, 90000, 13000, 25000, 90, 0, 0, 1
56.577000, 5625, 5709, 10000, 85000, 13000, 25000, 90, 0, 0, 1
2.862000, 5620, 5989, 544, 80000, 13000, 25000, 90, 0, 0, 1
46.933000, 5621, 6042, 10000, 75000, 13000, 25000, 90, 0, 0, 1
42.865000, 5629, 6282, 10000, 70000, 13000, 25000, 90, 0, 0, 1
9.880000, 5620, 5640, 1580, 90000, 18000, 25000, 90, 0, 0, 1
56.733000, 5624, 6318, 10000, 85000, 18000, 25000, 90, 0, 0, 1
53.610000, 5627, 6380, 10000, 80000, 18000, 25000, 90, 0, 0, 1
46.997000, 5629, 5693, 10000, 75000, 18000, 25000, 90, 0, 0, 1
42.577000, 5622, 5870, 10000, 70000, 18000, 25000, 90, 0, 0, 1
52.533000, 5620, 5658, 7313, 90000, 23000, 25000, 90, 0, 0, 1
65.866000, 5626, 5900, 10000, 85000, 23000, 25000, 90, 0, 0, 1
62.717000, 5627, 6780, 10000, 80000, 23000, 25000, 90, 0, 0, 1
57.356000, 5622, 6546, 10000, 75000, 23000, 25000, 90, 0, 0, 1
52.544000, 5622, 6675, 10000, 70000, 23000, 25000, 90, 0, 0, 1
88.699000, 5625, 5630, 10000, 90000, 3000, 30000, 90, 0, 0, 1
77.870000, 5625, 5646, 10000, 85000, 3000, 30000, 90, 0, 0, 1
70.150000, 5628, 5941, 10000, 80000, 3000, 30000, 90, 0, 0, 1
63.337000, 5626, 5780, 10000, 75000, 3000, 30000, 90, 0, 0, 1
60.804000, 5626, 5765, 10000, 70000, 3000, 30000, 90, 0, 0, 1
90.150000, 5623, 5872, 10000, 90000, 8000, 30000, 90, 0, 0, 1
78.857000, 5623, 5663, 10000, 85000, 8000, 30000, 90, 0, 0, 1
71.243000, 5621, 5947, 10000, 80000, 8000, 30000, 90, 0, 0, 1
67.491000, 5621, 5722, 10000, 75000, 8000, 30000, 90, 0, 0, 1
62.800000, 5630, 5694, 10000, 70000, 8000, 30000, 90, 0, 0, 1
88.601000, 5624, 5639, 10000, 90000, 13000, 30000, 90, 0, 0, 1
77.853000, 5622, 6053, 10000, 85000, 13000, 30000, 90, 0, 0, 1
71.489000, 5627, 6068, 10000, 80000, 13000, 30000, 90, 0, 0, 1
64.610000, 5625, 5674, 10000, 75000, 13000, 30000, 90, 0, 0, 1
60.695000, 5624, 6285, 10000, 70000, 13000, 30000, 90, 0, 0, 1
87.955000, 5624, 5899, 10000, 90000, 18000, 30000, 90, 0, 0, 1
77.225000, 5622, 5941, 10000, 85000, 18000, 30000, 90, 0, 0, 1
71.937000, 5622, 6238, 10000, 80000, 18000, 30000, 90, 0, 0, 1
66.321000, 5626, 5839, 10000, 75000, 18000, 30000, 90, 0, 0, 1
58.910000, 5624, 6007, 10000, 70000, 18000, 30000, 90, 0, 0, 1
86.186000, 5623, 5836, 10000, 90000, 23000, 30000, 90, 0, 0, 1
84.853000, 5621, 6218, 10000, 85000, 23000, 30000, 90, 0, 0, 1
71.849000, 5629, 5806, 10000, 80000, 23000, 30000, 90, 0, 0, 1
65.135000, 5625, 6356, 10000, 75000, 23000, 30000, 90, 0, 0, 1
58.751000, 5633, 6764, 10000, 70000, 23000, 30000, 90, 0, 0, 1
