Archivo Usado: p43.atsp
Tamaño de la Poblacion: 100
Reemplazo por Generacion: 5
Tamaño de los Torneos: 6
Cantidad de ciudades: 43
Probabilidad de cruce: 85000
Probabilidad mutacion simple: 23000
Probabilidad mutacion compleja: 15000
Cruces minimos de la mutacion compleja: 4
Iteraciones ejecutadas: 10000
Largo del cruce PMX: 6
Operador de Cruce: 0
Metodo seleccion de Padres: 0
Operador de Mutacion: 0
Metodo seleccion de Supervivientes: 1
Cantidad de threads a usar: 16
6, 7, 5, 29, 30, 27, 28, 2, 3, 1, 36, 37, 38, 39, 42, 40, 41, 26, 24, 25, 21, 22, 23, 35, 0, 4, 17, 15, 16, 18, 19, 20, 12, 13, 14, 34, 33, 11, 32, 31, 8, 10, 9, 
4, 17, 15, 16, 18, 19, 20, 12, 13, 14, 34, 33, 11, 32, 31, 8, 10, 9, 6, 7, 5, 29, 30, 27, 28, 2, 3, 1, 36, 37, 38, 39, 42, 40, 41, 26, 24, 25, 21, 22, 23, 35, 0, 
21, 22, 23, 35, 0, 4, 17, 15, 16, 18, 19, 20, 12, 13, 14, 34, 33, 11, 32, 31, 8, 10, 9, 6, 7, 5, 29, 30, 27, 28, 2, 3, 1, 36, 37, 38, 39, 42, 40, 41, 26, 24, 25, 
26, 24, 25, 21, 22, 23, 35, 0, 4, 17, 15, 16, 18, 19, 20, 12, 13, 14, 34, 33, 11, 32, 31, 8, 10, 9, 6, 7, 5, 29, 30, 27, 28, 2, 3, 1, 36, 37, 38, 39, 42, 40, 41, 
11, 32, 31, 8, 10, 9, 6, 7, 5, 29, 30, 27, 28, 2, 3, 1, 36, 37, 38, 39, 42, 40, 41, 26, 24, 25, 21, 22, 23, 35, 0, 4, 17, 15, 16, 18, 19, 20, 12, 13, 14, 34, 33, 
33, 31, 32, 11, 8, 10, 9, 6, 7, 5, 29, 30, 27, 28, 2, 3, 1, 36, 37, 38, 39, 42, 40, 41, 26, 24, 25, 21, 22, 23, 35, 0, 4, 17, 15, 16, 18, 19, 20, 12, 13, 14, 34, 
13, 14, 34, 33, 11, 32, 31, 8, 10, 9, 6, 7, 5, 29, 30, 27, 28, 2, 3, 1, 36, 37, 38, 39, 42, 40, 41, 26, 24, 25, 21, 22, 23, 35, 0, 4, 17, 15, 16, 18, 19, 20, 12, 
22, 23, 35, 0, 4, 17, 15, 16, 18, 19, 20, 12, 13, 14, 34, 33, 11, 32, 31, 8, 10, 9, 6, 7, 5, 29, 30, 27, 28, 2, 3, 1, 36, 37, 38, 39, 42, 40, 41, 26, 24, 25, 21, 
11, 32, 31, 8, 10, 9, 6, 7, 5, 29, 30, 27, 28, 2, 3, 1, 36, 37, 38, 39, 42, 40, 41, 26, 24, 25, 21, 22, 23, 35, 0, 4, 17, 15, 16, 18, 19, 20, 12, 13, 14, 34, 33, 
6, 7, 5, 29, 30, 27, 28, 2, 3, 1, 36, 37, 38, 39, 42, 40, 41, 26, 24, 25, 21, 22, 23, 35, 0, 4, 17, 15, 16, 18, 19, 20, 12, 13, 14, 34, 33, 11, 32, 31, 8, 10, 9, 
40, 41, 26, 24, 25, 21, 22, 23, 35, 0, 4, 17, 15, 16, 18, 19, 20, 12, 13, 14, 34, 33, 11, 32, 31, 8, 10, 9, 6, 7, 5, 29, 30, 27, 28, 2, 3, 1, 36, 37, 38, 39, 42, 
31, 8, 10, 9, 6, 7, 5, 29, 30, 27, 28, 2, 3, 1, 36, 37, 38, 39, 42, 40, 41, 26, 24, 25, 21, 23, 22, 35, 0, 4, 17, 15, 16, 18, 19, 20, 12, 13, 14, 34, 33, 11, 32, 
18, 19, 20, 12, 13, 14, 34, 33, 11, 32, 31, 8, 10, 9, 6, 7, 5, 29, 30, 27, 28, 2, 3, 1, 36, 37, 38, 39, 42, 40, 41, 26, 24, 25, 21, 22, 23, 35, 0, 4, 17, 15, 16, 
7, 5, 29, 30, 27, 28, 2, 3, 1, 36, 37, 38, 39, 42, 40, 41, 26, 24, 25, 21, 22, 23, 35, 0, 4, 17, 15, 16, 18, 19, 20, 12, 13, 14, 34, 33, 11, 32, 31, 8, 10, 9, 6, 
4, 17, 15, 16, 18, 19, 20, 12, 13, 14, 34, 33, 11, 32, 31, 8, 10, 9, 6, 7, 5, 29, 30, 27, 28, 2, 3, 1, 36, 37, 38, 39, 42, 40, 41, 26, 24, 25, 21, 22, 23, 35, 0, 
32, 31, 8, 10, 9, 6, 7, 5, 29, 30, 27, 28, 2, 3, 1, 36, 37, 38, 39, 42, 40, 41, 26, 24, 25, 21, 22, 23, 35, 0, 4, 17, 15, 16, 18, 19, 20, 12, 13, 14, 34, 33, 11, 
16, 18, 19, 20, 12, 13, 14, 34, 33, 11, 32, 31, 8, 10, 9, 6, 7, 5, 29, 30, 27, 28, 2, 3, 1, 36, 37, 38, 39, 42, 40, 41, 26, 24, 25, 21, 22, 23, 35, 0, 4, 17, 15, 
32, 31, 8, 9, 10, 6, 7, 5, 29, 30, 27, 28, 2, 3, 1, 36, 37, 38, 39, 42, 40, 41, 26, 24, 25, 21, 22, 23, 35, 0, 4, 15, 17, 16, 18, 19, 20, 12, 13, 14, 34, 33, 11, 
15, 16, 18, 19, 20, 12, 13, 14, 34, 33, 11, 32, 31, 8, 10, 9, 6, 7, 5, 29, 30, 27, 28, 2, 3, 1, 36, 37, 38, 39, 42, 40, 41, 26, 24, 25, 21, 22, 23, 35, 0, 4, 17, 
6, 7, 5, 29, 30, 27, 28, 2, 3, 1, 36, 37, 38, 39, 42, 40, 41, 26, 24, 25, 21, 22, 23, 35, 0, 4, 17, 15, 16, 18, 19, 20, 12, 13, 14, 34, 33, 11, 32, 31, 8, 10, 9, 
8, 10, 9, 6, 7, 5, 29, 30, 27, 28, 2, 3, 1, 36, 37, 38, 39, 42, 40, 41, 26, 24, 25, 21, 22, 23, 35, 0, 4, 17, 15, 16, 18, 19, 20, 12, 14, 13, 34, 33, 11, 32, 31, 
23, 35, 0, 4, 17, 15, 16, 18, 19, 20, 12, 13, 14, 34, 33, 11, 32, 31, 8, 10, 9, 6, 7, 5, 29, 30, 27, 28, 2, 3, 1, 36, 37, 38, 39, 42, 40, 41, 26, 24, 25, 21, 22, 
39, 42, 40, 41, 26, 24, 25, 21, 22, 23, 35, 0, 4, 17, 15, 16, 18, 19, 20, 12, 13, 14, 34, 33, 11, 32, 31, 8, 10, 9, 6, 7, 5, 29, 30, 27, 28, 2, 3, 1, 36, 37, 38, 
23, 35, 0, 4, 17, 15, 16, 18, 19, 20, 12, 13, 14, 34, 33, 11, 32, 31, 8, 10, 9, 6, 7, 5, 29, 30, 27, 28, 2, 3, 1, 36, 37, 38, 39, 42, 40, 41, 26, 24, 25, 21, 22, 
10, 9, 6, 7, 5, 29, 30, 27, 28, 2, 3, 1, 36, 37, 38, 39, 42, 40, 41, 26, 24, 25, 21, 22, 23, 35, 0, 4, 17, 15, 16, 18, 19, 20, 12, 13, 14, 34, 33, 11, 32, 31, 8, 
17, 15, 16, 18, 19, 20, 12, 13, 14, 34, 33, 11, 32, 31, 8, 10, 9, 6, 7, 5, 29, 30, 27, 28, 2, 3, 1, 36, 37, 38, 39, 42, 40, 41, 26, 24, 25, 21, 22, 23, 35, 0, 4, 
26, 24, 25, 21, 22, 23, 35, 0, 4, 17, 15, 16, 18, 19, 20, 12, 13, 14, 34, 33, 11, 32, 31, 8, 10, 9, 6, 7, 5, 29, 30, 27, 28, 2, 3, 1, 36, 37, 38, 39, 42, 40, 41, 
9, 6, 7, 5, 29, 30, 27, 28, 2, 3, 1, 36, 37, 38, 39, 42, 41, 40, 26, 24, 25, 21, 22, 23, 35, 0, 4, 17, 15, 16, 18, 19, 20, 12, 13, 14, 34, 33, 11, 32, 31, 8, 10, 
26, 24, 25, 21, 22, 23, 35, 0, 4, 17, 15, 16, 18, 19, 20, 12, 13, 14, 34, 33, 11, 32, 31, 8, 10, 9, 5, 7, 6, 29, 30, 27, 28, 2, 3, 36, 1, 37, 38, 39, 42, 40, 41, 
1, 3, 2, 28, 27, 30, 29, 5, 7, 6, 9, 10, 8, 31, 32, 11, 33, 34, 14, 13, 12, 20, 19, 18, 16, 15, 17, 4, 0, 35, 23, 22, 21, 25, 24, 26, 41, 40, 42, 39, 38, 37, 36, 
29, 5, 7, 6, 9, 10, 8, 31, 32, 11, 33, 34, 14, 13, 12, 20, 19, 18, 16, 15, 17, 4, 0, 35, 23, 22, 21, 25, 24, 26, 41, 40, 42, 39, 38, 37, 36, 1, 3, 2, 28, 27, 30, 
40, 42, 39, 38, 37, 36, 1, 3, 2, 28, 27, 30, 29, 5, 7, 6, 9, 10, 8, 31, 32, 11, 33, 34, 14, 13, 12, 20, 19, 18, 16, 15, 17, 4, 0, 35, 23, 22, 21, 25, 24, 26, 41, 
7, 6, 10, 9, 8, 31, 32, 11, 33, 34, 14, 13, 12, 20, 19, 18, 16, 15, 17, 4, 0, 35, 23, 22, 21, 25, 24, 26, 41, 40, 42, 39, 38, 37, 36, 1, 3, 2, 28, 27, 30, 29, 5, 
15, 17, 4, 0, 35, 23, 22, 21, 25, 24, 26, 41, 40, 42, 39, 38, 37, 36, 1, 3, 2, 28, 27, 30, 29, 5, 7, 6, 9, 10, 8, 31, 32, 11, 33, 34, 14, 13, 12, 20, 19, 18, 16, 
34, 14, 13, 12, 20, 19, 18, 16, 15, 17, 4, 0, 35, 23, 22, 21, 25, 24, 26, 41, 40, 42, 39, 38, 37, 36, 1, 3, 2, 28, 27, 30, 29, 5, 7, 6, 9, 10, 32, 31, 8, 11, 33, 
0, 35, 23, 22, 21, 25, 24, 26, 41, 40, 42, 39, 38, 37, 36, 1, 3, 2, 28, 27, 30, 29, 5, 7, 6, 9, 10, 8, 31, 32, 11, 33, 34, 14, 13, 12, 20, 19, 18, 16, 15, 17, 4, 
17, 4, 0, 35, 23, 22, 21, 25, 24, 26, 41, 40, 42, 39, 38, 37, 36, 1, 3, 2, 28, 27, 30, 29, 5, 7, 6, 9, 10, 32, 31, 8, 11, 33, 34, 14, 13, 12, 20, 19, 18, 16, 15, 
28, 27, 30, 29, 5, 7, 6, 9, 10, 8, 31, 32, 11, 33, 34, 14, 13, 12, 20, 19, 18, 16, 15, 17, 4, 0, 35, 23, 22, 21, 25, 24, 26, 41, 40, 42, 39, 38, 37, 36, 1, 3, 2, 
12, 20, 19, 18, 16, 15, 17, 4, 0, 35, 23, 22, 21, 25, 24, 26, 41, 40, 42, 39, 38, 37, 36, 1, 3, 2, 28, 27, 30, 29, 5, 7, 6, 9, 10, 8, 31, 32, 11, 33, 34, 14, 13, 
32, 11, 33, 34, 14, 13, 12, 20, 19, 18, 16, 15, 17, 4, 0, 35, 23, 22, 21, 25, 24, 26, 41, 40, 42, 39, 38, 37, 36, 1, 3, 2, 28, 27, 30, 29, 6, 7, 5, 9, 10, 8, 31, 
11, 33, 34, 14, 13, 12, 20, 19, 18, 16, 15, 17, 4, 0, 35, 23, 22, 21, 25, 24, 26, 41, 40, 42, 39, 38, 37, 36, 1, 3, 2, 28, 27, 30, 29, 5, 7, 6, 9, 10, 8, 31, 32, 
24, 26, 41, 40, 42, 39, 38, 37, 36, 1, 3, 2, 28, 27, 30, 29, 5, 7, 6, 9, 10, 8, 31, 32, 11, 33, 34, 14, 13, 12, 20, 19, 18, 16, 15, 17, 4, 0, 35, 23, 22, 21, 25, 
6, 9, 10, 8, 31, 32, 11, 33, 34, 14, 13, 12, 20, 19, 18, 16, 15, 17, 4, 0, 35, 23, 22, 21, 25, 24, 26, 41, 40, 42, 39, 38, 37, 36, 1, 3, 2, 28, 27, 30, 29, 5, 7, 
14, 13, 12, 20, 19, 18, 16, 15, 17, 4, 0, 35, 23, 22, 21, 25, 24, 26, 41, 40, 42, 39, 38, 37, 36, 1, 3, 2, 28, 27, 30, 29, 5, 7, 6, 9, 10, 8, 31, 32, 11, 33, 34, 
19, 18, 16, 15, 17, 4, 0, 35, 23, 22, 21, 25, 24, 26, 41, 40, 42, 39, 38, 37, 36, 1, 3, 2, 28, 27, 30, 29, 5, 7, 6, 9, 10, 8, 31, 32, 11, 33, 34, 14, 13, 12, 20, 
24, 26, 41, 40, 42, 39, 38, 37, 36, 1, 3, 2, 28, 27, 30, 29, 5, 7, 6, 9, 10, 8, 31, 32, 11, 33, 34, 14, 13, 12, 20, 19, 18, 16, 15, 17, 4, 0, 35, 23, 22, 21, 25, 
20, 19, 18, 16, 15, 17, 4, 0, 35, 23, 22, 21, 25, 24, 26, 41, 40, 42, 39, 38, 37, 36, 1, 3, 2, 28, 27, 30, 29, 5, 7, 6, 9, 10, 8, 31, 32, 11, 33, 34, 14, 13, 12, 
2, 28, 27, 30, 29, 5, 7, 6, 9, 10, 8, 31, 32, 11, 33, 34, 14, 13, 12, 20, 19, 18, 16, 15, 17, 4, 0, 35, 23, 22, 21, 25, 24, 26, 41, 40, 42, 39, 38, 37, 36, 1, 3, 
0, 35, 23, 22, 21, 25, 24, 26, 41, 40, 42, 39, 38, 37, 36, 1, 3, 2, 28, 27, 30, 29, 5, 7, 6, 9, 10, 8, 31, 32, 11, 33, 34, 14, 13, 12, 20, 19, 18, 16, 15, 17, 4, 
12, 20, 19, 18, 16, 15, 17, 4, 0, 35, 23, 22, 21, 25, 24, 26, 41, 40, 42, 39, 38, 37, 36, 1, 3, 2, 28, 27, 30, 29, 5, 7, 6, 9, 10, 8, 31, 32, 11, 33, 34, 14, 13, 
2, 28, 27, 30, 29, 5, 7, 6, 9, 10, 8, 31, 32, 11, 33, 34, 14, 13, 12, 20, 19, 18, 16, 15, 17, 4, 0, 35, 23, 22, 21, 25, 24, 26, 41, 40, 42, 39, 38, 37, 36, 1, 3, 
14, 13, 12, 20, 19, 18, 16, 15, 17, 4, 0, 35, 23, 22, 21, 25, 24, 26, 41, 40, 42, 39, 38, 37, 36, 1, 3, 2, 28, 27, 30, 29, 5, 7, 6, 9, 10, 8, 31, 32, 11, 33, 34, 
32, 11, 33, 34, 14, 13, 12, 20, 19, 18, 16, 15, 17, 4, 0, 35, 23, 22, 21, 25, 24, 26, 41, 40, 42, 39, 38, 37, 36, 1, 3, 2, 28, 27, 30, 29, 5, 7, 6, 9, 10, 8, 31, 
16, 15, 17, 4, 0, 35, 23, 22, 21, 25, 24, 26, 41, 40, 42, 39, 38, 37, 36, 1, 3, 2, 28, 27, 30, 29, 5, 7, 6, 9, 10, 8, 31, 32, 11, 33, 34, 14, 13, 12, 20, 19, 18, 
25, 24, 26, 41, 40, 42, 39, 38, 37, 36, 1, 3, 2, 28, 27, 30, 29, 6, 7, 5, 9, 10, 8, 31, 32, 11, 33, 34, 14, 13, 12, 20, 19, 18, 16, 15, 17, 4, 0, 35, 23, 22, 21, 
18, 16, 15, 17, 4, 0, 35, 23, 22, 21, 25, 24, 26, 41, 40, 42, 39, 38, 37, 36, 1, 3, 2, 28, 27, 30, 29, 5, 7, 6, 9, 10, 8, 31, 32, 11, 33, 34, 14, 13, 12, 20, 19, 
34, 14, 13, 12, 20, 19, 18, 16, 15, 17, 4, 0, 35, 23, 22, 21, 25, 24, 26, 41, 40, 42, 39, 38, 37, 36, 1, 3, 2, 28, 27, 30, 29, 5, 7, 6, 9, 10, 8, 31, 32, 11, 33, 
12, 20, 19, 18, 16, 15, 17, 4, 0, 35, 23, 22, 21, 25, 24, 26, 41, 40, 42, 39, 38, 37, 36, 1, 3, 2, 28, 27, 30, 29, 5, 7, 6, 9, 10, 8, 31, 32, 11, 33, 34, 14, 13, 
12, 20, 19, 18, 16, 15, 17, 4, 0, 35, 23, 22, 21, 25, 24, 26, 41, 40, 42, 39, 38, 37, 36, 1, 3, 2, 28, 27, 30, 29, 5, 7, 6, 9, 10, 8, 31, 32, 11, 33, 34, 14, 13, 
2, 27, 30, 29, 5, 7, 6, 9, 10, 8, 31, 32, 11, 33, 34, 14, 13, 12, 20, 19, 18, 16, 15, 17, 4, 0, 35, 23, 22, 21, 25, 24, 26, 41, 40, 42, 39, 38, 37, 36, 1, 3, 28, 
37, 36, 1, 3, 28, 2, 27, 30, 29, 5, 7, 6, 9, 10, 8, 31, 32, 11, 33, 34, 14, 13, 12, 20, 19, 18, 16, 15, 17, 4, 0, 35, 23, 22, 21, 25, 24, 26, 40, 41, 42, 39, 38, 
25, 21, 22, 23, 35, 0, 4, 17, 15, 16, 18, 19, 20, 12, 13, 14, 34, 33, 11, 32, 31, 8, 10, 9, 6, 7, 27, 29, 30, 5, 28, 2, 3, 1, 36, 37, 38, 39, 42, 40, 41, 26, 24, 
40, 42, 39, 38, 37, 36, 1, 3, 28, 2, 27, 30, 29, 5, 7, 6, 9, 10, 8, 31, 32, 11, 33, 34, 14, 13, 12, 20, 19, 18, 16, 15, 17, 4, 0, 35, 23, 22, 21, 25, 24, 26, 41, 
13, 12, 20, 19, 18, 16, 15, 17, 4, 0, 35, 23, 22, 21, 25, 24, 26, 41, 40, 42, 39, 38, 37, 36, 1, 3, 28, 2, 27, 30, 29, 5, 7, 6, 9, 10, 8, 31, 32, 11, 33, 34, 14, 
26, 24, 22, 21, 25, 23, 35, 0, 4, 17, 15, 16, 18, 19, 20, 12, 13, 14, 34, 33, 11, 32, 31, 8, 10, 9, 5, 7, 6, 29, 30, 27, 28, 2, 3, 1, 36, 37, 38, 39, 42, 40, 41, 
32, 31, 8, 9, 10, 6, 7, 5, 29, 30, 27, 28, 2, 3, 1, 36, 37, 38, 39, 42, 40, 41, 26, 24, 23, 21, 22, 25, 35, 0, 4, 17, 15, 16, 18, 19, 20, 12, 13, 14, 34, 33, 11, 
20, 12, 13, 14, 34, 6, 11, 32, 31, 8, 10, 9, 33, 7, 5, 29, 30, 27, 2, 28, 3, 1, 36, 37, 38, 39, 42, 41, 40, 26, 24, 25, 21, 22, 23, 35, 0, 4, 17, 15, 16, 18, 19, 
40, 42, 39, 38, 37, 36, 1, 3, 2, 28, 27, 30, 29, 5, 7, 32, 9, 10, 8, 31, 6, 11, 33, 34, 14, 13, 12, 20, 19, 18, 16, 15, 17, 4, 0, 35, 23, 22, 21, 25, 24, 26, 41, 
26, 24, 25, 21, 22, 23, 35, 0, 4, 17, 15, 16, 18, 19, 20, 12, 13, 14, 34, 33, 11, 32, 31, 8, 10, 9, 5, 7, 1, 29, 30, 27, 28, 2, 3, 6, 36, 37, 38, 39, 42, 40, 41, 
28, 2, 3, 1, 27, 37, 38, 39, 42, 40, 41, 26, 24, 25, 21, 22, 23, 35, 0, 4, 17, 15, 16, 18, 19, 20, 12, 13, 14, 34, 33, 11, 32, 31, 8, 10, 9, 6, 7, 5, 29, 30, 36, 
22, 21, 25, 24, 26, 41, 40, 42, 39, 38, 37, 36, 1, 3, 2, 28, 27, 30, 29, 5, 33, 6, 9, 10, 8, 31, 32, 11, 7, 34, 14, 13, 12, 20, 19, 18, 16, 15, 17, 4, 0, 35, 23, 
26, 24, 25, 21, 22, 23, 35, 0, 4, 17, 15, 12, 18, 19, 20, 16, 13, 14, 34, 33, 11, 32, 31, 8, 10, 9, 6, 7, 5, 29, 30, 27, 28, 2, 3, 1, 36, 37, 38, 39, 42, 40, 41, 
36, 37, 3, 2, 28, 27, 30, 29, 5, 7, 6, 9, 10, 8, 31, 32, 11, 33, 34, 14, 13, 12, 20, 19, 18, 16, 15, 17, 4, 0, 35, 23, 22, 21, 25, 24, 26, 41, 40, 42, 39, 38, 1, 
18, 16, 15, 17, 4, 0, 35, 23, 22, 21, 25, 24, 26, 41, 40, 42, 39, 38, 37, 6, 1, 3, 2, 28, 27, 30, 29, 5, 7, 36, 9, 10, 8, 31, 32, 11, 33, 34, 14, 13, 12, 20, 19, 
25, 24, 26, 41, 40, 42, 39, 38, 37, 36, 1, 3, 2, 28, 27, 30, 29, 5, 34, 6, 9, 10, 8, 31, 32, 11, 33, 7, 14, 13, 12, 20, 19, 18, 16, 15, 17, 4, 0, 35, 23, 22, 21, 
28, 27, 30, 29, 5, 7, 6, 10, 9, 8, 31, 32, 34, 14, 13, 12, 20, 19, 18, 16, 15, 17, 4, 0, 35, 23, 22, 21, 25, 24, 26, 41, 40, 42, 39, 38, 37, 36, 1, 3, 2, 33, 11, 
20, 12, 13, 14, 34, 33, 11, 32, 3, 8, 10, 9, 6, 7, 5, 29, 30, 27, 2, 28, 31, 1, 36, 37, 38, 39, 42, 41, 40, 26, 24, 25, 21, 22, 23, 35, 0, 4, 17, 15, 16, 18, 19, 
26, 24, 25, 21, 22, 23, 35, 0, 4, 17, 15, 16, 18, 19, 9, 12, 13, 14, 34, 33, 11, 8, 31, 32, 10, 20, 6, 7, 5, 29, 30, 27, 28, 2, 3, 1, 36, 37, 38, 39, 42, 40, 41, 
17, 4, 0, 35, 23, 22, 21, 25, 24, 26, 40, 41, 42, 39, 38, 37, 36, 1, 3, 2, 30, 27, 29, 5, 7, 6, 9, 10, 8, 31, 32, 11, 33, 34, 14, 13, 12, 20, 19, 18, 16, 15, 28, 
29, 5, 7, 6, 9, 10, 8, 31, 32, 11, 33, 34, 20, 13, 12, 14, 19, 18, 16, 15, 17, 4, 0, 35, 23, 22, 21, 25, 24, 26, 41, 40, 42, 39, 38, 37, 36, 1, 3, 2, 28, 27, 30, 
31, 8, 10, 9, 6, 7, 5, 26, 30, 27, 28, 2, 3, 1, 36, 37, 38, 39, 42, 40, 41, 29, 24, 25, 21, 22, 23, 35, 0, 4, 17, 15, 16, 18, 19, 20, 12, 13, 14, 34, 33, 11, 32, 
40, 42, 39, 38, 37, 36, 1, 3, 23, 28, 27, 30, 29, 5, 7, 6, 9, 10, 8, 31, 32, 11, 33, 34, 14, 13, 12, 20, 19, 18, 16, 15, 17, 4, 0, 35, 2, 22, 21, 25, 24, 26, 41, 
42, 39, 38, 37, 36, 1, 3, 28, 2, 27, 30, 24, 5, 7, 6, 9, 10, 8, 31, 32, 11, 33, 34, 14, 13, 12, 20, 19, 18, 16, 15, 17, 4, 0, 35, 23, 22, 21, 25, 29, 26, 41, 40, 
21, 1, 23, 35, 0, 4, 17, 15, 16, 18, 19, 20, 12, 13, 14, 34, 33, 11, 32, 31, 8, 10, 9, 6, 7, 5, 29, 30, 27, 28, 2, 3, 22, 36, 37, 38, 39, 42, 40, 41, 26, 24, 25, 
13, 12, 29, 19, 18, 16, 15, 17, 4, 0, 35, 23, 22, 21, 25, 24, 26, 28, 27, 30, 20, 5, 7, 6, 9, 10, 32, 31, 8, 11, 33, 34, 14, 41, 40, 42, 39, 38, 37, 36, 1, 3, 2, 
26, 41, 40, 42, 39, 38, 37, 36, 1, 3, 2, 28, 27, 30, 29, 5, 7, 6, 9, 25, 8, 31, 32, 11, 33, 34, 14, 13, 12, 20, 19, 18, 16, 15, 17, 4, 0, 35, 23, 22, 21, 10, 24, 
29, 5, 7, 6, 9, 10, 8, 31, 27, 11, 24, 34, 14, 13, 12, 20, 19, 18, 16, 15, 17, 4, 0, 35, 23, 22, 21, 25, 33, 26, 41, 40, 42, 39, 38, 37, 36, 1, 3, 2, 28, 32, 30, 
24, 26, 41, 40, 42, 39, 38, 37, 36, 1, 3, 2, 28, 27, 30, 29, 5, 7, 6, 9, 4, 8, 31, 32, 11, 33, 34, 14, 13, 12, 20, 19, 18, 16, 15, 17, 10, 0, 35, 23, 22, 21, 25, 
8, 31, 32, 11, 33, 34, 14, 13, 12, 20, 19, 7, 16, 15, 17, 4, 0, 35, 23, 22, 21, 25, 24, 26, 37, 36, 1, 3, 2, 28, 27, 30, 29, 6, 18, 5, 9, 10, 38, 39, 42, 40, 41, 
26, 24, 25, 21, 22, 23, 1, 0, 4, 17, 15, 11, 18, 5, 20, 12, 13, 14, 34, 33, 10, 32, 31, 8, 16, 9, 6, 7, 19, 29, 30, 27, 28, 2, 3, 35, 36, 37, 38, 39, 42, 40, 41, 
36, 1, 3, 2, 28, 27, 30, 0, 5, 7, 6, 9, 10, 8, 31, 32, 11, 33, 34, 14, 13, 12, 20, 19, 18, 16, 15, 17, 4, 29, 35, 23, 22, 21, 25, 24, 26, 41, 40, 42, 39, 38, 37, 
22, 21, 25, 24, 26, 41, 40, 42, 39, 38, 37, 36, 1, 4, 2, 28, 7, 30, 29, 5, 18, 6, 9, 10, 8, 31, 32, 11, 33, 34, 14, 13, 12, 20, 19, 27, 16, 15, 17, 3, 0, 35, 23, 
2, 28, 27, 30, 22, 5, 7, 6, 9, 10, 8, 31, 32, 11, 33, 34, 14, 13, 12, 20, 19, 18, 16, 15, 17, 4, 0, 35, 23, 29, 21, 25, 24, 26, 41, 40, 42, 39, 38, 37, 36, 1, 3, 
34, 14, 13, 12, 20, 27, 30, 29, 5, 7, 6, 9, 10, 8, 31, 32, 11, 33, 24, 26, 40, 41, 42, 39, 38, 37, 36, 1, 3, 28, 2, 15, 17, 4, 0, 35, 23, 22, 21, 25, 18, 16, 19, 
41, 39, 42, 40, 38, 37, 36, 1, 3, 2, 28, 29, 30, 27, 5, 7, 23, 9, 10, 8, 31, 32, 11, 33, 34, 14, 13, 12, 20, 19, 18, 16, 15, 17, 21, 0, 35, 6, 22, 4, 25, 24, 26, 
42, 40, 41, 26, 24, 25, 21, 22, 23, 35, 0, 4, 17, 15, 16, 18, 19, 20, 12, 13, 14, 34, 33, 11, 32, 29, 30, 27, 28, 2, 3, 1, 36, 37, 38, 39, 6, 7, 5, 31, 8, 10, 9, 
31, 8, 10, 9, 6, 7, 5, 29, 30, 27, 28, 2, 3, 1, 36, 37, 38, 26, 42, 40, 41, 39, 24, 25, 21, 22, 23, 35, 0, 4, 17, 15, 16, 18, 19, 20, 12, 13, 14, 34, 33, 11, 32, 
15, 17, 4, 0, 35, 23, 22, 21, 25, 24, 26, 40, 42, 39, 38, 37, 36, 1, 3, 2, 28, 27, 30, 29, 5, 7, 6, 9, 10, 8, 31, 32, 11, 33, 34, 14, 13, 12, 20, 19, 18, 16, 41, 
9, 10, 32, 31, 8, 11, 33, 34, 14, 13, 12, 20, 19, 18, 16, 15, 17, 4, 0, 35, 23, 22, 21, 25, 24, 26, 40, 42, 39, 38, 37, 36, 1, 3, 2, 28, 27, 30, 29, 5, 7, 6, 41, 
8, 31, 32, 11, 33, 34, 14, 13, 12, 20, 19, 18, 16, 15, 17, 4, 0, 35, 23, 22, 21, 25, 24, 26, 40, 42, 39, 38, 37, 36, 1, 3, 2, 28, 27, 30, 29, 6, 7, 5, 9, 10, 41, 
Tiempo de ejecucion (total): 0.929
Best fitness a lo largo del tiempo: 
17209, 11698, 11698, 11669, 6302, 6216, 6179, 6127, 6033, 6021, 6020, 5956, 5956, 5941, 5924, 5909, 5899, 5863, 5863, 5863, 5842, 5841, 5841, 5821, 5814, 5814, 5779, 5777, 5777, 5777, 5777, 5755, 5755, 5755, 5755, 5743, 5743, 5743, 5743, 5731, 5707, 5705, 5701, 5701, 5698, 5695, 5692, 5692, 5692, 5692, 5689, 5685, 5682, 5681, 5681, 5678, 5666, 5666, 5666, 5662, 5662, 5662, 5661, 5654, 5654, 5654, 5652, 5652, 5652, 5652, 5652, 5652, 5652, 5646, 5646, 5642, 5642, 5642, 5636, 5636, 5636, 5636, 5636, 5636, 5636, 5636, 5636, 5634, 5634, 5634, 5634, 5632, 5632, 5632, 5632, 5632, 5632, 5632, 5632, 5632, 5632, 5632, 5632, 5632, 5632, 5632, 5632, 5632, 5632, 5632, 5632, 5632, 5632, 5632, 5632, 5632, 5632, 5632, 5632, 5632, 5632, 5632, 5632, 5632, 5632, 5630, 5630, 5630, 5630, 5630, 5630, 5630, 5630, 5630, 5630, 5630, 5630, 5630, 5630, 5630, 5630, 5630, 5628, 5628, 5628, 5622, 5622, 5622, 5622, 5622, 5622, 5622, 5622, 5622, 5622, 5622, 5622, 5622, 5622, 5622, 5622, 5622, 5622, 5622, 5622, 5620, 
Fitness promedio a lo largo del tiempo: 
20497, 17485, 15710, 12938, 11238, 8742, 7451, 7502, 6631, 7965, 6542, 7412, 7070, 7501, 6399, 6823, 6702, 6747, 6710, 6409, 7084, 7396, 6916, 7151, 6780, 6999, 6563, 6594, 6508, 6779, 6725, 6454, 6718, 7460, 6333, 6868, 6541, 6240, 6702, 7414, 6676, 7108, 7066, 6608, 5792, 7352, 6905, 7179, 6276, 5983, 6304, 6894, 6895, 7112, 6998, 6695, 6880, 6673, 6771, 7042, 7094, 6118, 6235, 6394, 6099, 6111, 6226, 7126, 6648, 6095, 6321, 6497, 6353, 7036, 6387, 6612, 6219, 6199, 5694, 5937, 6197, 5691, 5841, 5727, 6022, 5797, 6216, 5664, 5672, 5911, 5672, 5668, 6174, 5653, 6648, 5659, 5659, 5956, 6004, 5994, 5647, 5942, 6174, 5662, 5656, 6097, 5936, 5662, 5672, 6112, 5657, 6273, 5984, 5849, 5676, 6320, 5665, 5890, 5779, 5903, 6413, 5671, 5690, 5670, 6006, 5898, 5845, 5873, 5709, 5661, 5648, 6363, 5667, 5772, 5896, 5679, 5995, 5877, 5708, 5642, 5651, 5646, 5656, 5661, 5680, 5822, 5693, 5685, 5788, 6549, 5806, 5664, 6608, 5690, 5638, 6045, 6053, 6074, 6281, 5651, 5724, 5786, 6053, 6055, 5925, 
Mejor solucion obtenida: 33, 31, 32, 11, 8, 10, 9, 6, 7, 5, 29, 30, 27, 28, 2, 3, 1, 36, 37, 38, 39, 42, 40, 41, 26, 24, 25, 21, 22, 23, 35, 0, 4, 17, 15, 16, 18, 19, 20, 12, 13, 14, 34, || Fitness: 5620;