Archivo Usado: p43.atsp
Tamaño de la Poblacion: 100
Reemplazo por Generacion: 5
Tamaño de los Torneos: 8
Cantidad de ciudades: 43
Probabilidad de cruce: 85000
Probabilidad mutacion simple: 3000
Probabilidad mutacion compleja: 20000
Cruces minimos de la mutacion compleja: 4
Iteraciones ejecutadas: 10000
Largo del cruce PMX: 6
Operador de Cruce: 0
Metodo seleccion de Padres: 0
Operador de Mutacion: 0
Metodo seleccion de Supervivientes: 1
Cantidad de threads a usar: 16
8, 10, 11, 9, 31, 32, 29, 30, 6, 5, 7, 28, 27, 1, 2, 3, 36, 37, 39, 38, 41, 42, 40, 26, 25, 24, 21, 22, 23, 35, 0, 4, 15, 18, 20, 19, 17, 16, 12, 14, 13, 34, 33, 
13, 14, 34, 33, 11, 9, 8, 10, 31, 32, 29, 30, 6, 5, 7, 28, 27, 1, 2, 3, 36, 37, 39, 38, 41, 42, 40, 26, 25, 24, 21, 23, 22, 35, 0, 4, 15, 18, 20, 19, 17, 16, 12, 
11, 10, 8, 9, 31, 32, 29, 30, 6, 5, 7, 28, 27, 1, 2, 3, 36, 37, 39, 38, 41, 42, 40, 26, 25, 24, 21, 23, 22, 35, 0, 4, 15, 18, 20, 19, 17, 16, 12, 14, 13, 33, 34, 
11, 10, 8, 9, 31, 32, 29, 30, 6, 5, 7, 28, 27, 1, 2, 3, 36, 37, 39, 38, 41, 42, 40, 26, 25, 24, 21, 23, 22, 35, 0, 4, 15, 18, 20, 19, 17, 16, 12, 14, 13, 34, 33, 
11, 10, 8, 9, 31, 32, 29, 30, 6, 5, 7, 28, 27, 1, 2, 3, 36, 37, 39, 38, 41, 42, 40, 26, 25, 24, 21, 22, 23, 35, 0, 4, 15, 18, 20, 19, 17, 16, 12, 14, 13, 34, 33, 
28, 27, 1, 2, 3, 36, 37, 39, 38, 41, 42, 40, 26, 25, 24, 21, 22, 23, 35, 0, 4, 15, 18, 20, 19, 17, 16, 12, 14, 13, 34, 33, 32, 31, 10, 8, 9, 11, 6, 5, 7, 30, 29, 
7, 28, 27, 1, 2, 3, 36, 37, 39, 38, 41, 42, 40, 26, 25, 24, 21, 22, 23, 35, 0, 4, 15, 18, 20, 19, 17, 16, 12, 14, 13, 34, 33, 32, 31, 10, 8, 9, 11, 29, 30, 6, 5, 
13, 14, 34, 33, 11, 9, 8, 10, 31, 32, 29, 30, 6, 5, 7, 28, 27, 1, 2, 3, 36, 37, 39, 38, 40, 42, 41, 26, 25, 24, 21, 23, 22, 35, 0, 4, 15, 18, 20, 19, 17, 16, 12, 
26, 25, 24, 21, 23, 22, 35, 0, 4, 15, 18, 20, 19, 17, 16, 12, 14, 13, 34, 33, 30, 29, 32, 31, 10, 8, 9, 11, 6, 5, 7, 28, 27, 1, 2, 3, 36, 37, 39, 38, 41, 42, 40, 
29, 32, 31, 10, 8, 9, 11, 6, 5, 7, 28, 27, 1, 2, 3, 36, 37, 39, 38, 41, 42, 40, 26, 25, 24, 21, 22, 23, 35, 0, 4, 15, 18, 20, 19, 17, 16, 12, 14, 13, 34, 33, 30, 
32, 31, 10, 8, 9, 11, 6, 5, 7, 28, 27, 1, 2, 3, 36, 37, 39, 38, 41, 42, 40, 26, 25, 24, 21, 23, 22, 35, 0, 4, 15, 18, 20, 19, 17, 16, 12, 14, 13, 34, 33, 30, 29, 
15, 18, 20, 19, 17, 16, 12, 14, 13, 34, 33, 32, 31, 10, 8, 9, 11, 6, 5, 7, 28, 27, 1, 2, 3, 36, 37, 39, 38, 41, 42, 40, 26, 25, 24, 21, 22, 23, 35, 0, 4, 30, 29, 
29, 32, 31, 10, 8, 9, 11, 6, 5, 7, 28, 27, 1, 2, 3, 36, 37, 39, 38, 41, 42, 40, 26, 25, 24, 21, 22, 23, 35, 0, 4, 15, 18, 20, 19, 17, 16, 12, 14, 13, 34, 33, 30, 
8, 9, 11, 6, 5, 7, 28, 27, 1, 2, 3, 36, 37, 39, 38, 41, 42, 40, 26, 25, 24, 21, 23, 22, 35, 0, 4, 15, 18, 20, 19, 17, 16, 12, 14, 13, 34, 33, 30, 29, 32, 31, 10, 
18, 20, 19, 17, 16, 12, 14, 13, 34, 33, 30, 29, 32, 31, 10, 8, 9, 11, 6, 5, 7, 28, 27, 1, 2, 3, 36, 37, 39, 38, 41, 42, 40, 26, 25, 24, 21, 22, 23, 35, 0, 4, 15, 
37, 39, 38, 41, 42, 40, 26, 25, 24, 21, 23, 22, 35, 0, 4, 15, 18, 20, 19, 17, 16, 12, 14, 13, 34, 33, 30, 29, 32, 31, 10, 8, 9, 11, 6, 5, 7, 28, 27, 1, 2, 3, 36, 
31, 10, 8, 9, 11, 6, 5, 7, 28, 27, 1, 2, 3, 36, 37, 39, 38, 41, 42, 40, 26, 25, 24, 21, 22, 23, 35, 0, 4, 15, 18, 20, 19, 17, 16, 12, 14, 13, 34, 33, 30, 29, 32, 
22, 35, 0, 4, 15, 18, 20, 19, 17, 16, 12, 14, 13, 34, 33, 30, 29, 32, 31, 10, 8, 9, 11, 6, 5, 7, 28, 27, 1, 2, 3, 36, 37, 39, 38, 41, 42, 40, 26, 25, 24, 21, 23, 
42, 40, 26, 25, 24, 21, 22, 23, 35, 0, 4, 15, 18, 20, 19, 17, 16, 12, 14, 13, 34, 33, 30, 29, 32, 31, 10, 8, 9, 11, 6, 5, 7, 28, 27, 1, 2, 3, 36, 37, 39, 38, 41, 
32, 31, 10, 8, 9, 11, 6, 5, 7, 28, 27, 1, 2, 3, 36, 37, 39, 38, 41, 42, 40, 26, 25, 24, 21, 22, 23, 35, 0, 4, 15, 18, 20, 19, 17, 16, 12, 14, 13, 34, 33, 30, 29, 
13, 34, 33, 30, 29, 32, 31, 10, 8, 9, 11, 6, 5, 7, 28, 27, 1, 2, 3, 36, 37, 39, 38, 41, 42, 40, 26, 25, 24, 21, 22, 23, 35, 0, 4, 15, 18, 20, 19, 17, 16, 12, 14, 
14, 13, 34, 33, 30, 29, 32, 31, 10, 8, 9, 11, 6, 5, 7, 28, 27, 1, 2, 3, 36, 37, 39, 38, 41, 42, 40, 26, 25, 24, 21, 23, 22, 35, 0, 4, 15, 18, 20, 19, 17, 16, 12, 
39, 38, 41, 42, 40, 26, 25, 24, 21, 23, 22, 35, 0, 4, 15, 18, 20, 19, 17, 16, 12, 14, 13, 34, 33, 30, 29, 32, 31, 10, 8, 9, 11, 6, 5, 7, 28, 27, 1, 2, 3, 36, 37, 
39, 38, 41, 42, 40, 26, 25, 24, 21, 23, 22, 35, 0, 4, 15, 18, 20, 19, 17, 16, 12, 14, 13, 34, 33, 30, 29, 32, 31, 10, 8, 9, 11, 6, 5, 7, 28, 27, 1, 2, 3, 36, 37, 
35, 0, 4, 15, 18, 20, 19, 17, 16, 12, 14, 13, 34, 33, 30, 29, 32, 31, 10, 8, 9, 11, 6, 5, 7, 28, 27, 1, 2, 3, 36, 37, 39, 38, 41, 42, 40, 26, 25, 24, 21, 23, 22, 
42, 40, 26, 25, 24, 21, 23, 22, 35, 0, 4, 15, 18, 20, 19, 17, 16, 12, 14, 13, 34, 33, 30, 29, 32, 31, 10, 8, 9, 11, 6, 5, 7, 28, 27, 1, 2, 3, 36, 37, 39, 38, 41, 
12, 14, 13, 34, 33, 30, 29, 32, 31, 10, 8, 9, 11, 6, 5, 7, 28, 27, 1, 2, 3, 36, 37, 39, 38, 41, 42, 40, 26, 25, 24, 21, 22, 23, 35, 0, 4, 15, 18, 20, 19, 17, 16, 
31, 10, 8, 9, 11, 6, 5, 7, 28, 27, 1, 2, 3, 36, 37, 39, 38, 41, 42, 40, 26, 25, 24, 21, 23, 22, 35, 0, 4, 15, 18, 20, 19, 17, 16, 12, 14, 13, 34, 33, 32, 29, 30, 
12, 16, 17, 19, 20, 18, 15, 4, 0, 35, 23, 22, 21, 24, 25, 26, 40, 42, 41, 38, 39, 37, 36, 3, 2, 1, 27, 28, 7, 5, 6, 11, 9, 8, 10, 31, 32, 29, 30, 33, 34, 13, 14, 
37, 36, 3, 2, 1, 27, 28, 7, 5, 6, 11, 9, 8, 10, 31, 32, 29, 30, 34, 33, 13, 14, 12, 16, 17, 19, 20, 18, 15, 4, 0, 35, 22, 23, 21, 24, 25, 26, 40, 42, 41, 38, 39, 
37, 36, 3, 2, 1, 27, 28, 7, 5, 6, 8, 9, 11, 10, 31, 32, 29, 30, 33, 34, 13, 14, 12, 16, 17, 19, 20, 18, 15, 4, 0, 35, 22, 23, 21, 24, 25, 26, 40, 42, 41, 38, 39, 
19, 20, 18, 15, 4, 0, 35, 22, 23, 21, 24, 25, 26, 40, 42, 41, 38, 39, 37, 36, 3, 2, 1, 27, 28, 7, 5, 6, 11, 9, 8, 10, 31, 32, 29, 30, 33, 34, 13, 14, 12, 16, 17, 
35, 22, 23, 21, 24, 25, 26, 40, 42, 41, 38, 39, 37, 36, 3, 2, 1, 27, 28, 7, 5, 6, 11, 9, 8, 10, 31, 32, 29, 30, 33, 34, 13, 14, 12, 16, 17, 19, 20, 18, 15, 4, 0, 
21, 24, 25, 26, 40, 42, 41, 38, 39, 37, 36, 3, 2, 1, 27, 28, 7, 5, 6, 11, 9, 8, 10, 31, 32, 29, 30, 33, 34, 13, 14, 12, 16, 17, 19, 20, 18, 15, 4, 0, 35, 22, 23, 
12, 16, 17, 19, 20, 18, 15, 4, 0, 35, 22, 23, 21, 24, 25, 26, 40, 42, 41, 38, 39, 37, 36, 3, 2, 1, 27, 28, 7, 5, 6, 11, 9, 8, 10, 31, 32, 29, 30, 33, 34, 13, 14, 
35, 22, 23, 21, 24, 25, 26, 40, 42, 41, 38, 39, 37, 36, 3, 2, 1, 27, 28, 7, 5, 6, 11, 9, 8, 10, 31, 32, 29, 30, 33, 34, 13, 14, 12, 16, 17, 19, 20, 18, 15, 4, 0, 
7, 28, 27, 1, 2, 3, 36, 37, 39, 38, 41, 42, 40, 26, 25, 24, 21, 22, 23, 35, 0, 4, 15, 18, 20, 19, 17, 16, 12, 14, 13, 34, 33, 11, 6, 30, 29, 32, 31, 10, 8, 9, 5, 
2, 1, 27, 28, 7, 5, 6, 11, 9, 8, 10, 31, 32, 29, 30, 33, 34, 13, 14, 12, 16, 17, 19, 20, 18, 15, 4, 0, 35, 23, 22, 21, 24, 25, 26, 40, 42, 41, 38, 39, 37, 36, 3, 
14, 12, 16, 17, 19, 20, 18, 15, 4, 0, 35, 22, 23, 21, 24, 25, 26, 40, 42, 41, 38, 39, 37, 36, 3, 2, 1, 27, 28, 7, 5, 6, 11, 9, 8, 10, 31, 32, 29, 30, 33, 34, 13, 
23, 21, 24, 25, 26, 40, 42, 41, 38, 39, 37, 36, 3, 2, 1, 27, 28, 7, 5, 6, 11, 9, 8, 10, 31, 32, 29, 30, 33, 34, 13, 14, 12, 16, 17, 19, 20, 18, 15, 4, 0, 35, 22, 
3, 2, 1, 27, 28, 7, 5, 6, 11, 9, 8, 10, 31, 32, 29, 30, 33, 34, 13, 14, 12, 16, 17, 19, 20, 18, 15, 4, 0, 35, 23, 22, 21, 24, 25, 26, 40, 42, 41, 38, 39, 37, 36, 
2, 1, 27, 28, 7, 5, 6, 11, 9, 8, 10, 31, 32, 29, 30, 33, 34, 13, 14, 12, 16, 17, 19, 20, 18, 15, 4, 0, 35, 22, 23, 21, 24, 25, 26, 40, 42, 41, 38, 39, 37, 36, 3, 
33, 34, 13, 14, 12, 16, 17, 19, 20, 18, 15, 4, 0, 35, 23, 22, 21, 24, 25, 26, 40, 42, 41, 38, 39, 37, 36, 3, 2, 1, 27, 28, 7, 5, 6, 11, 9, 8, 10, 31, 32, 29, 30, 
5, 7, 28, 27, 1, 2, 3, 36, 37, 39, 38, 41, 42, 40, 26, 25, 24, 21, 22, 23, 35, 0, 4, 15, 18, 20, 19, 17, 16, 12, 14, 13, 34, 33, 11, 6, 30, 29, 32, 31, 10, 8, 9, 
34, 13, 14, 12, 16, 17, 19, 20, 18, 15, 4, 0, 35, 23, 22, 21, 24, 25, 26, 40, 42, 41, 38, 39, 37, 36, 3, 2, 1, 27, 28, 7, 5, 6, 11, 9, 8, 10, 31, 32, 29, 30, 33, 
12, 16, 17, 19, 20, 18, 15, 4, 0, 35, 22, 23, 21, 24, 25, 26, 40, 42, 41, 38, 39, 37, 36, 3, 2, 1, 27, 28, 7, 5, 6, 11, 9, 8, 10, 31, 32, 29, 30, 33, 13, 14, 34, 
19, 20, 18, 15, 4, 0, 35, 23, 22, 21, 24, 25, 26, 40, 42, 41, 38, 39, 37, 36, 3, 2, 1, 27, 28, 7, 5, 6, 30, 29, 11, 10, 8, 9, 31, 32, 34, 33, 13, 14, 12, 16, 17, 
32, 31, 10, 8, 9, 11, 33, 34, 13, 14, 12, 16, 17, 19, 20, 18, 15, 4, 0, 35, 22, 23, 21, 24, 25, 26, 40, 42, 41, 38, 39, 37, 36, 3, 2, 1, 27, 28, 7, 5, 6, 30, 29, 
39, 37, 36, 3, 2, 1, 27, 28, 7, 5, 6, 30, 29, 32, 31, 10, 8, 9, 11, 33, 34, 13, 14, 12, 16, 17, 19, 20, 18, 15, 4, 0, 35, 22, 23, 21, 24, 25, 26, 40, 42, 41, 38, 
31, 9, 11, 10, 8, 33, 34, 13, 14, 12, 16, 17, 19, 20, 18, 15, 4, 0, 35, 23, 22, 21, 24, 25, 26, 40, 42, 41, 38, 39, 37, 36, 3, 2, 1, 27, 28, 7, 5, 6, 30, 29, 32, 
2, 1, 27, 28, 7, 5, 6, 30, 29, 32, 31, 10, 8, 9, 11, 33, 34, 13, 14, 12, 16, 17, 19, 20, 18, 15, 4, 0, 35, 22, 23, 21, 24, 25, 26, 40, 42, 41, 38, 39, 37, 36, 3, 
19, 20, 18, 15, 4, 0, 35, 22, 23, 21, 24, 25, 26, 40, 42, 41, 38, 39, 37, 36, 3, 2, 1, 27, 28, 7, 5, 6, 30, 29, 32, 31, 10, 8, 9, 11, 33, 34, 13, 14, 12, 16, 17, 
20, 18, 15, 4, 0, 35, 23, 22, 21, 24, 25, 26, 40, 42, 41, 38, 39, 37, 36, 3, 2, 1, 27, 28, 7, 5, 6, 30, 29, 32, 31, 10, 8, 9, 11, 33, 34, 13, 14, 12, 16, 17, 19, 
16, 17, 19, 20, 18, 15, 4, 0, 35, 22, 23, 21, 24, 25, 26, 40, 42, 41, 38, 39, 37, 36, 3, 2, 1, 27, 28, 7, 5, 6, 30, 29, 32, 31, 9, 8, 10, 11, 33, 34, 13, 14, 12, 
12, 16, 17, 19, 20, 18, 15, 4, 0, 35, 23, 22, 21, 24, 25, 26, 40, 42, 41, 38, 39, 37, 36, 3, 2, 1, 27, 28, 7, 5, 6, 30, 29, 11, 10, 8, 9, 31, 32, 34, 13, 14, 33, 
11, 10, 8, 6, 31, 32, 29, 30, 9, 5, 7, 28, 27, 1, 2, 3, 36, 37, 39, 38, 41, 42, 40, 26, 25, 24, 21, 23, 22, 35, 0, 4, 15, 18, 20, 19, 17, 16, 12, 14, 13, 34, 33, 
13, 14, 12, 16, 17, 19, 20, 18, 15, 4, 0, 35, 22, 23, 21, 24, 25, 26, 40, 42, 41, 38, 39, 37, 36, 3, 2, 1, 27, 28, 7, 5, 6, 30, 29, 10, 31, 9, 8, 32, 11, 33, 34, 
7, 5, 6, 30, 29, 32, 31, 9, 8, 10, 11, 16, 17, 19, 20, 18, 15, 4, 0, 35, 22, 23, 21, 24, 25, 26, 40, 42, 41, 38, 39, 37, 36, 3, 2, 1, 27, 28, 12, 14, 13, 34, 33, 
8, 10, 7, 9, 31, 32, 29, 30, 6, 5, 11, 28, 27, 1, 2, 3, 36, 37, 39, 38, 41, 42, 40, 26, 25, 24, 21, 22, 23, 35, 0, 4, 15, 18, 20, 19, 17, 16, 12, 14, 13, 34, 33, 
11, 32, 8, 9, 31, 10, 29, 30, 6, 5, 7, 28, 27, 1, 2, 3, 37, 36, 39, 38, 41, 42, 40, 26, 25, 24, 21, 23, 22, 35, 0, 4, 15, 18, 20, 19, 17, 16, 12, 14, 13, 34, 33, 
27, 1, 2, 3, 36, 37, 39, 38, 41, 42, 40, 26, 25, 24, 21, 23, 22, 35, 0, 4, 15, 18, 20, 19, 17, 16, 12, 14, 13, 34, 33, 11, 6, 5, 7, 28, 29, 32, 31, 10, 8, 9, 30, 
29, 32, 31, 10, 8, 9, 11, 33, 30, 6, 5, 7, 28, 27, 1, 2, 3, 36, 37, 39, 38, 41, 42, 40, 26, 25, 24, 21, 23, 22, 35, 0, 4, 15, 18, 20, 19, 17, 16, 12, 13, 34, 14, 
1, 2, 3, 36, 37, 39, 38, 41, 42, 40, 26, 25, 24, 21, 23, 22, 35, 0, 4, 15, 18, 20, 19, 17, 16, 12, 14, 13, 34, 33, 11, 6, 5, 7, 28, 27, 29, 32, 31, 10, 8, 9, 30, 
36, 37, 39, 38, 41, 42, 40, 26, 25, 24, 21, 22, 23, 35, 0, 4, 15, 18, 20, 19, 17, 16, 12, 14, 13, 33, 34, 11, 6, 30, 29, 32, 31, 10, 8, 9, 1, 2, 3, 28, 27, 5, 7, 
37, 36, 3, 2, 1, 27, 28, 7, 5, 6, 30, 29, 11, 10, 8, 9, 31, 32, 38, 39, 41, 42, 40, 26, 25, 24, 21, 22, 23, 35, 0, 4, 15, 18, 20, 19, 17, 16, 12, 14, 13, 34, 33, 
36, 37, 39, 38, 41, 42, 40, 26, 25, 24, 21, 22, 23, 35, 0, 4, 15, 18, 20, 19, 17, 16, 12, 14, 13, 34, 33, 32, 31, 9, 11, 6, 5, 7, 28, 27, 1, 2, 3, 10, 8, 30, 29, 
19, 20, 18, 15, 4, 0, 35, 22, 23, 21, 24, 25, 26, 40, 42, 41, 38, 39, 37, 36, 3, 2, 1, 27, 28, 7, 5, 6, 30, 29, 32, 31, 9, 8, 10, 11, 17, 16, 12, 14, 13, 34, 33, 
40, 26, 25, 24, 21, 23, 22, 35, 0, 4, 15, 18, 20, 19, 17, 16, 12, 14, 13, 34, 33, 30, 29, 32, 31, 10, 8, 9, 11, 6, 5, 7, 28, 27, 1, 2, 3, 36, 37, 38, 41, 42, 39, 
3, 36, 37, 39, 38, 41, 42, 40, 26, 25, 24, 21, 23, 22, 35, 0, 4, 15, 18, 20, 19, 17, 16, 12, 14, 13, 33, 34, 11, 6, 5, 7, 28, 27, 1, 2, 31, 10, 8, 9, 29, 32, 30, 
23, 21, 24, 25, 26, 40, 42, 41, 38, 39, 37, 36, 3, 2, 1, 27, 28, 7, 5, 6, 11, 9, 8, 10, 31, 33, 29, 30, 32, 34, 13, 14, 12, 16, 17, 19, 20, 18, 15, 4, 0, 35, 22, 
37, 36, 3, 6, 1, 27, 28, 7, 5, 2, 11, 9, 8, 10, 31, 32, 29, 30, 33, 34, 13, 14, 12, 16, 17, 19, 20, 18, 15, 4, 0, 35, 23, 22, 21, 24, 25, 26, 40, 42, 41, 38, 39, 
11, 32, 8, 9, 31, 10, 29, 30, 6, 5, 7, 28, 37, 1, 2, 3, 36, 27, 39, 38, 41, 42, 40, 26, 25, 24, 21, 23, 22, 35, 0, 4, 15, 18, 20, 19, 17, 16, 12, 14, 13, 34, 33, 
23, 21, 24, 25, 26, 40, 42, 41, 38, 39, 37, 36, 3, 2, 1, 27, 28, 13, 5, 6, 11, 9, 8, 10, 31, 32, 29, 30, 33, 34, 7, 14, 12, 16, 17, 19, 20, 18, 15, 4, 0, 35, 22, 
29, 32, 31, 9, 8, 10, 11, 2, 1, 27, 28, 7, 5, 6, 30, 13, 14, 12, 16, 17, 19, 20, 18, 15, 4, 0, 35, 22, 23, 21, 24, 25, 26, 40, 42, 41, 38, 39, 37, 36, 3, 33, 34, 
26, 25, 24, 21, 22, 23, 35, 0, 4, 15, 18, 20, 19, 17, 16, 12, 14, 13, 34, 33, 8, 9, 11, 6, 5, 7, 28, 27, 1, 2, 3, 36, 37, 39, 38, 41, 42, 40, 29, 32, 31, 10, 30, 
2, 1, 27, 28, 7, 5, 6, 30, 29, 32, 31, 10, 8, 9, 11, 13, 14, 12, 16, 17, 19, 20, 18, 15, 4, 0, 35, 23, 22, 21, 24, 25, 26, 40, 42, 41, 38, 39, 37, 36, 3, 34, 33, 
5, 6, 30, 29, 10, 31, 9, 8, 32, 11, 36, 3, 2, 1, 27, 28, 7, 14, 12, 16, 17, 19, 20, 18, 15, 4, 0, 35, 22, 23, 21, 24, 25, 26, 40, 42, 41, 38, 39, 37, 33, 34, 13, 
37, 36, 3, 2, 1, 27, 28, 7, 5, 6, 11, 9, 8, 10, 31, 32, 29, 30, 33, 13, 14, 12, 16, 17, 19, 20, 18, 15, 4, 0, 35, 23, 22, 21, 24, 25, 26, 40, 42, 41, 38, 39, 34, 
11, 32, 8, 15, 31, 10, 29, 30, 6, 5, 7, 28, 27, 1, 2, 3, 36, 37, 39, 38, 41, 42, 40, 26, 25, 24, 21, 23, 22, 35, 0, 4, 9, 18, 20, 19, 17, 16, 12, 14, 13, 34, 33, 
11, 27, 8, 9, 31, 32, 29, 30, 6, 5, 7, 28, 10, 1, 2, 3, 36, 37, 39, 38, 41, 42, 40, 26, 25, 24, 21, 23, 22, 35, 0, 4, 15, 18, 20, 19, 17, 16, 12, 14, 13, 34, 33, 
37, 39, 38, 41, 42, 40, 26, 25, 24, 21, 23, 35, 0, 4, 15, 18, 20, 19, 17, 16, 12, 14, 13, 34, 33, 30, 29, 32, 31, 10, 8, 9, 11, 6, 5, 7, 28, 27, 1, 2, 3, 36, 22, 
24, 21, 23, 22, 35, 0, 4, 15, 18, 20, 19, 17, 16, 12, 14, 13, 34, 33, 8, 9, 11, 6, 5, 7, 28, 27, 1, 2, 3, 36, 37, 39, 38, 41, 42, 40, 26, 25, 10, 31, 32, 29, 30, 
23, 21, 24, 25, 26, 40, 42, 41, 38, 39, 37, 36, 3, 2, 1, 10, 28, 7, 5, 6, 11, 9, 8, 27, 31, 32, 29, 30, 33, 34, 13, 14, 12, 16, 17, 19, 20, 18, 15, 4, 0, 35, 22, 
40, 42, 41, 38, 39, 37, 36, 3, 2, 1, 27, 28, 17, 5, 6, 30, 29, 32, 31, 9, 11, 10, 8, 33, 34, 13, 14, 12, 16, 7, 19, 20, 18, 15, 4, 0, 35, 23, 22, 21, 24, 25, 26, 
11, 10, 8, 9, 31, 32, 29, 30, 25, 5, 7, 28, 27, 1, 2, 3, 36, 37, 39, 38, 41, 42, 40, 26, 6, 24, 21, 22, 23, 35, 0, 4, 15, 18, 20, 19, 17, 16, 12, 14, 13, 34, 33, 
37, 36, 0, 2, 1, 27, 28, 7, 5, 6, 11, 9, 8, 10, 31, 32, 29, 30, 33, 34, 13, 14, 12, 16, 17, 19, 20, 18, 15, 4, 3, 35, 23, 22, 21, 25, 24, 26, 40, 42, 41, 38, 39, 
25, 24, 21, 22, 35, 0, 4, 15, 18, 20, 19, 17, 16, 12, 14, 13, 34, 33, 30, 29, 32, 31, 10, 8, 9, 11, 6, 5, 7, 28, 27, 1, 2, 3, 36, 37, 39, 38, 41, 42, 40, 26, 23, 
0, 35, 22, 23, 21, 24, 25, 26, 40, 42, 41, 38, 39, 37, 36, 3, 2, 1, 27, 28, 7, 5, 6, 30, 29, 32, 31, 10, 8, 9, 11, 14, 12, 16, 17, 19, 20, 18, 15, 4, 33, 34, 13, 
42, 41, 38, 39, 37, 36, 3, 2, 1, 27, 28, 7, 5, 6, 30, 29, 32, 31, 9, 11, 10, 8, 23, 22, 35, 0, 4, 15, 18, 20, 19, 17, 16, 12, 14, 13, 34, 33, 21, 24, 25, 26, 40, 
6, 11, 9, 8, 10, 31, 32, 29, 30, 33, 34, 13, 14, 12, 16, 17, 19, 20, 18, 15, 4, 0, 35, 22, 23, 5, 24, 25, 26, 40, 42, 41, 38, 39, 37, 36, 3, 2, 1, 27, 28, 7, 21, 
23, 21, 24, 25, 26, 40, 42, 41, 38, 39, 37, 36, 3, 2, 1, 27, 28, 7, 5, 6, 30, 29, 32, 31, 9, 8, 10, 11, 16, 17, 19, 20, 18, 15, 4, 0, 35, 22, 33, 34, 13, 14, 12, 
31, 32, 29, 30, 33, 34, 13, 14, 12, 16, 17, 19, 20, 18, 15, 4, 11, 35, 23, 22, 21, 24, 25, 26, 40, 42, 41, 38, 39, 37, 36, 3, 2, 1, 27, 28, 7, 5, 6, 0, 9, 8, 10, 
8, 10, 11, 9, 31, 32, 29, 30, 6, 22, 7, 28, 27, 1, 2, 3, 36, 37, 39, 38, 41, 42, 40, 26, 25, 24, 21, 5, 23, 35, 0, 4, 15, 18, 20, 19, 17, 16, 12, 14, 13, 34, 33, 
37, 36, 3, 2, 1, 27, 28, 7, 5, 6, 30, 29, 32, 31, 9, 8, 10, 11, 0, 35, 22, 23, 21, 24, 25, 26, 40, 42, 41, 38, 39, 19, 20, 18, 15, 4, 14, 12, 16, 17, 33, 34, 13, 
11, 10, 8, 9, 31, 32, 29, 30, 6, 5, 7, 28, 27, 1, 2, 3, 36, 37, 39, 38, 41, 42, 40, 26, 25, 24, 21, 23, 22, 13, 0, 4, 15, 18, 20, 19, 17, 16, 12, 14, 35, 34, 33, 
13, 14, 18, 33, 11, 9, 37, 10, 31, 32, 29, 23, 6, 5, 7, 28, 27, 1, 2, 3, 36, 8, 39, 38, 41, 42, 40, 26, 25, 24, 21, 30, 0, 35, 22, 4, 15, 34, 20, 19, 17, 16, 12, 
10, 31, 32, 29, 30, 33, 34, 13, 14, 12, 16, 17, 19, 4, 18, 15, 20, 0, 35, 22, 23, 21, 24, 25, 26, 40, 42, 41, 38, 39, 37, 36, 3, 2, 1, 27, 28, 7, 5, 6, 11, 9, 8, 
11, 10, 8, 9, 31, 32, 29, 30, 6, 5, 7, 28, 20, 1, 2, 3, 36, 37, 39, 38, 41, 42, 40, 26, 25, 24, 21, 23, 22, 35, 0, 4, 15, 18, 27, 19, 17, 16, 12, 14, 13, 34, 33, 
11, 32, 8, 9, 31, 10, 29, 30, 6, 5, 7, 28, 27, 1, 2, 34, 36, 37, 39, 38, 41, 42, 40, 26, 25, 24, 21, 23, 22, 19, 0, 4, 15, 18, 20, 35, 17, 16, 12, 14, 13, 3, 33, 
4, 0, 35, 23, 22, 21, 24, 25, 40, 26, 42, 41, 38, 39, 37, 36, 3, 2, 1, 27, 28, 7, 5, 6, 11, 9, 8, 10, 31, 32, 29, 30, 33, 34, 13, 14, 12, 16, 17, 19, 20, 18, 15, 
Tiempo de ejecucion (total): 13.236
Best fitness a lo largo del tiempo: 
17245, 11883, 11674, 6392, 6172, 6172, 6086, 6086, 6073, 6022, 6012, 5994, 5962, 5960, 5933, 5895, 5895, 5883, 5875, 5864, 5863, 5858, 5851, 5813, 5809, 5803, 5803, 5794, 5780, 5771, 5745, 5729, 5729, 5727, 5696, 5696, 5692, 5692, 5680, 5678, 5678, 5672, 5666, 5666, 5666, 5666, 5666, 5666, 5661, 5660, 5660, 5659, 5657, 5653, 5651, 5651, 5651, 5651, 5645, 5645, 5645, 5645, 5645, 5645, 5645, 5643, 5642, 5642, 5642, 5642, 5642, 5642, 5642, 5641, 5639, 5639, 5639, 5637, 5637, 5637, 5637, 5637, 5637, 5637, 5637, 5637, 5637, 5637, 5637, 5637, 5637, 5637, 5637, 5637, 5637, 5637, 5637, 5637, 5635, 5635, 5635, 5635, 5635, 5635, 5635, 5635, 5635, 5635, 5635, 5635, 5635, 5635, 5635, 5635, 5635, 5635, 5635, 5635, 5635, 5635, 5635, 5635, 5631, 5631, 5631, 5631, 5631, 5631, 5631, 5631, 5631, 5625, 5625, 5625, 5625, 5625, 5625, 5625, 5625, 5625, 5625, 5625, 5625, 5625, 5625, 5625, 5625, 5625, 5625, 5625, 5625, 5625, 5625, 5625, 5625, 5625, 5625, 5625, 5625, 5625, 5625, 5625, 5625, 5625, 5625, 5625, 5625, 5625, 5625, 5625, 5625, 5625, 5625, 5625, 5625, 5625, 5625, 5625, 5625, 5625, 5625, 5625, 5625, 5625, 5625, 5625, 5625, 5625, 5625, 5625, 5625, 5625, 5625, 5625, 5625, 5625, 5625, 5625, 5625, 5625, 5625, 5625, 5625, 5625, 5625, 5625, 5625, 5625, 5625, 5625, 5625, 5625, 5625, 5625, 5625, 5625, 5625, 5625, 5625, 5625, 5625, 5625, 5625, 5625, 5625, 5625, 5625, 5625, 5625, 5625, 5625, 5625, 5625, 5625, 5625, 5625, 5625, 5625, 5625, 5625, 5625, 5625, 5625, 5625, 5625, 5625, 5625, 5625, 5625, 5625, 5625, 5625, 5625, 5625, 5625, 5625, 5625, 5625, 5625, 5625, 5625, 5625, 5625, 5625, 5625, 5625, 5625, 5625, 5625, 5625, 5625, 5625, 5625, 5625, 5625, 5625, 5625, 5625, 5625, 5625, 5625, 5625, 5625, 5625, 5625, 5625, 5625, 5625, 5625, 5625, 5625, 5625, 5625, 5625, 5625, 5625, 5625, 5625, 5625, 5625, 5625, 5625, 5625, 5625, 5625, 5625, 5625, 5625, 5625, 5625, 5625, 5625, 5625, 5625, 5625, 5625, 5625, 5625, 5625, 5625, 5625, 5625, 5625, 5625, 5625, 5625, 5625, 5625, 5625, 5625, 5625, 5625, 5625, 5625, 5625, 5625, 5625, 5625, 5625, 5625, 5625, 5625, 5625, 5625, 5625, 5625, 5625, 5625, 5625, 5625, 5625, 5625, 5625, 5625, 5625, 5625, 5625, 5625, 5625, 5625, 5625, 5625, 5625, 5625, 5625, 5625, 5625, 5625, 5625, 5625, 5625, 5625, 5625, 5625, 5625, 5625, 5625, 5625, 5625, 5625, 5625, 5625, 5625, 5625, 5625, 5625, 5625, 5625, 5625, 5625, 5625, 5625, 5625, 5625, 5625, 5625, 5625, 5625, 5625, 5625, 5625, 5625, 5625, 5625, 5625, 5625, 5625, 5625, 5625, 5625, 5625, 5625, 5625, 5625, 5625, 5625, 5625, 5625, 5625, 5625, 5625, 5625, 5625, 5625, 5625, 5625, 5625, 5625, 5625, 5625, 5625, 5625, 5625, 5625, 5625, 5625, 5625, 5625, 5625, 5625, 5625, 5625, 5625, 5625, 5625, 5625, 5625, 5625, 5625, 5625, 5625, 5625, 5625, 5625, 5625, 5625, 5625, 5625, 5625, 5625, 5625, 5625, 5625, 5625, 5625, 5625, 5625, 5625, 5625, 5625, 5625, 5625, 5625, 5625, 5625, 5625, 5625, 5625, 5625, 5625, 5625, 5625, 5625, 5625, 5625, 5625, 5625, 5625, 5625, 5625, 5625, 5625, 5625, 5625, 5625, 5625, 5625, 5625, 5625, 5625, 5625, 5625, 5625, 5625, 5625, 5625, 5625, 5625, 5625, 5625, 5625, 5625, 5625, 5625, 5625, 5625, 5625, 5625, 5625, 5625, 5625, 5625, 5625, 5625, 5625, 5625, 5625, 5625, 5625, 5625, 5625, 5625, 5625, 5625, 5625, 5625, 5625, 5625, 5625, 5625, 5625, 5625, 5625, 5625, 5625, 5625, 5625, 5625, 5625, 5625, 5625, 5625, 5625, 5625, 5625, 5625, 5625, 5625, 5625, 5625, 5625, 5625, 5625, 5625, 5625, 5625, 5625, 5625, 5625, 5625, 5625, 5625, 5625, 5625, 5625, 5625, 5625, 5625, 5625, 5625, 5625, 5625, 5625, 5625, 5625, 5625, 5625, 5625, 5625, 5625, 5625, 5625, 5625, 5625, 5625, 5625, 5625, 5625, 5625, 5625, 5625, 5625, 5625, 5625, 5625, 5625, 5625, 5625, 5625, 5625, 5625, 5625, 5625, 5625, 5625, 5625, 5625, 5625, 5625, 5625, 5625, 5625, 5625, 5625, 5625, 5625, 5625, 5625, 5625, 5625, 5625, 5625, 5625, 5625, 5625, 5625, 5625, 5625, 5625, 5625, 5625, 5625, 5625, 5625, 5625, 5625, 5625, 5625, 5625, 5625, 5625, 5625, 5625, 5625, 5625, 5625, 5625, 5625, 5625, 5625, 5625, 5625, 5625, 5625, 5625, 5625, 5625, 5625, 5625, 5625, 5625, 5625, 5625, 5625, 5625, 5625, 5625, 5625, 5625, 5625, 5625, 5625, 5625, 5625, 5625, 5625, 5625, 5625, 5625, 5625, 5625, 5625, 5625, 5625, 5625, 5625, 5625, 5625, 5625, 5625, 5625, 5625, 5625, 5625, 5625, 5625, 5625, 5625, 5625, 5625, 5625, 5625, 5625, 5625, 5625, 5624, 5624, 5624, 5624, 5624, 5624, 5624, 5624, 5624, 5624, 5624, 5624, 5624, 5624, 5624, 5624, 5624, 5624, 5624, 5624, 5624, 5624, 5624, 5624, 5624, 5624, 5624, 5624, 5624, 5624, 5624, 5624, 5624, 5624, 5624, 5624, 5624, 5624, 5624, 5624, 5624, 5624, 5624, 5624, 5624, 5624, 5624, 5624, 5624, 5624, 5624, 5624, 5624, 5624, 5624, 5624, 5624, 5624, 5624, 5624, 5624, 5624, 5624, 5624, 5624, 5624, 5624, 5624, 5624, 5624, 5624, 5624, 5624, 5624, 5624, 5624, 5624, 5624, 5624, 5624, 5624, 5624, 5624, 5624, 5624, 5624, 5624, 5624, 5624, 5624, 5624, 5624, 5624, 5624, 5624, 5624, 5624, 5624, 5624, 5624, 5624, 5624, 5624, 5624, 5624, 5624, 5624, 5624, 5624, 5624, 5624, 5624, 5624, 5624, 5624, 5624, 5624, 5624, 5624, 5624, 5624, 5624, 5624, 5624, 5624, 5624, 5624, 5624, 5624, 5624, 5624, 5624, 5624, 5624, 5624, 5624, 5624, 5624, 5624, 5624, 5624, 5624, 5624, 5624, 5624, 5624, 5624, 5624, 5624, 5624, 5624, 5624, 5624, 5624, 5624, 5624, 5624, 5624, 5624, 5624, 5624, 5624, 5624, 5624, 5624, 5624, 5624, 5624, 5624, 5624, 5624, 5624, 5624, 5624, 5624, 5624, 5624, 5624, 5624, 5624, 5624, 5624, 5624, 5624, 5624, 5624, 5624, 5624, 5624, 5624, 5624, 5624, 5624, 5624, 5624, 5624, 5624, 5624, 5624, 5624, 5624, 5624, 5624, 5624, 5624, 5624, 5624, 5624, 5624, 5624, 5624, 5624, 5624, 5624, 5624, 5624, 5624, 5624, 5624, 5624, 5624, 5624, 5624, 5624, 5624, 5624, 5624, 5624, 5624, 5624, 5624, 5624, 5624, 5624, 5624, 5624, 5624, 5624, 5624, 5624, 5624, 5624, 5624, 5624, 5624, 5624, 5624, 5624, 5624, 5624, 5624, 5624, 5624, 5624, 5624, 5624, 5624, 5624, 5624, 5624, 5624, 5624, 5624, 5624, 5624, 5624, 5624, 5624, 5624, 5624, 5624, 5624, 5624, 5624, 5624, 5624, 5624, 5624, 5624, 5624, 5624, 5624, 5624, 5624, 5624, 5624, 5624, 5624, 5624, 5624, 5624, 5624, 5624, 5624, 5624, 5624, 5624, 5624, 5624, 5624, 5624, 5624, 5624, 5624, 5624, 5624, 5624, 5624, 5624, 5624, 5624, 5624, 5624, 5624, 5624, 5624, 5624, 5624, 5624, 5624, 5624, 5624, 5624, 5624, 5624, 5624, 5624, 5624, 5624, 5624, 5624, 5624, 5624, 5624, 5624, 5624, 5624, 5624, 5624, 5624, 5624, 5624, 5624, 5624, 5624, 5624, 5624, 5624, 5624, 5624, 5624, 5624, 5624, 5624, 5624, 5624, 5624, 5624, 5624, 5624, 5624, 5624, 5624, 5624, 5624, 5624, 5624, 5624, 5624, 5624, 5624, 5624, 5624, 5624, 5624, 5624, 5624, 5624, 5624, 5624, 5624, 5624, 5624, 5624, 5624, 5624, 5624, 5624, 5624, 5624, 5624, 5624, 5624, 5624, 5624, 5624, 5624, 5624, 5624, 5624, 5624, 5624, 5624, 5624, 5624, 5624, 5624, 5624, 5624, 5624, 5624, 5624, 5624, 5624, 5624, 5624, 5624, 5624, 5624, 5624, 5624, 5624, 5624, 5624, 5624, 5624, 5624, 5624, 5624, 5624, 5624, 5624, 5624, 5624, 5624, 5624, 5624, 5624, 5624, 5624, 5624, 5624, 5624, 5624, 5624, 5624, 5624, 5624, 5624, 5624, 5624, 5624, 5624, 5624, 5624, 5624, 5624, 5624, 5624, 5624, 5624, 5624, 5624, 5624, 5624, 5624, 5624, 5624, 5624, 5624, 5624, 5624, 5624, 5624, 5624, 5624, 5624, 5624, 5624, 5624, 5624, 5624, 5624, 5624, 5624, 5624, 5624, 5624, 5624, 5624, 5624, 5624, 5624, 5624, 5624, 5624, 5624, 5624, 5624, 5624, 5624, 5624, 5624, 5624, 5624, 5624, 5624, 5624, 5624, 5624, 5624, 5624, 5624, 5624, 5624, 5624, 5624, 5624, 5624, 5624, 5624, 5624, 5624, 5624, 5624, 5624, 5624, 5624, 5624, 5624, 5624, 5624, 5624, 5624, 5624, 5624, 5624, 5624, 5624, 5624, 5624, 5624, 5624, 5624, 5624, 5624, 5624, 5624, 5624, 5624, 5624, 5624, 5624, 5624, 5624, 5624, 5624, 5624, 5624, 5624, 5624, 5624, 5624, 5624, 5624, 5624, 5624, 5624, 5624, 5624, 5624, 5624, 5624, 5624, 5624, 5624, 5624, 5624, 5624, 5624, 5624, 5624, 5624, 5624, 5624, 5624, 5624, 5624, 5624, 5624, 5624, 5624, 5624, 5624, 5624, 5624, 5624, 5624, 5624, 5624, 5624, 5624, 5624, 5624, 5624, 5624, 5624, 5624, 5624, 5624, 5624, 5624, 5624, 5624, 5624, 5624, 5624, 5624, 5624, 5624, 5624, 5624, 5624, 5624, 5624, 5624, 5624, 5624, 5624, 5624, 5624, 5624, 5624, 5624, 5624, 5624, 5624, 5624, 5624, 5624, 5624, 5624, 5624, 5624, 5624, 5624, 5624, 5624, 5624, 5624, 5624, 5624, 5624, 5624, 5624, 5624, 5624, 5624, 5624, 5624, 5624, 5624, 5624, 5624, 5624, 5624, 5624, 5624, 5624, 5624, 5624, 5624, 5624, 5624, 5624, 5624, 5624, 5624, 5624, 5624, 5624, 5624, 5624, 5624, 5624, 5624, 5624, 5624, 5624, 5624, 5624, 5624, 5624, 5624, 5624, 5624, 5624, 5624, 5624, 5624, 5624, 5624, 5624, 5624, 5624, 5624, 5624, 5624, 5624, 5624, 5624, 5624, 5624, 5624, 5624, 5624, 5624, 5624, 5624, 5624, 5624, 5624, 5624, 5624, 5624, 5624, 5624, 5624, 5624, 5624, 5624, 5624, 5624, 5624, 5624, 5624, 5624, 5624, 5624, 5624, 5624, 5624, 5624, 5624, 5624, 5624, 5624, 5624, 5624, 5624, 5624, 5624, 5624, 5624, 5624, 5624, 5624, 5624, 5624, 5624, 5624, 5624, 5624, 5624, 5624, 5624, 5624, 5624, 5624, 5624, 5624, 5624, 5624, 5624, 5624, 5624, 5624, 5624, 5624, 5624, 5624, 5624, 5624, 5624, 5624, 5624, 5624, 5624, 5624, 5624, 5624, 5624, 5624, 5624, 5624, 5624, 5624, 5624, 5624, 5624, 5624, 5624, 5624, 5624, 5624, 5624, 5624, 5624, 5624, 5624, 5624, 5624, 5624, 5624, 5624, 5624, 5624, 5624, 5624, 5624, 5624, 5624, 5624, 5624, 5624, 5624, 5624, 5624, 5624, 5624, 5624, 5624, 5624, 5624, 5624, 5624, 5624, 5624, 5624, 5624, 5624, 5624, 5624, 5624, 5624, 5624, 5624, 5624, 5624, 5624, 5624, 5624, 5624, 5624, 5624, 5624, 5624, 5624, 5624, 5624, 5624, 5624, 5624, 5624, 5624, 5624, 5624, 5624, 5624, 5624, 5624, 5624, 5624, 5624, 5624, 5624, 5624, 5624, 5624, 5624, 5624, 5624, 5624, 5624, 5624, 5624, 5624, 5624, 5624, 5624, 5624, 5624, 5624, 5624, 5624, 5624, 5624, 5624, 5624, 5624, 5624, 5624, 5624, 5624, 5624, 5624, 5624, 5624, 5624, 5624, 5624, 5624, 5624, 5624, 5624, 5624, 5624, 5624, 5624, 5624, 5624, 5624, 5624, 5624, 5624, 5624, 5624, 5624, 5624, 5624, 5624, 5624, 5624, 5624, 5624, 5624, 5624, 5624, 5624, 5624, 5624, 5624, 5624, 5624, 5624, 5624, 5624, 5624, 5624, 5624, 5624, 5624, 5624, 5624, 5624, 5624, 5624, 5624, 5624, 5624, 5624, 5624, 5624, 5624, 5624, 5624, 5624, 5624, 5624, 5624, 5624, 5624, 5624, 5624, 5624, 5624, 5624, 5624, 5624, 5624, 5624, 5624, 5624, 5624, 5624, 5624, 5624, 5624, 5624, 5624, 5624, 5624, 5624, 5624, 5624, 5624, 5624, 5624, 5624, 5624, 5624, 5624, 5624, 5624, 5624, 5624, 5624, 5624, 5624, 5624, 5624, 5624, 5624, 5624, 5624, 5624, 5624, 5624, 5624, 5624, 5624, 5624, 5624, 5624, 5624, 5624, 5624, 5624, 5624, 5624, 5624, 5624, 5624, 5624, 5624, 5624, 5624, 5624, 5624, 5624, 5624, 5624, 5624, 5624, 5624, 5624, 5624, 5624, 5624, 5624, 5624, 5624, 5624, 5624, 5624, 5624, 5624, 5624, 5624, 5624, 5624, 5624, 5624, 5624, 5624, 5624, 5624, 5624, 5624, 5624, 5624, 5624, 5624, 5624, 5624, 5624, 5624, 5624, 5624, 5624, 5624, 5624, 5624, 5624, 5624, 5624, 5624, 5624, 5624, 5624, 5624, 5624, 5624, 5624, 5624, 5624, 5624, 5624, 5624, 5624, 5624, 5624, 5624, 5624, 5624, 5624, 5624, 5624, 5624, 5624, 5624, 5624, 5624, 5624, 5624, 5624, 5624, 5624, 5624, 5624, 5624, 5624, 5624, 5624, 5624, 5624, 5624, 5624, 5624, 5624, 5624, 5624, 5624, 5624, 5624, 5624, 5624, 5624, 5624, 5624, 5624, 5624, 5624, 5624, 5624, 5624, 5624, 5624, 5624, 5624, 5624, 5624, 5624, 5624, 5624, 5624, 5624, 5624, 5624, 5624, 5624, 5624, 5624, 5624, 5624, 5624, 5624, 5624, 5624, 5624, 5624, 5624, 5624, 5624, 5624, 5624, 5624, 5624, 5624, 5624, 5624, 5624, 5624, 5624, 5624, 5624, 5624, 5624, 5624, 5624, 5624, 5624, 5624, 5624, 5624, 5624, 5624, 5624, 5624, 5624, 5624, 5624, 5624, 5624, 5624, 5624, 5624, 5624, 5624, 5624, 5624, 5624, 5624, 5624, 5624, 5624, 5624, 5624, 5624, 5624, 5624, 5624, 5624, 5624, 5624, 5624, 5624, 5624, 5624, 5624, 5624, 5624, 5624, 5624, 5624, 5624, 5624, 5624, 5624, 5624, 5624, 5624, 5624, 5624, 5624, 5624, 5624, 5624, 5624, 5624, 5624, 5624, 5624, 5624, 5624, 5624, 5624, 5624, 5624, 5624, 5624, 5624, 5624, 5624, 5624, 5624, 5624, 5624, 5624, 5624, 5624, 5624, 5624, 5624, 5624, 5624, 5624, 5624, 5624, 5624, 5624, 5624, 5624, 5624, 5624, 5624, 5624, 5624, 5624, 5624, 5624, 5624, 5624, 5624, 5624, 5624, 5624, 5624, 5624, 5624, 5624, 5624, 5624, 5624, 5624, 5624, 5624, 5624, 5624, 5624, 5624, 5624, 5624, 5624, 5624, 5624, 5624, 5624, 5624, 5624, 5624, 5624, 5624, 5624, 5624, 5624, 5624, 5624, 5624, 5624, 5624, 5624, 5624, 5624, 5624, 5624, 5624, 5624, 5624, 5624, 5624, 5624, 5624, 5624, 5624, 5624, 5624, 5624, 5624, 5624, 5624, 5624, 5624, 5624, 5624, 5624, 5624, 5624, 5624, 5624, 5622, 5622, 5622, 5622, 5622, 5622, 5622, 5622, 5622, 5622, 5622, 5622, 5622, 5622, 5622, 5622, 5622, 5622, 5622, 5622, 5622, 5622, 5622, 5622, 5622, 5622, 5622, 5622, 5622, 5622, 5622, 5622, 5622, 5622, 5622, 5622, 5622, 5622, 5622, 5622, 5622, 5622, 5622, 5622, 5622, 5622, 5622, 5622, 5622, 5622, 5622, 5622, 5622, 5622, 5622, 5622, 5622, 5622, 5622, 5622, 5622, 5622, 5622, 5622, 5622, 5622, 5622, 5622, 5622, 5622, 5622, 5622, 5622, 5622, 5620, 
Fitness promedio a lo largo del tiempo: 
20200, 15614, 13621, 11878, 7469, 6769, 7678, 7026, 6508, 6991, 7430, 7379, 7096, 6952, 6412, 6971, 6746, 6707, 6573, 6232, 6906, 6429, 6468, 6059, 6316, 6326, 6574, 6437, 6492, 7016, 6171, 7114, 6721, 7021, 6282, 6171, 6605, 6237, 6073, 6331, 5984, 6066, 5900, 6214, 5938, 6062, 6056, 6289, 6323, 6113, 6312, 5883, 6353, 5702, 5678, 5857, 5663, 6525, 6176, 5690, 5721, 6347, 5971, 6086, 5756, 5807, 5918, 5710, 5810, 5986, 6029, 6443, 6328, 6614, 5701, 6114, 5889, 5669, 5952, 5847, 5677, 5673, 6055, 5959, 6052, 6046, 5654, 5720, 5794, 6324, 5911, 5948, 5684, 5677, 6048, 5895, 5673, 5707, 5678, 5662, 6009, 5664, 5672, 5784, 5672, 5782, 5723, 5661, 5836, 5653, 5674, 5644, 5654, 5655, 5678, 5648, 5657, 5654, 5818, 5654, 5783, 5653, 5706, 5892, 5660, 6255, 5647, 5641, 5660, 5654, 5650, 5834, 5673, 5677, 5766, 5888, 5649, 5996, 6141, 5646, 5819, 5646, 5632, 5632, 5812, 5642, 5645, 6050, 5659, 5710, 5697, 5639, 5643, 5820, 5645, 5648, 5649, 5643, 5641, 5922, 5650, 5647, 5635, 5645, 5636, 5631, 5629, 5922, 5628, 5663, 5648, 5984, 5705, 5817, 5644, 5807, 5640, 5640, 5635, 5649, 5638, 5794, 5641, 6581, 5770, 5650, 5637, 6086, 5647, 5823, 5643, 5631, 5929, 5631, 5647, 5703, 5933, 5661, 6254, 5883, 5757, 5650, 5649, 5658, 5637, 5633, 5744, 5700, 5819, 5645, 5712, 6253, 5637, 5647, 5638, 5638, 5820, 5671, 5626, 5646, 5647, 5639, 5658, 5639, 5635, 5637, 5635, 5661, 6036, 5637, 5658, 5653, 5636, 5630, 5644, 5656, 5636, 5656, 5640, 5632, 5663, 5639, 5638, 5754, 5634, 5703, 5939, 5984, 5645, 5642, 5643, 5642, 5821, 5654, 5698, 5725, 5641, 5643, 5657, 5647, 5640, 5994, 5767, 5652, 5646, 5769, 5657, 5656, 5636, 5645, 5758, 5638, 5729, 5652, 6368, 6148, 5845, 5640, 5643, 5630, 5633, 5641, 5651, 5646, 5711, 5776, 5635, 5650, 5644, 5696, 5718, 5641, 6397, 5650, 5701, 5744, 5635, 5639, 5635, 5641, 5651, 5631, 6242, 5657, 5639, 5647, 5636, 5641, 5938, 6152, 5644, 5659, 5642, 5647, 5644, 5655, 5648, 5955, 6047, 5653, 5642, 5647, 5636, 5840, 5635, 5891, 5644, 5645, 5650, 5648, 5635, 5636, 5635, 5702, 5647, 5637, 5757, 5663, 5637, 5946, 6038, 5655, 5666, 5700, 5638, 5644, 5646, 5758, 5893, 5635, 5640, 5639, 5641, 5643, 5630, 5704, 5627, 5645, 5631, 5703, 5639, 6259, 5645, 5656, 5875, 5757, 5643, 5771, 5639, 5649, 5649, 5643, 5652, 5641, 6367, 5634, 5628, 5650, 5677, 5633, 6153, 5632, 5638, 5643, 5641, 5878, 5639, 5644, 5650, 5873, 5635, 5713, 5658, 5629, 5715, 5646, 5657, 5644, 5923, 5643, 5666, 5648, 5648, 5639, 5642, 5764, 5649, 5649, 5638, 5645, 5655, 5641, 5665, 5634, 5810, 5636, 5737, 5639, 5709, 5647, 5639, 5631, 5635, 5644, 5752, 5646, 5713, 5650, 5646, 5642, 5644, 5648, 5768, 5656, 5668, 5641, 5639, 5648, 5638, 5641, 5636, 5637, 5641, 5629, 5657, 5826, 5635, 5655, 5645, 5830, 5638, 5650, 5641, 6638, 5655, 5650, 5632, 5654, 5667, 5671, 5632, 5724, 5703, 5648, 5641, 5653, 5647, 5711, 5655, 5636, 5656, 5631, 5653, 5655, 5648, 5642, 5786, 5637, 5644, 5694, 5642, 5645, 5977, 5641, 5648, 5642, 5645, 6152, 5637, 5859, 5913, 5642, 5860, 5724, 5926, 5640, 5651, 5637, 5961, 5655, 5659, 5879, 5765, 5639, 5637, 5644, 5645, 5640, 5637, 5653, 5637, 5645, 5640, 5652, 5650, 5652, 5639, 5881, 5762, 5635, 5811, 5644, 5704, 5640, 5860, 6358, 5645, 5637, 5641, 6100, 5708, 5786, 5644, 5755, 5650, 5647, 6056, 5662, 5761, 5659, 5632, 5647, 5754, 5937, 5639, 5641, 5640, 5703, 5652, 5810, 5685, 6211, 5710, 5681, 5628, 6078, 5817, 5639, 5867, 5648, 5634, 5869, 5642, 5832, 5635, 5650, 5632, 5652, 5641, 5644, 5650, 5656, 5670, 5638, 5657, 5637, 5655, 5644, 5644, 5652, 5642, 5641, 5647, 5642, 5754, 5638, 5650, 5628, 5645, 5650, 5630, 6204, 5673, 5648, 5642, 5641, 5645, 5636, 5639, 6048, 5645, 5914, 5637, 5647, 5816, 6145, 5936, 5864, 5669, 5641, 5646, 5655, 5760, 6455, 5631, 5629, 5638, 6154, 5648, 6212, 5638, 5646, 5648, 5638, 5939, 5710, 5644, 5760, 5642, 5711, 5649, 5641, 5631, 5828, 5642, 5655, 5641, 5650, 5637, 5672, 5642, 6046, 5638, 5711, 5653, 5641, 5640, 5643, 5635, 5643, 5651, 5643, 5660, 5651, 5639, 5667, 5633, 5708, 5637, 5647, 5659, 5792, 5654, 5642, 5642, 5628, 5631, 5639, 5639, 5656, 5648, 5701, 5643, 5656, 5641, 5642, 5639, 5812, 5639, 5645, 5646, 5643, 5925, 5875, 5677, 5641, 5673, 5786, 5648, 6203, 5643, 5726, 5707, 6034, 5637, 6216, 5640, 5642, 5649, 5644, 5653, 5681, 5639, 6322, 5800, 5770, 5647, 5657, 5926, 5649, 5709, 5706, 6043, 5644, 5647, 5871, 5656, 5944, 6319, 5716, 5630, 5633, 5888, 5654, 5643, 5639, 5639, 5769, 5640, 5932, 5784, 5680, 5641, 5640, 5638, 5640, 5639, 5703, 5647, 5641, 5974, 5641, 5647, 5643, 5675, 5648, 5642, 5654, 5636, 5662, 5649, 5712, 5648, 5645, 5714, 6377, 5652, 5645, 5869, 5761, 5649, 5661, 5650, 5650, 5649, 6058, 5643, 6040, 5657, 6107, 5648, 5647, 5645, 5714, 5631, 5633, 5639, 5639, 5647, 5641, 5646, 5777, 5715, 5659, 5994, 5642, 5634, 5756, 5639, 5711, 5649, 5644, 5973, 5640, 6218, 6314, 5642, 5761, 5637, 5651, 5634, 5646, 5651, 5647, 5734, 5650, 5631, 6029, 5651, 5630, 5671, 5639, 5628, 5639, 5762, 5642, 5761, 5702, 5649, 5655, 5643, 5645, 5651, 5640, 5995, 5645, 5640, 5733, 5658, 5633, 5657, 5632, 5652, 5650, 5646, 5642, 5713, 5630, 5642, 5642, 5656, 5653, 5828, 5766, 5699, 6422, 5637, 5648, 6202, 5655, 5919, 5637, 5699, 5638, 5641, 5636, 5674, 5638, 5669, 5638, 5637, 5644, 5636, 5658, 5644, 5644, 5638, 5657, 5637, 5760, 5644, 5642, 5639, 5877, 5766, 5654, 5658, 5631, 6017, 5935, 5645, 5632, 5644, 5636, 5914, 5652, 5808, 6107, 5811, 5646, 5647, 5644, 5656, 5645, 5650, 5629, 5634, 5654, 5889, 5642, 5644, 5756, 5647, 5637, 5637, 5760, 5761, 5750, 5659, 5760, 5641, 5632, 5713, 5644, 5638, 5719, 5652, 5642, 5653, 5650, 5983, 5651, 5754, 5696, 5628, 5651, 5660, 5921, 5652, 6070, 5639, 5771, 5656, 5641, 5660, 5649, 5820, 5639, 5666, 5645, 5651, 5655, 5654, 5644, 5757, 5877, 5660, 5811, 6262, 5938, 5637, 5634, 5939, 5893, 6211, 6053, 5641, 5630, 5637, 5694, 5631, 5651, 5920, 5640, 5640, 5646, 5696, 5651, 5652, 5635, 5636, 5641, 6213, 5639, 6042, 5635, 5656, 5711, 5635, 5672, 5918, 5644, 5666, 5638, 5637, 5710, 5831, 5764, 5655, 5657, 5776, 5653, 5868, 5861, 5638, 5631, 5647, 5645, 5757, 5758, 5653, 6315, 5637, 5985, 5643, 5647, 5981, 5941, 5649, 5660, 6051, 5652, 5708, 5653, 5642, 5642, 5825, 5659, 5646, 5645, 5650, 5667, 5664, 5642, 5652, 5638, 5650, 5647, 5669, 6517, 6033, 6149, 5644, 5645, 5651, 5638, 5640, 5644, 5637, 5660, 5717, 5639, 5728, 5637, 5640, 5646, 5649, 5640, 5660, 5658, 5639, 5654, 5655, 5648, 5650, 5629, 5644, 5635, 5635, 5761, 5634, 5639, 5773, 5649, 6199, 5649, 5639, 5645, 5638, 5647, 5641, 5640, 6101, 5968, 5638, 5636, 5630, 5631, 5628, 6141, 5633, 5648, 5630, 5701, 5714, 5647, 5779, 6106, 5816, 5766, 5640, 5644, 5644, 5645, 5649, 5647, 5652, 5652, 5649, 5872, 5641, 5645, 5645, 5721, 5646, 5783, 5766, 5646, 5629, 5922, 5680, 5658, 5663, 5777, 5639, 5647, 5649, 5637, 6029, 5900, 5659, 5635, 6470, 5716, 5628, 5641, 5646, 5649, 5989, 5637, 5647, 5652, 6308, 5885, 5704, 5642, 5651, 5872, 5864, 5766, 5646, 5635, 5661, 5714, 5647, 6164, 5634, 5649, 5650, 5650, 5661, 5713, 5672, 5866, 5722, 5650, 5641, 5644, 5695, 5655, 5649, 5993, 5642, 6030, 5657, 5638, 5990, 5645, 5641, 5659, 5627, 5701, 5645, 5656, 5922, 5750, 5645, 5763, 5853, 5763, 5655, 5760, 5764, 5652, 6415, 5630, 5646, 5642, 5656, 5660, 6057, 5645, 5769, 5631, 5647, 5644, 5639, 5638, 5768, 5666, 5629, 5869, 5886, 5653, 5648, 5642, 5631, 5643, 5640, 5643, 6270, 5701, 5755, 6105, 5652, 5647, 5638, 5761, 5627, 5641, 5967, 5646, 5629, 5887, 5647, 5750, 5705, 6047, 5658, 5830, 5659, 5648, 5647, 5647, 5659, 5644, 5937, 5643, 5673, 5640, 5644, 5635, 5655, 6142, 5651, 5762, 5946, 5878, 5666, 5639, 5645, 5645, 5667, 5642, 5644, 6418, 5643, 5649, 5646, 5659, 5640, 5638, 5642, 6106, 5660, 5772, 5756, 5642, 5666, 5870, 5642, 5642, 5837, 5630, 5643, 5807, 5652, 5650, 5646, 5640, 5638, 5661, 5730, 5878, 5647, 5646, 5652, 5645, 5763, 5642, 5665, 5707, 6297, 5665, 5985, 5925, 5646, 5660, 5643, 5814, 5653, 5649, 6089, 5813, 5639, 5879, 5708, 5638, 5649, 5647, 5812, 5646, 5632, 5627, 5652, 5704, 6202, 5641, 5814, 5642, 5640, 5637, 5648, 5845, 6045, 5824, 5633, 5643, 5658, 5652, 5646, 5701, 5635, 5640, 5656, 5659, 5636, 5646, 5638, 5938, 5653, 5661, 5647, 5643, 5655, 5710, 5648, 5640, 5664, 5655, 5712, 5645, 5771, 5757, 5640, 5704, 5638, 5640, 5657, 5655, 5638, 5648, 5973, 5643, 5709, 5817, 5642, 5639, 5638, 5628, 5644, 5653, 5635, 5644, 5645, 5664, 5654, 5648, 5648, 5635, 5648, 5918, 6039, 5656, 5640, 5865, 6048, 5652, 5633, 5662, 5637, 5981, 5636, 5649, 5648, 5628, 5659, 5640, 5718, 5656, 5642, 5724, 5641, 6259, 5650, 6096, 5762, 6074, 5650, 5819, 5636, 5645, 5636, 5720, 5644, 5651, 5638, 5656, 5630, 5647, 5631, 5889, 5644, 5652, 6368, 5629, 5672, 5647, 5631, 5642, 5653, 5773, 5763, 5648, 5877, 5655, 5648, 5648, 5659, 5993, 5643, 5656, 5655, 5644, 5933, 5926, 5644, 5633, 5643, 5647, 5707, 5874, 5645, 5655, 5982, 5631, 5916, 5637, 5637, 5642, 5789, 5635, 5634, 5669, 5639, 5870, 5645, 5631, 5922, 5706, 5832, 5870, 5659, 5642, 5708, 5645, 5643, 5732, 5644, 5631, 5917, 5639, 5885, 6593, 5651, 5637, 5645, 6164, 5972, 5651, 5749, 5643, 6059, 5939, 5642, 5936, 5658, 5644, 5754, 5728, 5638, 5635, 5642, 5914, 5650, 5678, 5644, 5650, 5661, 5639, 5660, 5640, 5825, 5645, 5824, 5637, 5636, 5649, 5630, 5647, 5635, 5714, 5638, 5643, 5643, 5653, 5655, 5877, 5648, 5645, 5641, 5644, 5638, 5969, 5636, 5698, 5714, 5659, 5637, 5646, 5648, 5645, 5655, 5883, 5732, 5759, 5865, 5831, 5642, 5702, 6085, 5647, 5651, 5646, 5645, 5702, 5826, 5628, 5636, 5651, 5643, 6210, 5640, 5881, 6096, 5646, 5654, 5639, 5645, 5632, 5759, 5919, 5649, 5664, 5651, 5659, 5632, 5647, 5983, 5659, 5877, 5712, 5788, 6051, 5649, 6091, 5702, 6428, 5644, 5648, 5921, 5638, 5651, 5669, 5647, 5707, 5642, 5645, 5652, 5644, 5989, 5882, 5653, 5652, 5651, 6275, 5653, 5649, 5663, 5655, 5651, 5638, 5644, 5646, 5717, 5756, 5833, 5630, 5687, 5886, 5651, 5630, 5649, 5671, 5641, 5639, 5647, 5869, 5645, 5646, 5653, 5632, 5645, 5845, 5628, 5649, 5639, 5641, 5756, 5647, 5643, 5632, 5641, 5645, 6131, 5636, 5641, 5642, 5654, 5827, 5645, 5656, 5630, 5663, 5628, 5651, 5721, 5637, 5717, 5636, 5628, 5648, 5670, 5648, 6056, 5633, 5648, 5647, 5638, 5643, 5759, 5638, 5632, 5643, 5646, 5642, 5924, 5644, 5653, 5638, 5759, 5658, 5660, 5647, 5658, 5639, 5915, 6195, 5814, 5637, 5703, 5713, 5921, 5667, 5634, 5775, 5639, 5980, 5939, 5637, 5635, 5652, 5642, 5629, 5642, 5643, 5641, 5655, 5648, 5645, 6045, 5632, 5649, 5761, 5704, 5652, 5637, 5697, 5637, 5641, 5642, 5675, 5646, 5644, 5638, 5641, 5634, 5632, 5639, 6095, 5915, 5653, 5646, 5629, 5637, 5650, 5648, 5647, 5651, 5646, 5635, 6096, 5633, 5642, 5655, 5916, 5653, 5861, 5635, 5652, 5899, 5636, 5786, 5642, 5642, 5650, 5664, 5638, 5628, 5642, 5650, 5635, 6314, 5641, 5709, 5988, 5645, 5661, 5642, 5651, 5707, 5707, 5672, 5630, 5639, 5840, 5753, 5644, 5809, 5635, 5864, 6695, 5658, 5817, 5653, 5654, 5767, 5644, 5650, 5643, 5639, 5721, 5767, 5659, 5640, 5637, 5886, 5649, 5820, 5639, 5635, 5813, 5645, 5647, 5705, 5952, 6102, 5859, 5644, 5827, 5765, 5647, 5641, 5639, 5649, 5651, 5645, 5657, 5709, 5637, 5875, 5654, 5649, 5638, 5830, 5651, 5641, 5635, 5644, 5647, 5634, 5666, 5655, 5650, 5700, 5636, 5629, 5663, 5642, 5634, 5812, 5649, 5635, 5639, 5651, 5634, 5650, 5648, 5658, 5669, 5666, 5953, 5662, 5821, 5651, 6122, 5705, 5646, 5940, 5832, 5638, 5645, 5631, 5639, 5647, 5635, 6048, 5872, 5630, 5862, 5630, 5818, 5703, 5925, 6080, 5994, 5780, 5651, 5641, 5628, 5640, 5641, 5657, 5640, 5643, 5859, 5654, 6307, 5647, 5668, 5808, 5629, 5639, 5631, 5649, 5648, 5666, 5640, 5765, 5632, 5643, 5776, 5806, 5646, 5655, 5642, 5652, 5776, 5632, 5656, 5713, 5645, 5631, 5640, 5644, 5641, 6107, 5640, 5633, 5927, 5644, 5640, 5948, 6264, 5630, 5654, 5632, 5647, 5631, 5639, 5646, 5638, 5655, 5637, 5640, 5653, 5708, 5645, 5642, 5655, 5664, 5648, 5646, 5870, 5644, 5629, 5647, 5756, 5641, 5643, 5642, 5644, 5638, 6030, 6027, 5640, 5629, 6068, 5645, 5635, 5643, 5643, 5941, 5827, 5645, 5645, 5632, 5645, 5823, 5638, 5635, 5720, 5645, 6080, 5763, 5653, 5758, 5638, 5761, 5986, 5650, 5632, 6042, 5643, 5928, 5980, 5634, 5651, 5673, 5641, 5634, 6088, 5637, 5782, 5633, 5757, 5995, 5642, 5860, 5634, 5643, 5650, 5653, 5652, 5644, 6095, 5652, 5627, 5658, 5639, 5653, 5816, 5659, 5650, 5813, 5627, 5639, 5639, 5640, 5780, 5646, 5770, 5638, 5642, 6160, 5636, 5645, 5711, 5650, 5980, 5652, 5770, 5645, 5719, 5773, 5976, 5640, 5648, 5639, 5660, 5640, 6360, 5631, 5673, 5643, 5776, 5654, 5645, 5665, 5635, 5753, 5922, 5711, 5818, 5948, 5770, 5983, 5851, 5637, 5651, 5772, 5713, 5717, 5874, 5649, 5637, 5640, 5918, 5649, 5639, 5636, 5642, 5636, 5652, 5699, 5648, 5663, 5876, 5653, 5654, 5770, 5641, 5948, 5971, 5639, 5640, 5653, 6155, 5657, 5676, 5990, 5832, 5681, 6000, 6164, 5664, 5659, 6853, 5654, 5660, 5671, 5782, 6067, 5675, 5990, 6063, 5659, 5645, 5884, 5721, 5769, 5687, 5722, 5871, 5887, 6152, 5663, 5879, 5659, 6100, 5931, 5649, 5672, 5677, 5722, 6052, 6048, 5663, 5657, 6387, 5929, 5641, 5662, 5668, 5668, 5867, 5732, 5839, 5992, 5833, 5768, 6007, 5646, 5648, 5832, 5654, 5634, 5642, 5722, 
Mejor solucion obtenida: 28, 27, 1, 2, 3, 36, 37, 39, 38, 41, 42, 40, 26, 25, 24, 21, 22, 23, 35, 0, 4, 15, 18, 20, 19, 17, 16, 12, 14, 13, 34, 33, 32, 31, 10, 8, 9, 11, 6, 5, 7, 30, 29, || Fitness: 5620;