Archivo Usado: p43.atsp
Tamaño de la Poblacion: 100
Reemplazo por Generacion: 5
Tamaño de los Torneos: 5
Cantidad de ciudades: 43
Probabilidad de cruce: 80000
Probabilidad mutacion simple: 23000
Probabilidad mutacion compleja: 20000
Cruces minimos de la mutacion compleja: 4
Iteraciones ejecutadas: 10000
Largo del cruce PMX: 6
Operador de Cruce: 0
Metodo seleccion de Padres: 0
Operador de Mutacion: 0
Metodo seleccion de Supervivientes: 1
Cantidad de threads a usar: 16
32, 8, 10, 9, 11, 5, 6, 7, 30, 29, 27, 28, 2, 3, 1, 36, 37, 39, 38, 41, 42, 40, 26, 25, 24, 21, 23, 22, 35, 0, 4, 17, 16, 15, 19, 20, 18, 12, 14, 33, 34, 13, 31, 
31, 32, 8, 10, 9, 11, 5, 6, 7, 30, 29, 27, 28, 2, 3, 1, 36, 37, 39, 38, 41, 42, 40, 26, 25, 24, 21, 23, 22, 35, 0, 4, 17, 16, 15, 19, 20, 18, 12, 14, 33, 34, 13, 
31, 32, 11, 10, 9, 8, 5, 6, 7, 30, 29, 27, 28, 2, 3, 1, 36, 37, 39, 38, 41, 42, 40, 26, 25, 24, 21, 23, 22, 35, 0, 4, 17, 16, 15, 19, 20, 18, 12, 14, 33, 34, 13, 
31, 32, 8, 10, 9, 11, 5, 6, 7, 30, 29, 27, 28, 2, 3, 1, 36, 37, 39, 38, 41, 42, 40, 26, 25, 24, 21, 23, 22, 35, 0, 4, 17, 16, 15, 19, 20, 18, 12, 14, 33, 34, 13, 
31, 32, 8, 10, 9, 11, 7, 6, 5, 30, 29, 27, 28, 2, 3, 1, 36, 37, 39, 38, 41, 42, 40, 26, 25, 24, 21, 23, 22, 35, 0, 4, 17, 16, 15, 19, 20, 18, 12, 14, 33, 34, 13, 
12, 14, 13, 34, 33, 31, 32, 8, 10, 9, 11, 5, 6, 7, 30, 29, 27, 28, 2, 3, 1, 36, 37, 39, 38, 41, 42, 40, 26, 25, 24, 21, 23, 22, 35, 0, 4, 17, 16, 15, 19, 20, 18, 
38, 41, 42, 40, 26, 25, 24, 21, 23, 22, 35, 0, 4, 17, 16, 15, 19, 20, 18, 12, 14, 33, 34, 13, 31, 32, 8, 10, 9, 11, 5, 6, 7, 30, 29, 27, 28, 2, 3, 1, 36, 37, 39, 
32, 8, 10, 9, 11, 5, 6, 7, 30, 29, 27, 28, 2, 3, 1, 36, 37, 39, 38, 41, 42, 40, 26, 25, 24, 21, 23, 22, 35, 0, 4, 17, 16, 15, 19, 20, 18, 12, 14, 33, 34, 13, 31, 
26, 25, 24, 21, 23, 22, 35, 0, 4, 17, 16, 15, 19, 20, 18, 12, 14, 33, 34, 13, 31, 32, 8, 10, 9, 11, 5, 6, 7, 30, 29, 27, 28, 2, 3, 1, 36, 37, 39, 38, 41, 42, 40, 
38, 41, 42, 40, 26, 25, 24, 21, 23, 22, 35, 0, 4, 17, 16, 15, 19, 20, 18, 12, 14, 33, 34, 13, 31, 32, 8, 10, 9, 11, 5, 6, 7, 30, 29, 27, 28, 2, 3, 1, 36, 37, 39, 
36, 1, 3, 2, 28, 27, 29, 30, 7, 6, 5, 11, 9, 10, 8, 32, 31, 13, 34, 33, 14, 12, 18, 20, 19, 15, 16, 17, 4, 0, 35, 22, 23, 21, 24, 25, 26, 40, 42, 41, 38, 39, 37, 
41, 38, 39, 37, 36, 1, 3, 2, 28, 27, 29, 30, 7, 6, 5, 11, 9, 10, 8, 32, 31, 13, 34, 33, 14, 12, 18, 20, 19, 15, 16, 17, 4, 0, 35, 22, 23, 21, 24, 25, 26, 40, 42, 
26, 40, 42, 41, 38, 39, 37, 36, 1, 3, 2, 28, 27, 29, 30, 7, 6, 5, 11, 9, 10, 8, 32, 31, 13, 34, 33, 14, 12, 18, 20, 19, 15, 16, 17, 4, 0, 35, 22, 23, 21, 24, 25, 
32, 31, 13, 34, 33, 14, 12, 18, 20, 19, 15, 16, 17, 4, 0, 35, 22, 23, 21, 24, 25, 26, 40, 42, 41, 38, 39, 37, 36, 1, 3, 2, 28, 27, 29, 30, 7, 6, 5, 11, 9, 10, 8, 
6, 5, 11, 9, 10, 8, 32, 31, 13, 34, 33, 14, 12, 18, 20, 19, 15, 16, 17, 4, 0, 35, 22, 23, 21, 24, 25, 26, 40, 42, 41, 38, 39, 37, 36, 1, 3, 2, 28, 27, 29, 30, 7, 
34, 33, 14, 12, 18, 20, 19, 15, 16, 17, 4, 0, 35, 22, 23, 21, 24, 25, 26, 40, 42, 41, 38, 39, 37, 36, 1, 3, 2, 28, 27, 29, 30, 7, 6, 5, 11, 9, 10, 8, 32, 31, 13, 
15, 16, 17, 4, 0, 35, 22, 23, 21, 24, 25, 26, 40, 42, 41, 38, 39, 37, 36, 1, 3, 2, 28, 27, 29, 30, 7, 6, 5, 11, 9, 10, 8, 32, 31, 13, 34, 33, 14, 12, 18, 20, 19, 
7, 6, 5, 11, 9, 10, 8, 32, 31, 13, 34, 33, 14, 12, 18, 20, 19, 15, 16, 17, 4, 0, 35, 22, 23, 21, 24, 25, 26, 40, 42, 41, 38, 39, 37, 36, 1, 3, 2, 28, 27, 29, 30, 
23, 21, 24, 25, 26, 40, 42, 41, 38, 39, 37, 36, 1, 3, 2, 28, 27, 29, 30, 7, 6, 5, 11, 9, 10, 8, 32, 31, 13, 34, 33, 14, 12, 18, 20, 19, 15, 16, 17, 4, 0, 35, 22, 
29, 30, 7, 6, 5, 11, 9, 10, 8, 32, 31, 13, 34, 33, 14, 12, 18, 20, 19, 15, 16, 17, 4, 0, 35, 22, 23, 21, 24, 25, 26, 40, 42, 41, 38, 39, 37, 36, 1, 3, 2, 28, 27, 
17, 4, 0, 35, 22, 23, 21, 25, 24, 26, 40, 42, 41, 38, 39, 37, 36, 1, 3, 2, 28, 27, 29, 30, 7, 6, 5, 11, 9, 10, 8, 32, 31, 13, 34, 33, 14, 12, 18, 20, 19, 15, 16, 
11, 9, 10, 8, 32, 31, 13, 34, 33, 14, 12, 18, 20, 19, 15, 16, 17, 4, 0, 35, 22, 23, 21, 24, 25, 26, 40, 42, 41, 38, 39, 37, 36, 1, 3, 2, 28, 27, 29, 30, 7, 6, 5, 
31, 13, 34, 33, 14, 12, 18, 20, 19, 15, 16, 17, 4, 0, 35, 22, 23, 21, 25, 24, 26, 40, 42, 41, 38, 39, 37, 36, 1, 3, 2, 28, 27, 29, 30, 7, 6, 5, 11, 9, 10, 8, 32, 
26, 40, 42, 41, 38, 39, 37, 36, 1, 3, 2, 28, 27, 29, 30, 7, 6, 5, 11, 9, 10, 8, 32, 31, 13, 34, 33, 14, 12, 18, 20, 19, 15, 16, 17, 4, 0, 35, 22, 23, 21, 24, 25, 
39, 37, 36, 1, 3, 2, 28, 27, 29, 30, 7, 6, 5, 11, 9, 10, 8, 32, 31, 13, 34, 33, 14, 12, 18, 20, 19, 15, 16, 17, 4, 0, 35, 22, 23, 21, 24, 25, 26, 40, 42, 41, 38, 
13, 34, 33, 14, 12, 18, 20, 19, 15, 16, 17, 4, 0, 35, 22, 23, 21, 24, 25, 26, 40, 42, 41, 38, 39, 37, 36, 1, 3, 2, 28, 27, 29, 30, 7, 6, 5, 11, 9, 10, 8, 32, 31, 
20, 19, 15, 16, 17, 4, 0, 35, 22, 23, 21, 24, 25, 26, 40, 42, 41, 38, 39, 37, 36, 1, 3, 2, 28, 27, 29, 30, 7, 6, 5, 11, 9, 10, 8, 32, 31, 13, 34, 33, 14, 12, 18, 
6, 5, 11, 9, 10, 8, 32, 31, 13, 34, 33, 14, 12, 18, 20, 19, 15, 16, 17, 4, 0, 35, 22, 23, 21, 24, 25, 26, 40, 42, 41, 38, 39, 37, 36, 1, 3, 2, 28, 27, 29, 30, 7, 
33, 14, 12, 18, 20, 19, 15, 16, 17, 4, 0, 35, 22, 23, 21, 24, 25, 26, 40, 42, 41, 38, 39, 37, 36, 1, 3, 2, 28, 27, 29, 30, 7, 6, 5, 11, 9, 10, 8, 32, 31, 13, 34, 
25, 26, 40, 42, 41, 38, 39, 37, 36, 1, 3, 2, 28, 27, 29, 30, 7, 6, 5, 11, 9, 10, 8, 32, 31, 13, 34, 33, 14, 12, 18, 20, 19, 15, 16, 17, 4, 0, 35, 22, 23, 21, 24, 
16, 17, 4, 0, 35, 22, 23, 21, 24, 25, 26, 40, 42, 41, 38, 39, 37, 36, 1, 3, 2, 28, 27, 29, 30, 7, 6, 5, 11, 9, 10, 8, 32, 31, 13, 34, 33, 14, 12, 18, 20, 19, 15, 
17, 4, 0, 35, 22, 23, 21, 24, 25, 26, 40, 42, 41, 38, 39, 37, 36, 1, 3, 2, 28, 27, 29, 30, 7, 6, 5, 11, 9, 10, 8, 32, 31, 13, 34, 33, 14, 12, 18, 20, 19, 15, 16, 
14, 12, 18, 20, 19, 15, 16, 17, 4, 0, 35, 22, 23, 21, 24, 25, 26, 40, 42, 41, 38, 39, 37, 36, 1, 3, 2, 28, 27, 29, 30, 7, 6, 5, 11, 9, 10, 8, 32, 31, 13, 34, 33, 
2, 28, 27, 29, 30, 7, 6, 5, 11, 9, 10, 8, 32, 31, 13, 34, 33, 14, 12, 18, 20, 19, 15, 16, 17, 4, 0, 35, 22, 23, 21, 24, 25, 26, 40, 42, 41, 38, 39, 37, 36, 1, 3, 
36, 1, 3, 2, 28, 27, 29, 30, 7, 6, 5, 11, 9, 10, 8, 32, 31, 13, 34, 33, 14, 12, 18, 20, 19, 15, 16, 17, 4, 0, 35, 22, 23, 21, 24, 25, 26, 40, 42, 41, 38, 39, 37, 
13, 34, 33, 14, 12, 18, 20, 19, 15, 16, 17, 4, 0, 35, 22, 23, 21, 25, 24, 26, 40, 42, 41, 38, 39, 37, 36, 1, 3, 2, 28, 27, 29, 30, 7, 6, 5, 11, 9, 10, 8, 32, 31, 
8, 32, 31, 13, 34, 33, 14, 12, 18, 20, 19, 15, 16, 17, 4, 0, 35, 22, 23, 21, 24, 25, 26, 40, 42, 41, 38, 39, 37, 36, 1, 3, 2, 28, 27, 29, 30, 7, 6, 5, 11, 9, 10, 
32, 31, 13, 34, 33, 14, 12, 18, 20, 19, 15, 16, 17, 4, 0, 35, 22, 23, 21, 24, 25, 26, 40, 42, 41, 38, 39, 37, 36, 1, 3, 2, 28, 27, 29, 30, 7, 6, 5, 11, 9, 10, 8, 
23, 21, 24, 25, 26, 40, 42, 41, 38, 39, 37, 36, 1, 3, 2, 28, 27, 29, 30, 7, 6, 5, 11, 9, 10, 8, 32, 31, 13, 34, 33, 14, 12, 18, 20, 19, 15, 16, 17, 4, 0, 35, 22, 
3, 2, 28, 27, 29, 30, 7, 6, 5, 11, 9, 10, 8, 32, 31, 13, 34, 33, 14, 12, 18, 20, 19, 15, 16, 17, 4, 0, 35, 22, 23, 21, 24, 25, 26, 40, 42, 41, 38, 39, 37, 36, 1, 
10, 8, 32, 31, 13, 34, 33, 14, 12, 18, 20, 19, 15, 16, 17, 4, 0, 35, 22, 23, 21, 24, 25, 26, 40, 42, 41, 38, 39, 37, 36, 1, 3, 2, 28, 27, 29, 30, 7, 6, 5, 11, 9, 
42, 41, 38, 39, 37, 36, 1, 3, 2, 28, 27, 29, 30, 7, 6, 5, 11, 9, 10, 8, 32, 31, 13, 34, 33, 14, 12, 18, 20, 19, 15, 16, 17, 4, 0, 35, 22, 23, 21, 24, 25, 26, 40, 
21, 24, 25, 26, 40, 42, 41, 38, 39, 37, 36, 1, 3, 2, 28, 27, 29, 30, 7, 6, 5, 11, 9, 10, 8, 32, 31, 13, 34, 33, 14, 12, 18, 20, 19, 15, 16, 17, 4, 0, 35, 22, 23, 
1, 3, 2, 28, 27, 29, 30, 7, 6, 5, 11, 9, 10, 8, 32, 31, 13, 34, 33, 14, 12, 18, 20, 19, 15, 16, 17, 4, 0, 35, 22, 23, 21, 24, 25, 26, 40, 42, 41, 38, 39, 37, 36, 
21, 24, 25, 26, 40, 42, 41, 38, 39, 37, 36, 1, 3, 2, 28, 27, 29, 30, 7, 6, 5, 11, 9, 10, 8, 32, 31, 13, 34, 33, 14, 12, 18, 20, 19, 15, 16, 17, 4, 0, 35, 22, 23, 
20, 19, 15, 16, 17, 4, 0, 35, 22, 23, 21, 24, 25, 26, 40, 42, 41, 38, 39, 37, 36, 1, 3, 2, 28, 27, 29, 30, 7, 6, 5, 11, 9, 10, 8, 32, 31, 13, 34, 33, 14, 12, 18, 
13, 34, 33, 14, 12, 18, 20, 19, 15, 16, 17, 4, 0, 35, 22, 23, 21, 24, 25, 26, 40, 42, 41, 38, 39, 37, 36, 1, 3, 2, 28, 27, 29, 30, 7, 6, 5, 11, 9, 10, 8, 32, 31, 
9, 10, 8, 32, 31, 13, 34, 33, 14, 12, 18, 20, 19, 15, 16, 17, 4, 0, 35, 22, 23, 21, 24, 25, 26, 40, 42, 41, 38, 39, 37, 36, 1, 3, 2, 28, 27, 29, 30, 7, 6, 5, 11, 
11, 9, 10, 8, 32, 31, 13, 34, 33, 14, 12, 18, 20, 19, 15, 16, 17, 4, 0, 35, 22, 23, 21, 24, 25, 26, 40, 42, 41, 38, 39, 37, 36, 1, 3, 2, 28, 27, 29, 30, 7, 6, 5, 
25, 26, 40, 42, 41, 38, 39, 37, 36, 1, 3, 2, 28, 27, 29, 30, 7, 6, 5, 31, 9, 10, 8, 32, 11, 13, 34, 33, 14, 12, 18, 20, 19, 15, 16, 17, 4, 0, 35, 22, 23, 21, 24, 
22, 35, 0, 4, 17, 16, 15, 19, 20, 18, 12, 14, 33, 34, 7, 31, 32, 8, 10, 9, 11, 5, 6, 13, 30, 29, 27, 28, 2, 3, 1, 36, 37, 39, 38, 41, 42, 40, 26, 25, 24, 21, 23, 
15, 19, 20, 18, 12, 14, 33, 34, 7, 31, 32, 8, 10, 9, 11, 5, 6, 13, 30, 29, 27, 28, 2, 3, 1, 36, 37, 39, 38, 41, 42, 40, 26, 24, 25, 21, 23, 22, 35, 0, 4, 17, 16, 
4, 17, 16, 15, 19, 20, 18, 12, 14, 33, 34, 13, 31, 30, 8, 10, 9, 11, 5, 6, 7, 32, 29, 27, 28, 2, 3, 1, 36, 37, 39, 38, 41, 42, 40, 26, 25, 24, 21, 23, 22, 35, 0, 
7, 30, 29, 27, 28, 2, 3, 1, 36, 37, 39, 38, 41, 42, 40, 26, 25, 24, 21, 23, 22, 35, 0, 4, 17, 16, 15, 19, 20, 18, 12, 14, 33, 34, 9, 31, 32, 8, 10, 13, 11, 5, 6, 
8, 29, 9, 11, 5, 6, 7, 30, 10, 27, 28, 2, 3, 1, 36, 37, 39, 38, 41, 42, 40, 26, 25, 24, 21, 23, 22, 35, 0, 4, 17, 16, 15, 19, 20, 18, 12, 14, 33, 34, 13, 31, 32, 
15, 19, 20, 18, 12, 14, 33, 34, 13, 31, 32, 8, 10, 9, 11, 5, 6, 3, 30, 29, 27, 28, 2, 7, 1, 36, 37, 39, 38, 41, 42, 40, 26, 24, 25, 21, 23, 22, 35, 0, 4, 17, 16, 
22, 35, 0, 4, 17, 16, 15, 19, 20, 18, 12, 30, 33, 34, 13, 31, 32, 8, 10, 9, 11, 5, 6, 7, 14, 29, 27, 28, 2, 3, 1, 36, 37, 39, 38, 41, 42, 40, 26, 25, 24, 21, 23, 
35, 0, 4, 17, 16, 15, 19, 20, 18, 12, 14, 33, 34, 13, 31, 32, 8, 10, 9, 11, 5, 6, 37, 30, 29, 27, 28, 2, 3, 1, 36, 7, 39, 38, 41, 42, 40, 26, 25, 24, 21, 23, 22, 
26, 25, 24, 21, 23, 22, 35, 0, 4, 17, 16, 15, 19, 20, 18, 12, 14, 33, 34, 13, 31, 32, 8, 10, 9, 1, 5, 6, 7, 30, 29, 27, 28, 2, 3, 11, 36, 37, 39, 38, 41, 42, 40, 
38, 39, 37, 36, 1, 3, 2, 28, 27, 29, 30, 7, 6, 5, 11, 9, 10, 8, 32, 31, 13, 34, 33, 14, 12, 18, 20, 19, 15, 16, 17, 4, 0, 35, 22, 23, 21, 24, 26, 25, 40, 42, 41, 
35, 0, 4, 17, 16, 15, 19, 20, 18, 12, 14, 33, 8, 13, 31, 32, 34, 10, 9, 11, 5, 6, 7, 30, 29, 27, 28, 2, 3, 1, 36, 37, 39, 38, 41, 42, 40, 26, 25, 24, 21, 23, 22, 
37, 27, 29, 30, 7, 6, 5, 11, 9, 10, 8, 32, 31, 13, 34, 33, 14, 12, 18, 20, 19, 15, 16, 17, 4, 0, 35, 22, 23, 21, 24, 25, 26, 40, 42, 41, 38, 39, 28, 36, 1, 3, 2, 
12, 14, 33, 34, 13, 37, 32, 8, 10, 9, 11, 5, 6, 7, 30, 29, 27, 28, 2, 3, 1, 36, 31, 39, 38, 41, 42, 40, 26, 25, 24, 21, 23, 22, 35, 0, 4, 17, 16, 15, 19, 20, 18, 
7, 30, 29, 27, 28, 2, 3, 1, 36, 37, 39, 38, 41, 42, 40, 26, 25, 24, 21, 23, 22, 35, 0, 4, 17, 16, 15, 19, 12, 18, 20, 14, 33, 34, 13, 31, 32, 8, 10, 9, 11, 5, 6, 
7, 30, 29, 27, 28, 2, 3, 1, 36, 37, 39, 38, 41, 42, 40, 26, 25, 24, 21, 23, 22, 35, 0, 4, 17, 16, 15, 19, 20, 33, 12, 14, 18, 34, 13, 31, 32, 8, 10, 9, 11, 5, 6, 
31, 32, 8, 10, 9, 11, 5, 6, 7, 30, 29, 27, 28, 2, 34, 1, 36, 37, 39, 38, 41, 42, 40, 26, 25, 24, 21, 23, 22, 35, 0, 4, 17, 16, 15, 19, 20, 18, 12, 14, 33, 3, 13, 
21, 23, 22, 35, 0, 4, 17, 16, 15, 19, 20, 34, 12, 14, 33, 18, 13, 31, 32, 8, 10, 9, 11, 5, 6, 7, 30, 29, 27, 28, 2, 3, 1, 36, 37, 39, 38, 41, 42, 40, 26, 25, 24, 
5, 11, 9, 10, 8, 32, 31, 13, 34, 33, 14, 12, 18, 20, 19, 15, 16, 17, 4, 0, 35, 22, 23, 21, 25, 26, 40, 42, 41, 38, 39, 37, 36, 1, 3, 2, 28, 27, 29, 30, 7, 6, 24, 
31, 32, 8, 10, 9, 11, 5, 6, 7, 30, 29, 27, 28, 2, 3, 1, 36, 16, 39, 38, 41, 42, 40, 26, 25, 24, 21, 23, 22, 35, 0, 4, 17, 37, 15, 19, 20, 18, 12, 14, 33, 34, 13, 
10, 8, 32, 31, 13, 34, 3, 14, 12, 18, 20, 19, 15, 16, 17, 4, 0, 35, 22, 23, 21, 24, 25, 26, 40, 42, 41, 38, 39, 37, 36, 1, 33, 2, 28, 27, 29, 30, 7, 6, 5, 11, 9, 
30, 29, 27, 28, 2, 25, 1, 36, 37, 39, 38, 41, 42, 40, 26, 3, 24, 21, 23, 22, 35, 0, 4, 17, 16, 15, 19, 20, 18, 12, 14, 33, 34, 13, 31, 32, 8, 10, 9, 11, 5, 6, 7, 
7, 30, 29, 27, 28, 2, 3, 1, 36, 37, 39, 38, 41, 42, 40, 26, 25, 24, 21, 23, 22, 35, 0, 4, 17, 16, 15, 34, 20, 18, 12, 14, 33, 19, 13, 31, 32, 8, 10, 9, 11, 5, 6, 
34, 33, 14, 12, 18, 20, 19, 15, 16, 17, 4, 2, 35, 22, 23, 21, 24, 25, 26, 40, 42, 41, 38, 39, 37, 36, 1, 3, 0, 28, 27, 29, 30, 7, 6, 5, 11, 9, 10, 8, 32, 31, 13, 
15, 19, 20, 18, 12, 14, 33, 34, 13, 31, 32, 8, 10, 9, 11, 5, 4, 7, 30, 29, 27, 28, 2, 3, 1, 36, 37, 39, 38, 41, 42, 40, 26, 25, 24, 21, 23, 22, 35, 0, 6, 17, 16, 
13, 34, 33, 14, 12, 18, 20, 19, 15, 16, 17, 4, 0, 35, 22, 1, 21, 24, 25, 26, 40, 42, 41, 38, 39, 37, 36, 23, 3, 2, 28, 27, 29, 30, 7, 6, 5, 11, 9, 10, 8, 32, 31, 
16, 17, 4, 0, 35, 22, 23, 21, 25, 26, 40, 42, 41, 38, 39, 37, 36, 1, 3, 2, 28, 27, 29, 30, 7, 6, 5, 11, 33, 10, 8, 32, 31, 13, 34, 9, 14, 12, 18, 20, 19, 15, 24, 
7, 19, 15, 16, 17, 4, 0, 35, 22, 23, 21, 24, 25, 26, 40, 42, 41, 38, 39, 37, 36, 1, 3, 2, 28, 27, 29, 30, 20, 6, 5, 11, 9, 10, 8, 32, 31, 13, 34, 33, 14, 12, 18, 
29, 30, 7, 6, 5, 11, 9, 10, 8, 32, 31, 13, 34, 33, 14, 12, 18, 20, 19, 15, 16, 17, 4, 0, 35, 22, 2, 28, 27, 26, 40, 42, 41, 38, 39, 37, 36, 1, 3, 24, 25, 21, 23, 
11, 5, 6, 7, 30, 29, 21, 28, 2, 3, 1, 36, 37, 39, 38, 41, 42, 40, 26, 25, 24, 27, 23, 22, 35, 0, 4, 17, 16, 15, 19, 20, 18, 12, 14, 33, 34, 13, 31, 32, 8, 10, 9, 
31, 24, 34, 33, 14, 12, 18, 20, 19, 15, 16, 17, 4, 0, 35, 22, 23, 21, 13, 25, 26, 40, 42, 41, 38, 39, 37, 36, 1, 3, 2, 28, 27, 29, 30, 7, 6, 5, 11, 9, 10, 8, 32, 
7, 24, 29, 27, 28, 2, 3, 1, 36, 37, 39, 38, 41, 42, 40, 26, 25, 30, 21, 23, 22, 35, 0, 4, 17, 16, 15, 19, 20, 18, 12, 14, 33, 34, 13, 31, 32, 8, 10, 9, 11, 5, 6, 
22, 35, 0, 4, 17, 16, 37, 19, 20, 18, 12, 14, 33, 34, 13, 31, 32, 8, 10, 9, 11, 5, 6, 7, 30, 29, 27, 28, 2, 3, 1, 36, 15, 39, 38, 41, 42, 40, 26, 25, 24, 21, 23, 
30, 29, 27, 28, 2, 3, 1, 36, 37, 39, 38, 41, 42, 40, 26, 25, 8, 21, 23, 22, 35, 0, 4, 17, 16, 15, 19, 20, 18, 12, 14, 33, 34, 13, 31, 32, 24, 10, 9, 11, 5, 6, 7, 
21, 23, 22, 35, 29, 4, 17, 16, 15, 19, 20, 18, 12, 14, 33, 34, 13, 31, 32, 8, 10, 9, 11, 5, 6, 7, 30, 0, 27, 28, 2, 3, 1, 36, 37, 39, 38, 41, 42, 40, 26, 25, 24, 
32, 31, 13, 18, 33, 27, 12, 34, 20, 19, 15, 16, 17, 4, 0, 35, 22, 23, 21, 24, 28, 26, 40, 42, 41, 38, 39, 37, 36, 1, 3, 2, 25, 29, 14, 30, 7, 6, 5, 11, 9, 10, 8, 
12, 14, 33, 34, 13, 31, 32, 8, 10, 9, 11, 22, 6, 7, 30, 29, 27, 28, 2, 3, 1, 36, 37, 39, 38, 41, 42, 40, 26, 25, 24, 21, 23, 5, 35, 0, 4, 17, 16, 15, 19, 20, 18, 
21, 24, 25, 26, 40, 42, 41, 38, 39, 37, 36, 1, 3, 2, 28, 27, 29, 30, 7, 6, 5, 11, 9, 10, 0, 32, 31, 13, 34, 33, 14, 12, 18, 20, 19, 15, 16, 17, 4, 8, 35, 22, 23, 
28, 2, 3, 1, 36, 37, 39, 38, 41, 42, 40, 26, 25, 24, 21, 8, 22, 35, 0, 4, 17, 16, 15, 19, 20, 18, 12, 14, 33, 34, 13, 31, 32, 23, 10, 9, 11, 5, 6, 7, 30, 29, 27, 
8, 35, 0, 4, 17, 16, 15, 19, 20, 18, 12, 14, 33, 34, 13, 31, 32, 22, 10, 9, 11, 5, 6, 7, 30, 29, 27, 28, 2, 3, 1, 36, 37, 39, 38, 41, 42, 40, 26, 25, 24, 21, 23, 
7, 30, 29, 27, 28, 2, 3, 1, 36, 37, 39, 38, 41, 42, 40, 26, 25, 24, 21, 23, 32, 35, 0, 4, 17, 16, 15, 19, 20, 18, 12, 14, 33, 34, 13, 31, 22, 8, 10, 9, 11, 5, 6, 
15, 19, 20, 18, 12, 14, 33, 21, 1, 31, 32, 8, 10, 11, 9, 5, 6, 7, 30, 29, 27, 28, 2, 3, 13, 36, 37, 39, 38, 41, 42, 40, 26, 24, 25, 34, 23, 22, 35, 0, 4, 17, 16, 
24, 16, 15, 19, 20, 18, 12, 14, 33, 34, 13, 31, 32, 8, 10, 9, 11, 5, 6, 7, 30, 29, 27, 28, 2, 3, 1, 36, 37, 39, 38, 41, 42, 40, 26, 25, 17, 21, 23, 22, 35, 0, 4, 
3, 2, 28, 27, 29, 30, 7, 6, 5, 11, 9, 10, 8, 32, 31, 13, 21, 33, 14, 12, 18, 20, 19, 15, 16, 17, 4, 0, 35, 22, 23, 34, 24, 25, 26, 40, 42, 41, 38, 39, 37, 36, 1, 
41, 38, 39, 37, 36, 1, 3, 2, 28, 27, 29, 30, 7, 6, 5, 11, 9, 10, 8, 22, 31, 13, 34, 33, 14, 12, 18, 20, 19, 15, 16, 17, 4, 0, 35, 32, 23, 21, 24, 25, 26, 40, 42, 
22, 1, 0, 4, 18, 36, 15, 19, 20, 17, 12, 14, 33, 34, 13, 31, 32, 8, 10, 9, 11, 5, 6, 7, 30, 29, 27, 28, 2, 3, 35, 16, 37, 39, 38, 41, 42, 40, 26, 25, 24, 21, 23, 
0, 2, 3, 1, 36, 37, 39, 38, 41, 42, 40, 26, 10, 24, 21, 23, 22, 31, 28, 4, 17, 16, 15, 19, 20, 18, 12, 14, 33, 34, 13, 35, 32, 8, 25, 9, 11, 5, 6, 7, 30, 29, 27, 
35, 0, 4, 23, 16, 15, 19, 20, 18, 12, 14, 33, 34, 13, 31, 32, 8, 10, 9, 11, 5, 6, 7, 30, 29, 27, 28, 2, 3, 1, 36, 37, 39, 38, 41, 42, 40, 26, 25, 24, 21, 17, 22, 
27, 29, 3, 7, 6, 5, 11, 9, 10, 8, 16, 31, 13, 34, 33, 14, 12, 37, 20, 19, 15, 32, 17, 4, 0, 35, 22, 23, 21, 24, 25, 26, 40, 42, 41, 38, 39, 18, 36, 1, 30, 2, 28, 
7, 30, 29, 27, 19, 2, 0, 1, 36, 37, 41, 38, 42, 39, 40, 26, 25, 24, 21, 23, 22, 35, 3, 4, 17, 16, 15, 28, 20, 18, 12, 14, 33, 34, 13, 31, 32, 8, 10, 9, 11, 5, 6, 
24, 25, 26, 40, 42, 41, 38, 39, 37, 36, 1, 3, 2, 28, 27, 29, 10, 7, 6, 5, 11, 0, 30, 8, 32, 31, 21, 34, 33, 14, 12, 18, 20, 19, 15, 16, 13, 4, 9, 35, 22, 23, 17, 
Tiempo de ejecucion (total): 35.465
Best fitness a lo largo del tiempo: 
17107, 11792, 11761, 11583, 6349, 6312, 6117, 6110, 6011, 6011, 5995, 5962, 5962, 5935, 5872, 5872, 5872, 5872, 5872, 5872, 5834, 5834, 5834, 5820, 5820, 5818, 5818, 5806, 5806, 5806, 5806, 5786, 5786, 5784, 5784, 5784, 5784, 5770, 5770, 5746, 5746, 5746, 5746, 5746, 5736, 5736, 5736, 5728, 5728, 5711, 5711, 5711, 5711, 5711, 5703, 5703, 5703, 5695, 5695, 5693, 5685, 5685, 5685, 5685, 5685, 5681, 5679, 5679, 5679, 5677, 5677, 5677, 5677, 5677, 5677, 5675, 5675, 5675, 5675, 5675, 5675, 5675, 5669, 5669, 5663, 5663, 5663, 5663, 5663, 5663, 5663, 5663, 5663, 5659, 5659, 5659, 5659, 5659, 5659, 5659, 5659, 5659, 5651, 5651, 5651, 5641, 5641, 5641, 5641, 5641, 5641, 5641, 5641, 5641, 5639, 5639, 5639, 5639, 5639, 5639, 5639, 5639, 5639, 5639, 5639, 5639, 5639, 5639, 5639, 5639, 5639, 5639, 5639, 5639, 5637, 5637, 5637, 5635, 5633, 5633, 5633, 5633, 5633, 5633, 5633, 5633, 5633, 5633, 5633, 5633, 5633, 5633, 5633, 5633, 5633, 5633, 5633, 5633, 5633, 5631, 5631, 5631, 5631, 5631, 5631, 5631, 5631, 5631, 5631, 5631, 5631, 5631, 5631, 5631, 5631, 5631, 5631, 5631, 5631, 5631, 5631, 5631, 5631, 5631, 5631, 5631, 5631, 5631, 5631, 5631, 5631, 5631, 5631, 5631, 5631, 5631, 5631, 5631, 5631, 5631, 5631, 5631, 5631, 5631, 5631, 5631, 5631, 5631, 5631, 5631, 5631, 5631, 5631, 5631, 5631, 5631, 5631, 5631, 5631, 5631, 5631, 5631, 5631, 5631, 5631, 5631, 5631, 5631, 5631, 5631, 5631, 5631, 5631, 5631, 5631, 5631, 5631, 5631, 5631, 5631, 5631, 5631, 5631, 5631, 5631, 5631, 5631, 5631, 5631, 5631, 5631, 5631, 5631, 5631, 5631, 5631, 5631, 5631, 5631, 5631, 5631, 5631, 5631, 5631, 5631, 5631, 5631, 5631, 5631, 5631, 5631, 5631, 5631, 5631, 5631, 5631, 5631, 5631, 5631, 5631, 5631, 5631, 5631, 5631, 5631, 5631, 5631, 5631, 5631, 5631, 5631, 5631, 5631, 5631, 5631, 5631, 5631, 5631, 5631, 5631, 5631, 5631, 5631, 5631, 5631, 5631, 5631, 5631, 5631, 5631, 5631, 5631, 5631, 5631, 5631, 5631, 5631, 5631, 5631, 5631, 5631, 5631, 5631, 5631, 5631, 5631, 5631, 5631, 5631, 5631, 5631, 5631, 5631, 5631, 5631, 5631, 5631, 5631, 5631, 5631, 5631, 5631, 5631, 5631, 5631, 5631, 5631, 5631, 5631, 5631, 5631, 5631, 5631, 5631, 5631, 5631, 5631, 5631, 5631, 5631, 5631, 5631, 5631, 5631, 5631, 5631, 5631, 5631, 5631, 5631, 5631, 5631, 5631, 5631, 5631, 5631, 5631, 5631, 5631, 5631, 5631, 5631, 5631, 5631, 5631, 5631, 5631, 5631, 5631, 5631, 5631, 5631, 5631, 5631, 5631, 5631, 5631, 5631, 5631, 5631, 5631, 5631, 5631, 5631, 5631, 5631, 5631, 5631, 5631, 5631, 5631, 5631, 5631, 5631, 5631, 5631, 5631, 5631, 5631, 5631, 5631, 5631, 5631, 5631, 5631, 5631, 5631, 5631, 5631, 5631, 5631, 5631, 5631, 5631, 5631, 5631, 5631, 5631, 5631, 5631, 5631, 5631, 5631, 5631, 5631, 5631, 5631, 5631, 5631, 5631, 5631, 5631, 5631, 5631, 5631, 5631, 5631, 5631, 5631, 5631, 5631, 5631, 5631, 5631, 5631, 5631, 5631, 5631, 5631, 5631, 5631, 5631, 5631, 5631, 5631, 5631, 5631, 5631, 5631, 5631, 5631, 5631, 5631, 5631, 5631, 5631, 5631, 5631, 5631, 5631, 5631, 5631, 5631, 5631, 5631, 5631, 5631, 5631, 5631, 5631, 5631, 5629, 5629, 5629, 5629, 5629, 5629, 5629, 5629, 5629, 5629, 5629, 5629, 5629, 5629, 5629, 5629, 5629, 5629, 5629, 5629, 5629, 5629, 5629, 5629, 5629, 5629, 5629, 5629, 5629, 5629, 5629, 5629, 5629, 5629, 5629, 5629, 5629, 5629, 5629, 5629, 5629, 5629, 5629, 5629, 5629, 5629, 5629, 5629, 5629, 5629, 5629, 5629, 5629, 5629, 5629, 5629, 5629, 5629, 5629, 5629, 5629, 5629, 5629, 5629, 5629, 5629, 5629, 5629, 5629, 5629, 5629, 5629, 5629, 5629, 5629, 5629, 5629, 5629, 5629, 5629, 5629, 5629, 5629, 5629, 5629, 5629, 5629, 5629, 5629, 5629, 5629, 5629, 5629, 5629, 5629, 5629, 5629, 5629, 5629, 5629, 5629, 5629, 5629, 5629, 5629, 5629, 5629, 5629, 5629, 5629, 5629, 5629, 5629, 5629, 5629, 5629, 5629, 5629, 5629, 5629, 5629, 5629, 5629, 5629, 5629, 5629, 5629, 5629, 5629, 5629, 5629, 5629, 5629, 5629, 5629, 5629, 5629, 5629, 5629, 5629, 5629, 5629, 5629, 5629, 5629, 5629, 5629, 5629, 5629, 5629, 5629, 5629, 5629, 5629, 5629, 5629, 5629, 5629, 5629, 5629, 5629, 5629, 5629, 5629, 5629, 5629, 5629, 5629, 5629, 5629, 5629, 5629, 5629, 5629, 5629, 5629, 5629, 5629, 5629, 5629, 5629, 5629, 5629, 5629, 5629, 5629, 5629, 5629, 5629, 5629, 5629, 5629, 5629, 5629, 5629, 5629, 5629, 5629, 5629, 5629, 5629, 5629, 5629, 5629, 5629, 5629, 5629, 5629, 5629, 5629, 5629, 5629, 5629, 5629, 5629, 5629, 5629, 5629, 5629, 5629, 5629, 5629, 5629, 5629, 5629, 5629, 5629, 5629, 5629, 5629, 5629, 5629, 5629, 5629, 5629, 5629, 5629, 5629, 5629, 5629, 5629, 5629, 5629, 5629, 5629, 5629, 5629, 5629, 5629, 5629, 5629, 5629, 5629, 5629, 5629, 5629, 5629, 5629, 5629, 5629, 5629, 5629, 5629, 5629, 5629, 5629, 5629, 5629, 5629, 5629, 5629, 5629, 5629, 5629, 5629, 5629, 5629, 5629, 5629, 5629, 5629, 5629, 5629, 5629, 5629, 5629, 5629, 5629, 5629, 5629, 5629, 5629, 5629, 5629, 5629, 5629, 5629, 5629, 5629, 5629, 5629, 5629, 5629, 5629, 5629, 5629, 5629, 5629, 5629, 5629, 5629, 5629, 5629, 5629, 5629, 5629, 5629, 5629, 5629, 5629, 5629, 5629, 5629, 5629, 5629, 5629, 5629, 5629, 5629, 5629, 5629, 5629, 5629, 5629, 5629, 5629, 5629, 5629, 5629, 5629, 5629, 5629, 5629, 5629, 5629, 5629, 5629, 5629, 5629, 5629, 5629, 5629, 5629, 5629, 5629, 5629, 5629, 5629, 5629, 5629, 5629, 5629, 5629, 5629, 5629, 5629, 5629, 5629, 5629, 5629, 5629, 5629, 5629, 5629, 5629, 5629, 5629, 5629, 5629, 5629, 5629, 5629, 5629, 5629, 5629, 5629, 5629, 5629, 5629, 5629, 5629, 5629, 5629, 5629, 5629, 5629, 5629, 5629, 5629, 5629, 5629, 5629, 5629, 5629, 5629, 5629, 5629, 5629, 5629, 5629, 5625, 5625, 5625, 5625, 5625, 5625, 5625, 5625, 5625, 5625, 5625, 5625, 5625, 5625, 5625, 5625, 5625, 5625, 5625, 5625, 5625, 5625, 5625, 5625, 5625, 5625, 5625, 5625, 5625, 5625, 5625, 5625, 5625, 5625, 5625, 5625, 5625, 5625, 5625, 5625, 5625, 5625, 5625, 5625, 5625, 5625, 5625, 5625, 5625, 5625, 5625, 5625, 5625, 5625, 5625, 5625, 5625, 5625, 5625, 5625, 5625, 5625, 5625, 5625, 5625, 5625, 5625, 5625, 5625, 5625, 5625, 5625, 5625, 5625, 5625, 5625, 5625, 5625, 5625, 5625, 5625, 5625, 5625, 5625, 5625, 5625, 5625, 5625, 5625, 5625, 5625, 5625, 5625, 5625, 5625, 5625, 5625, 5625, 5625, 5625, 5625, 5625, 5625, 5625, 5625, 5625, 5625, 5625, 5625, 5625, 5625, 5625, 5625, 5625, 5625, 5625, 5625, 5625, 5625, 5625, 5625, 5625, 5625, 5625, 5625, 5625, 5625, 5625, 5625, 5625, 5625, 5625, 5625, 5625, 5625, 5625, 5625, 5625, 5625, 5625, 5625, 5625, 5625, 5625, 5625, 5625, 5625, 5625, 5625, 5625, 5625, 5625, 5625, 5625, 5625, 5625, 5625, 5625, 5625, 5625, 5625, 5625, 5625, 5625, 5625, 5625, 5625, 5625, 5625, 5625, 5625, 5625, 5625, 5625, 5625, 5625, 5625, 5625, 5625, 5625, 5625, 5625, 5625, 5625, 5625, 5625, 5625, 5625, 5625, 5625, 5625, 5625, 5625, 5625, 5625, 5625, 5625, 5625, 5625, 5625, 5625, 5625, 5625, 5625, 5625, 5625, 5625, 5625, 5625, 5625, 5625, 5625, 5625, 5625, 5625, 5625, 5625, 5625, 5625, 5625, 5625, 5625, 5625, 5625, 5625, 5625, 5625, 5625, 5625, 5625, 5625, 5625, 5625, 5625, 5625, 5625, 5625, 5625, 5625, 5625, 5625, 5625, 5625, 5625, 5625, 5625, 5625, 5625, 5625, 5625, 5625, 5625, 5625, 5625, 5625, 5625, 5625, 5625, 5625, 5625, 5625, 5625, 5625, 5625, 5625, 5625, 5625, 5625, 5625, 5625, 5625, 5625, 5625, 5625, 5625, 5625, 5625, 5625, 5625, 5625, 5625, 5625, 5625, 5625, 5625, 5625, 5625, 5625, 5625, 5625, 5625, 5625, 5625, 5625, 5625, 5625, 5625, 5625, 5625, 5625, 5625, 5625, 5625, 5625, 5625, 5625, 5625, 5625, 5625, 5625, 5625, 5625, 5625, 5625, 5625, 5625, 5625, 5625, 5625, 5625, 5625, 5625, 5625, 5625, 5625, 5625, 5625, 5625, 5625, 5625, 5625, 5625, 5625, 5625, 5625, 5625, 5625, 5625, 5625, 5625, 5625, 5625, 5625, 5625, 5625, 5625, 5625, 5625, 5625, 5625, 5625, 5625, 5625, 5625, 5625, 5625, 5625, 5625, 5625, 5625, 5625, 5625, 5625, 5625, 5625, 5625, 5625, 5625, 5625, 5625, 5625, 5625, 5625, 5625, 5625, 5625, 5625, 5625, 5625, 5625, 5625, 5625, 5625, 5625, 5625, 5625, 5625, 5625, 5625, 5625, 5625, 5625, 5625, 5625, 5625, 5625, 5625, 5625, 5625, 5625, 5625, 5625, 5625, 5625, 5625, 5625, 5625, 5625, 5625, 5625, 5625, 5625, 5625, 5625, 5625, 5625, 5625, 5625, 5625, 5625, 5625, 5625, 5625, 5625, 5625, 5625, 5625, 5625, 5625, 5625, 5625, 5625, 5625, 5625, 5625, 5625, 5625, 5625, 5625, 5625, 5625, 5625, 5625, 5625, 5625, 5625, 5625, 5625, 5625, 5625, 5625, 5625, 5625, 5625, 5625, 5625, 5625, 5625, 5625, 5625, 5625, 5625, 5625, 5625, 5625, 5625, 5625, 5625, 5625, 5625, 5625, 5625, 5625, 5625, 5625, 5625, 5625, 5625, 5625, 5625, 5625, 5625, 5625, 5625, 5625, 5625, 5625, 5625, 5625, 5625, 5625, 5625, 5625, 5625, 5625, 5625, 5625, 5625, 5625, 5625, 5625, 5625, 5625, 5625, 5625, 5625, 5625, 5625, 5625, 5625, 5625, 5625, 5625, 5625, 5625, 5625, 5625, 5625, 5625, 5625, 5625, 5625, 5625, 5625, 5625, 5625, 5625, 5625, 5625, 5625, 5625, 5625, 5625, 5625, 5625, 5625, 5625, 5625, 5625, 5625, 5625, 5625, 5625, 5625, 5625, 5625, 5625, 5625, 5625, 5625, 5625, 5625, 5625, 5625, 5625, 5625, 5625, 5625, 5625, 5625, 5625, 5625, 5625, 5625, 5625, 5625, 5625, 5625, 5625, 5625, 5625, 5625, 5625, 5625, 5625, 5625, 5625, 5625, 5625, 5625, 5625, 5625, 5625, 5625, 5625, 5625, 5625, 5625, 5625, 5625, 5625, 5625, 5625, 5625, 5625, 5625, 5625, 5625, 5625, 5625, 5625, 5625, 5625, 5625, 5625, 5625, 5625, 5625, 5625, 5625, 5625, 5625, 5625, 5625, 5625, 5625, 5625, 5625, 5625, 5625, 5625, 5625, 5625, 5625, 5625, 5625, 5625, 5625, 5625, 5625, 5625, 5625, 5625, 5625, 5625, 5625, 5625, 5625, 5625, 5625, 5625, 5625, 5625, 5625, 5625, 5625, 5625, 5625, 5625, 5625, 5625, 5625, 5625, 5625, 5625, 5625, 5625, 5625, 5625, 5625, 5625, 5625, 5625, 5625, 5625, 5625, 5625, 5625, 5625, 5625, 5625, 5625, 5625, 5625, 5625, 5625, 5625, 5625, 5625, 5625, 5625, 5625, 5625, 5625, 5625, 5625, 5625, 5625, 5625, 5625, 5625, 5625, 5625, 5625, 5625, 5625, 5625, 5625, 5625, 5625, 5625, 5625, 5625, 5625, 5625, 5625, 5625, 5625, 5625, 5625, 5625, 5625, 5625, 5625, 5625, 5625, 5625, 5625, 5625, 5625, 5625, 5625, 5625, 5625, 5625, 5625, 5625, 5625, 5625, 5625, 5625, 5625, 5625, 5625, 5625, 5625, 5625, 5625, 5625, 5625, 5625, 5625, 5625, 5625, 5625, 5625, 5625, 5625, 5625, 5625, 5625, 5625, 5625, 5625, 5625, 5625, 5625, 5625, 5625, 5625, 5625, 5625, 5625, 5625, 5625, 5625, 5625, 5625, 5625, 5625, 5625, 5625, 5625, 5625, 5625, 5625, 5625, 5625, 5625, 5625, 5625, 5625, 5625, 5625, 5625, 5625, 5625, 5625, 5625, 5625, 5625, 5625, 5625, 5625, 5625, 5625, 5625, 5625, 5625, 5625, 5625, 5625, 5625, 5625, 5625, 5625, 5625, 5625, 5625, 5625, 5625, 5625, 5625, 5625, 5625, 5625, 5625, 5625, 5625, 5625, 5625, 5625, 5625, 5625, 5625, 5625, 5625, 5625, 5625, 5625, 5625, 5625, 5625, 5625, 5625, 5625, 5625, 5625, 5625, 5625, 5625, 5625, 5625, 5625, 5625, 5625, 5625, 5625, 5625, 5625, 5625, 5625, 5625, 5625, 5625, 5625, 5625, 5625, 5625, 5625, 5625, 5625, 5625, 5625, 5625, 5625, 5625, 5625, 5625, 5625, 5625, 5625, 5625, 5625, 5625, 5625, 5625, 5625, 5625, 5625, 5625, 5625, 5625, 5625, 5625, 5625, 5625, 5625, 5625, 5625, 5625, 5625, 5625, 5625, 5625, 5625, 5625, 5625, 5625, 5625, 5625, 5625, 5625, 5625, 5625, 5625, 5625, 5625, 5625, 5625, 5625, 5625, 5625, 5625, 5625, 5625, 5625, 5625, 5625, 5625, 5625, 5625, 5625, 5625, 5625, 5625, 5625, 5625, 5625, 5625, 5625, 5625, 5625, 5625, 5625, 5625, 5625, 5625, 5625, 5625, 5625, 5625, 5625, 5625, 5625, 5625, 5625, 5625, 5625, 5625, 5625, 5625, 5625, 5625, 5625, 5625, 5625, 5625, 5625, 5625, 5625, 5625, 5625, 5625, 5625, 5625, 5625, 5625, 5625, 5625, 5625, 5625, 5625, 5625, 5625, 5625, 5625, 5625, 5625, 5625, 5625, 5625, 5625, 5625, 5625, 5625, 5625, 5625, 5625, 5625, 5625, 5625, 5625, 5625, 5625, 5625, 5625, 5625, 5625, 5625, 5625, 5625, 5625, 5625, 5625, 5625, 5625, 5625, 5625, 5625, 5625, 5625, 5625, 5625, 5625, 5625, 5625, 5625, 5625, 5625, 5625, 5625, 5625, 5625, 5625, 5625, 5625, 5625, 5625, 5625, 5625, 5625, 5625, 5625, 5625, 5625, 5625, 5625, 5625, 5625, 5625, 5625, 5625, 5625, 5625, 5625, 5625, 5625, 5625, 5625, 5625, 5625, 5625, 5625, 5625, 5625, 5625, 5625, 5625, 5625, 5625, 5625, 5625, 5625, 5625, 5625, 5625, 5625, 5625, 5625, 5625, 5625, 5625, 5625, 5625, 5625, 5625, 5625, 5625, 5625, 5625, 5625, 5625, 5625, 5625, 5625, 5625, 5625, 5625, 5625, 5625, 5625, 5625, 5625, 5625, 5625, 5625, 5625, 5625, 5625, 5625, 5625, 5625, 5625, 5625, 5625, 5625, 5625, 5625, 5625, 5625, 5625, 5625, 5625, 5625, 5625, 5625, 5625, 5625, 5625, 5625, 5625, 5625, 5625, 5625, 5625, 5625, 5625, 5625, 5625, 5625, 5625, 5625, 5625, 5625, 5625, 5625, 5625, 5625, 5625, 5625, 5625, 5625, 5625, 5625, 5625, 5625, 5625, 5625, 5625, 5625, 5625, 5625, 5625, 5625, 5625, 5625, 5625, 5625, 5625, 5625, 5625, 5625, 5625, 5625, 5625, 5625, 5625, 5625, 5625, 5625, 5625, 5625, 5625, 5625, 5625, 5625, 5625, 5625, 5625, 5625, 5625, 5625, 5625, 5625, 5625, 5625, 5625, 5625, 5625, 5625, 5625, 5625, 5625, 5625, 5625, 5625, 5625, 5625, 5625, 5625, 5625, 5625, 5625, 5625, 5625, 5625, 5625, 5625, 5625, 5625, 5625, 5625, 5625, 5625, 5625, 5625, 5625, 5625, 5625, 5625, 5625, 5625, 5625, 5625, 5625, 5625, 5625, 5625, 5625, 5625, 5625, 5625, 5625, 5625, 5625, 5625, 5625, 5625, 5625, 5625, 5625, 5625, 5625, 5625, 5625, 5625, 5625, 5625, 5625, 5625, 5625, 5625, 5625, 5625, 5625, 5625, 5625, 5625, 5625, 5625, 5625, 5625, 5625, 5625, 5625, 5625, 5625, 5625, 5625, 5625, 5625, 5625, 5625, 5625, 5625, 5625, 5625, 5625, 5625, 5625, 5625, 5625, 5625, 5625, 5625, 5625, 5625, 5625, 5625, 5625, 5625, 5625, 5625, 5625, 5625, 5625, 5625, 5625, 5625, 5625, 5625, 5625, 5625, 5625, 5625, 5625, 5625, 5625, 5625, 5625, 5625, 5625, 5625, 5625, 5625, 5625, 5625, 5625, 5625, 5625, 5625, 5625, 5625, 5625, 5625, 5625, 5625, 5625, 5625, 5625, 5625, 5625, 5625, 5625, 5625, 5625, 5625, 5625, 5625, 5625, 5625, 5625, 5625, 5625, 5625, 5625, 5625, 5625, 5625, 5625, 5625, 5625, 5625, 5625, 5625, 5625, 5625, 5625, 5625, 5625, 5625, 5625, 5625, 5625, 5625, 5625, 5625, 5625, 5625, 5625, 5625, 5625, 5625, 5625, 5625, 5625, 5625, 5625, 5625, 5625, 5625, 5625, 5625, 5625, 5625, 5625, 5625, 5625, 5625, 5625, 5625, 5625, 5625, 5625, 5625, 5625, 5625, 5625, 5625, 5625, 5625, 5625, 5625, 5625, 5625, 5625, 5625, 5625, 5625, 5625, 5625, 5625, 5625, 5625, 5625, 5625, 5625, 5625, 5625, 5625, 5625, 5625, 5625, 5625, 5625, 5625, 5625, 5625, 5625, 5625, 5625, 5625, 5625, 5625, 5625, 5625, 5625, 5625, 5625, 5625, 5625, 5625, 5625, 5625, 5625, 5625, 5625, 5625, 5625, 5625, 5625, 5625, 5625, 5625, 5625, 5625, 5625, 5625, 5625, 5625, 5625, 5625, 5625, 5625, 5625, 5625, 5625, 5625, 5625, 5625, 5625, 5625, 5625, 5625, 5625, 5625, 5625, 5625, 5625, 5625, 5625, 5625, 5625, 5625, 5625, 5625, 5625, 5625, 5625, 5625, 5625, 5625, 5625, 5625, 5625, 5625, 5625, 5625, 5625, 5625, 5625, 5625, 5625, 5625, 5625, 5625, 5625, 5625, 5625, 5625, 5625, 5625, 5625, 5625, 5625, 5625, 5625, 5625, 5625, 5625, 5625, 5625, 5625, 5625, 5625, 5625, 5625, 5625, 5625, 5625, 5625, 5625, 5625, 5625, 5625, 5625, 5625, 5625, 5625, 5625, 5625, 5625, 5625, 5625, 5625, 5625, 5625, 5625, 5625, 5625, 5625, 5625, 5625, 5625, 5625, 5625, 5625, 5625, 5625, 5625, 5625, 5625, 5625, 5625, 5625, 5625, 5625, 5625, 5625, 5625, 5625, 5625, 5625, 5625, 5625, 5625, 5625, 5625, 5625, 5625, 5625, 5625, 5625, 5625, 5625, 5625, 5625, 5625, 5625, 5625, 5625, 5625, 5625, 5625, 5625, 5625, 5625, 5625, 5625, 5625, 5625, 5625, 5625, 5625, 5625, 5625, 5625, 5625, 5625, 5625, 5625, 5625, 5625, 5625, 5625, 5625, 5625, 5625, 5625, 5625, 5625, 5625, 5625, 5625, 5625, 5625, 5625, 5625, 5625, 5625, 5625, 5625, 5625, 5625, 5625, 5625, 5625, 5625, 5625, 5625, 5625, 5625, 5625, 5625, 5625, 5625, 5625, 5625, 5625, 5625, 5625, 5625, 5625, 5625, 5625, 5625, 5625, 5625, 5625, 5625, 5625, 5625, 5625, 5625, 5625, 5625, 5625, 5625, 5625, 5625, 5625, 5625, 5625, 5625, 5625, 5625, 5625, 5625, 5625, 5625, 5625, 5625, 5625, 5625, 5625, 5625, 5625, 5625, 5625, 5625, 5625, 5625, 5625, 5625, 5625, 5625, 5625, 5625, 5625, 5625, 5625, 5625, 5625, 5625, 5625, 5625, 5625, 5625, 5625, 5625, 5625, 5625, 5625, 5625, 5625, 5625, 5625, 5625, 5625, 5625, 5625, 5625, 5625, 5625, 5625, 5625, 5625, 5625, 5625, 5625, 5625, 5625, 5625, 5625, 5625, 5625, 5625, 5625, 5625, 5625, 5625, 5625, 5625, 5625, 5625, 5625, 5625, 5625, 5625, 5625, 5625, 5625, 5625, 5625, 5625, 5625, 5625, 5625, 5625, 5625, 5625, 5625, 5625, 5625, 5625, 5625, 5625, 5625, 5625, 5625, 5625, 5625, 5625, 5625, 5625, 5625, 5625, 5625, 5625, 5625, 5625, 5625, 5625, 5625, 5625, 5625, 5625, 5625, 5625, 5625, 5625, 5625, 5625, 5625, 5625, 5625, 5625, 5625, 5625, 5625, 5625, 5625, 5625, 5625, 5625, 5625, 5625, 5625, 5625, 5625, 5625, 5625, 5625, 5625, 5625, 5625, 5625, 5625, 5625, 5625, 5625, 5625, 5625, 5625, 5625, 5625, 5625, 5625, 5625, 5625, 5625, 5625, 5625, 5625, 5625, 5625, 5625, 5625, 5625, 5625, 5625, 5625, 5625, 5625, 5625, 5625, 5625, 5625, 5625, 5625, 5625, 5625, 5625, 5625, 5625, 5625, 5625, 5625, 5625, 5625, 5625, 5625, 5625, 5625, 5625, 5625, 5625, 5625, 5625, 5625, 5625, 5625, 5625, 5625, 5625, 5625, 5625, 5625, 5625, 5625, 5625, 5625, 5625, 5625, 5625, 5625, 5625, 5625, 5625, 5625, 5625, 5625, 5625, 5625, 5625, 5625, 5625, 5625, 5625, 5625, 5625, 5625, 5625, 5625, 5625, 5625, 5625, 5625, 5625, 5625, 5625, 5625, 5625, 5625, 5625, 5625, 5625, 5625, 5625, 5625, 5625, 5625, 5625, 5625, 5625, 5625, 5625, 5625, 5625, 5625, 5625, 5625, 5625, 5625, 5625, 5625, 5625, 5625, 5625, 5625, 5625, 5625, 5625, 5625, 5625, 5625, 5625, 5625, 5625, 5625, 5625, 5625, 5625, 5625, 5625, 5625, 5625, 5625, 5625, 5625, 5625, 5625, 5625, 5625, 5625, 5625, 5625, 5625, 5625, 5625, 5625, 5625, 5625, 5625, 5625, 5625, 5625, 5625, 5625, 5625, 5625, 5625, 5625, 5625, 5625, 5625, 5625, 5625, 5625, 5625, 5625, 5625, 5625, 5625, 5625, 5625, 5625, 5625, 5625, 5625, 5625, 5625, 5625, 5625, 5625, 5625, 5625, 5625, 5625, 5625, 5625, 5625, 5625, 5625, 5625, 5625, 5625, 5625, 5625, 5625, 5625, 5625, 5625, 5625, 5625, 5625, 5625, 5625, 5625, 5625, 5625, 5625, 5625, 5625, 5625, 5625, 5625, 5625, 5625, 5625, 5625, 5625, 5625, 5625, 5625, 5625, 5625, 5625, 5625, 5625, 5625, 5625, 5625, 5625, 5625, 5625, 5625, 5625, 5625, 5625, 5625, 5625, 5625, 5625, 5625, 5625, 5625, 5625, 5625, 5625, 5625, 5625, 5625, 5625, 5625, 5625, 5625, 5625, 5625, 5625, 5625, 5625, 5625, 5625, 5625, 5625, 5625, 5625, 5625, 5625, 5625, 5625, 5625, 5625, 5625, 5625, 5625, 5625, 5625, 5625, 5625, 5625, 5625, 5625, 5625, 5625, 5625, 5625, 5625, 5625, 5625, 5625, 5625, 5625, 5625, 5625, 5625, 5625, 5625, 5625, 5625, 5625, 5625, 5625, 5625, 5625, 5625, 5625, 5625, 5625, 5625, 5625, 5625, 5625, 5625, 5625, 5625, 5625, 5625, 5625, 5625, 5625, 5625, 5625, 5625, 5625, 5625, 5625, 5625, 5625, 5625, 5625, 5625, 5625, 5625, 5625, 5625, 5625, 5625, 5625, 5625, 5625, 5625, 5625, 5625, 5625, 5625, 5625, 5625, 5625, 5625, 5625, 5625, 5625, 5625, 5625, 5625, 5625, 5625, 5625, 5625, 5625, 5625, 5625, 5625, 5625, 5625, 5625, 5625, 5625, 5625, 5625, 5625, 5625, 5625, 5625, 5625, 5625, 5625, 5625, 5625, 5625, 5625, 5625, 5625, 5625, 5625, 5625, 5625, 5625, 5625, 5625, 5625, 5625, 5625, 5625, 5625, 5625, 5625, 5625, 5625, 5625, 5625, 5625, 5625, 5625, 5625, 5625, 5625, 5625, 5625, 5625, 5625, 5625, 5625, 5625, 5625, 5625, 5625, 5625, 5625, 5625, 5625, 5625, 5625, 5625, 5625, 5625, 5625, 5625, 5625, 5625, 5625, 5625, 5625, 5625, 5625, 5625, 5625, 5625, 5625, 5625, 5625, 5625, 5625, 5625, 5625, 5625, 5625, 5625, 5625, 5625, 5625, 5625, 5625, 5625, 5625, 5625, 5625, 5625, 5625, 5625, 5625, 5625, 5625, 5625, 5625, 5625, 5625, 5625, 5625, 5625, 5625, 5625, 5625, 5625, 5625, 5625, 5625, 5625, 5625, 5625, 5625, 5625, 5625, 5625, 5625, 5625, 5625, 5625, 5625, 5625, 5625, 5625, 5625, 5625, 5625, 5625, 5625, 5625, 5625, 5625, 5625, 5625, 5625, 5625, 5625, 5625, 5625, 5625, 5625, 5625, 5625, 5625, 5625, 5625, 5625, 5625, 5625, 5625, 5625, 5625, 5625, 5625, 5625, 5625, 5625, 5625, 5625, 5625, 5625, 5625, 5625, 5625, 5625, 5625, 5625, 5625, 5625, 5625, 5625, 5625, 5625, 5625, 5625, 5625, 5625, 5625, 5625, 5625, 5625, 5625, 5625, 5625, 5625, 5625, 5625, 5625, 5625, 5625, 5625, 5625, 5625, 5625, 5625, 5625, 5625, 5625, 5625, 5625, 5625, 5625, 5625, 5625, 5625, 5625, 5625, 5625, 5625, 5625, 5625, 5625, 5625, 5625, 5625, 5625, 5625, 5625, 5625, 5625, 5625, 5625, 5625, 5625, 5625, 5625, 5625, 5625, 5625, 5625, 5625, 5625, 5625, 5625, 5625, 5625, 5625, 5625, 5625, 5625, 5625, 5625, 5625, 5625, 5625, 5625, 5625, 5625, 5625, 5625, 5625, 5625, 5625, 5625, 5625, 5625, 5625, 5625, 5625, 5625, 5625, 5625, 5625, 5625, 5625, 5625, 5625, 5625, 5625, 5625, 5625, 5625, 5625, 5625, 5625, 5625, 5625, 5625, 5625, 5625, 5625, 5625, 5625, 5625, 5625, 5625, 5625, 5625, 5625, 5625, 5625, 5625, 5625, 5625, 5625, 5625, 5625, 5625, 5625, 5625, 5625, 5625, 5625, 5625, 5625, 5625, 5625, 5625, 5625, 5625, 5625, 5625, 5625, 5625, 5625, 5625, 5625, 5625, 5625, 5625, 5625, 5625, 5625, 5625, 5625, 5625, 5625, 5625, 5625, 5625, 5625, 5625, 5625, 5625, 5625, 5625, 5625, 5625, 5625, 5625, 5625, 5625, 5625, 5625, 5625, 5625, 5625, 5625, 5625, 5625, 5625, 5625, 5625, 5625, 5625, 5625, 5625, 5625, 5625, 5625, 5625, 5625, 5625, 5625, 5625, 5625, 5625, 5625, 5625, 5625, 5625, 5625, 5625, 5625, 5625, 5625, 5625, 5625, 5625, 5625, 5625, 5625, 5625, 5625, 5625, 5625, 5625, 5625, 5625, 5625, 5625, 5625, 5625, 5625, 5625, 5625, 5625, 5625, 5625, 5625, 5625, 5625, 5625, 5625, 5625, 5625, 5625, 5625, 5625, 5625, 5625, 5625, 5625, 5625, 5625, 5625, 5625, 5625, 5625, 5625, 5625, 5625, 5625, 5625, 5625, 5625, 5625, 5625, 5625, 5625, 5625, 5625, 5625, 5625, 5625, 5625, 5625, 5625, 5625, 5625, 5625, 5625, 5625, 5625, 5625, 5625, 5625, 5625, 5625, 5625, 5625, 5625, 5625, 5625, 5625, 5625, 5625, 5625, 5625, 5625, 5625, 5625, 5625, 5625, 5625, 5625, 5625, 5625, 5625, 5625, 5625, 5625, 5625, 5625, 5625, 5625, 5625, 5625, 5625, 5625, 5625, 5625, 5625, 5625, 5625, 5625, 5625, 5625, 5625, 5625, 5625, 5625, 5625, 5625, 5625, 5625, 5625, 5625, 5625, 5625, 5625, 5625, 5625, 5625, 5625, 5625, 5625, 5625, 5625, 5625, 5625, 5625, 5625, 5625, 5625, 5625, 5625, 5625, 5625, 5625, 5625, 5625, 5625, 5625, 5625, 5625, 5625, 5625, 5625, 5625, 5625, 5625, 5625, 5625, 5625, 5625, 5625, 5625, 5625, 5625, 5625, 5625, 5625, 5625, 5625, 5625, 5625, 5625, 5625, 5625, 5625, 5625, 5625, 5625, 5625, 5625, 5625, 5625, 5625, 5625, 5625, 5625, 5625, 5625, 5625, 5625, 5625, 5625, 5625, 5625, 5625, 5625, 5625, 5625, 5625, 5625, 5625, 5625, 5625, 5625, 5625, 5625, 5625, 5625, 5625, 5625, 5625, 5625, 5625, 5625, 5625, 5625, 5625, 5625, 5625, 5625, 5625, 5625, 5625, 5625, 5625, 5625, 5625, 5625, 5625, 5625, 5625, 5625, 5625, 5625, 5625, 5625, 5625, 5625, 5625, 5625, 5625, 5625, 5625, 5625, 5625, 5625, 5625, 5625, 5625, 5625, 5625, 5625, 5625, 5625, 5625, 5625, 5625, 5625, 5625, 5625, 5625, 5625, 5625, 5625, 5625, 5625, 5625, 5625, 5625, 5625, 5625, 5625, 5625, 5625, 5625, 5625, 5625, 5625, 5625, 5625, 5625, 5625, 5625, 5625, 5625, 5625, 5625, 5625, 5625, 5625, 5625, 5625, 5625, 5625, 5625, 5625, 5625, 5625, 5625, 5625, 5625, 5625, 5625, 5625, 5625, 5625, 5625, 5625, 5625, 5625, 5625, 5625, 5625, 5625, 5625, 5625, 5625, 5625, 5625, 5625, 5625, 5625, 5625, 5625, 5625, 5625, 5625, 5625, 5625, 5625, 5625, 5625, 5625, 5625, 5625, 5625, 5625, 5625, 5625, 5625, 5625, 5625, 5625, 5625, 5625, 5625, 5625, 5625, 5625, 5625, 5625, 5625, 5625, 5625, 5625, 5625, 5625, 5625, 5625, 5625, 5625, 5625, 5625, 5625, 5625, 5625, 5625, 5625, 5625, 5625, 5625, 5625, 5625, 5625, 5625, 5625, 5625, 5625, 5625, 5625, 5625, 5625, 5625, 5625, 5625, 5625, 5625, 5625, 5625, 5625, 5625, 5625, 5625, 5625, 5625, 5625, 5625, 5625, 5625, 5625, 5625, 5625, 5625, 5625, 5625, 5625, 5625, 5625, 5625, 5625, 5625, 5625, 5625, 5625, 5625, 5625, 5625, 5625, 5625, 5625, 5625, 5625, 5625, 5625, 5625, 5625, 5625, 5625, 5625, 5625, 5625, 5625, 5625, 5625, 5625, 5625, 5625, 5625, 5625, 5625, 5625, 5625, 5625, 5625, 5625, 5625, 5625, 5625, 5625, 5625, 5625, 5625, 5625, 5625, 5625, 5625, 5625, 5625, 5625, 5625, 5625, 5625, 5625, 5625, 5625, 5625, 5625, 5625, 5625, 5625, 5625, 5625, 5625, 5625, 5625, 5625, 5625, 5625, 5625, 5625, 5625, 5625, 5625, 5625, 5625, 5625, 5625, 5625, 5625, 5625, 5625, 5625, 5625, 5625, 5625, 5625, 5625, 5625, 5625, 5625, 5625, 5625, 5625, 5625, 5625, 5625, 5625, 5625, 5625, 5625, 5625, 5625, 5625, 5625, 5625, 5625, 5625, 5625, 5625, 5625, 5625, 5625, 5625, 5625, 5625, 5625, 5625, 5625, 5625, 5625, 5625, 5625, 5625, 5625, 5625, 5625, 5625, 5625, 5625, 5625, 5625, 5625, 5625, 5625, 5625, 5625, 5625, 5625, 5625, 5625, 5625, 5625, 5625, 5625, 5625, 5625, 5625, 5625, 5625, 5625, 5625, 5625, 5625, 5625, 5625, 5625, 5625, 5625, 5625, 5625, 5625, 5625, 5625, 5625, 5625, 5625, 5625, 5625, 5625, 5625, 5625, 5625, 5625, 5625, 5625, 5625, 5625, 5625, 5625, 5625, 5625, 5625, 5625, 5625, 5625, 5625, 5625, 5625, 5625, 5625, 5625, 5625, 5625, 5625, 5625, 5625, 5625, 5625, 5625, 5625, 5625, 5625, 5625, 5625, 5625, 5625, 5625, 5625, 5625, 5625, 5625, 5625, 5625, 5625, 5625, 5625, 5625, 5625, 5625, 5625, 5625, 5625, 5625, 5625, 5625, 5625, 5625, 5625, 5625, 5625, 5625, 5625, 5625, 5625, 5625, 5625, 5625, 5625, 5625, 5625, 5625, 5625, 5625, 5625, 5625, 5625, 5625, 5625, 5625, 5625, 5625, 5625, 5625, 5625, 5625, 5625, 5625, 5625, 5625, 5625, 5625, 5625, 5625, 5625, 5625, 5625, 5625, 5625, 5625, 5625, 5625, 5625, 5625, 5625, 5625, 5625, 5625, 5625, 5625, 5625, 5625, 5625, 5625, 5625, 5625, 5625, 5625, 5625, 5625, 5625, 5625, 5625, 5625, 5625, 5625, 5625, 5625, 5625, 5625, 5625, 5625, 5625, 5625, 5625, 5625, 5625, 5625, 5625, 5625, 5625, 5625, 5625, 5625, 5625, 5625, 5625, 5625, 5625, 5625, 5625, 5625, 5625, 5625, 5625, 5625, 5625, 5625, 5625, 5625, 5625, 5625, 5625, 5625, 5625, 5625, 5625, 5625, 5625, 5625, 5625, 5625, 5625, 5625, 5625, 5625, 5625, 5625, 5625, 5625, 5625, 5625, 5625, 5625, 5625, 5625, 5625, 5625, 5625, 5625, 5625, 5625, 5625, 5625, 5625, 5625, 5625, 5625, 5625, 5625, 5625, 5625, 5625, 5625, 5625, 5625, 5625, 5625, 5625, 5625, 5625, 5625, 5625, 5625, 5625, 5625, 5625, 5625, 5625, 5625, 5625, 5625, 5625, 5625, 5625, 5625, 5625, 5625, 5625, 5625, 5625, 5625, 5625, 5625, 5625, 5625, 5625, 5625, 5625, 5625, 5625, 5625, 5625, 5625, 5625, 5625, 5625, 5625, 5625, 5625, 5625, 5625, 5625, 5625, 5625, 5625, 5625, 5625, 5625, 5625, 5625, 5625, 5625, 5625, 5625, 5625, 5625, 5625, 5625, 5625, 5625, 5625, 5625, 5625, 5625, 5625, 5625, 5625, 5625, 5625, 5625, 5625, 5625, 5625, 5625, 5625, 5625, 5625, 5625, 5625, 5625, 5625, 5625, 5625, 5625, 5625, 5625, 5625, 5625, 5625, 5625, 5625, 5625, 5625, 5625, 5625, 5625, 5625, 5625, 5625, 5625, 5625, 5625, 5625, 5625, 5625, 5625, 5625, 5625, 5625, 5625, 5625, 5625, 5625, 5625, 5625, 5625, 5625, 5625, 5625, 5625, 5625, 5625, 5625, 5625, 5625, 5625, 5625, 5625, 5625, 5625, 5625, 5625, 5625, 5625, 5625, 5625, 5625, 5625, 5625, 5625, 5625, 5625, 5625, 5625, 5625, 5625, 5625, 5625, 5625, 5625, 5625, 5625, 5625, 5625, 5625, 5625, 5625, 5625, 5625, 5625, 5625, 5625, 5625, 5625, 5625, 5625, 5625, 5625, 5625, 5625, 5625, 5625, 5625, 5625, 5625, 5625, 5625, 5625, 5625, 5625, 5625, 5625, 5625, 5625, 5625, 5625, 5625, 5625, 5625, 5625, 5625, 5625, 5625, 5625, 5625, 5625, 5625, 5625, 5625, 5625, 5625, 5625, 5625, 5625, 5625, 5625, 5625, 5625, 5625, 5625, 5625, 5625, 5625, 5625, 5625, 5625, 5625, 5625, 5625, 5625, 5625, 5625, 5625, 5625, 5625, 5625, 5625, 5625, 5625, 5625, 5625, 5625, 5625, 5625, 5625, 5625, 5625, 5625, 5625, 5625, 5625, 5625, 5625, 5625, 5625, 5625, 5625, 5625, 5625, 5625, 5625, 5625, 5625, 5625, 5625, 5625, 5625, 5625, 5625, 5625, 5625, 5625, 5625, 5625, 5625, 5625, 5625, 5625, 5625, 5625, 5625, 5625, 5625, 5625, 5625, 5625, 5625, 5625, 5625, 5625, 5625, 5625, 5625, 5625, 5625, 5625, 5625, 5625, 5625, 5625, 5625, 5625, 5625, 5625, 5625, 5625, 5625, 5625, 5625, 5625, 5625, 5625, 5625, 5625, 5625, 5625, 5625, 5625, 5625, 5625, 5625, 5625, 5625, 5625, 5625, 5625, 5625, 5625, 5625, 5625, 5625, 5625, 5625, 5625, 5625, 5625, 5625, 5625, 5625, 5625, 5625, 5625, 5625, 5625, 5625, 5625, 5625, 5625, 5625, 5625, 5625, 5625, 5625, 5625, 5625, 5625, 5625, 5625, 5625, 5625, 5625, 5625, 5625, 5625, 5625, 5625, 5625, 5625, 5625, 5625, 5625, 5625, 5625, 5625, 5625, 5625, 5625, 5625, 5625, 5625, 5625, 5625, 5625, 5625, 5625, 5625, 5625, 5625, 5625, 5625, 5625, 5625, 5625, 5625, 5625, 5625, 5625, 5625, 5625, 5625, 5625, 5625, 5625, 5625, 5625, 5625, 5625, 5625, 5625, 5625, 5625, 5625, 5625, 5625, 5625, 5625, 5625, 5625, 5625, 5625, 5625, 5625, 5625, 5625, 5625, 5625, 5625, 5625, 5625, 5625, 5625, 5625, 5625, 5625, 5625, 5625, 5625, 5625, 5625, 5625, 5625, 5625, 5625, 5625, 5625, 5625, 5625, 5625, 5625, 5625, 5625, 5625, 5625, 5625, 5625, 5625, 5625, 5625, 5625, 5625, 5625, 5625, 5625, 5625, 5625, 5625, 5625, 5625, 5625, 5625, 5625, 5625, 5625, 5625, 5625, 5625, 5625, 5625, 5625, 5625, 5625, 5625, 5625, 5625, 5625, 5625, 5625, 5625, 5625, 5625, 5625, 5625, 5625, 5625, 5625, 5625, 5625, 5625, 5625, 5625, 5625, 5625, 5625, 5625, 5625, 5625, 5625, 5625, 5625, 5625, 5625, 5625, 5625, 5625, 5625, 5625, 5625, 5625, 5625, 5625, 5625, 5625, 5625, 5625, 5625, 5625, 5625, 5625, 5625, 5625, 5625, 5625, 5625, 5625, 5625, 5625, 5625, 5625, 5625, 5625, 5625, 5625, 5625, 5625, 5625, 5625, 5625, 5625, 5625, 5625, 5625, 5625, 5625, 5625, 5625, 5625, 5625, 5625, 5625, 5625, 5625, 5625, 5625, 5625, 5625, 5625, 5625, 5625, 5625, 5625, 5625, 5625, 5625, 5625, 5625, 5625, 5625, 5625, 5625, 5625, 5625, 5625, 5625, 5625, 5625, 5625, 5625, 5625, 5625, 5625, 5625, 5625, 5625, 5625, 5625, 5625, 5625, 5625, 5625, 5625, 5625, 5625, 5625, 5625, 5625, 5625, 5625, 5625, 5625, 5625, 5625, 5625, 5625, 5625, 5625, 5625, 5625, 5625, 5625, 5625, 5625, 5625, 5625, 5625, 5625, 5625, 5625, 5625, 5625, 5625, 5625, 5625, 5625, 5625, 5625, 5625, 5625, 5625, 5625, 5625, 5625, 5625, 5625, 5625, 5625, 5625, 5625, 5625, 5625, 5625, 5625, 5625, 5625, 5625, 5625, 5625, 5625, 5625, 5625, 5625, 5625, 5625, 5625, 5625, 5625, 5625, 5625, 5625, 5625, 5625, 5625, 5625, 5625, 5625, 5625, 5625, 5625, 5625, 5625, 5625, 5625, 5625, 5625, 5625, 5625, 5625, 5625, 5625, 5625, 5625, 5625, 5625, 5625, 5625, 5625, 5625, 5625, 5625, 5625, 5625, 5625, 5625, 5625, 5625, 5625, 5625, 5625, 5625, 5625, 5625, 5625, 5625, 5625, 5625, 5625, 5625, 5625, 5625, 5625, 5625, 5625, 5625, 5625, 5625, 5625, 5625, 5625, 5625, 5625, 5625, 5625, 5625, 5625, 5625, 5625, 5625, 5625, 5625, 5625, 5625, 5625, 5625, 5625, 5625, 5625, 5625, 5625, 5625, 5625, 5625, 5625, 5625, 5625, 5625, 5625, 5625, 5625, 5625, 5625, 5625, 5625, 5625, 5625, 5625, 5625, 5625, 5625, 5625, 5625, 5625, 5625, 5625, 5625, 5625, 5625, 5625, 5625, 5625, 5625, 5625, 5625, 5625, 5625, 5625, 5625, 5625, 5625, 5625, 5625, 5625, 5625, 5625, 5625, 5625, 5625, 5625, 5625, 5625, 5625, 5625, 5625, 5625, 5625, 5625, 5625, 5625, 5625, 5625, 5624, 5624, 5624, 5624, 5624, 5624, 5624, 5624, 5624, 5624, 5624, 5624, 5624, 5624, 5624, 5624, 5624, 5624, 5624, 5624, 5624, 5624, 5624, 5624, 5624, 5624, 5624, 5624, 5624, 5624, 5624, 5624, 5624, 5624, 5624, 5624, 5624, 5624, 5624, 5624, 5624, 5624, 5624, 5624, 5624, 5624, 5624, 5624, 5624, 5624, 5624, 5624, 5624, 5624, 5624, 5624, 5624, 5624, 5624, 5624, 5624, 5624, 5624, 5624, 5624, 5624, 5624, 5624, 5624, 5624, 5624, 5624, 5624, 5624, 5624, 5624, 5624, 5624, 5624, 5624, 5624, 5624, 5624, 5624, 5624, 5624, 5624, 5624, 5624, 5624, 5624, 5624, 5624, 5624, 5624, 5624, 5624, 5624, 5624, 5624, 5624, 5624, 5624, 5624, 5624, 5624, 5624, 5624, 5624, 5624, 5624, 5624, 5624, 5624, 5624, 5624, 5624, 5624, 5624, 5624, 5624, 5624, 5624, 5624, 5624, 5624, 5624, 5624, 5624, 5624, 5624, 5624, 5624, 5624, 5624, 5624, 5624, 5624, 5624, 5624, 5624, 5624, 5624, 5624, 5624, 5624, 5624, 5624, 5624, 5624, 5624, 5624, 5624, 5624, 5624, 5624, 5624, 5624, 5624, 5624, 5624, 5624, 5624, 5624, 5624, 5624, 5624, 5624, 5624, 5624, 5624, 5624, 5624, 5624, 5624, 5624, 5624, 5624, 5624, 5624, 5624, 5624, 5624, 5624, 5624, 5624, 5624, 5624, 5624, 5624, 5624, 5624, 5624, 5624, 5624, 5624, 5624, 5624, 5624, 5624, 5624, 5624, 5624, 5624, 5624, 5624, 5624, 5624, 5624, 5624, 5624, 5624, 5624, 5624, 5624, 5624, 5624, 5624, 5624, 5624, 5624, 5624, 5624, 5624, 5624, 5624, 5624, 5624, 5624, 5624, 5624, 5624, 5624, 5624, 5624, 5624, 5624, 5624, 5624, 5624, 5624, 5624, 5624, 5624, 5624, 5624, 5624, 5624, 5624, 5624, 5624, 5624, 5624, 5624, 5624, 5624, 5624, 5624, 5624, 5624, 5624, 5624, 5624, 5624, 5624, 5624, 5624, 5624, 5624, 5624, 5624, 5624, 5624, 5624, 5624, 5624, 5624, 5624, 5624, 5624, 5624, 5624, 5624, 5624, 5624, 5624, 5624, 5624, 5624, 5624, 5624, 5624, 5624, 5624, 5624, 5624, 5624, 5624, 5624, 5624, 5624, 5624, 5624, 5624, 5624, 5624, 5624, 5624, 5624, 5624, 5624, 5624, 5624, 5624, 5624, 5624, 5624, 5624, 5624, 5624, 5624, 5624, 5624, 5624, 5624, 5624, 5624, 5624, 5624, 5624, 5624, 5624, 5624, 5624, 5624, 5624, 5624, 5624, 5624, 5624, 5624, 5624, 5624, 5624, 5624, 5624, 5624, 5624, 5624, 5624, 5624, 5624, 5624, 5624, 5624, 5624, 5624, 5624, 5624, 5624, 5624, 5624, 5624, 5624, 5624, 5624, 5624, 5624, 5624, 5624, 5624, 5624, 5624, 5624, 5624, 5624, 5624, 5624, 5624, 5624, 5624, 5624, 5624, 5624, 5624, 5624, 5624, 5624, 5624, 5624, 5624, 5624, 5624, 5624, 5624, 5624, 5624, 5624, 5624, 5624, 5624, 5624, 5624, 5624, 5624, 5624, 5624, 5624, 5624, 5624, 5624, 5624, 5624, 5624, 5624, 5624, 5624, 5624, 5624, 5624, 5624, 5624, 5624, 5624, 5624, 5624, 5624, 5624, 5624, 5624, 5624, 5624, 5624, 5624, 5624, 5624, 5624, 5624, 5624, 5624, 5624, 5624, 5624, 5624, 5624, 5624, 5624, 5624, 5624, 5624, 5624, 5624, 5624, 5624, 5624, 5624, 5624, 5624, 5624, 5624, 5624, 5624, 5624, 5624, 5624, 5624, 5624, 5624, 5624, 5624, 5624, 5624, 5624, 5624, 5624, 5624, 5624, 5624, 5624, 5624, 5624, 5624, 5624, 5624, 5624, 5624, 5624, 5624, 5624, 5624, 5624, 5624, 5624, 5624, 5624, 5624, 5624, 5624, 5624, 5624, 5624, 5624, 5624, 5624, 5624, 5624, 5624, 5624, 5624, 5624, 5624, 5624, 5624, 5624, 5624, 5624, 5624, 5624, 5624, 5624, 5624, 5624, 5624, 5624, 5624, 5624, 5624, 5624, 5624, 5624, 5624, 5624, 5624, 5624, 5624, 5624, 5624, 5624, 5624, 5624, 5624, 5624, 5624, 5624, 5624, 5624, 5624, 5624, 5624, 5624, 5624, 5624, 5624, 5624, 5624, 5624, 5624, 5624, 5624, 5624, 5624, 5624, 5624, 5624, 5624, 5624, 5624, 5624, 5624, 5624, 5624, 5624, 5624, 5624, 5624, 5624, 5624, 5624, 5624, 5624, 5624, 5624, 5624, 5624, 5624, 5624, 5624, 5624, 5624, 5624, 5624, 5624, 5624, 5624, 5624, 5624, 5624, 5624, 5624, 5624, 5624, 5624, 5624, 5624, 5624, 5624, 5624, 5624, 5624, 5624, 5624, 5624, 5624, 5624, 5624, 5624, 5624, 5624, 5624, 5624, 5624, 5624, 5624, 5624, 5624, 5624, 5624, 5624, 5624, 5624, 5624, 5624, 5624, 5624, 5624, 5624, 5624, 5624, 5624, 5624, 5624, 5624, 5624, 5624, 5624, 5624, 5624, 5624, 5624, 5624, 5624, 5624, 5624, 5624, 5624, 5624, 5624, 5624, 5624, 5624, 5624, 5624, 5624, 5624, 5624, 5624, 5624, 5624, 5624, 5624, 5624, 5624, 5624, 5624, 5624, 5624, 5624, 5624, 5624, 5624, 5624, 5624, 5624, 5624, 5624, 5624, 5624, 5624, 5624, 5624, 5624, 5624, 5624, 5624, 5624, 5624, 5624, 5624, 5624, 5624, 5624, 5624, 5624, 5624, 5624, 5624, 5624, 5624, 5624, 5624, 5624, 5624, 5624, 5624, 5624, 5624, 5624, 5624, 5624, 5624, 5624, 5624, 5624, 5624, 5624, 5624, 5624, 5624, 5624, 5624, 5624, 5624, 5624, 5624, 5624, 5624, 5624, 5624, 5624, 5624, 5624, 5624, 5624, 5624, 5624, 5624, 5624, 5624, 5624, 5624, 5624, 5624, 5624, 5624, 5624, 5624, 5624, 5624, 5624, 5624, 5624, 5624, 5624, 5624, 5624, 5624, 5624, 5624, 5624, 5624, 5624, 5624, 5624, 5624, 5624, 5624, 5624, 5624, 5624, 5624, 5624, 5624, 5624, 5624, 5624, 5624, 5624, 5624, 5624, 5624, 5624, 5624, 5624, 5624, 5624, 5624, 5624, 5624, 5624, 5624, 5624, 5624, 5624, 5624, 5624, 5624, 5624, 5624, 5624, 5624, 5624, 5624, 5624, 5624, 5624, 5624, 5624, 5624, 5624, 5624, 5624, 5624, 5624, 5624, 5624, 5624, 5624, 5624, 5624, 5624, 5624, 5624, 5624, 5624, 5624, 5624, 5624, 5624, 5624, 5624, 5624, 5624, 5624, 5624, 5624, 5624, 5624, 5624, 5624, 5624, 5624, 5624, 5624, 5624, 5624, 5624, 5624, 5624, 5624, 5624, 5624, 5624, 5624, 5624, 5624, 5624, 5624, 5624, 5624, 5624, 5624, 5624, 5624, 5624, 5624, 5624, 5624, 5624, 5624, 5624, 5624, 5624, 5624, 5624, 5624, 5624, 5624, 5624, 5624, 5624, 5624, 5624, 5624, 5624, 5624, 5624, 5624, 5624, 5624, 5624, 5624, 5624, 5624, 5624, 5624, 5624, 5624, 5624, 5624, 5624, 5624, 5624, 5624, 5624, 5624, 5624, 5624, 5624, 5624, 5624, 5624, 5624, 5624, 5624, 5624, 5624, 5624, 5624, 5624, 5624, 5624, 5624, 5624, 5624, 5624, 5624, 5624, 5624, 5624, 5624, 5624, 5624, 5624, 5624, 5624, 5624, 5624, 5624, 5624, 5624, 5624, 5624, 5624, 5624, 5624, 5624, 5624, 5624, 5624, 5624, 5624, 5624, 5624, 5624, 5624, 5624, 5624, 5624, 5624, 5624, 5624, 5624, 5624, 5624, 5624, 5624, 5624, 5624, 5624, 5624, 5624, 5624, 5624, 5624, 5624, 5624, 5624, 5624, 5624, 5624, 5624, 5624, 5624, 5624, 5624, 5624, 5624, 5624, 5624, 5624, 5624, 5624, 5624, 5624, 5624, 5624, 5624, 5624, 5624, 5624, 5624, 5624, 5624, 5624, 5624, 5624, 5624, 5624, 5624, 5624, 5624, 5624, 5624, 5624, 5624, 5624, 5624, 5624, 5624, 5624, 5624, 5624, 5624, 5624, 5624, 5624, 5624, 5624, 5624, 5624, 5624, 5624, 5624, 5624, 5624, 5624, 5624, 5624, 5624, 5624, 5624, 5624, 5624, 5624, 5624, 5624, 5624, 5624, 5624, 5624, 5624, 5624, 5624, 5624, 5624, 5624, 5624, 5624, 5624, 5624, 5624, 5624, 5624, 5624, 5624, 5624, 5624, 5624, 5624, 5624, 5624, 5624, 5624, 5624, 5624, 5624, 5624, 5624, 5624, 5624, 5624, 5624, 5624, 5624, 5624, 5624, 5624, 5624, 5624, 5624, 5624, 5624, 5624, 5624, 5624, 5624, 5624, 5624, 5624, 5624, 5624, 5624, 5624, 5624, 5624, 5624, 5624, 5624, 5624, 5624, 5624, 5624, 5624, 5624, 5624, 5624, 5624, 5624, 5624, 5624, 5624, 5624, 5624, 5624, 5624, 5624, 5624, 5624, 5624, 5624, 5624, 5624, 5624, 5624, 5624, 5624, 5624, 5624, 5624, 5624, 5624, 5624, 5624, 5624, 5624, 5624, 5624, 5624, 5624, 5624, 5624, 5624, 5624, 5624, 5624, 5624, 5624, 5624, 5624, 5624, 5624, 5624, 5624, 5624, 5624, 5624, 5624, 5624, 5624, 5624, 5624, 5624, 5624, 5624, 5624, 5624, 5624, 5624, 5624, 5624, 5624, 5624, 5624, 5624, 5624, 5624, 5624, 5624, 5624, 5624, 5624, 5624, 5624, 5624, 5624, 5624, 5624, 5624, 5624, 5624, 5624, 5624, 5624, 5624, 5624, 5624, 5624, 5624, 5624, 5624, 5624, 5624, 5624, 5624, 5624, 5624, 5624, 5624, 5624, 5624, 5624, 5624, 5624, 5624, 5624, 5624, 5624, 5624, 5624, 5624, 5624, 5624, 5624, 5624, 5624, 5624, 5624, 5624, 5624, 5624, 5624, 5624, 5624, 5624, 5624, 5624, 5624, 5624, 5624, 5624, 5624, 5624, 5624, 5624, 5624, 5624, 5624, 5624, 5624, 5624, 5624, 5624, 5624, 5624, 5624, 5624, 5624, 5624, 5624, 5624, 5624, 5624, 5624, 5624, 5624, 5624, 5624, 5624, 5624, 5624, 5624, 5624, 5624, 5624, 5624, 5624, 5624, 5624, 5624, 5624, 5624, 5624, 5624, 5624, 5624, 5624, 5624, 5624, 5624, 5624, 5624, 5624, 5624, 5624, 5624, 5624, 5624, 5624, 5624, 5624, 5624, 5624, 5624, 5624, 5624, 5624, 5624, 5624, 5624, 5624, 5624, 5624, 5624, 5624, 5624, 5624, 5624, 5624, 5624, 5624, 5624, 5624, 5624, 5624, 5624, 5624, 5624, 5624, 5624, 5624, 5624, 5624, 5624, 5624, 5624, 5624, 5624, 5624, 5624, 5624, 5624, 5624, 5624, 5624, 5624, 5624, 5624, 5624, 5624, 5624, 5624, 5624, 5624, 5624, 5624, 5624, 5624, 5624, 5624, 5624, 5624, 5624, 5624, 5624, 5624, 5624, 5624, 5624, 5624, 5624, 5624, 5624, 5624, 5624, 5624, 5624, 5624, 5624, 5624, 5624, 5624, 5624, 5624, 5624, 5624, 5624, 5624, 5624, 5624, 5624, 5624, 5624, 5624, 5624, 5624, 5624, 5624, 5624, 5624, 5624, 5624, 5624, 5624, 5624, 5624, 5624, 5624, 5624, 5624, 5624, 5624, 5624, 5624, 5624, 5624, 5624, 5624, 5624, 5624, 5624, 5624, 5624, 5624, 5624, 5624, 5624, 5624, 5624, 5624, 5624, 5624, 5624, 5624, 5624, 5624, 5624, 5624, 5624, 5624, 5624, 5624, 5624, 5624, 5624, 5624, 5624, 5624, 5624, 5624, 5624, 5624, 5624, 5624, 5624, 5624, 5624, 5624, 5624, 5624, 5624, 5624, 5624, 5624, 5624, 5624, 5624, 5624, 5624, 5624, 5624, 5624, 5624, 5624, 5624, 5624, 5624, 5624, 5624, 5624, 5624, 5624, 5624, 5624, 5624, 5624, 5624, 5624, 5624, 5624, 5624, 5624, 5624, 5624, 5624, 5624, 5624, 5624, 5624, 5624, 5624, 5624, 5624, 5624, 5624, 5624, 5624, 5624, 5624, 5624, 5624, 5624, 5624, 5624, 5624, 5624, 5624, 5624, 5624, 5624, 5624, 5624, 5624, 5622, 5622, 5622, 5622, 5622, 5622, 5622, 5622, 5622, 5622, 5622, 5622, 5622, 5622, 5622, 5622, 5622, 5622, 5622, 5622, 5622, 5622, 5622, 5622, 5622, 5622, 5622, 5622, 5622, 5622, 5622, 5620, 
Fitness promedio a lo largo del tiempo: 
21108, 17716, 15069, 13417, 12199, 11253, 8172, 7030, 6665, 7298, 7743, 7188, 7488, 6964, 6905, 7922, 7961, 7198, 6634, 7014, 7144, 7102, 6765, 7200, 7190, 7007, 6710, 6433, 6897, 7370, 6326, 6927, 7249, 6596, 6923, 6791, 6030, 6640, 6999, 6850, 6639, 6478, 6491, 7146, 6924, 6460, 6403, 6368, 6740, 7092, 6101, 6447, 6514, 6780, 6551, 6389, 6386, 6609, 6210, 6035, 6161, 6478, 6416, 5777, 6695, 6986, 6373, 6033, 6095, 6750, 6589, 6210, 6381, 6636, 5774, 6258, 6361, 6254, 6567, 6105, 6247, 6570, 6075, 6877, 6563, 6102, 6076, 6370, 6272, 5931, 6598, 5904, 6120, 5996, 5800, 6209, 6162, 5715, 6331, 6557, 6695, 5706, 6264, 5840, 6333, 6013, 7458, 6021, 6370, 6201, 5885, 6075, 6103, 6531, 6420, 5867, 5912, 6898, 6090, 6038, 6110, 5699, 5733, 6406, 5868, 5986, 5740, 5813, 6879, 6166, 5804, 5691, 6414, 5710, 5760, 6905, 6142, 5716, 5911, 6308, 7030, 5907, 5686, 6646, 6241, 7416, 6885, 6450, 6351, 5702, 5997, 5698, 6587, 6119, 5655, 6178, 5936, 5666, 6707, 5690, 5887, 5874, 6012, 6094, 5946, 5650, 5664, 6326, 6291, 5907, 5782, 5956, 5647, 6387, 5688, 5663, 5838, 5666, 5664, 6407, 7142, 6010, 6309, 5855, 6270, 5667, 5651, 5666, 5926, 6543, 6067, 6132, 6352, 5662, 6210, 5726, 5656, 5989, 6583, 6122, 6056, 6347, 5912, 5781, 5662, 6271, 6043, 5657, 6002, 6215, 6273, 6133, 5793, 6065, 5658, 6208, 6168, 5946, 6225, 6111, 5692, 6110, 5850, 6012, 6226, 5657, 5666, 5647, 5969, 5701, 6639, 5658, 5664, 6685, 6218, 6505, 6702, 5751, 5854, 6348, 5653, 5993, 6334, 6704, 5670, 5667, 6108, 6178, 6025, 5659, 6508, 5664, 6275, 6347, 5654, 6229, 6286, 5909, 6549, 6430, 5992, 5678, 6053, 5942, 5657, 5654, 5700, 6701, 6300, 6278, 6276, 5794, 5827, 5960, 6181, 6108, 6343, 5682, 5646, 6781, 6145, 5682, 6228, 6356, 6202, 6049, 5660, 5729, 5645, 5668, 5668, 6124, 6226, 6565, 5852, 6721, 6670, 6721, 5656, 5665, 6128, 6176, 6003, 6101, 6184, 5735, 5986, 5844, 6130, 5659, 5821, 6053, 5647, 5722, 6800, 6586, 5675, 6004, 6391, 5852, 5658, 6192, 6167, 5962, 6326, 6013, 6019, 5835, 5658, 5781, 5854, 5909, 5680, 5859, 5653, 6226, 5808, 5661, 6608, 5682, 6282, 6296, 5676, 5864, 6341, 5666, 5657, 6057, 5656, 5688, 5734, 6645, 5943, 5945, 6177, 5846, 5669, 5657, 5666, 6161, 6106, 5675, 6755, 5970, 5676, 5649, 6059, 5661, 5654, 5888, 5842, 6228, 6037, 6750, 5890, 5672, 5668, 6385, 5651, 6452, 5668, 5960, 6075, 6016, 6185, 6696, 6326, 5999, 6328, 6231, 5839, 5846, 5771, 5689, 6343, 6539, 5665, 5656, 5651, 5909, 6347, 6057, 6106, 6425, 5669, 5656, 6700, 5662, 5904, 6117, 6369, 5739, 5667, 6538, 5676, 6056, 6004, 5867, 5889, 6386, 5658, 5881, 5903, 5674, 6319, 6450, 6096, 6109, 5676, 5654, 5684, 6044, 6371, 5978, 5672, 6005, 5946, 6317, 5886, 5654, 5842, 6764, 5656, 6115, 6130, 5667, 6017, 6714, 5669, 6453, 5753, 5745, 5669, 5667, 6201, 5749, 6976, 6172, 6494, 5842, 5984, 6603, 5802, 6378, 6185, 5684, 5661, 5662, 5969, 6274, 6054, 5831, 5670, 5998, 5672, 5810, 5684, 5647, 6446, 6025, 5947, 6070, 5653, 5937, 6000, 5663, 5664, 6501, 5661, 6324, 5667, 5669, 6555, 6131, 6278, 5898, 5671, 5784, 5681, 6743, 6324, 6966, 5910, 5901, 6109, 6024, 6455, 6128, 6456, 6162, 6505, 6123, 6013, 5963, 6441, 5909, 6461, 6212, 5955, 5854, 5654, 6061, 5811, 6000, 6490, 6181, 7242, 6134, 6649, 5912, 5801, 5677, 6333, 6191, 6325, 6296, 5952, 6049, 5683, 6242, 6300, 6010, 6381, 6557, 5678, 6330, 5689, 6109, 5894, 6000, 6132, 5958, 6277, 6755, 5666, 5807, 5668, 5663, 5956, 5664, 5690, 6496, 5679, 5691, 6055, 5721, 6204, 5674, 5774, 6823, 5671, 6208, 6229, 6170, 6011, 5837, 6591, 5788, 6459, 5884, 5959, 6335, 5671, 6767, 6034, 6220, 6168, 6001, 5681, 5649, 5930, 6961, 6126, 6368, 6120, 6911, 5751, 6032, 6229, 5678, 5750, 6011, 5774, 6129, 6624, 5737, 5665, 6757, 5684, 6175, 6022, 5947, 5796, 5907, 5852, 6224, 5674, 5689, 6391, 6044, 6285, 5678, 5841, 6231, 6567, 6570, 5957, 5664, 6167, 5858, 6237, 6112, 5675, 5733, 6163, 5671, 5659, 5664, 5690, 5677, 5661, 5989, 6774, 6230, 6121, 6026, 6510, 6344, 6281, 6196, 5676, 5670, 6167, 6288, 5791, 6057, 5661, 6106, 5728, 6226, 6134, 6435, 6002, 5943, 5894, 5745, 5700, 6025, 5650, 6349, 5678, 6014, 5661, 5657, 5783, 5779, 5667, 6119, 5694, 5845, 5774, 6297, 6280, 5663, 6438, 6068, 6072, 5674, 6530, 6916, 7075, 6132, 6095, 6320, 5683, 5927, 5726, 5649, 6060, 5790, 6313, 6553, 6108, 6115, 6433, 6101, 6221, 6869, 5662, 5721, 6198, 6872, 5668, 6051, 5662, 5951, 5959, 6713, 6235, 5672, 5854, 5733, 5666, 6024, 6113, 6027, 5957, 5654, 6288, 7362, 6136, 6016, 5665, 5747, 6185, 6586, 6080, 5661, 6363, 5661, 5673, 5788, 6107, 6077, 5961, 6434, 5672, 5861, 6106, 5854, 5893, 5716, 6183, 5909, 6240, 5905, 6184, 6626, 5662, 6486, 6053, 5772, 6515, 5657, 5689, 5685, 6554, 6277, 6337, 5740, 6819, 5681, 5685, 6226, 5668, 6094, 5680, 5904, 6873, 5865, 6006, 5672, 5902, 6231, 6111, 6444, 6214, 5668, 5663, 6114, 5680, 5682, 6183, 6725, 5855, 5656, 5666, 6499, 6652, 5675, 6110, 5789, 5680, 6436, 6379, 5722, 6181, 6007, 5694, 6432, 5808, 6655, 6223, 5666, 6202, 5948, 5672, 6114, 6230, 5739, 6284, 6266, 6334, 6383, 5959, 6493, 6122, 5683, 6501, 5673, 5790, 5675, 5736, 6129, 6920, 5669, 6600, 6663, 6723, 6590, 6182, 5669, 5885, 5688, 5829, 7146, 6081, 5741, 5690, 5727, 5655, 5725, 5667, 6722, 6085, 6394, 6361, 6023, 5666, 5664, 6427, 6424, 5749, 6066, 5670, 6007, 6232, 6244, 6109, 6704, 5832, 6465, 5736, 6241, 6460, 6275, 5665, 6722, 6427, 6414, 5676, 5673, 6439, 5833, 5961, 6137, 6737, 6200, 5711, 5670, 6265, 6059, 5845, 5827, 6221, 6066, 5753, 5688, 6004, 5660, 6442, 5736, 5835, 5673, 5843, 5888, 5791, 6638, 6218, 5850, 6057, 6439, 6867, 6499, 6329, 6226, 6709, 5741, 6015, 6180, 6452, 6666, 6628, 5740, 6431, 6111, 6003, 5656, 6219, 5672, 6496, 5688, 6165, 6067, 6378, 6629, 6159, 6394, 5848, 6385, 5648, 6173, 5683, 5673, 5956, 5658, 6379, 5670, 5685, 5660, 6976, 5669, 5957, 6271, 5897, 6276, 6104, 5731, 5967, 5674, 6009, 6423, 6234, 7210, 5656, 6322, 5849, 5860, 6654, 5792, 6317, 5650, 6710, 6374, 6213, 6016, 6231, 6309, 6046, 5656, 5967, 5653, 5685, 5671, 6032, 5666, 6436, 5683, 5669, 5719, 6649, 5648, 5714, 6481, 5749, 5845, 5993, 5799, 5724, 5674, 6240, 6062, 5719, 5674, 5900, 6072, 5646, 5670, 5928, 5656, 5648, 6807, 6524, 6489, 6010, 6022, 5955, 5675, 6043, 5959, 5723, 5648, 5770, 6223, 6637, 6159, 6004, 6115, 5997, 5913, 5662, 5653, 5680, 6009, 6221, 5966, 5662, 5646, 5853, 5675, 6660, 5662, 5965, 6164, 6021, 5849, 6219, 5800, 5681, 5665, 5651, 6330, 5690, 5961, 5658, 6017, 6187, 6626, 5655, 6775, 5801, 6332, 5657, 6502, 6172, 6345, 5656, 5654, 6471, 6774, 6126, 6321, 5652, 6727, 5852, 5886, 6698, 6280, 5792, 6380, 6124, 6882, 5646, 5663, 5660, 5763, 6321, 5664, 5655, 6269, 6147, 5917, 5851, 6312, 5666, 5786, 5839, 6334, 6111, 5726, 5645, 5891, 5741, 6003, 5645, 6544, 6261, 6368, 6261, 5667, 5658, 5663, 6019, 5646, 5667, 5740, 5651, 6778, 5672, 5892, 5949, 5957, 5659, 5655, 5998, 5663, 5959, 5650, 5794, 6155, 6289, 6016, 6335, 6334, 5659, 5903, 5934, 5787, 6157, 5684, 5673, 6546, 6444, 5674, 5805, 5649, 6004, 5817, 5676, 5864, 6560, 5659, 5789, 6124, 6052, 5670, 5661, 5685, 6089, 5816, 6651, 5699, 5939, 6108, 6058, 6748, 6762, 6434, 5653, 5661, 5659, 6269, 6165, 6158, 6457, 5679, 5904, 5671, 5652, 5665, 5667, 6117, 5653, 5726, 6231, 5646, 6794, 5666, 5673, 6409, 5652, 6759, 5937, 5886, 6000, 6322, 5657, 5738, 6322, 6667, 5848, 6285, 6320, 6220, 6003, 5734, 5655, 5897, 6915, 6186, 6041, 6221, 6073, 5924, 6064, 5707, 5959, 5790, 5941, 6208, 5791, 6446, 5661, 5656, 6404, 6549, 5901, 5857, 5657, 5661, 5662, 5675, 6481, 6549, 6232, 5850, 5662, 5657, 5888, 6012, 6340, 6225, 5857, 5778, 5810, 5791, 5960, 5660, 6180, 5727, 5673, 6542, 6540, 6580, 5666, 6010, 5844, 5792, 6100, 6008, 6618, 6066, 5797, 5844, 5663, 5993, 6011, 6704, 5836, 6211, 5692, 5651, 5953, 6613, 5677, 5829, 6736, 5716, 5652, 6029, 5644, 6434, 6004, 5656, 5835, 6080, 6273, 5717, 5775, 5886, 6798, 6070, 6174, 5680, 5657, 5741, 6283, 5963, 6017, 5857, 5652, 6473, 5642, 5656, 5665, 5861, 6162, 5993, 6229, 5842, 6589, 5898, 5938, 5661, 6531, 5654, 5948, 5679, 5659, 6108, 5770, 5729, 6101, 6216, 6237, 5792, 5661, 6447, 5668, 5902, 6179, 5668, 5670, 5983, 5671, 5651, 6519, 6048, 6809, 6279, 5651, 5892, 5734, 5648, 5984, 5894, 6138, 6311, 6334, 6216, 6085, 6320, 6071, 5662, 6772, 5732, 6336, 6221, 5665, 5946, 6264, 5651, 5941, 6223, 6003, 5658, 5740, 5657, 5843, 6072, 6103, 5944, 5673, 6270, 5936, 6285, 6232, 5682, 6169, 6263, 5675, 5881, 6507, 6434, 5802, 5651, 5973, 6433, 6278, 5836, 5665, 5723, 6325, 5682, 6647, 5790, 6763, 6289, 5781, 5665, 5828, 5996, 5661, 6398, 6545, 6178, 5852, 5678, 6052, 5848, 6010, 6127, 5662, 5836, 6158, 5657, 5999, 5649, 5651, 5769, 5843, 5668, 6011, 5674, 5837, 5686, 5656, 5666, 6054, 6471, 6176, 5664, 5903, 5899, 5649, 5668, 5673, 5778, 5663, 5830, 5657, 5651, 5841, 6159, 6388, 6489, 5853, 6046, 6134, 5676, 5649, 5660, 5787, 6263, 6055, 6077, 5650, 6216, 5913, 6879, 5654, 5757, 5836, 5999, 6550, 6652, 5906, 6283, 6168, 5674, 5658, 6478, 6239, 6097, 5819, 5665, 6490, 6236, 5804, 6121, 6525, 5659, 5884, 6200, 6008, 5653, 6172, 5652, 6156, 5900, 5880, 6025, 5651, 6229, 6174, 5886, 5657, 6760, 5672, 5899, 6013, 6417, 6801, 5691, 6233, 6278, 6442, 5658, 6249, 5959, 5848, 5969, 5667, 5831, 5678, 5894, 6609, 6820, 5903, 5839, 5994, 5665, 5728, 5668, 5668, 5692, 5656, 5640, 5672, 5661, 5663, 6350, 6096, 5675, 6106, 6057, 6122, 6774, 6513, 5952, 5896, 6007, 5901, 5992, 5675, 6541, 5738, 5655, 6382, 6117, 5744, 5847, 5661, 6335, 5943, 5816, 5898, 5675, 5936, 5789, 6019, 6325, 6276, 5670, 6435, 6470, 6422, 5665, 6604, 5744, 6002, 6112, 5724, 5663, 6008, 5647, 5667, 5776, 5950, 6228, 5680, 5685, 5663, 5701, 5666, 6220, 6124, 5898, 5658, 5644, 5782, 6337, 6665, 6109, 6061, 5653, 5786, 6660, 6440, 5656, 6316, 5681, 6134, 5941, 5915, 6159, 5651, 6555, 6071, 6987, 6065, 5781, 6495, 6228, 6342, 5659, 6540, 6222, 5662, 5950, 5660, 6632, 5675, 6056, 5653, 6107, 6167, 6095, 5656, 6320, 5772, 5641, 5697, 6290, 5794, 6040, 5649, 5654, 5639, 6239, 6179, 6159, 6558, 5670, 5903, 5685, 5885, 6172, 6377, 6354, 5661, 6021, 5648, 6703, 5685, 6110, 6243, 6065, 5657, 5676, 5656, 5675, 6382, 6006, 6287, 5863, 5863, 5975, 5947, 7086, 5965, 5672, 5665, 6131, 5654, 5664, 5836, 5678, 6112, 5909, 6386, 6177, 5681, 5902, 5870, 5960, 6290, 5650, 5782, 5999, 5899, 6117, 5649, 5650, 6219, 5659, 5656, 6201, 5661, 6666, 5652, 6109, 5666, 5852, 5893, 5986, 5663, 6125, 6011, 5954, 6442, 5682, 5771, 5652, 6437, 6149, 5765, 5668, 6024, 5729, 6012, 6495, 6111, 5676, 6653, 6450, 5683, 5653, 6103, 5655, 6331, 5680, 5663, 6402, 5655, 5721, 6551, 5675, 5674, 6040, 6228, 6299, 5781, 5698, 5847, 5651, 6861, 6443, 5812, 5680, 5660, 6161, 5663, 5652, 5670, 5726, 5662, 6106, 5958, 6459, 6720, 5840, 6755, 5818, 5905, 5651, 5672, 5653, 5664, 5649, 6133, 5950, 5804, 5848, 5917, 5668, 5922, 5836, 6113, 5668, 5683, 5658, 6219, 5960, 5666, 5834, 6328, 5673, 6975, 6048, 6062, 5891, 6066, 5959, 5882, 6110, 5733, 5936, 5640, 6105, 6029, 6489, 6660, 5882, 6228, 5947, 6221, 6102, 6073, 6255, 6285, 6433, 6229, 5821, 5701, 5690, 7149, 5672, 6210, 5788, 6655, 6181, 6107, 6337, 6195, 6018, 6164, 5657, 6276, 5920, 5731, 5675, 5681, 5658, 5852, 6492, 5660, 5647, 5968, 6785, 6592, 5667, 6267, 5651, 5656, 5656, 6848, 6554, 5723, 5656, 5656, 6124, 6739, 5711, 6231, 6201, 6559, 5846, 6190, 6012, 6286, 6078, 6106, 6598, 5953, 6118, 6015, 6018, 5653, 5665, 6008, 6385, 5668, 5950, 6099, 5851, 5674, 6495, 5705, 6166, 5653, 6261, 5695, 5660, 5835, 5983, 6688, 6103, 6018, 5654, 5793, 5692, 5655, 6747, 6110, 6336, 6123, 5950, 5681, 6444, 6219, 5853, 6506, 5892, 6254, 6071, 6055, 6398, 5999, 6107, 6598, 5853, 5684, 5678, 6439, 5660, 5669, 5669, 5652, 5672, 5883, 5888, 5655, 5992, 5651, 5657, 5667, 5778, 5724, 6285, 5666, 6166, 5671, 5659, 6540, 6110, 5673, 5679, 6008, 5892, 5664, 5674, 6051, 5851, 6063, 6183, 5648, 6694, 6339, 6749, 6197, 6586, 6532, 6653, 5840, 6130, 5918, 5671, 5654, 6152, 6542, 6763, 5684, 5664, 6135, 6210, 5922, 6015, 5666, 6303, 6321, 6162, 5892, 5996, 5673, 6262, 5960, 5666, 6230, 6635, 5648, 5656, 5675, 6545, 5942, 6325, 5812, 5665, 6433, 6385, 5743, 5831, 6345, 5672, 6285, 6513, 6774, 5672, 6342, 5659, 5657, 5956, 6261, 6274, 5957, 6405, 6121, 5898, 5654, 5878, 5642, 5652, 6378, 5688, 5667, 5967, 5885, 5664, 5724, 5653, 6273, 5965, 6111, 5721, 5651, 5673, 6648, 6019, 5658, 5671, 6422, 6264, 5649, 5966, 6118, 6394, 5873, 5655, 5684, 5997, 5774, 5656, 6419, 5671, 5655, 6019, 5840, 6182, 5662, 6218, 5874, 6347, 5646, 6130, 5682, 5657, 5670, 5775, 6651, 5669, 5693, 6593, 5661, 6078, 5655, 5852, 5852, 5675, 5789, 5676, 6004, 5650, 6221, 5791, 5941, 5844, 6488, 5670, 5795, 5656, 6110, 6184, 5666, 5671, 6128, 5910, 6151, 5665, 6012, 5658, 6070, 5991, 5676, 5714, 6675, 6374, 5742, 5844, 5780, 5777, 5648, 5962, 5673, 6484, 6653, 5991, 5643, 6337, 5662, 6397, 5935, 5952, 6048, 5678, 5659, 6558, 5664, 5834, 5790, 5681, 5668, 6106, 6816, 6640, 5742, 5685, 5932, 5776, 6755, 5675, 6931, 6132, 5956, 5650, 5657, 5663, 6094, 5719, 5969, 5731, 6455, 5681, 6050, 5651, 6125, 6379, 6215, 6130, 6191, 5793, 5656, 5686, 5650, 5691, 6217, 5659, 5646, 6165, 6259, 5655, 5915, 5682, 6156, 5655, 6187, 6076, 6228, 5839, 6316, 6166, 6385, 5731, 6213, 5891, 5650, 6055, 5656, 5912, 5660, 5881, 5699, 6176, 6564, 5721, 6390, 6503, 5898, 5979, 5683, 5665, 6102, 6077, 5675, 5965, 6276, 5721, 6341, 5666, 6330, 5759, 5659, 6995, 6060, 5664, 5691, 5822, 5990, 5654, 5982, 6013, 5953, 6051, 6708, 6388, 5651, 6491, 5908, 5989, 6473, 5935, 5752, 6387, 5663, 6164, 5941, 5667, 5844, 5909, 6179, 5644, 5784, 6480, 6801, 5900, 6367, 5790, 5648, 5665, 5677, 5682, 5643, 5715, 5666, 5693, 5972, 5666, 5951, 5910, 6384, 5896, 6494, 5779, 6266, 5995, 6814, 5688, 6381, 6224, 5854, 5757, 5674, 5949, 6049, 5674, 6021, 5950, 6112, 5643, 6090, 6346, 5898, 6228, 5688, 6124, 5961, 6048, 6165, 5881, 6008, 6216, 5672, 6112, 5647, 6323, 6175, 6062, 5964, 5770, 5651, 5837, 6155, 5657, 5657, 5841, 5702, 6487, 5685, 6104, 5669, 5836, 5839, 6010, 5683, 5716, 5678, 6159, 6004, 5897, 5667, 5664, 5684, 6489, 5951, 5963, 6452, 6593, 6151, 6024, 5686, 5660, 5903, 6142, 6053, 6129, 6144, 6318, 6548, 6103, 5652, 6341, 6572, 5659, 5674, 5777, 5863, 5900, 5665, 6281, 5917, 5903, 5673, 6218, 6054, 5665, 5679, 6043, 5662, 6437, 5774, 6061, 6005, 5649, 5883, 5954, 5663, 5945, 6075, 6369, 6384, 6397, 5675, 5945, 6006, 6490, 5733, 5837, 6010, 6489, 6483, 6064, 5665, 5888, 5690, 5943, 5673, 6607, 5682, 5950, 5687, 6792, 6645, 5676, 6167, 5647, 6094, 5740, 5663, 5744, 6381, 5822, 6315, 5682, 5792, 6433, 5894, 5875, 5724, 6273, 5660, 5652, 5740, 5926, 5871, 5674, 6499, 6486, 6011, 5722, 5886, 6165, 5998, 6601, 6019, 5655, 6776, 5668, 6049, 5840, 5799, 6002, 6477, 6394, 5743, 6010, 5970, 5880, 5681, 5648, 5660, 6428, 6273, 5897, 6103, 6012, 5660, 5659, 6331, 5668, 6029, 6150, 6171, 5665, 5661, 6599, 6437, 5662, 5738, 6313, 5739, 5731, 5717, 5843, 5840, 5999, 5653, 5818, 5779, 5657, 6449, 5676, 6601, 5673, 5672, 5647, 5653, 6008, 6280, 5666, 5665, 6328, 5668, 5666, 5654, 5933, 6379, 5660, 5851, 5802, 6265, 5846, 6271, 5952, 6156, 6226, 5714, 6171, 5962, 5660, 6658, 5671, 6082, 5661, 5754, 5787, 5662, 6049, 5743, 6504, 6608, 6106, 6056, 5709, 6227, 6748, 5646, 6353, 6071, 5886, 5685, 6393, 6166, 5896, 5782, 5801, 5691, 5892, 6370, 6233, 5894, 5838, 6156, 5804, 5900, 5656, 6171, 6216, 5707, 5683, 5666, 6249, 5805, 5692, 5670, 6104, 6266, 6213, 6120, 5753, 5669, 5798, 6003, 5959, 6401, 6179, 6846, 6081, 5680, 5954, 6008, 5662, 6075, 5655, 6378, 6114, 6180, 5998, 5943, 6008, 6041, 5658, 5666, 5730, 6106, 6046, 6269, 6629, 5888, 5660, 5655, 6049, 5953, 6173, 5658, 5656, 6215, 5947, 5724, 5657, 5723, 6163, 6009, 6059, 5676, 5751, 6437, 5964, 6236, 5753, 6282, 6319, 5952, 5921, 5736, 6163, 5794, 6135, 6277, 5657, 6180, 5951, 5651, 6166, 5886, 5976, 5795, 6421, 6037, 6054, 6335, 5672, 5776, 5680, 6285, 6783, 6161, 5662, 5853, 5649, 5760, 6542, 5651, 5678, 5672, 6054, 5736, 6223, 5950, 5685, 6666, 5665, 5779, 5662, 6543, 5659, 5983, 5649, 6101, 5663, 5680, 6441, 6101, 5653, 5654, 6119, 6012, 6016, 6031, 6126, 6486, 6058, 5668, 5677, 5688, 5664, 5666, 6297, 5914, 6670, 6009, 6490, 5792, 6341, 6743, 5655, 6116, 6340, 6066, 6205, 5784, 5954, 5991, 5665, 5726, 6370, 5662, 5792, 5654, 5720, 6008, 5665, 5725, 6178, 6495, 6554, 5734, 6005, 5877, 5661, 6280, 5777, 6320, 5834, 6173, 5665, 5883, 5658, 5669, 5650, 6191, 6421, 6024, 6123, 6169, 5741, 5950, 5647, 5745, 6548, 5776, 6431, 5901, 6265, 6115, 6374, 5659, 5664, 5835, 5679, 6160, 5787, 6050, 5665, 6217, 5655, 6103, 6281, 5667, 5661, 5888, 6213, 5829, 6397, 5906, 5754, 5840, 6329, 5687, 5788, 6381, 5910, 6544, 6278, 5679, 5659, 5810, 6074, 5950, 5646, 6048, 5975, 5665, 5672, 5671, 5672, 6634, 5788, 5728, 5903, 5656, 6003, 5634, 5728, 6624, 5703, 6148, 5765, 6003, 6051, 6226, 5680, 5650, 5668, 6184, 6328, 5673, 5678, 5686, 5721, 5940, 5665, 6528, 5665, 5659, 5645, 6357, 5693, 6225, 5762, 5648, 5661, 6478, 5698, 6599, 5748, 5789, 6349, 5848, 6232, 6179, 5835, 6006, 5949, 5679, 5652, 5663, 6032, 5842, 6202, 6592, 5749, 5648, 6159, 5674, 5654, 6123, 5958, 5662, 6163, 6291, 5673, 5666, 6333, 6555, 6137, 6109, 5947, 6327, 6159, 6034, 6596, 6008, 5782, 6386, 5860, 6247, 6011, 5656, 6490, 6499, 6116, 5950, 6395, 5725, 5919, 6276, 6031, 6062, 6428, 6982, 5666, 5664, 6368, 5652, 5652, 6454, 5832, 5683, 6242, 6025, 5951, 6214, 5650, 5675, 6068, 7150, 5692, 6007, 5778, 6462, 6267, 6126, 6329, 5905, 6206, 5678, 6157, 6710, 5959, 5678, 5650, 5936, 6147, 6012, 5839, 5650, 6298, 5884, 6053, 6480, 6057, 5943, 5654, 5953, 5656, 5690, 6337, 5678, 5901, 5675, 6493, 5660, 5666, 6543, 5665, 6072, 5888, 6380, 6445, 5842, 5881, 6061, 5648, 5884, 5891, 6087, 6151, 6071, 5992, 6120, 5687, 6829, 5677, 6001, 5668, 5664, 6435, 6760, 5666, 6272, 6212, 6147, 6225, 5849, 5798, 6097, 6058, 5850, 5736, 5793, 5952, 5892, 5907, 5667, 5783, 5654, 6071, 5678, 5669, 5652, 5701, 6168, 5673, 5668, 6113, 5799, 5664, 6159, 5660, 6644, 5725, 6059, 5736, 6392, 6045, 5658, 6868, 6230, 6660, 5840, 5638, 5677, 5685, 6039, 6399, 5904, 6172, 6129, 5843, 6533, 5664, 5672, 5656, 6212, 5656, 6814, 6498, 5717, 6651, 5664, 5652, 5659, 6260, 5665, 6955, 5675, 6343, 5888, 6111, 6296, 6327, 5694, 6323, 6290, 6232, 6463, 5727, 6111, 6599, 5844, 6089, 5900, 5994, 6229, 5655, 5672, 5676, 5660, 6121, 5900, 6223, 5678, 6005, 5668, 5663, 6545, 6055, 6203, 5660, 5999, 6002, 5781, 6387, 6120, 6023, 5770, 6056, 6599, 5661, 5654, 5662, 6762, 6025, 6756, 5842, 5663, 5659, 5674, 5847, 5648, 6379, 6221, 5668, 5855, 5661, 6199, 5682, 5718, 6661, 5967, 6120, 6486, 5875, 5680, 5830, 5677, 5677, 5649, 5911, 5966, 5955, 6326, 5659, 5734, 5647, 5651, 6024, 5661, 6263, 5979, 6172, 5812, 5670, 6113, 6163, 5682, 5660, 5660, 5650, 5641, 6483, 6423, 6390, 6110, 6334, 6065, 5912, 5768, 5958, 6280, 5896, 5830, 6442, 5721, 6376, 5674, 6159, 5907, 5867, 5678, 5660, 6644, 5897, 5647, 6343, 5702, 5788, 5655, 6118, 5660, 5669, 6698, 5664, 5967, 5641, 5666, 5648, 6372, 5671, 5842, 5783, 6062, 6056, 5649, 5660, 5687, 6510, 6175, 5661, 6481, 7072, 5708, 5901, 6532, 6599, 5683, 5952, 6853, 6073, 6167, 6214, 6262, 5668, 5646, 5730, 5665, 5666, 5655, 5650, 5937, 6109, 5785, 5867, 6320, 6269, 6114, 5660, 5792, 5684, 6342, 5897, 5668, 6212, 5671, 5654, 6394, 6047, 5654, 5839, 5655, 6054, 6716, 5861, 5795, 6180, 5730, 6217, 5675, 5953, 5821, 5672, 5667, 6001, 5944, 6044, 5674, 6420, 6058, 6004, 6002, 6065, 6000, 5714, 5703, 5665, 5898, 5671, 6046, 5774, 5865, 6436, 5742, 5998, 6009, 5850, 6025, 6917, 6262, 6301, 5958, 5691, 5955, 6364, 6160, 5677, 5698, 6261, 6004, 5661, 5662, 5904, 5871, 5663, 5779, 6235, 6387, 5660, 6146, 5880, 6316, 5705, 5668, 6010, 6271, 6499, 6351, 6488, 6429, 6338, 6177, 5677, 5998, 6295, 5895, 6707, 5655, 5902, 6218, 5691, 5686, 5684, 5651, 6373, 5688, 6008, 5673, 6229, 6011, 5668, 5843, 5653, 5891, 5659, 6014, 5649, 6545, 6113, 6673, 6529, 5683, 5661, 6330, 5943, 5679, 6809, 5668, 6370, 6001, 5665, 6040, 5892, 6178, 6388, 6064, 6609, 6541, 6055, 5653, 5697, 6223, 6169, 6644, 5676, 6205, 5685, 5748, 5648, 5884, 5640, 5662, 5843, 5779, 5824, 6279, 6221, 5651, 6927, 5678, 5897, 5653, 5712, 5961, 5673, 6076, 6510, 5655, 6067, 6061, 5662, 6197, 5724, 6008, 5959, 5673, 5673, 5828, 6175, 5849, 6459, 5707, 6129, 5740, 5841, 5669, 5778, 6476, 6414, 6010, 5649, 5853, 6354, 5971, 5677, 5661, 5846, 5905, 5666, 6926, 6496, 6018, 5797, 6492, 5700, 6328, 5984, 6325, 6225, 6229, 5656, 5736, 5890, 6227, 6109, 6597, 5739, 6266, 5662, 6594, 6388, 6142, 5873, 6760, 5741, 6231, 5991, 5750, 6015, 6861, 5674, 5949, 5711, 6099, 5845, 5792, 5942, 6227, 5922, 6151, 6001, 6533, 5658, 5838, 5782, 5674, 6154, 5657, 5654, 6330, 6130, 5898, 6002, 6292, 5658, 6225, 5669, 6215, 7017, 5672, 6721, 6016, 5734, 6267, 6123, 5674, 6379, 5650, 5827, 5997, 5828, 6065, 5644, 5677, 6769, 5963, 5830, 5735, 6061, 5903, 5696, 6004, 5660, 6168, 5837, 6023, 6233, 6412, 5683, 6343, 6166, 5744, 6888, 5671, 5841, 5754, 5746, 5741, 5767, 5671, 5701, 5670, 6180, 5881, 6552, 7097, 6267, 5964, 6638, 5662, 6263, 5660, 5675, 6014, 6486, 6219, 5959, 5882, 5665, 5655, 6162, 6476, 5962, 6319, 6067, 6109, 5997, 5662, 6338, 5666, 5834, 5836, 7015, 6028, 5942, 5832, 6281, 5675, 5666, 6373, 6159, 5843, 5655, 6027, 5776, 5733, 6477, 5646, 5653, 5854, 5692, 6002, 6019, 5652, 5912, 6237, 5667, 6270, 5944, 5882, 5834, 6004, 6210, 6286, 6647, 5903, 5827, 6063, 5674, 5831, 6056, 5940, 6327, 6710, 6070, 5660, 5683, 6089, 5728, 5668, 5833, 6142, 6120, 5661, 5688, 5672, 5712, 5941, 5876, 6702, 5951, 5656, 5651, 5669, 5906, 5678, 6434, 6278, 6197, 5665, 6462, 6019, 6333, 5672, 5742, 5751, 5669, 6065, 5848, 5664, 6160, 5896, 5777, 5673, 5889, 5897, 6223, 6260, 5659, 5723, 5660, 5668, 6007, 6611, 6821, 6212, 5675, 6058, 5661, 6054, 5836, 6333, 5797, 6675, 5879, 5679, 5688, 5772, 5946, 6105, 6110, 6283, 6703, 5689, 5840, 6280, 5853, 6350, 7286, 5946, 5943, 5669, 5693, 5856, 6264, 5665, 5863, 5959, 5664, 6486, 6655, 6000, 5966, 5999, 5646, 6236, 5808, 6079, 5671, 6560, 5948, 5674, 6153, 6597, 5730, 5673, 6000, 6118, 6386, 5665, 5791, 5846, 6485, 5674, 6232, 5840, 5686, 5665, 6075, 5658, 6005, 5660, 6428, 6636, 5966, 6262, 5660, 5675, 5655, 5922, 6546, 5994, 5881, 6076, 5672, 6054, 6238, 5686, 5668, 5768, 6119, 5942, 6706, 5831, 6053, 5649, 6055, 6055, 5669, 5655, 5660, 6169, 6215, 5682, 6359, 6280, 5787, 5789, 6807, 5963, 5813, 6228, 6173, 5754, 6404, 6048, 5784, 6236, 5786, 5674, 6344, 5670, 6116, 5785, 5652, 5667, 7242, 5654, 5906, 5858, 6377, 5650, 5923, 5862, 5654, 5734, 5877, 5809, 5667, 6227, 5670, 5665, 5797, 6326, 6251, 5682, 5953, 5799, 5910, 5943, 6283, 5952, 5897, 6010, 5909, 5659, 6134, 6330, 5734, 5665, 5842, 6130, 6102, 5645, 6762, 6808, 5660, 5663, 5862, 5680, 6757, 5661, 5664, 6177, 5677, 6005, 7312, 5647, 5662, 6005, 6334, 5720, 6585, 5768, 5662, 6174, 6401, 5673, 6167, 6380, 6384, 5945, 5656, 5989, 6267, 5682, 5659, 6257, 6252, 5915, 5659, 6394, 5659, 5680, 6002, 6378, 6024, 5674, 6214, 6184, 6743, 5691, 6325, 5684, 6121, 6376, 6061, 5890, 6102, 5658, 5783, 5796, 6509, 5726, 6055, 6041, 5944, 6065, 5674, 5676, 5874, 5941, 5740, 5780, 5657, 6123, 5944, 5795, 6100, 5669, 5989, 6008, 5838, 5691, 6210, 5668, 5673, 5988, 5680, 6148, 6872, 5881, 5970, 5943, 5714, 6442, 5901, 5677, 6280, 6170, 5657, 5652, 6054, 6046, 6429, 5871, 6115, 5796, 5684, 6053, 5646, 5661, 5788, 5938, 6280, 5671, 6059, 5657, 5739, 6146, 5673, 5647, 5658, 6331, 5665, 5665, 5664, 6282, 5691, 6379, 6433, 5790, 5994, 6591, 6126, 6240, 6331, 5684, 5968, 6134, 5659, 5879, 5666, 5656, 6026, 6262, 5651, 5897, 6493, 5662, 5661, 5776, 6245, 5842, 5999, 5673, 6334, 7021, 6492, 6644, 6688, 6762, 6072, 5665, 5717, 5669, 5889, 6143, 6328, 5657, 5646, 5734, 6296, 5945, 6016, 5666, 5952, 5655, 6051, 5687, 6056, 5748, 6673, 6241, 6377, 5802, 6166, 6166, 5695, 5658, 5885, 5995, 5885, 5831, 5999, 5893, 6003, 6118, 6291, 5778, 5730, 6009, 5725, 6345, 5668, 6009, 5690, 5732, 5856, 6274, 6143, 7182, 5676, 6110, 6175, 6165, 5912, 5719, 6023, 5986, 6134, 6647, 6497, 6056, 6275, 5720, 5660, 5947, 5924, 5954, 5831, 6129, 6218, 6246, 5844, 5883, 5822, 5842, 6430, 6642, 5678, 6019, 5997, 6286, 6402, 6319, 5790, 6222, 5872, 6271, 5775, 6217, 5669, 5677, 5678, 5657, 6046, 5869, 5663, 5676, 6663, 5651, 5685, 5993, 6124, 6072, 6537, 5678, 5660, 6218, 5679, 6286, 6447, 5656, 6103, 6504, 5887, 5827, 5749, 6403, 5687, 6041, 6186, 6298, 6159, 6551, 5864, 5644, 6804, 6433, 5696, 6211, 6375, 5900, 5658, 5888, 5657, 5801, 6694, 5658, 5678, 6289, 5963, 6071, 6013, 5666, 6429, 6113, 6121, 6434, 5846, 6598, 5681, 6271, 5664, 6167, 5905, 5880, 5661, 5664, 6071, 5665, 6852, 6507, 5774, 5910, 6107, 5742, 6109, 6124, 5699, 5658, 6262, 6052, 5952, 5676, 6444, 5658, 5687, 6701, 5799, 6667, 5802, 5882, 5648, 5692, 5647, 6387, 5671, 5966, 6080, 6324, 5945, 6342, 5911, 5964, 6207, 6050, 5655, 6424, 6071, 5888, 5648, 5736, 6211, 6544, 6016, 5838, 5664, 6072, 5737, 5676, 6067, 5644, 6217, 6047, 6158, 6118, 6454, 6170, 6473, 6172, 6216, 6165, 6204, 5660, 6072, 5865, 6231, 5946, 6021, 6189, 6383, 6487, 6569, 6045, 5657, 5948, 5658, 5674, 6253, 5667, 5661, 6092, 6684, 5662, 5652, 5951, 6545, 5653, 6020, 6010, 5692, 6797, 5846, 6218, 5912, 6173, 5745, 5663, 5669, 5649, 6075, 6045, 5672, 5650, 5782, 5650, 5852, 5850, 5656, 5790, 6372, 6163, 5734, 5664, 5960, 6317, 6044, 6007, 6116, 6123, 5668, 5899, 6551, 5664, 6082, 6392, 6269, 6167, 6583, 5677, 6061, 6430, 6629, 6042, 6164, 5666, 5652, 5668, 5784, 5678, 5754, 5922, 6151, 5991, 6323, 6124, 6501, 5878, 5678, 5657, 5666, 6163, 6303, 6107, 6258, 5650, 5666, 5888, 5900, 6003, 5664, 6093, 6676, 6183, 5666, 6486, 6171, 6380, 5793, 5781, 6550, 6047, 5670, 6432, 5645, 6481, 5959, 5659, 5658, 6281, 5681, 5887, 5662, 5677, 5655, 5665, 6113, 5664, 6449, 5671, 6081, 5667, 5727, 5961, 5727, 6139, 6275, 5951, 6483, 5902, 6277, 6233, 6768, 5654, 5678, 6384, 6060, 6393, 5646, 5654, 6374, 5680, 6728, 6276, 5886, 6059, 5767, 5679, 5982, 5651, 5742, 6426, 6862, 6000, 6374, 5688, 6246, 5682, 5773, 5652, 6005, 6443, 5672, 5925, 5779, 5666, 5720, 5946, 5675, 6762, 5802, 5652, 5661, 5661, 5766, 6051, 5652, 6439, 6269, 6067, 5932, 6492, 5646, 5663, 6321, 5685, 6215, 5788, 5680, 6219, 6225, 6273, 6072, 5666, 5896, 6217, 5655, 5996, 5668, 5672, 5657, 5771, 5914, 5654, 6284, 6553, 5673, 5655, 6109, 5883, 6058, 5976, 5672, 6217, 5679, 5675, 5728, 6006, 5782, 6285, 5642, 5946, 5643, 6115, 6089, 6172, 5650, 6499, 5685, 5661, 6299, 6186, 6046, 5683, 6390, 6420, 5681, 6877, 5675, 5663, 5647, 6389, 6278, 5658, 5715, 5848, 6333, 6208, 5950, 6177, 6369, 6533, 5678, 5734, 6827, 6060, 5663, 5666, 6064, 5655, 6402, 5653, 5737, 6207, 6077, 6133, 6110, 5658, 6004, 6237, 5658, 6754, 5736, 5902, 5668, 5681, 6212, 5683, 5949, 6158, 5665, 5845, 5724, 5653, 5681, 5675, 5947, 5783, 6057, 5828, 5650, 6479, 5967, 5655, 5770, 5673, 6171, 6582, 6058, 5673, 5880, 6441, 6174, 5792, 5665, 5843, 5886, 6160, 5875, 6162, 6327, 5651, 5928, 5662, 5689, 5888, 5778, 6132, 5941, 6116, 5653, 5846, 6763, 6054, 6225, 5659, 6287, 5787, 5668, 5670, 5655, 6428, 5658, 5670, 5671, 6105, 5657, 6258, 6117, 5657, 5691, 5647, 6387, 5856, 5665, 5781, 6507, 5672, 5642, 5691, 6324, 5772, 5820, 5645, 6701, 5720, 6024, 5671, 6115, 5675, 6183, 6223, 5657, 6218, 5641, 5994, 5853, 5959, 5663, 5784, 5705, 6124, 6272, 5673, 5884, 6544, 5797, 5659, 5998, 5724, 5942, 5654, 5654, 5685, 5659, 6286, 5777, 5727, 6163, 5829, 6435, 5674, 6051, 5904, 5677, 6493, 5678, 5689, 5896, 5894, 5729, 5996, 6175, 5684, 6558, 5668, 5912, 5836, 6663, 6044, 5653, 5839, 6614, 5783, 5669, 6367, 5658, 5844, 5841, 5668, 5697, 5843, 6435, 5969, 5843, 5950, 5668, 5945, 5667, 6116, 5663, 6126, 6649, 6127, 6064, 5673, 5748, 5671, 5666, 5834, 5700, 6114, 5793, 6173, 5787, 5664, 6436, 6012, 5727, 5661, 5681, 6003, 6406, 5655, 6585, 6391, 5662, 5948, 5836, 6404, 5787, 6102, 5658, 5685, 6155, 6214, 5947, 5793, 6018, 5650, 5651, 5667, 5665, 5739, 6259, 5672, 5675, 6016, 6458, 5894, 5897, 6594, 6667, 6117, 5654, 5843, 6334, 6436, 5655, 5904, 6048, 5672, 6118, 5663, 6489, 6117, 6380, 5998, 6383, 6074, 7349, 5889, 6104, 6909, 5938, 5682, 5960, 5658, 6236, 6069, 5696, 5692, 5688, 5891, 6176, 6049, 6055, 6267, 5673, 6029, 6701, 5663, 5654, 5682, 5661, 5661, 6896, 5892, 6005, 6277, 5666, 6124, 6007, 6225, 6102, 5994, 5665, 5845, 5657, 6444, 5893, 6030, 5717, 6292, 5875, 6056, 6368, 5885, 5680, 5798, 5741, 5790, 6098, 6230, 5911, 5785, 5689, 5645, 5948, 6384, 5701, 6008, 5830, 5655, 5850, 5953, 5662, 5929, 6014, 5680, 6160, 6274, 5678, 6189, 6702, 5659, 5748, 6604, 5671, 6778, 6137, 6066, 6136, 5667, 6051, 6131, 6220, 6048, 6631, 5910, 5673, 5951, 5867, 6061, 5662, 5905, 6398, 6217, 5930, 6143, 5658, 6098, 6045, 5654, 6218, 6057, 6102, 5850, 5945, 6065, 6129, 6266, 5835, 6219, 6002, 6378, 6146, 5911, 6122, 6389, 6068, 5657, 5647, 5835, 6009, 5694, 5678, 6537, 5671, 5687, 6053, 5821, 5673, 6048, 6263, 6103, 5651, 6051, 5652, 5946, 6007, 6012, 6057, 6179, 6702, 6220, 5852, 5668, 5655, 5662, 5671, 5664, 5650, 5667, 6129, 6280, 5779, 6079, 5672, 5833, 6014, 6875, 5684, 6002, 5881, 6058, 5684, 5827, 5665, 5731, 5741, 5651, 6442, 6237, 5672, 6321, 5721, 5831, 5886, 6487, 6190, 6069, 6133, 6654, 6451, 5654, 6384, 6595, 5650, 5804, 5675, 5664, 6060, 5687, 6188, 5656, 5646, 5659, 6330, 6152, 5961, 5754, 5839, 7148, 6230, 5890, 5839, 5787, 5920, 5782, 5833, 6508, 5689, 5660, 5736, 5657, 5723, 5654, 5663, 5652, 5960, 5682, 6048, 5649, 6491, 6226, 6280, 5895, 6012, 5799, 5805, 6257, 5652, 5650, 6555, 6817, 5848, 5790, 5686, 5699, 6117, 5689, 6489, 5682, 5659, 6077, 6229, 5661, 5885, 5987, 6331, 5654, 6651, 6185, 5949, 6115, 5674, 6217, 5695, 5664, 6336, 6713, 5654, 6009, 6326, 5717, 6705, 5673, 5648, 5657, 6077, 5669, 5645, 5688, 5661, 6412, 6230, 5726, 6060, 6350, 5672, 5898, 6399, 5686, 5894, 5911, 6322, 5678, 5782, 6170, 5681, 5750, 5742, 5650, 5890, 5670, 6271, 5987, 5851, 6430, 6291, 5676, 6418, 6277, 5746, 6122, 5673, 5642, 5662, 6160, 5801, 6216, 6090, 6096, 5663, 5667, 5808, 5658, 6063, 5948, 6232, 5810, 6101, 5651, 5768, 5677, 5749, 5679, 5908, 5646, 6580, 6646, 5677, 6103, 5802, 5936, 5668, 6503, 6007, 6394, 5912, 6472, 5665, 6423, 5677, 6860, 5686, 6229, 5893, 5736, 5907, 6388, 5740, 5791, 5679, 6435, 6106, 6001, 6443, 6653, 6119, 6066, 5974, 6325, 6276, 6071, 6663, 6336, 5676, 5662, 6496, 5664, 5763, 6005, 6315, 5691, 6045, 5920, 5684, 6213, 5939, 6267, 6007, 5663, 5785, 5900, 6674, 5656, 6196, 5662, 5843, 5665, 6643, 6225, 6075, 5728, 6511, 5962, 6803, 6062, 6162, 6647, 6232, 6226, 5870, 5963, 5907, 5658, 5659, 6803, 5897, 6169, 5935, 6106, 5892, 5660, 5933, 6267, 5668, 6433, 6137, 5944, 6443, 6266, 6486, 6715, 6273, 5639, 5892, 6302, 6220, 6548, 6228, 5651, 5916, 5952, 5654, 5715, 5789, 6271, 5744, 5747, 5725, 6391, 6514, 7063, 6358, 5682, 6337, 5788, 6035, 5646, 5835, 6071, 5898, 5659, 6057, 5663, 6180, 5846, 5673, 5657, 6270, 6006, 6161, 5675, 5656, 5673, 5643, 5666, 5653, 6468, 6164, 5662, 6116, 5669, 5743, 5908, 6703, 5668, 5675, 5792, 5661, 6078, 5728, 6111, 6101, 5654, 5963, 6936, 6478, 5910, 5894, 5766, 6424, 5671, 5741, 6222, 5644, 5889, 6125, 6501, 5860, 5827, 6179, 5852, 5655, 5983, 5955, 5654, 5666, 6159, 5797, 5864, 5657, 5723, 5666, 6281, 6594, 6714, 6047, 6254, 6331, 5652, 5847, 5691, 6387, 5661, 5703, 5648, 5670, 5898, 5659, 5886, 5698, 6048, 5651, 5829, 6756, 5828, 5657, 5786, 6068, 5642, 6016, 6115, 5674, 5660, 6048, 6567, 5679, 6002, 6860, 5725, 5703, 6222, 5833, 6092, 5659, 6185, 6221, 6122, 5911, 5667, 5659, 5800, 5996, 6076, 5728, 6598, 6486, 5811, 6270, 6648, 5900, 5995, 6178, 6220, 5967, 6268, 6066, 6539, 6126, 6547, 6433, 5943, 6475, 5998, 6130, 6562, 5677, 6677, 6444, 5972, 5674, 5647, 6086, 5682, 6070, 6175, 6161, 6044, 5662, 6216, 5670, 5646, 6053, 5667, 5704, 6013, 6687, 6295, 6288, 6486, 6099, 5950, 6002, 5902, 6752, 6078, 6540, 6325, 5939, 6173, 6369, 6483, 6258, 5940, 6371, 6404, 6025, 6178, 5676, 5661, 5683, 6588, 6217, 5858, 5675, 5798, 6186, 7122, 5661, 6319, 5955, 5857, 6382, 6440, 6403, 6878, 5913, 6276, 6086, 6388, 5803, 5692, 6761, 5670, 6277, 5953, 5669, 6296, 5659, 6142, 5694, 5863, 5763, 6468, 5850, 5665, 5683, 5837, 5931, 6456, 5641, 5656, 6402, 5672, 6288, 5720, 5889, 6340, 5948, 5888, 5838, 7126, 6218, 6499, 5658, 6069, 6431, 5882, 5648, 5892, 6140, 5657, 5688, 5742, 6804, 6400, 5795, 5727, 5975, 6271, 6184, 5796, 6061, 5647, 6823, 5666, 6538, 5663, 6063, 5788, 6599, 5671, 5802, 5675, 5658, 6383, 6115, 5647, 6102, 6532, 5899, 6181, 6170, 5904, 5675, 5835, 5667, 5801, 5666, 5906, 5657, 6433, 6124, 5737, 6175, 5738, 6539, 5869, 5660, 5674, 5654, 5673, 5797, 6010, 5941, 6241, 6494, 5949, 5884, 5722, 5785, 6288, 5656, 6162, 5667, 5648, 5655, 6223, 5672, 5671, 5684, 5670, 6177, 6243, 5665, 6544, 5666, 6096, 5677, 5702, 5963, 6440, 5682, 6170, 6416, 5860, 5849, 5978, 6273, 6114, 5660, 6052, 6229, 6336, 5657, 6373, 6809, 5955, 5671, 5790, 5658, 5666, 5982, 5813, 6312, 5966, 6019, 5799, 5936, 6714, 5662, 5726, 5769, 5655, 6383, 5673, 6223, 6537, 6441, 5866, 5972, 5681, 5662, 5801, 5999, 7175, 6010, 5646, 6369, 5671, 6273, 5734, 6285, 6002, 6120, 5946, 5737, 5657, 5697, 6491, 6423, 5664, 6345, 6276, 5690, 5804, 5685, 5906, 6703, 5682, 6201, 6134, 5666, 5738, 5654, 6646, 5726, 5672, 6657, 6421, 6194, 5839, 5897, 6180, 6217, 6172, 5681, 5788, 6166, 5709, 5660, 6804, 5680, 6108, 5677, 6220, 5649, 6083, 5786, 6321, 5844, 6450, 5737, 6371, 6468, 6397, 6326, 5960, 5655, 6600, 5660, 5662, 6176, 5908, 5945, 5661, 6003, 6051, 6702, 6216, 5785, 6008, 6807, 5690, 6179, 5664, 6320, 5840, 5696, 6345, 5672, 5649, 6011, 5795, 5661, 5772, 6073, 6380, 6121, 5653, 6761, 6116, 5675, 6008, 5655, 6488, 6293, 5670, 6102, 5668, 6340, 5851, 5836, 5689, 6052, 6118, 6384, 5665, 6008, 5672, 5672, 5783, 6317, 5685, 6107, 5910, 5780, 5678, 6130, 6163, 5904, 5647, 6598, 5950, 6102, 5895, 5907, 5653, 6717, 5786, 7148, 5843, 6277, 5792, 5928, 5652, 6640, 6028, 6307, 5657, 5815, 5682, 6020, 6178, 5672, 6271, 6001, 5894, 5690, 6444, 6568, 5956, 5653, 6431, 5959, 6490, 5708, 6325, 5788, 6016, 5949, 5645, 5912, 6182, 5642, 6296, 6114, 5796, 5875, 5673, 6325, 6814, 6201, 5996, 5666, 5941, 5646, 6211, 5662, 6051, 5952, 5920, 6380, 5673, 6207, 5852, 6108, 5990, 5653, 6366, 6482, 5663, 6125, 6062, 5949, 6743, 6811, 5837, 6059, 5827, 5836, 5745, 6353, 5973, 5666, 5698, 5822, 5684, 5883, 6224, 5672, 5898, 5832, 6691, 6124, 5989, 5653, 5686, 6118, 5819, 5664, 6338, 5671, 5673, 5680, 5676, 6335, 6239, 6007, 5658, 6503, 5861, 5857, 6226, 6151, 6103, 5672, 5653, 5682, 6469, 6164, 5674, 6612, 5846, 6323, 7222, 5960, 7093, 5845, 6506, 5656, 5961, 5693, 6740, 6132, 5915, 5970, 5654, 5673, 6268, 5852, 5834, 5658, 6233, 6730, 6142, 5675, 6066, 6341, 5915, 5688, 6173, 5732, 5682, 6594, 5739, 5778, 5854, 5903, 6702, 5790, 5730, 5951, 6438, 6241, 5848, 6340, 5973, 6097, 5779, 6132, 5667, 5667, 6111, 5934, 6287, 6106, 5913, 5685, 6042, 6558, 5660, 6439, 5674, 6059, 6586, 6016, 5667, 6402, 6349, 5652, 5655, 6641, 5736, 5659, 6131, 5662, 5855, 5657, 6339, 5683, 5848, 6175, 5788, 6219, 5661, 5869, 5693, 6032, 6276, 6650, 6004, 5953, 5909, 5694, 6162, 5789, 5960, 6551, 5727, 6205, 6007, 6185, 5834, 6005, 6199, 6400, 6562, 6441, 6026, 5792, 6349, 6157, 5666, 5681, 6333, 6038, 6151, 6080, 5965, 6167, 6275, 5670, 5897, 5865, 5646, 5657, 5659, 6056, 6060, 5781, 5653, 5656, 6539, 6276, 5912, 6555, 6174, 6058, 5662, 6333, 6503, 5671, 5676, 6172, 5746, 5959, 5843, 6227, 5913, 5671, 5658, 5688, 5672, 5667, 6374, 6065, 5666, 6166, 5680, 5729, 6178, 5840, 5649, 6123, 5914, 5820, 5775, 5650, 5916, 5850, 6367, 5647, 6342, 6697, 5828, 6168, 6013, 6285, 5733, 6277, 5949, 6168, 7029, 5879, 6230, 6112, 7019, 5795, 5897, 6168, 5648, 5944, 6058, 7032, 6070, 6226, 5722, 5844, 5656, 6057, 5655, 5644, 5880, 5659, 6646, 6014, 5878, 5776, 6186, 5953, 5897, 5658, 6322, 5908, 5782, 6131, 5957, 6066, 5649, 5664, 6275, 5944, 6007, 5649, 6239, 6726, 5963, 6318, 6283, 6485, 6110, 5703, 6700, 6450, 6039, 5665, 5666, 5661, 5660, 6125, 5699, 6331, 6240, 6483, 6261, 5832, 6057, 5671, 6005, 5949, 5651, 6211, 6149, 5670, 6125, 5850, 5684, 5776, 5952, 6852, 6057, 5659, 5809, 5792, 6385, 6104, 6261, 6328, 6178, 6324, 5832, 6811, 5832, 6341, 5656, 5697, 5949, 6233, 5692, 5695, 6455, 6223, 5661, 5903, 5783, 6128, 6006, 6066, 5666, 6055, 5914, 6424, 6122, 6190, 6061, 6352, 5665, 6006, 6013, 5908, 5658, 6372, 6045, 6106, 5705, 5656, 6108, 5664, 6327, 5892, 6168, 6550, 5908, 5670, 5969, 6746, 5651, 6412, 6023, 6536, 6616, 6074, 5962, 5900, 6488, 5849, 6441, 5675, 6220, 5941, 6543, 6192, 6476, 5737, 6001, 6118, 5853, 6341, 5669, 5673, 6073, 6213, 6721, 5847, 5691, 6216, 6538, 5688, 5680, 6118, 5957, 6047, 6051, 5841, 6077, 5887, 5991, 6410, 6703, 5666, 6222, 5657, 5656, 5660, 5832, 5658, 5666, 6015, 5662, 6336, 5835, 6013, 6699, 6034, 6001, 6016, 6112, 5665, 6108, 6278, 5748, 5660, 6285, 5650, 6441, 5658, 5653, 5866, 5657, 5668, 6022, 5961, 5763, 5674, 6157, 5666, 6580, 5650, 6060, 6368, 5787, 5780, 5912, 6113, 5684, 6323, 5798, 6212, 5693, 5962, 5659, 6024, 5676, 6216, 5886, 5789, 6015, 5678, 5774, 5910, 5653, 5961, 5683, 5877, 5664, 6315, 5675, 6489, 6400, 6120, 6008, 5685, 5887, 6100, 6536, 5669, 6266, 6574, 5678, 5720, 5668, 6015, 6500, 5869, 6218, 5879, 6556, 5667, 5824, 5717, 5662, 6328, 6058, 5689, 5727, 5831, 5672, 5910, 6397, 6123, 6153, 5998, 5657, 5694, 5947, 5667, 5667, 5657, 6646, 5658, 5709, 5683, 5669, 6052, 5891, 6216, 5658, 5737, 6439, 5966, 5681, 5964, 5693, 5841, 6602, 5668, 5752, 5670, 5648, 6435, 5860, 5834, 5848, 5676, 5832, 6109, 5740, 5672, 6159, 5647, 6109, 5650, 6378, 5668, 6336, 5947, 6452, 5721, 5828, 6213, 5690, 5960, 6587, 6377, 5666, 5671, 5742, 5742, 5749, 5671, 5921, 5910, 6443, 5671, 6278, 6018, 6487, 5658, 6020, 6158, 6138, 5795, 6057, 5651, 5989, 5690, 6125, 5680, 6761, 6492, 5652, 5845, 5780, 6666, 6391, 5652, 6103, 6502, 5674, 6508, 6758, 5999, 5736, 5699, 5947, 6375, 5758, 6069, 5955, 6136, 6331, 5904, 5671, 5656, 5739, 5914, 5910, 5637, 5963, 5648, 6339, 6827, 5993, 6341, 5662, 5668, 6226, 5849, 5666, 5662, 6063, 5759, 5896, 6447, 5684, 6599, 7345, 6001, 6165, 6226, 5967, 6003, 5904, 5986, 6032, 5684, 5713, 5645, 5892, 5883, 6494, 5665, 6719, 5847, 6269, 6301, 5710, 6859, 5939, 5829, 6127, 5705, 6690, 6206, 5665, 6417, 5947, 6275, 6487, 6279, 6161, 6719, 5792, 5700, 6009, 5670, 6387, 6803, 6352, 5681, 6226, 6116, 5845, 6111, 5771, 6750, 6218, 6322, 5791, 5880, 5958, 6220, 5652, 5643, 6435, 6648, 6304, 5668, 5947, 5861, 6370, 5679, 6430, 5661, 6274, 5668, 5640, 5905, 5736, 5941, 6278, 6707, 6174, 6226, 6105, 5742, 6222, 5887, 5684, 6550, 5677, 6369, 5778, 5649, 5950, 5692, 6114, 5938, 6115, 6222, 6344, 5653, 6547, 5668, 6132, 6772, 5909, 5661, 6116, 5654, 6225, 5658, 5665, 5826, 6430, 5669, 5663, 5658, 5888, 6047, 5734, 6542, 6389, 5661, 5648, 6328, 6311, 5905, 5911, 5663, 6411, 5883, 5897, 5788, 6067, 5661, 6965, 5730, 5679, 5666, 6595, 6238, 5688, 6281, 6434, 6045, 6177, 5843, 6015, 5741, 6143, 5683, 6374, 5672, 6377, 5681, 5798, 6330, 6566, 6200, 5928, 6337, 5659, 5955, 6486, 5959, 6336, 5684, 6329, 5967, 5937, 6239, 5697, 5952, 6002, 6700, 5674, 5717, 5941, 6178, 5946, 5822, 5676, 5661, 5955, 5823, 6158, 6773, 5664, 5678, 5668, 5667, 6965, 6958, 5688, 6302, 6628, 6322, 5960, 5839, 6049, 5738, 5795, 5965, 6332, 6167, 5949, 6207, 5659, 6009, 6712, 6234, 5668, 6153, 6278, 5685, 5794, 5840, 5919, 6117, 6289, 6232, 5654, 5644, 5663, 5775, 6451, 5677, 5683, 6120, 6542, 6251, 6307, 5676, 6499, 5978, 5660, 6388, 5673, 6010, 5738, 5663, 6312, 6003, 5896, 5964, 5686, 5802, 6114, 6068, 5660, 6059, 5677, 6354, 6226, 5673, 6333, 5662, 6283, 5675, 5913, 5667, 6230, 6560, 5929, 5972, 5850, 6113, 6709, 6222, 6161, 6663, 6048, 6002, 6710, 6096, 5669, 5917, 5685, 5775, 5731, 5950, 5661, 6328, 6450, 5852, 5837, 6215, 6026, 5939, 5963, 5787, 6362, 5962, 5658, 5684, 6147, 6423, 6594, 5966, 6272, 5795, 6374, 5793, 5927, 6115, 5668, 6504, 5897, 5786, 5729, 5837, 5851, 5658, 5898, 6133, 6280, 6601, 5675, 5769, 5735, 5851, 6394, 5781, 6501, 5995, 5957, 6539, 5666, 5993, 5943, 6047, 5650, 5950, 5923, 6321, 6332, 6164, 6103, 5747, 5993, 5898, 6102, 5662, 6331, 6384, 6005, 6075, 6214, 5687, 6102, 5904, 6541, 6140, 5813, 5674, 5660, 5658, 5826, 6748, 6028, 5849, 5654, 6482, 5694, 
Mejor solucion obtenida: 12, 14, 13, 34, 33, 31, 32, 8, 10, 9, 11, 5, 6, 7, 30, 29, 27, 28, 2, 3, 1, 36, 37, 39, 38, 41, 42, 40, 26, 25, 24, 21, 23, 22, 35, 0, 4, 17, 16, 15, 19, 20, 18, || Fitness: 5620;