Archivo Usado: p43.atsp
Tamaño de la Poblacion: 100
Reemplazo por Generacion: 5
Tamaño de los Torneos: 5
Cantidad de ciudades: 43
Probabilidad de cruce: 70000
Probabilidad mutacion simple: 23000
Probabilidad mutacion compleja: 20000
Cruces minimos de la mutacion compleja: 4
Iteraciones ejecutadas: 10000
Largo del cruce PMX: 6
Operador de Cruce: 0
Metodo seleccion de Padres: 0
Operador de Mutacion: 0
Metodo seleccion de Supervivientes: 1
Cantidad de threads a usar: 16
1, 2, 36, 37, 39, 38, 41, 40, 42, 26, 24, 25, 21, 22, 23, 35, 0, 4, 16, 17, 19, 20, 18, 15, 13, 14, 12, 34, 33, 31, 32, 11, 8, 10, 9, 29, 5, 7, 6, 30, 27, 28, 3, 
16, 17, 19, 20, 18, 15, 13, 14, 12, 34, 33, 31, 32, 11, 8, 10, 9, 29, 5, 7, 6, 30, 27, 28, 3, 1, 2, 36, 37, 39, 38, 41, 40, 42, 26, 24, 25, 21, 22, 23, 35, 0, 4, 
14, 12, 34, 33, 31, 32, 11, 8, 10, 9, 29, 30, 27, 28, 3, 1, 2, 36, 37, 39, 38, 41, 40, 42, 26, 24, 25, 21, 22, 23, 35, 0, 4, 5, 6, 7, 16, 17, 19, 20, 18, 15, 13, 
30, 27, 28, 3, 1, 2, 36, 37, 39, 38, 41, 42, 40, 26, 24, 25, 21, 22, 23, 35, 0, 4, 6, 5, 7, 16, 17, 19, 20, 18, 15, 13, 14, 12, 34, 33, 31, 32, 11, 8, 10, 9, 29, 
30, 27, 28, 3, 1, 2, 36, 37, 39, 38, 41, 42, 40, 26, 24, 25, 21, 22, 23, 35, 0, 4, 5, 6, 7, 16, 17, 19, 20, 18, 15, 13, 14, 12, 34, 33, 31, 32, 11, 8, 10, 9, 29, 
6, 7, 5, 29, 30, 27, 28, 3, 1, 2, 36, 37, 39, 38, 41, 40, 42, 26, 24, 25, 21, 22, 23, 35, 0, 4, 16, 17, 19, 20, 18, 15, 13, 14, 12, 34, 33, 31, 32, 11, 8, 10, 9, 
34, 33, 31, 32, 11, 8, 10, 9, 29, 30, 27, 28, 3, 1, 2, 36, 37, 39, 38, 41, 40, 42, 26, 24, 25, 21, 22, 23, 35, 0, 4, 5, 6, 7, 16, 17, 19, 20, 18, 15, 13, 14, 12, 
22, 23, 35, 0, 4, 5, 6, 7, 16, 17, 19, 20, 18, 15, 13, 14, 12, 34, 33, 31, 32, 11, 8, 10, 9, 29, 30, 27, 28, 3, 1, 2, 36, 37, 39, 38, 41, 40, 42, 26, 24, 25, 21, 
11, 8, 10, 9, 29, 30, 27, 28, 3, 1, 2, 36, 37, 39, 38, 41, 42, 40, 26, 24, 25, 21, 22, 23, 35, 0, 4, 6, 5, 7, 16, 17, 19, 20, 18, 15, 13, 14, 12, 34, 33, 31, 32, 
2, 36, 37, 39, 38, 41, 40, 42, 26, 24, 25, 21, 22, 23, 35, 0, 4, 5, 6, 7, 16, 17, 19, 20, 18, 15, 13, 14, 12, 34, 33, 31, 32, 11, 8, 10, 9, 29, 30, 27, 28, 3, 1, 
41, 40, 42, 26, 24, 25, 21, 22, 23, 35, 0, 4, 5, 6, 7, 16, 17, 19, 20, 18, 15, 13, 14, 12, 34, 33, 31, 32, 11, 8, 10, 9, 29, 30, 27, 28, 3, 1, 2, 36, 37, 39, 38, 
15, 13, 14, 12, 34, 33, 31, 9, 11, 8, 10, 32, 29, 5, 7, 6, 30, 27, 28, 3, 1, 2, 36, 37, 39, 38, 41, 42, 40, 26, 24, 25, 21, 23, 22, 35, 0, 4, 16, 17, 19, 20, 18, 
33, 31, 32, 11, 8, 10, 9, 29, 30, 27, 28, 3, 1, 2, 36, 37, 39, 38, 41, 40, 42, 26, 24, 25, 21, 22, 23, 35, 0, 4, 5, 6, 7, 16, 17, 19, 20, 18, 15, 13, 14, 12, 34, 
11, 8, 10, 9, 29, 30, 27, 28, 3, 1, 2, 36, 37, 39, 38, 41, 40, 42, 26, 24, 25, 21, 22, 23, 35, 0, 4, 5, 6, 7, 16, 17, 19, 20, 18, 15, 13, 14, 12, 34, 33, 31, 32, 
31, 32, 11, 8, 10, 9, 29, 30, 27, 28, 3, 1, 2, 36, 37, 39, 38, 41, 40, 42, 26, 24, 25, 21, 22, 23, 35, 0, 4, 5, 6, 7, 16, 17, 19, 20, 18, 15, 13, 14, 12, 34, 33, 
26, 24, 25, 21, 22, 23, 35, 0, 4, 5, 6, 7, 16, 17, 19, 20, 18, 15, 13, 14, 12, 34, 33, 31, 9, 11, 8, 10, 32, 29, 30, 27, 28, 3, 1, 2, 36, 37, 39, 38, 41, 40, 42, 
40, 42, 26, 24, 25, 21, 22, 23, 35, 0, 4, 5, 6, 15, 16, 17, 19, 20, 18, 7, 13, 14, 12, 34, 33, 31, 9, 11, 8, 10, 32, 29, 30, 27, 28, 3, 1, 2, 36, 37, 39, 38, 41, 
4, 0, 35, 23, 22, 21, 25, 24, 26, 42, 40, 41, 38, 39, 37, 36, 2, 1, 3, 28, 27, 30, 6, 7, 16, 17, 19, 20, 18, 15, 13, 14, 12, 34, 33, 31, 32, 11, 8, 10, 9, 29, 5, 
3, 28, 27, 30, 6, 7, 16, 17, 19, 20, 18, 15, 13, 14, 12, 34, 33, 31, 32, 11, 8, 10, 9, 29, 5, 4, 0, 35, 23, 22, 21, 25, 24, 26, 42, 40, 41, 38, 39, 37, 36, 2, 1, 
21, 22, 23, 35, 0, 4, 5, 29, 9, 10, 8, 11, 32, 31, 33, 34, 12, 14, 13, 15, 18, 20, 19, 17, 16, 7, 6, 30, 27, 28, 3, 1, 2, 36, 37, 39, 38, 41, 40, 42, 26, 24, 25, 
10, 8, 6, 7, 16, 17, 19, 20, 18, 15, 13, 14, 12, 34, 33, 31, 9, 29, 30, 27, 28, 3, 1, 2, 36, 37, 39, 38, 41, 40, 42, 26, 24, 25, 21, 22, 23, 35, 0, 4, 5, 11, 32, 
14, 12, 34, 33, 31, 32, 11, 8, 10, 9, 29, 30, 27, 28, 3, 1, 2, 36, 37, 39, 38, 41, 40, 42, 26, 24, 25, 21, 23, 22, 35, 0, 4, 16, 17, 19, 20, 18, 15, 13, 5, 6, 7, 
7, 5, 29, 9, 10, 8, 11, 32, 31, 33, 34, 13, 14, 12, 15, 18, 20, 19, 17, 16, 4, 0, 35, 22, 23, 21, 25, 24, 26, 42, 40, 41, 38, 39, 37, 36, 2, 1, 3, 28, 27, 30, 6, 
18, 20, 19, 17, 16, 7, 6, 5, 4, 0, 35, 23, 22, 21, 25, 24, 26, 42, 40, 41, 38, 39, 37, 36, 2, 1, 3, 28, 27, 30, 29, 9, 10, 8, 11, 32, 31, 33, 34, 12, 14, 13, 15, 
6, 4, 0, 35, 22, 23, 21, 25, 24, 26, 42, 40, 41, 38, 39, 37, 36, 2, 3, 1, 28, 27, 30, 29, 9, 10, 8, 11, 32, 31, 33, 34, 12, 14, 13, 15, 18, 20, 19, 17, 16, 7, 5, 
20, 19, 17, 16, 7, 6, 5, 4, 0, 35, 23, 22, 21, 24, 25, 26, 42, 40, 41, 38, 39, 37, 36, 2, 1, 3, 28, 27, 30, 29, 9, 10, 8, 11, 32, 31, 33, 34, 12, 14, 13, 15, 18, 
14, 13, 15, 18, 20, 19, 17, 16, 7, 5, 6, 4, 0, 35, 22, 23, 21, 25, 24, 26, 42, 40, 41, 38, 39, 37, 36, 2, 1, 3, 28, 27, 30, 29, 9, 10, 8, 11, 32, 31, 33, 34, 12, 
13, 15, 18, 20, 19, 17, 16, 7, 6, 5, 4, 0, 35, 23, 22, 21, 25, 24, 26, 42, 40, 41, 38, 39, 37, 36, 2, 1, 3, 28, 27, 30, 29, 9, 10, 8, 11, 32, 31, 33, 34, 12, 14, 
30, 27, 28, 3, 1, 2, 36, 37, 39, 38, 41, 42, 40, 26, 24, 25, 21, 22, 23, 35, 0, 4, 5, 6, 10, 16, 17, 19, 20, 18, 15, 13, 14, 12, 34, 33, 31, 32, 11, 8, 7, 9, 29, 
1, 27, 28, 3, 30, 2, 36, 37, 39, 38, 41, 42, 40, 26, 24, 25, 21, 22, 23, 35, 0, 4, 5, 6, 7, 16, 17, 19, 20, 18, 15, 13, 14, 12, 34, 33, 31, 32, 11, 8, 10, 9, 29, 
40, 26, 24, 25, 21, 22, 23, 35, 0, 4, 16, 17, 19, 20, 18, 15, 13, 14, 12, 34, 33, 31, 32, 11, 30, 10, 9, 7, 5, 29, 6, 8, 27, 28, 3, 1, 2, 36, 37, 39, 38, 41, 42, 
9, 10, 32, 11, 8, 31, 33, 34, 12, 14, 13, 15, 18, 20, 19, 17, 16, 7, 6, 5, 4, 0, 35, 23, 22, 21, 25, 24, 26, 42, 40, 41, 38, 39, 37, 36, 27, 1, 3, 28, 2, 30, 29, 
5, 6, 7, 29, 17, 19, 20, 18, 15, 13, 14, 12, 34, 33, 31, 32, 11, 8, 10, 9, 16, 30, 27, 28, 3, 1, 2, 36, 37, 39, 38, 41, 40, 42, 26, 24, 25, 21, 23, 22, 35, 0, 4, 
15, 13, 14, 12, 34, 33, 31, 32, 11, 8, 10, 9, 36, 5, 7, 6, 30, 27, 28, 3, 1, 2, 29, 37, 39, 38, 41, 42, 40, 26, 24, 25, 21, 23, 22, 35, 0, 4, 16, 17, 19, 20, 18, 
1, 3, 28, 27, 30, 29, 9, 10, 6, 11, 32, 31, 33, 34, 12, 14, 13, 15, 18, 20, 19, 17, 16, 4, 0, 35, 22, 23, 21, 25, 24, 26, 42, 40, 41, 38, 39, 37, 36, 2, 8, 7, 5, 
11, 3, 1, 2, 36, 37, 39, 38, 41, 40, 42, 26, 24, 25, 21, 22, 23, 35, 0, 4, 5, 6, 7, 16, 17, 19, 20, 18, 15, 13, 14, 12, 34, 33, 31, 32, 28, 8, 10, 9, 29, 30, 27, 
17, 16, 7, 6, 11, 8, 10, 9, 29, 30, 27, 28, 3, 1, 2, 36, 37, 39, 38, 41, 40, 42, 26, 24, 25, 21, 22, 23, 35, 0, 4, 5, 31, 32, 13, 14, 12, 34, 33, 18, 15, 19, 20, 
15, 13, 14, 12, 34, 33, 31, 32, 11, 8, 28, 9, 29, 5, 7, 6, 30, 27, 10, 3, 1, 2, 36, 37, 39, 38, 41, 42, 40, 26, 24, 25, 21, 23, 22, 35, 0, 4, 16, 17, 19, 20, 18, 
38, 39, 37, 36, 3, 1, 2, 28, 27, 30, 6, 7, 16, 17, 19, 20, 18, 15, 12, 14, 11, 34, 33, 31, 32, 13, 8, 10, 9, 29, 5, 4, 0, 35, 23, 22, 21, 25, 24, 26, 42, 40, 41, 
13, 15, 18, 20, 19, 17, 30, 2, 28, 3, 1, 27, 36, 37, 39, 38, 41, 40, 42, 26, 24, 25, 21, 22, 23, 35, 0, 4, 6, 5, 7, 16, 33, 34, 12, 14, 8, 11, 32, 31, 9, 10, 29, 
5, 6, 7, 16, 17, 19, 20, 18, 15, 13, 37, 12, 34, 33, 31, 32, 11, 8, 10, 9, 29, 30, 27, 28, 3, 1, 2, 36, 14, 39, 38, 41, 40, 42, 26, 24, 25, 21, 23, 22, 35, 0, 4, 
29, 9, 10, 8, 15, 5, 32, 31, 33, 34, 12, 14, 13, 11, 18, 20, 19, 17, 16, 7, 6, 30, 27, 28, 3, 1, 2, 36, 37, 39, 38, 41, 42, 40, 26, 24, 25, 21, 22, 23, 35, 0, 4, 
42, 40, 41, 38, 39, 37, 36, 2, 1, 3, 28, 27, 30, 29, 32, 10, 8, 11, 14, 31, 33, 34, 12, 9, 13, 15, 18, 20, 19, 17, 16, 7, 6, 5, 4, 0, 35, 23, 22, 21, 25, 24, 26, 
20, 19, 17, 16, 7, 6, 5, 4, 0, 35, 23, 22, 21, 25, 24, 26, 42, 40, 41, 38, 39, 37, 36, 2, 1, 3, 13, 27, 30, 29, 9, 10, 8, 11, 32, 31, 33, 34, 12, 14, 28, 15, 18, 
20, 19, 17, 16, 7, 5, 6, 4, 0, 35, 22, 23, 21, 25, 24, 26, 42, 40, 41, 38, 39, 37, 14, 2, 1, 3, 28, 27, 30, 29, 9, 10, 8, 11, 32, 31, 33, 34, 12, 36, 13, 15, 18, 
29, 9, 10, 8, 11, 5, 32, 31, 33, 34, 12, 14, 2, 15, 18, 20, 19, 17, 16, 7, 6, 30, 27, 28, 3, 1, 13, 36, 37, 39, 38, 41, 42, 40, 26, 24, 25, 21, 22, 23, 35, 0, 4, 
26, 24, 25, 21, 22, 23, 35, 0, 4, 5, 6, 30, 27, 28, 3, 1, 2, 36, 37, 39, 38, 41, 40, 42, 18, 15, 13, 14, 12, 34, 33, 31, 32, 11, 8, 10, 9, 29, 7, 16, 17, 19, 20, 
25, 24, 26, 40, 42, 41, 38, 39, 37, 36, 2, 1, 3, 28, 27, 30, 29, 9, 10, 8, 11, 32, 31, 33, 34, 12, 14, 13, 15, 18, 20, 19, 17, 16, 4, 0, 35, 22, 23, 21, 5, 7, 6, 
5, 6, 7, 16, 17, 19, 20, 18, 15, 13, 14, 12, 34, 36, 31, 32, 11, 8, 10, 9, 29, 30, 27, 28, 3, 1, 2, 33, 37, 39, 38, 41, 40, 42, 26, 24, 25, 21, 23, 22, 35, 0, 4, 
33, 34, 12, 14, 13, 15, 18, 20, 19, 17, 16, 7, 6, 5, 4, 0, 27, 30, 10, 8, 11, 32, 31, 37, 39, 38, 41, 40, 42, 26, 24, 25, 21, 22, 23, 35, 1, 2, 36, 29, 9, 3, 28, 
16, 17, 19, 20, 18, 15, 13, 14, 26, 34, 33, 31, 32, 11, 8, 10, 9, 29, 5, 7, 6, 30, 27, 28, 3, 1, 2, 36, 37, 39, 38, 41, 40, 42, 12, 24, 25, 21, 22, 23, 35, 0, 4, 
37, 39, 38, 41, 40, 42, 26, 24, 25, 21, 22, 23, 30, 7, 5, 6, 4, 0, 2, 36, 16, 17, 19, 20, 18, 15, 13, 14, 12, 34, 33, 31, 32, 11, 8, 10, 9, 29, 27, 28, 3, 1, 35, 
34, 33, 31, 32, 11, 8, 10, 9, 29, 30, 27, 28, 3, 1, 2, 36, 37, 39, 38, 41, 40, 42, 13, 14, 12, 20, 19, 17, 16, 7, 6, 5, 4, 0, 35, 23, 22, 21, 25, 24, 26, 15, 18, 
42, 40, 41, 38, 39, 37, 36, 2, 1, 23, 28, 27, 30, 29, 32, 10, 8, 11, 9, 31, 33, 34, 12, 14, 13, 15, 18, 20, 19, 17, 16, 7, 6, 5, 4, 0, 35, 3, 22, 21, 25, 24, 26, 
25, 24, 26, 40, 42, 41, 38, 39, 37, 36, 27, 1, 3, 28, 2, 30, 29, 9, 10, 8, 11, 32, 31, 33, 34, 12, 14, 13, 15, 18, 20, 19, 17, 16, 4, 0, 35, 22, 23, 21, 7, 6, 5, 
38, 39, 37, 36, 3, 1, 2, 28, 27, 30, 6, 7, 16, 17, 19, 20, 18, 15, 12, 14, 13, 26, 33, 31, 32, 11, 8, 10, 9, 29, 5, 4, 0, 35, 23, 22, 21, 25, 24, 34, 42, 40, 41, 
4, 0, 35, 23, 22, 21, 25, 24, 26, 37, 40, 41, 38, 39, 42, 36, 2, 1, 3, 28, 27, 30, 29, 9, 10, 8, 11, 32, 31, 33, 34, 12, 14, 13, 15, 18, 20, 19, 17, 16, 7, 6, 5, 
4, 0, 35, 28, 22, 23, 25, 24, 26, 42, 40, 41, 38, 39, 37, 36, 2, 1, 3, 21, 27, 30, 29, 9, 10, 8, 11, 32, 31, 33, 34, 12, 14, 13, 15, 18, 20, 19, 17, 16, 7, 6, 5, 
15, 13, 14, 12, 19, 33, 31, 32, 11, 8, 10, 9, 29, 5, 7, 6, 30, 27, 28, 3, 1, 2, 36, 37, 39, 38, 41, 42, 40, 26, 24, 25, 21, 23, 22, 35, 0, 4, 16, 17, 34, 20, 18, 
20, 19, 17, 16, 7, 6, 24, 4, 0, 35, 23, 22, 21, 25, 5, 26, 42, 40, 41, 38, 39, 37, 36, 2, 1, 3, 28, 27, 30, 29, 9, 10, 8, 11, 32, 31, 33, 34, 12, 14, 13, 15, 18, 
20, 19, 17, 16, 4, 0, 35, 22, 23, 21, 25, 24, 26, 42, 40, 41, 38, 39, 37, 36, 2, 1, 3, 28, 29, 8, 11, 32, 31, 33, 34, 12, 14, 13, 15, 18, 30, 27, 10, 9, 7, 6, 5, 
36, 2, 1, 3, 28, 27, 30, 6, 4, 0, 35, 22, 23, 21, 25, 24, 26, 40, 42, 41, 38, 39, 37, 14, 18, 15, 13, 20, 19, 17, 16, 7, 5, 29, 9, 10, 8, 11, 32, 31, 33, 34, 12, 
4, 0, 35, 23, 22, 21, 25, 24, 26, 42, 40, 41, 38, 39, 37, 36, 2, 1, 3, 28, 27, 30, 29, 9, 10, 8, 11, 32, 31, 33, 34, 12, 19, 13, 15, 18, 20, 14, 17, 16, 7, 6, 5, 
9, 10, 34, 11, 32, 31, 33, 8, 13, 14, 12, 15, 18, 20, 19, 17, 16, 7, 5, 29, 24, 25, 21, 22, 23, 35, 0, 4, 27, 30, 6, 26, 42, 40, 41, 38, 39, 37, 36, 2, 1, 3, 28, 
29, 30, 27, 28, 3, 1, 2, 36, 37, 39, 38, 41, 42, 40, 26, 24, 25, 21, 22, 23, 35, 0, 4, 5, 6, 7, 16, 17, 19, 12, 18, 15, 13, 14, 20, 34, 33, 31, 32, 11, 8, 10, 9, 
13, 14, 12, 15, 18, 20, 19, 17, 16, 4, 0, 35, 23, 27, 28, 2, 1, 3, 36, 37, 39, 38, 41, 40, 42, 26, 24, 25, 21, 22, 32, 31, 33, 34, 30, 6, 7, 5, 11, 8, 10, 9, 29, 
19, 20, 18, 15, 13, 14, 12, 34, 33, 31, 32, 11, 8, 10, 9, 29, 28, 3, 1, 2, 36, 37, 39, 38, 41, 40, 42, 26, 24, 25, 21, 23, 22, 35, 0, 4, 16, 17, 6, 7, 5, 30, 27, 
14, 12, 27, 33, 31, 32, 11, 8, 30, 9, 29, 10, 34, 28, 3, 1, 2, 36, 37, 39, 38, 41, 40, 42, 13, 24, 25, 21, 22, 23, 35, 0, 4, 5, 6, 7, 16, 17, 19, 20, 18, 15, 26, 
13, 15, 18, 9, 19, 17, 16, 4, 0, 35, 22, 23, 21, 25, 24, 26, 40, 42, 41, 38, 39, 37, 36, 2, 1, 3, 28, 27, 30, 6, 11, 32, 31, 5, 29, 20, 10, 8, 34, 12, 14, 7, 33, 
21, 25, 24, 26, 42, 40, 41, 38, 39, 37, 36, 3, 1, 2, 28, 27, 30, 29, 9, 10, 8, 11, 32, 31, 33, 34, 12, 14, 13, 15, 18, 20, 19, 17, 16, 7, 6, 4, 0, 35, 23, 22, 5, 
13, 14, 12, 34, 33, 31, 32, 11, 8, 10, 9, 6, 30, 27, 28, 3, 1, 2, 36, 37, 39, 38, 41, 40, 42, 26, 24, 25, 21, 22, 23, 35, 0, 4, 19, 29, 7, 16, 17, 5, 20, 18, 15, 
3, 28, 27, 30, 29, 9, 10, 8, 11, 32, 31, 33, 34, 12, 14, 13, 15, 18, 20, 19, 17, 16, 7, 5, 2, 1, 26, 42, 40, 41, 38, 39, 37, 36, 25, 24, 23, 22, 35, 0, 4, 6, 21, 
1, 2, 36, 37, 39, 38, 41, 42, 40, 26, 24, 31, 21, 22, 23, 35, 0, 4, 16, 17, 19, 20, 18, 15, 13, 14, 12, 34, 33, 25, 9, 11, 8, 10, 32, 29, 30, 27, 28, 3, 6, 5, 7, 
1, 2, 36, 37, 39, 38, 41, 42, 40, 26, 24, 25, 21, 22, 23, 35, 0, 4, 16, 28, 19, 20, 18, 15, 13, 14, 12, 34, 33, 31, 9, 11, 8, 10, 32, 29, 30, 27, 17, 3, 6, 5, 7, 
27, 28, 2, 1, 3, 36, 37, 39, 38, 41, 40, 42, 26, 24, 25, 21, 22, 32, 31, 33, 34, 12, 14, 13, 15, 18, 20, 19, 17, 30, 7, 5, 4, 0, 35, 23, 10, 8, 11, 9, 29, 16, 6, 
1, 2, 36, 37, 39, 38, 41, 42, 40, 26, 24, 25, 21, 22, 23, 35, 0, 4, 16, 7, 5, 29, 9, 10, 8, 11, 32, 31, 33, 12, 34, 14, 27, 30, 6, 20, 19, 17, 13, 15, 18, 3, 28, 
30, 27, 28, 3, 1, 2, 36, 37, 39, 38, 41, 42, 40, 26, 24, 25, 21, 22, 23, 35, 6, 4, 5, 0, 7, 16, 17, 19, 20, 18, 15, 13, 14, 12, 34, 33, 31, 32, 11, 8, 10, 9, 29, 
42, 40, 41, 38, 39, 37, 36, 2, 1, 3, 28, 27, 30, 29, 32, 10, 8, 11, 9, 31, 33, 34, 12, 14, 13, 15, 18, 20, 19, 17, 16, 7, 21, 5, 4, 0, 35, 23, 22, 6, 25, 24, 26, 
0, 35, 23, 22, 21, 25, 24, 26, 40, 42, 41, 38, 39, 37, 36, 2, 1, 3, 28, 27, 8, 6, 4, 16, 7, 5, 29, 9, 10, 30, 11, 32, 31, 33, 34, 12, 14, 13, 15, 18, 20, 19, 17, 
8, 37, 19, 20, 18, 15, 13, 14, 12, 36, 33, 31, 32, 11, 16, 6, 9, 29, 5, 7, 10, 30, 27, 28, 3, 1, 2, 34, 17, 39, 38, 41, 40, 42, 26, 24, 25, 21, 22, 23, 35, 0, 4, 
14, 12, 34, 33, 6, 31, 32, 11, 8, 10, 9, 29, 22, 27, 28, 3, 1, 2, 36, 37, 39, 38, 41, 40, 42, 26, 24, 25, 21, 30, 23, 35, 0, 4, 5, 7, 16, 17, 19, 15, 18, 20, 13, 
22, 21, 25, 24, 26, 42, 40, 41, 38, 39, 37, 36, 2, 0, 4, 1, 35, 10, 9, 29, 5, 7, 16, 17, 19, 20, 18, 15, 13, 14, 12, 34, 33, 31, 32, 11, 8, 23, 28, 27, 30, 3, 6, 
30, 29, 32, 10, 8, 11, 14, 12, 34, 33, 31, 18, 15, 13, 9, 7, 6, 19, 4, 0, 35, 23, 22, 21, 25, 24, 17, 42, 40, 41, 38, 39, 37, 36, 2, 1, 3, 28, 27, 16, 26, 5, 20, 
14, 12, 11, 33, 18, 32, 34, 8, 6, 9, 29, 30, 27, 28, 3, 1, 2, 36, 37, 39, 38, 41, 40, 42, 20, 24, 25, 21, 22, 23, 35, 0, 4, 5, 10, 7, 16, 17, 19, 26, 31, 15, 13, 
14, 13, 15, 18, 20, 19, 17, 16, 7, 5, 6, 4, 0, 35, 23, 29, 21, 25, 24, 26, 40, 42, 41, 38, 39, 37, 36, 2, 1, 3, 28, 27, 30, 34, 12, 8, 11, 32, 31, 33, 10, 9, 22, 
30, 27, 28, 3, 1, 2, 36, 37, 39, 38, 41, 42, 40, 26, 24, 25, 21, 22, 23, 35, 0, 18, 6, 5, 7, 16, 17, 19, 20, 4, 15, 13, 14, 12, 34, 33, 31, 32, 11, 8, 10, 9, 29, 
1, 2, 36, 37, 39, 38, 41, 42, 40, 26, 24, 25, 21, 22, 23, 12, 0, 4, 16, 17, 19, 20, 18, 15, 13, 14, 35, 34, 33, 31, 9, 11, 8, 10, 32, 29, 30, 27, 28, 3, 6, 5, 7, 
4, 0, 35, 23, 33, 21, 25, 24, 26, 42, 40, 41, 38, 39, 37, 36, 2, 1, 3, 28, 27, 30, 29, 9, 10, 8, 11, 32, 31, 22, 34, 12, 14, 13, 15, 18, 20, 19, 17, 16, 7, 6, 5, 
19, 17, 16, 7, 5, 29, 9, 10, 8, 11, 32, 31, 33, 34, 13, 14, 12, 15, 18, 20, 27, 30, 6, 22, 21, 25, 24, 26, 42, 40, 41, 38, 39, 37, 36, 2, 1, 3, 28, 0, 35, 23, 4, 
14, 23, 15, 18, 20, 19, 17, 16, 7, 5, 6, 4, 0, 35, 13, 22, 21, 25, 24, 26, 40, 42, 41, 38, 39, 37, 36, 2, 1, 3, 28, 27, 30, 34, 12, 8, 11, 32, 31, 33, 10, 9, 29, 
42, 40, 41, 38, 39, 23, 20, 2, 1, 3, 28, 27, 30, 29, 32, 31, 8, 11, 9, 10, 33, 34, 12, 14, 13, 15, 18, 36, 19, 17, 16, 7, 6, 5, 4, 0, 35, 37, 25, 21, 22, 24, 26, 
32, 31, 33, 34, 12, 14, 13, 15, 18, 20, 19, 21, 16, 7, 6, 30, 27, 28, 3, 1, 2, 36, 37, 39, 38, 41, 42, 40, 26, 24, 25, 17, 22, 23, 35, 0, 4, 5, 29, 9, 10, 8, 11, 
41, 38, 39, 37, 36, 2, 1, 3, 28, 27, 30, 6, 7, 16, 17, 19, 20, 18, 15, 13, 14, 12, 34, 33, 31, 9, 11, 8, 10, 32, 29, 42, 40, 26, 24, 25, 21, 22, 23, 35, 0, 4, 5, 
39, 37, 36, 2, 1, 3, 28, 27, 30, 29, 32, 10, 8, 11, 9, 31, 33, 34, 12, 14, 13, 15, 18, 20, 19, 17, 16, 4, 0, 35, 23, 22, 21, 25, 24, 26, 40, 42, 41, 38, 7, 5, 6, 
16, 17, 19, 20, 18, 15, 13, 14, 12, 34, 33, 31, 32, 11, 8, 10, 9, 29, 5, 39, 6, 30, 27, 28, 3, 1, 2, 36, 37, 7, 38, 41, 40, 42, 26, 24, 25, 21, 22, 23, 35, 0, 4, 
40, 41, 38, 39, 37, 36, 3, 1, 2, 28, 27, 30, 29, 33, 34, 12, 4, 0, 35, 23, 22, 21, 25, 24, 26, 42, 13, 15, 18, 20, 19, 17, 16, 7, 5, 6, 31, 32, 11, 8, 10, 9, 14, 
20, 19, 17, 16, 7, 6, 5, 4, 0, 35, 23, 22, 21, 25, 24, 26, 42, 40, 41, 38, 29, 37, 36, 2, 1, 3, 28, 27, 30, 39, 9, 10, 8, 11, 32, 31, 33, 34, 12, 14, 13, 15, 18, 
26, 15, 18, 20, 19, 17, 16, 4, 0, 35, 22, 23, 21, 25, 24, 13, 42, 41, 38, 39, 37, 36, 2, 1, 3, 28, 27, 30, 6, 5, 29, 9, 10, 8, 11, 32, 31, 33, 34, 12, 14, 7, 40, 
37, 36, 2, 1, 3, 28, 27, 30, 6, 7, 16, 4, 0, 35, 23, 22, 21, 25, 24, 26, 42, 41, 38, 39, 15, 13, 14, 12, 34, 33, 31, 9, 11, 8, 10, 32, 29, 5, 17, 19, 20, 18, 40, 
8, 11, 32, 31, 33, 34, 12, 14, 13, 15, 18, 20, 19, 17, 16, 7, 6, 5, 4, 0, 35, 23, 22, 21, 25, 24, 26, 40, 41, 38, 39, 37, 36, 2, 1, 3, 9, 27, 10, 28, 29, 30, 42, 
Tiempo de ejecucion (total): 1.061
Best fitness a lo largo del tiempo: 
17103, 16969, 11887, 11477, 6623, 6457, 6272, 6202, 6151, 6148, 6075, 6059, 6046, 6005, 5967, 5967, 5892, 5892, 5892, 5885, 5885, 5874, 5826, 5826, 5824, 5814, 5806, 5804, 5802, 5794, 5794, 5778, 5778, 5778, 5773, 5773, 5773, 5756, 5756, 5756, 5756, 5756, 5745, 5745, 5745, 5745, 5745, 5745, 5745, 5745, 5745, 5742, 5739, 5733, 5732, 5721, 5721, 5713, 5713, 5713, 5711, 5711, 5705, 5705, 5701, 5701, 5701, 5701, 5701, 5701, 5701, 5701, 5696, 5696, 5696, 5696, 5696, 5696, 5696, 5668, 5668, 5668, 5668, 5668, 5668, 5668, 5664, 5664, 5664, 5656, 5656, 5656, 5654, 5654, 5654, 5652, 5652, 5652, 5652, 5652, 5652, 5652, 5652, 5646, 5646, 5646, 5646, 5646, 5646, 5646, 5646, 5646, 5646, 5646, 5646, 5646, 5646, 5646, 5646, 5644, 5644, 5644, 5644, 5644, 5644, 5642, 5642, 5642, 5642, 5642, 5642, 5640, 5640, 5640, 5640, 5640, 5640, 5640, 5640, 5640, 5640, 5640, 5640, 5640, 5640, 5640, 5638, 5638, 5638, 5634, 5634, 5634, 5632, 5632, 5632, 5632, 5632, 5632, 5632, 5632, 5632, 5630, 5630, 5630, 5630, 5626, 5626, 5626, 5626, 5626, 5626, 5626, 5626, 5626, 5626, 5626, 5626, 5626, 5626, 5626, 5626, 5624, 5624, 5624, 5624, 5624, 5624, 5624, 5624, 5624, 5624, 5624, 5624, 5624, 5624, 5624, 5624, 5624, 5624, 5624, 5624, 5624, 5624, 5624, 5624, 5624, 5624, 5624, 5624, 5624, 5624, 5624, 5624, 5624, 5624, 5624, 5624, 5624, 5624, 5624, 5624, 5624, 5624, 5624, 5624, 5624, 5624, 5624, 5624, 5624, 5622, 5622, 5622, 5622, 5622, 5622, 5622, 5622, 5622, 5622, 5622, 5622, 5622, 5622, 5622, 5622, 5622, 5622, 5622, 5620, 
Fitness promedio a lo largo del tiempo: 
21463, 18442, 16499, 15093, 13366, 11900, 9320, 6836, 6942, 7606, 7240, 7335, 7080, 7222, 6862, 7429, 7352, 7660, 6904, 6759, 7062, 6346, 6529, 7402, 6235, 6335, 6715, 6552, 6777, 6643, 6494, 7498, 7521, 6760, 6670, 6931, 7436, 6819, 6833, 6942, 6945, 6854, 6719, 6454, 6883, 6667, 7205, 6956, 7165, 6883, 7610, 5996, 6578, 6794, 7073, 6030, 7160, 6564, 7127, 6529, 7158, 7593, 6951, 7870, 6722, 6785, 7426, 7284, 7394, 7174, 6479, 7073, 6866, 7330, 6770, 6252, 6789, 5817, 5880, 7533, 6337, 7173, 6531, 7305, 6600, 7017, 5743, 6045, 6628, 5838, 6070, 6918, 6782, 6828, 6600, 5972, 6868, 6207, 6951, 6161, 5919, 6224, 6280, 6458, 7299, 6033, 6927, 6756, 5743, 5905, 6282, 7148, 6725, 6665, 6686, 6269, 6480, 6233, 6560, 6496, 7131, 6408, 7471, 6808, 6861, 6366, 6788, 6434, 6314, 6500, 6239, 5971, 6209, 7031, 6927, 6730, 6611, 6592, 6547, 5730, 6104, 7070, 6620, 5819, 5723, 6265, 6915, 6209, 6855, 6371, 6086, 5858, 5860, 6996, 6252, 6098, 6601, 7111, 6955, 6833, 6601, 6540, 5932, 6399, 6715, 6580, 5756, 6972, 7087, 6577, 6545, 5725, 6363, 5833, 7373, 6716, 6253, 7389, 7408, 6207, 6682, 6287, 6131, 5942, 6663, 6824, 6354, 5682, 5703, 6303, 5865, 6708, 6148, 5985, 6313, 6572, 6792, 5923, 6673, 6110, 5686, 5677, 6227, 6740, 6276, 5854, 6841, 6063, 6178, 6211, 6835, 5840, 5966, 5965, 5681, 6389, 6561, 6829, 6507, 6227, 6458, 5793, 5934, 6621, 6578, 5959, 6114, 6579, 5700, 6114, 6218, 6873, 6407, 7585, 6195, 5713, 7009, 7087, 6075, 5809, 5813, 6830, 6790, 5867, 5862, 6564, 6944, 6593, 6136, 
Mejor solucion obtenida: 6, 7, 5, 29, 30, 27, 28, 3, 1, 2, 36, 37, 39, 38, 41, 40, 42, 26, 24, 25, 21, 22, 23, 35, 0, 4, 16, 17, 19, 20, 18, 15, 13, 14, 12, 34, 33, 31, 32, 11, 8, 10, 9, || Fitness: 5620;