Archivo Usado: p43.atsp
Tamaño de la Poblacion: 100
Reemplazo por Generacion: 5
Tamaño de los Torneos: 8
Cantidad de ciudades: 43
Probabilidad de cruce: 75000
Probabilidad mutacion simple: 18000
Probabilidad mutacion compleja: 25000
Cruces minimos de la mutacion compleja: 4
Iteraciones ejecutadas: 10000
Largo del cruce PMX: 6
Operador de Cruce: 0
Metodo seleccion de Padres: 0
Operador de Mutacion: 0
Metodo seleccion de Supervivientes: 1
Cantidad de threads a usar: 16
6, 30, 28, 27, 1, 3, 2, 36, 37, 38, 39, 40, 41, 42, 26, 25, 24, 21, 23, 22, 35, 0, 4, 16, 20, 18, 19, 15, 17, 12, 13, 14, 34, 33, 32, 31, 11, 9, 8, 10, 7, 5, 29, 
6, 30, 28, 27, 1, 3, 2, 36, 37, 38, 39, 40, 41, 42, 26, 25, 24, 21, 23, 22, 35, 0, 4, 16, 18, 20, 19, 15, 17, 12, 13, 14, 34, 33, 32, 31, 11, 9, 8, 10, 7, 5, 29, 
30, 28, 27, 1, 3, 2, 36, 37, 38, 39, 40, 41, 42, 26, 25, 24, 21, 23, 22, 35, 0, 4, 16, 18, 20, 19, 17, 15, 12, 13, 14, 34, 33, 32, 31, 11, 9, 8, 10, 7, 5, 29, 6, 
0, 4, 16, 18, 20, 19, 17, 15, 12, 13, 14, 34, 33, 32, 31, 11, 9, 8, 10, 7, 5, 29, 6, 30, 28, 27, 1, 3, 2, 36, 37, 38, 39, 40, 41, 42, 26, 25, 24, 21, 23, 22, 35, 
36, 37, 38, 39, 40, 41, 42, 26, 25, 24, 21, 23, 22, 35, 0, 4, 16, 18, 20, 19, 15, 17, 12, 13, 14, 34, 33, 32, 31, 11, 9, 8, 10, 7, 5, 29, 6, 30, 28, 27, 1, 3, 2, 
7, 5, 29, 30, 28, 27, 1, 3, 2, 36, 37, 38, 39, 40, 41, 42, 26, 25, 24, 21, 23, 22, 35, 0, 4, 16, 20, 18, 19, 17, 15, 12, 13, 14, 34, 33, 32, 31, 11, 9, 8, 10, 6, 
17, 15, 12, 13, 14, 34, 33, 32, 31, 11, 9, 8, 10, 7, 5, 29, 6, 30, 28, 27, 1, 3, 2, 36, 37, 38, 39, 40, 41, 42, 26, 25, 24, 21, 23, 22, 35, 0, 4, 16, 18, 20, 19, 
21, 23, 22, 35, 0, 4, 16, 18, 20, 19, 15, 17, 12, 13, 14, 34, 33, 32, 31, 11, 9, 8, 10, 7, 5, 29, 6, 30, 28, 27, 1, 3, 2, 36, 37, 38, 39, 40, 41, 42, 26, 25, 24, 
16, 18, 20, 19, 15, 17, 12, 13, 14, 34, 33, 32, 31, 11, 9, 8, 10, 7, 5, 29, 6, 30, 28, 27, 1, 3, 2, 36, 37, 38, 39, 40, 41, 42, 26, 25, 24, 21, 23, 22, 35, 0, 4, 
33, 32, 31, 11, 9, 8, 10, 7, 5, 29, 6, 30, 28, 27, 1, 3, 2, 36, 37, 38, 39, 40, 41, 42, 26, 25, 24, 21, 23, 22, 35, 0, 4, 16, 18, 20, 19, 15, 17, 12, 13, 14, 34, 
18, 20, 19, 15, 17, 12, 13, 14, 34, 33, 32, 31, 11, 9, 8, 10, 7, 5, 29, 6, 30, 28, 27, 1, 3, 2, 36, 37, 38, 39, 40, 41, 42, 26, 25, 24, 21, 23, 22, 35, 0, 4, 16, 
4, 16, 18, 20, 19, 17, 15, 12, 13, 14, 34, 33, 32, 31, 11, 9, 8, 10, 7, 5, 29, 6, 30, 28, 27, 1, 3, 2, 36, 37, 38, 39, 40, 41, 42, 26, 25, 24, 21, 23, 22, 35, 0, 
19, 17, 15, 12, 13, 14, 34, 33, 32, 31, 11, 9, 8, 10, 7, 5, 29, 6, 30, 28, 27, 1, 3, 2, 36, 37, 38, 39, 40, 41, 42, 26, 25, 24, 21, 23, 22, 35, 0, 4, 16, 18, 20, 
31, 11, 9, 8, 10, 7, 5, 29, 6, 30, 28, 27, 1, 3, 2, 36, 37, 38, 39, 40, 41, 42, 26, 25, 24, 21, 23, 22, 35, 0, 4, 16, 18, 20, 19, 15, 17, 12, 13, 14, 34, 33, 32, 
0, 4, 16, 18, 20, 19, 17, 15, 12, 13, 14, 34, 33, 32, 31, 11, 9, 8, 10, 7, 5, 29, 6, 30, 28, 27, 1, 3, 2, 36, 37, 38, 39, 40, 41, 42, 26, 25, 24, 21, 23, 22, 35, 
16, 18, 20, 19, 15, 17, 12, 13, 14, 34, 33, 32, 31, 11, 9, 8, 10, 7, 5, 29, 6, 30, 28, 27, 1, 3, 2, 36, 37, 38, 39, 42, 41, 40, 26, 25, 24, 21, 23, 22, 35, 0, 4, 
39, 40, 41, 42, 26, 25, 24, 21, 23, 22, 35, 0, 4, 16, 18, 20, 19, 15, 17, 12, 13, 14, 34, 33, 32, 31, 11, 9, 8, 10, 7, 5, 29, 6, 30, 28, 27, 1, 3, 2, 36, 37, 38, 
42, 26, 25, 24, 21, 23, 22, 35, 0, 4, 16, 20, 18, 19, 15, 17, 12, 13, 14, 34, 33, 32, 31, 11, 9, 8, 10, 7, 5, 29, 6, 30, 28, 27, 1, 3, 2, 36, 37, 38, 39, 40, 41, 
0, 35, 22, 23, 21, 24, 25, 26, 42, 41, 40, 39, 38, 37, 36, 2, 3, 1, 27, 28, 30, 6, 29, 5, 7, 10, 8, 9, 11, 31, 32, 33, 34, 14, 13, 12, 17, 15, 19, 20, 18, 16, 4, 
32, 33, 34, 14, 13, 12, 17, 15, 19, 20, 18, 16, 4, 0, 35, 22, 23, 21, 24, 25, 26, 42, 41, 40, 39, 38, 37, 36, 2, 3, 1, 27, 28, 30, 6, 29, 5, 7, 10, 8, 9, 11, 31, 
4, 0, 35, 22, 23, 21, 24, 25, 26, 42, 41, 40, 39, 38, 37, 36, 2, 3, 1, 27, 28, 30, 6, 29, 5, 7, 9, 8, 10, 11, 31, 32, 33, 34, 14, 13, 12, 17, 15, 19, 20, 18, 16, 
13, 12, 17, 15, 19, 20, 18, 16, 4, 0, 35, 22, 23, 21, 24, 25, 26, 42, 41, 40, 39, 38, 37, 36, 2, 3, 1, 27, 28, 30, 6, 29, 5, 7, 10, 8, 9, 11, 31, 32, 34, 33, 14, 
40, 39, 38, 37, 36, 2, 3, 1, 27, 28, 30, 6, 29, 5, 7, 10, 8, 9, 11, 31, 32, 33, 34, 14, 13, 12, 17, 15, 19, 20, 18, 16, 4, 0, 35, 22, 23, 21, 24, 25, 26, 42, 41, 
29, 5, 7, 10, 8, 9, 11, 31, 32, 34, 33, 14, 13, 12, 17, 15, 19, 18, 20, 16, 4, 0, 35, 22, 23, 21, 24, 25, 26, 42, 41, 40, 39, 38, 37, 36, 2, 3, 1, 27, 28, 30, 6, 
29, 5, 7, 10, 8, 9, 11, 31, 32, 34, 33, 14, 13, 12, 17, 15, 19, 18, 20, 16, 4, 0, 35, 22, 23, 21, 24, 25, 26, 42, 41, 40, 39, 38, 37, 36, 2, 3, 1, 27, 28, 30, 6, 
2, 3, 1, 27, 28, 30, 6, 29, 5, 7, 10, 8, 9, 11, 31, 32, 33, 34, 14, 13, 12, 17, 15, 19, 20, 18, 16, 4, 0, 35, 22, 23, 21, 24, 25, 26, 42, 41, 40, 39, 38, 37, 36, 
36, 2, 3, 1, 27, 28, 30, 6, 29, 5, 7, 10, 8, 9, 11, 31, 32, 33, 34, 14, 13, 12, 17, 15, 19, 20, 18, 16, 4, 0, 35, 22, 23, 21, 24, 25, 26, 42, 41, 40, 39, 38, 37, 
30, 6, 29, 5, 7, 10, 8, 9, 11, 31, 32, 33, 34, 14, 13, 12, 17, 15, 19, 20, 18, 16, 4, 0, 35, 22, 23, 21, 24, 25, 26, 42, 41, 40, 39, 38, 37, 36, 2, 3, 1, 27, 28, 
15, 19, 18, 20, 16, 4, 0, 35, 22, 23, 21, 24, 25, 26, 42, 41, 40, 39, 38, 37, 36, 2, 3, 1, 27, 28, 30, 6, 29, 5, 7, 10, 8, 9, 11, 31, 32, 34, 33, 14, 13, 12, 17, 
22, 23, 21, 24, 25, 26, 42, 41, 40, 39, 38, 37, 36, 2, 3, 1, 27, 28, 30, 6, 29, 5, 7, 10, 8, 9, 11, 31, 32, 33, 34, 14, 13, 12, 15, 17, 19, 20, 18, 16, 4, 0, 35, 
33, 34, 14, 13, 12, 17, 15, 19, 20, 18, 16, 4, 0, 35, 22, 23, 21, 24, 25, 26, 42, 41, 40, 39, 38, 37, 36, 2, 3, 1, 27, 28, 30, 6, 29, 5, 7, 10, 8, 9, 11, 31, 32, 
2, 3, 1, 27, 28, 30, 6, 29, 5, 7, 10, 8, 9, 11, 31, 32, 33, 34, 14, 13, 12, 17, 15, 19, 20, 18, 16, 4, 0, 35, 22, 23, 21, 24, 25, 26, 42, 41, 40, 39, 38, 37, 36, 
13, 12, 17, 15, 19, 18, 20, 16, 4, 0, 35, 22, 23, 21, 25, 24, 26, 42, 41, 40, 39, 38, 37, 36, 2, 3, 1, 27, 28, 30, 6, 29, 5, 7, 10, 8, 9, 11, 31, 32, 34, 33, 14, 
39, 38, 37, 36, 2, 3, 1, 27, 28, 30, 6, 29, 5, 7, 10, 8, 9, 11, 31, 32, 34, 33, 14, 13, 12, 17, 15, 19, 18, 20, 16, 4, 0, 35, 22, 23, 21, 24, 25, 26, 42, 41, 40, 
1, 27, 28, 30, 6, 29, 5, 7, 10, 8, 9, 11, 31, 32, 34, 33, 14, 13, 12, 17, 15, 19, 18, 20, 16, 4, 0, 35, 22, 23, 21, 24, 25, 26, 42, 41, 40, 39, 38, 37, 36, 2, 3, 
27, 28, 30, 6, 29, 5, 7, 10, 8, 9, 11, 31, 32, 33, 34, 14, 13, 12, 17, 15, 19, 20, 18, 16, 4, 0, 35, 22, 23, 21, 24, 25, 26, 42, 41, 40, 39, 38, 37, 36, 2, 3, 1, 
2, 3, 1, 27, 28, 30, 6, 29, 5, 7, 9, 8, 10, 11, 31, 32, 33, 34, 14, 13, 12, 17, 15, 19, 20, 18, 16, 4, 0, 35, 22, 23, 21, 24, 25, 26, 42, 41, 40, 39, 38, 37, 36, 
10, 8, 9, 11, 31, 32, 33, 34, 14, 13, 12, 17, 15, 19, 20, 18, 16, 4, 0, 35, 22, 23, 21, 24, 25, 26, 42, 41, 40, 39, 38, 37, 36, 2, 3, 1, 27, 28, 30, 6, 29, 5, 7, 
22, 23, 21, 24, 25, 26, 42, 41, 40, 39, 38, 37, 36, 2, 3, 1, 27, 28, 30, 6, 29, 5, 7, 10, 8, 9, 11, 31, 32, 33, 34, 14, 13, 12, 17, 15, 19, 20, 18, 16, 4, 0, 35, 
10, 8, 9, 11, 31, 32, 33, 34, 14, 13, 12, 17, 15, 19, 20, 18, 16, 4, 0, 35, 22, 23, 21, 24, 25, 26, 42, 41, 40, 39, 38, 37, 36, 2, 3, 1, 27, 28, 30, 6, 29, 5, 7, 
35, 22, 23, 21, 24, 25, 26, 42, 41, 40, 39, 38, 37, 36, 2, 3, 1, 27, 28, 30, 6, 29, 5, 7, 10, 8, 9, 11, 31, 32, 33, 13, 14, 34, 12, 17, 15, 19, 20, 18, 16, 4, 0, 
17, 15, 19, 20, 18, 16, 4, 0, 35, 22, 23, 21, 24, 25, 26, 42, 41, 40, 39, 38, 37, 36, 2, 3, 1, 27, 28, 30, 6, 29, 5, 7, 10, 8, 9, 11, 31, 32, 33, 13, 12, 34, 14, 
6, 34, 28, 27, 1, 3, 2, 36, 37, 38, 39, 40, 41, 42, 26, 25, 24, 21, 23, 22, 35, 0, 4, 16, 20, 18, 19, 15, 17, 12, 13, 14, 33, 30, 32, 31, 11, 9, 8, 10, 7, 5, 29, 
14, 34, 33, 32, 31, 11, 9, 8, 10, 7, 5, 29, 6, 30, 28, 27, 1, 3, 2, 36, 37, 38, 39, 40, 41, 42, 26, 25, 24, 21, 23, 22, 35, 0, 4, 16, 15, 17, 12, 13, 19, 20, 18, 
9, 7, 10, 8, 5, 11, 31, 32, 33, 34, 14, 13, 12, 17, 15, 19, 20, 18, 16, 4, 0, 35, 22, 23, 21, 24, 25, 26, 42, 41, 40, 39, 38, 37, 36, 2, 3, 1, 27, 28, 30, 6, 29, 
14, 13, 12, 17, 15, 19, 18, 20, 16, 4, 0, 35, 22, 23, 21, 24, 25, 26, 42, 41, 40, 39, 38, 37, 36, 2, 3, 1, 27, 28, 30, 6, 29, 5, 7, 10, 8, 11, 31, 32, 34, 33, 9, 
23, 0, 4, 16, 15, 19, 20, 18, 17, 12, 13, 14, 34, 33, 32, 31, 11, 9, 8, 10, 7, 5, 29, 6, 30, 28, 27, 1, 3, 2, 36, 37, 38, 39, 40, 41, 42, 26, 25, 24, 21, 35, 22, 
2, 3, 1, 27, 28, 30, 6, 9, 11, 31, 32, 34, 33, 14, 13, 12, 17, 15, 19, 18, 20, 16, 4, 0, 35, 22, 23, 21, 24, 25, 26, 42, 41, 40, 39, 38, 37, 36, 5, 7, 10, 8, 29, 
12, 17, 15, 19, 20, 18, 16, 4, 0, 35, 22, 23, 21, 24, 25, 26, 42, 41, 40, 39, 38, 37, 36, 2, 3, 29, 27, 28, 30, 6, 1, 5, 7, 10, 8, 9, 11, 31, 32, 33, 34, 14, 13, 
36, 37, 38, 39, 40, 41, 42, 26, 25, 24, 21, 23, 22, 35, 0, 4, 16, 18, 20, 19, 15, 17, 11, 13, 14, 34, 33, 32, 31, 12, 9, 8, 10, 7, 5, 29, 6, 30, 28, 27, 1, 3, 2, 
37, 36, 2, 3, 1, 27, 28, 14, 6, 29, 5, 7, 10, 8, 9, 11, 31, 32, 33, 34, 30, 13, 12, 17, 15, 19, 20, 18, 16, 4, 0, 35, 22, 23, 21, 24, 25, 26, 42, 41, 40, 39, 38, 
13, 12, 17, 15, 16, 4, 0, 35, 22, 23, 21, 24, 25, 26, 42, 41, 40, 39, 38, 37, 36, 2, 3, 1, 27, 28, 30, 6, 29, 5, 7, 9, 8, 10, 11, 31, 32, 33, 34, 14, 18, 20, 19, 
8, 9, 11, 31, 32, 33, 34, 14, 13, 12, 15, 17, 19, 20, 18, 16, 4, 0, 35, 22, 23, 21, 24, 25, 26, 42, 41, 40, 39, 38, 37, 36, 2, 3, 1, 6, 28, 30, 29, 5, 7, 27, 10, 
7, 10, 8, 9, 11, 31, 32, 13, 33, 14, 34, 12, 17, 15, 16, 4, 0, 35, 22, 23, 21, 24, 25, 26, 42, 41, 40, 39, 38, 37, 36, 2, 3, 1, 27, 28, 30, 6, 29, 5, 18, 20, 19, 
17, 15, 19, 20, 18, 16, 4, 0, 35, 22, 23, 21, 24, 25, 26, 42, 41, 39, 40, 38, 37, 36, 2, 3, 1, 27, 28, 30, 6, 29, 5, 7, 10, 8, 9, 11, 31, 32, 33, 34, 14, 13, 12, 
6, 30, 28, 27, 1, 3, 2, 36, 37, 38, 39, 40, 41, 42, 26, 25, 24, 21, 23, 22, 35, 0, 4, 16, 20, 18, 19, 29, 17, 12, 13, 14, 34, 33, 32, 31, 11, 9, 8, 10, 7, 5, 15, 
12, 17, 15, 19, 20, 18, 16, 4, 0, 35, 22, 23, 21, 24, 25, 26, 42, 41, 40, 39, 38, 37, 36, 2, 3, 1, 27, 28, 30, 6, 29, 5, 7, 10, 8, 9, 13, 31, 32, 33, 34, 14, 11, 
16, 4, 0, 35, 22, 23, 21, 24, 25, 26, 42, 41, 40, 39, 38, 37, 9, 2, 3, 1, 27, 28, 30, 6, 29, 5, 7, 10, 8, 36, 11, 31, 32, 33, 34, 14, 13, 12, 15, 17, 19, 20, 18, 
6, 30, 28, 27, 1, 3, 2, 36, 31, 38, 39, 40, 41, 42, 26, 25, 24, 21, 23, 22, 35, 0, 4, 16, 20, 18, 19, 15, 17, 12, 13, 14, 34, 33, 32, 37, 11, 9, 8, 10, 7, 5, 29, 
25, 26, 42, 41, 40, 39, 38, 37, 36, 2, 3, 1, 27, 28, 30, 6, 29, 5, 7, 10, 8, 9, 17, 31, 32, 33, 34, 14, 13, 12, 11, 15, 19, 18, 20, 16, 4, 0, 35, 22, 23, 21, 24, 
20, 19, 15, 17, 7, 5, 29, 6, 30, 28, 27, 1, 3, 2, 36, 37, 38, 39, 40, 41, 42, 26, 25, 24, 21, 23, 22, 35, 0, 4, 16, 18, 9, 8, 10, 12, 13, 14, 34, 33, 32, 31, 11, 
5, 7, 10, 8, 9, 11, 31, 32, 33, 34, 14, 1, 12, 17, 15, 19, 20, 18, 16, 4, 0, 35, 22, 23, 21, 24, 25, 26, 42, 41, 40, 39, 38, 37, 36, 2, 3, 13, 27, 28, 30, 6, 29, 
6, 30, 28, 27, 24, 3, 2, 36, 37, 38, 39, 40, 41, 42, 26, 25, 1, 21, 23, 22, 35, 0, 4, 16, 20, 18, 19, 15, 17, 12, 13, 14, 34, 33, 32, 31, 11, 9, 8, 10, 7, 5, 29, 
13, 12, 17, 15, 19, 20, 18, 16, 4, 27, 35, 22, 23, 21, 24, 25, 26, 42, 41, 40, 39, 38, 37, 36, 2, 3, 1, 0, 28, 30, 6, 29, 5, 7, 10, 8, 9, 11, 31, 32, 33, 34, 14, 
36, 37, 38, 39, 40, 41, 42, 26, 25, 24, 21, 23, 22, 35, 0, 4, 16, 18, 8, 19, 15, 17, 12, 13, 14, 34, 33, 32, 31, 11, 9, 20, 10, 7, 5, 29, 6, 30, 28, 27, 1, 3, 2, 
5, 7, 10, 8, 9, 11, 31, 32, 33, 34, 25, 13, 12, 17, 15, 19, 20, 18, 16, 4, 0, 35, 22, 23, 21, 24, 14, 26, 42, 41, 40, 39, 38, 37, 36, 2, 3, 1, 27, 28, 30, 6, 29, 
0, 35, 28, 23, 21, 24, 25, 26, 42, 41, 40, 39, 38, 37, 36, 2, 3, 1, 27, 22, 30, 6, 29, 5, 7, 10, 8, 9, 11, 31, 32, 33, 34, 14, 13, 12, 17, 15, 19, 20, 18, 16, 4, 
30, 6, 29, 5, 7, 10, 8, 9, 11, 31, 32, 34, 33, 14, 13, 12, 17, 15, 16, 4, 0, 35, 22, 23, 21, 24, 25, 26, 42, 41, 40, 39, 38, 37, 36, 2, 3, 1, 27, 28, 20, 19, 18, 
36, 37, 38, 39, 40, 41, 42, 26, 25, 24, 21, 23, 22, 35, 0, 4, 1, 18, 20, 19, 15, 17, 12, 13, 14, 34, 33, 32, 31, 11, 9, 8, 10, 7, 5, 29, 6, 30, 28, 27, 16, 3, 2, 
28, 30, 6, 29, 5, 7, 10, 8, 9, 11, 31, 32, 33, 34, 14, 13, 12, 15, 16, 4, 0, 35, 22, 23, 21, 24, 25, 26, 42, 41, 40, 39, 38, 37, 36, 2, 3, 1, 27, 17, 19, 20, 18, 
36, 37, 38, 39, 40, 41, 42, 26, 25, 7, 21, 23, 22, 35, 0, 4, 16, 18, 20, 19, 15, 17, 12, 13, 14, 34, 33, 32, 31, 11, 9, 8, 10, 24, 5, 29, 6, 30, 28, 27, 1, 3, 2, 
0, 35, 22, 23, 21, 14, 25, 26, 42, 41, 40, 39, 38, 37, 36, 2, 3, 1, 27, 28, 30, 6, 29, 5, 7, 10, 8, 9, 11, 31, 32, 33, 34, 24, 13, 12, 17, 15, 19, 20, 18, 16, 4, 
21, 24, 25, 26, 42, 41, 40, 39, 38, 37, 36, 2, 3, 1, 27, 28, 30, 29, 5, 7, 6, 10, 8, 9, 11, 31, 32, 33, 34, 14, 13, 12, 17, 15, 16, 18, 20, 19, 35, 0, 4, 23, 22, 
26, 42, 41, 40, 39, 38, 37, 36, 2, 3, 1, 27, 28, 30, 6, 29, 5, 7, 10, 8, 9, 11, 31, 32, 33, 34, 14, 13, 12, 15, 16, 4, 0, 35, 22, 23, 21, 24, 25, 19, 17, 18, 20, 
6, 30, 28, 27, 1, 3, 2, 36, 37, 38, 39, 40, 41, 42, 26, 15, 24, 21, 23, 22, 35, 0, 4, 16, 20, 18, 19, 25, 17, 12, 13, 14, 33, 34, 32, 31, 11, 9, 8, 10, 7, 5, 29, 
28, 30, 6, 29, 5, 7, 10, 8, 9, 11, 31, 32, 33, 13, 14, 34, 12, 17, 15, 16, 4, 0, 35, 22, 23, 21, 24, 25, 26, 42, 41, 40, 39, 38, 37, 36, 2, 3, 1, 27, 19, 20, 18, 
29, 30, 22, 0, 1, 3, 2, 36, 37, 38, 39, 40, 41, 42, 26, 25, 24, 21, 23, 28, 35, 27, 4, 16, 18, 20, 19, 15, 17, 12, 13, 14, 11, 33, 32, 31, 34, 9, 8, 10, 7, 5, 6, 
19, 18, 20, 16, 4, 10, 35, 22, 23, 21, 24, 25, 26, 42, 41, 40, 39, 38, 37, 36, 2, 3, 1, 27, 28, 30, 6, 29, 5, 7, 0, 8, 9, 11, 31, 32, 33, 34, 14, 13, 12, 17, 15, 
27, 28, 30, 6, 29, 5, 7, 10, 8, 9, 11, 31, 32, 33, 34, 14, 13, 12, 17, 18, 20, 15, 16, 4, 0, 35, 22, 23, 21, 24, 25, 26, 42, 41, 40, 39, 38, 37, 36, 2, 3, 1, 19, 
35, 0, 4, 16, 15, 19, 20, 18, 17, 12, 13, 14, 34, 33, 32, 31, 11, 22, 8, 10, 7, 5, 29, 6, 30, 28, 27, 1, 3, 2, 36, 37, 38, 39, 40, 41, 42, 26, 25, 24, 21, 23, 9, 
40, 41, 42, 26, 25, 24, 21, 23, 8, 35, 0, 4, 16, 18, 20, 19, 17, 15, 12, 13, 14, 34, 33, 32, 31, 11, 9, 22, 10, 7, 5, 29, 6, 30, 28, 27, 1, 3, 2, 36, 37, 38, 39, 
7, 10, 8, 9, 11, 31, 32, 33, 34, 14, 13, 12, 15, 17, 19, 20, 18, 16, 4, 0, 35, 22, 29, 21, 24, 25, 26, 42, 41, 40, 39, 38, 37, 36, 2, 3, 1, 27, 28, 30, 6, 23, 5, 
24, 14, 23, 22, 35, 0, 4, 16, 18, 20, 19, 15, 17, 12, 13, 21, 34, 33, 32, 31, 11, 10, 8, 9, 7, 5, 29, 6, 30, 28, 27, 1, 3, 2, 36, 37, 38, 39, 40, 41, 42, 26, 25, 
26, 42, 41, 40, 39, 38, 37, 36, 2, 3, 1, 27, 28, 30, 6, 29, 5, 7, 10, 8, 9, 11, 31, 32, 33, 21, 14, 13, 12, 17, 15, 19, 20, 18, 16, 4, 0, 35, 22, 23, 34, 24, 25, 
0, 35, 22, 23, 21, 24, 25, 26, 42, 41, 40, 39, 38, 37, 36, 2, 3, 1, 27, 28, 30, 6, 29, 5, 7, 10, 8, 9, 11, 31, 32, 33, 34, 14, 13, 12, 17, 15, 16, 4, 20, 19, 18, 
25, 26, 42, 41, 40, 39, 38, 37, 36, 2, 3, 27, 1, 28, 30, 6, 29, 5, 7, 10, 8, 9, 11, 31, 32, 33, 34, 14, 13, 12, 15, 17, 19, 20, 18, 24, 4, 0, 35, 22, 23, 21, 16, 
0, 35, 22, 23, 21, 24, 25, 26, 42, 41, 40, 39, 38, 37, 36, 2, 3, 1, 27, 28, 30, 6, 29, 5, 7, 10, 8, 9, 11, 31, 32, 33, 34, 14, 13, 12, 17, 18, 19, 15, 16, 4, 20, 
3, 1, 27, 28, 30, 6, 29, 5, 7, 10, 8, 9, 11, 31, 32, 33, 34, 14, 13, 12, 21, 24, 25, 26, 42, 41, 40, 39, 38, 37, 36, 2, 20, 18, 16, 4, 0, 35, 22, 23, 15, 19, 17, 
25, 30, 28, 27, 1, 3, 2, 36, 37, 38, 39, 40, 41, 42, 26, 6, 24, 21, 23, 7, 29, 0, 4, 16, 20, 18, 19, 15, 17, 12, 13, 14, 33, 34, 32, 31, 11, 9, 8, 10, 22, 5, 35, 
42, 41, 40, 39, 38, 37, 36, 2, 3, 1, 27, 28, 30, 6, 29, 5, 7, 10, 8, 9, 11, 31, 32, 34, 22, 14, 13, 12, 17, 15, 19, 20, 18, 16, 4, 0, 35, 33, 23, 21, 24, 25, 26, 
18, 20, 19, 15, 17, 12, 13, 14, 34, 33, 32, 31, 11, 9, 8, 10, 7, 5, 29, 6, 30, 28, 27, 1, 3, 2, 36, 37, 38, 39, 40, 41, 42, 26, 25, 24, 4, 16, 21, 23, 22, 35, 0, 
19, 18, 17, 12, 29, 14, 34, 33, 32, 31, 11, 9, 22, 20, 7, 5, 13, 6, 30, 28, 27, 1, 3, 2, 36, 37, 38, 39, 40, 41, 42, 26, 25, 24, 21, 23, 8, 35, 0, 4, 16, 15, 10, 
19, 18, 29, 4, 13, 14, 34, 33, 32, 31, 11, 9, 35, 10, 7, 5, 17, 6, 30, 28, 26, 1, 3, 2, 36, 37, 38, 39, 40, 41, 42, 27, 25, 24, 21, 23, 22, 8, 0, 12, 16, 15, 20, 
21, 23, 20, 35, 0, 4, 16, 22, 18, 19, 15, 17, 12, 13, 14, 33, 34, 32, 31, 11, 9, 8, 10, 7, 5, 29, 6, 30, 28, 27, 1, 3, 2, 36, 37, 38, 39, 40, 41, 42, 26, 25, 24, 
30, 28, 27, 1, 3, 2, 36, 37, 38, 39, 40, 41, 42, 26, 25, 24, 21, 23, 20, 35, 0, 4, 16, 18, 22, 19, 17, 15, 12, 13, 14, 34, 33, 32, 31, 11, 9, 8, 10, 7, 5, 29, 6, 
27, 28, 30, 6, 18, 20, 19, 15, 17, 12, 13, 14, 33, 34, 32, 31, 11, 9, 8, 10, 7, 5, 29, 39, 38, 37, 36, 2, 3, 1, 40, 41, 42, 26, 25, 24, 21, 23, 22, 35, 0, 4, 16, 
36, 37, 8, 39, 40, 41, 42, 26, 25, 24, 21, 23, 22, 35, 0, 4, 16, 18, 20, 19, 15, 17, 12, 13, 14, 34, 33, 32, 31, 11, 9, 38, 10, 7, 5, 29, 6, 30, 28, 27, 1, 3, 2, 
13, 12, 17, 15, 19, 20, 18, 16, 4, 0, 35, 22, 23, 21, 24, 25, 26, 42, 41, 40, 39, 30, 37, 36, 2, 3, 1, 27, 28, 38, 6, 29, 33, 7, 10, 8, 9, 11, 31, 32, 5, 34, 14, 
6, 30, 28, 27, 1, 3, 2, 36, 37, 22, 39, 40, 41, 42, 26, 25, 24, 21, 23, 38, 35, 0, 4, 16, 20, 18, 19, 15, 17, 12, 13, 14, 34, 33, 32, 31, 11, 9, 8, 10, 7, 5, 29, 
19, 18, 17, 12, 26, 14, 34, 3, 32, 29, 11, 9, 8, 10, 7, 5, 31, 6, 30, 28, 27, 38, 33, 2, 36, 37, 1, 39, 40, 41, 42, 13, 25, 24, 21, 23, 22, 35, 0, 4, 16, 15, 20, 
Tiempo de ejecucion (total): 14.069
Best fitness a lo largo del tiempo: 
17220, 11886, 11827, 6518, 6418, 6294, 6204, 6180, 6150, 6120, 6035, 6035, 6035, 6027, 6005, 5983, 5969, 5924, 5924, 5893, 5893, 5834, 5830, 5830, 5822, 5783, 5783, 5783, 5761, 5761, 5761, 5750, 5750, 5750, 5749, 5749, 5743, 5743, 5743, 5733, 5733, 5731, 5721, 5721, 5717, 5711, 5711, 5711, 5711, 5711, 5698, 5698, 5698, 5698, 5698, 5696, 5696, 5695, 5692, 5686, 5686, 5674, 5674, 5674, 5670, 5670, 5670, 5668, 5668, 5660, 5660, 5654, 5654, 5652, 5652, 5650, 5650, 5650, 5650, 5650, 5650, 5648, 5648, 5648, 5648, 5648, 5648, 5648, 5648, 5648, 5648, 5648, 5648, 5648, 5648, 5648, 5648, 5648, 5648, 5648, 5648, 5648, 5648, 5648, 5648, 5648, 5648, 5648, 5648, 5648, 5640, 5640, 5640, 5640, 5640, 5640, 5640, 5640, 5640, 5640, 5640, 5640, 5640, 5640, 5640, 5640, 5640, 5640, 5640, 5640, 5640, 5640, 5640, 5640, 5640, 5640, 5640, 5640, 5640, 5640, 5640, 5640, 5640, 5640, 5640, 5640, 5640, 5640, 5640, 5640, 5640, 5640, 5640, 5640, 5640, 5640, 5640, 5640, 5640, 5640, 5640, 5640, 5640, 5640, 5640, 5640, 5640, 5640, 5640, 5640, 5640, 5640, 5640, 5640, 5640, 5640, 5640, 5640, 5640, 5640, 5640, 5640, 5640, 5640, 5640, 5640, 5640, 5640, 5640, 5640, 5640, 5640, 5640, 5640, 5640, 5640, 5640, 5640, 5640, 5640, 5640, 5640, 5640, 5640, 5640, 5640, 5640, 5640, 5640, 5640, 5640, 5640, 5640, 5640, 5640, 5640, 5640, 5640, 5640, 5640, 5640, 5640, 5640, 5640, 5640, 5640, 5640, 5640, 5640, 5640, 5640, 5640, 5640, 5640, 5640, 5640, 5640, 5640, 5640, 5640, 5640, 5640, 5640, 5640, 5640, 5640, 5640, 5640, 5640, 5640, 5640, 5640, 5640, 5640, 5640, 5640, 5640, 5640, 5640, 5640, 5640, 5640, 5640, 5640, 5640, 5640, 5640, 5640, 5640, 5640, 5640, 5640, 5640, 5640, 5640, 5640, 5640, 5640, 5640, 5640, 5640, 5640, 5640, 5640, 5640, 5640, 5640, 5640, 5640, 5640, 5640, 5640, 5640, 5640, 5640, 5640, 5640, 5640, 5640, 5640, 5640, 5640, 5640, 5640, 5640, 5640, 5640, 5640, 5640, 5640, 5640, 5640, 5640, 5640, 5640, 5640, 5640, 5640, 5640, 5640, 5640, 5640, 5640, 5640, 5640, 5640, 5640, 5640, 5640, 5640, 5640, 5640, 5640, 5640, 5640, 5640, 5640, 5640, 5640, 5640, 5640, 5640, 5640, 5640, 5640, 5640, 5640, 5640, 5640, 5640, 5640, 5640, 5640, 5640, 5640, 5640, 5640, 5640, 5640, 5640, 5640, 5640, 5640, 5640, 5640, 5640, 5640, 5640, 5640, 5640, 5640, 5640, 5640, 5640, 5640, 5640, 5640, 5640, 5640, 5640, 5640, 5640, 5640, 5640, 5640, 5640, 5640, 5640, 5640, 5640, 5640, 5640, 5640, 5640, 5640, 5640, 5640, 5640, 5640, 5640, 5640, 5640, 5640, 5640, 5640, 5640, 5640, 5640, 5640, 5640, 5640, 5640, 5640, 5640, 5640, 5640, 5640, 5640, 5640, 5640, 5640, 5640, 5640, 5640, 5640, 5640, 5640, 5640, 5640, 5640, 5640, 5640, 5640, 5640, 5640, 5640, 5639, 5639, 5631, 5631, 5631, 5631, 5629, 5629, 5629, 5629, 5629, 5629, 5629, 5629, 5629, 5629, 5629, 5629, 5629, 5629, 5629, 5629, 5629, 5629, 5629, 5629, 5629, 5629, 5627, 5627, 5627, 5627, 5627, 5627, 5627, 5627, 5627, 5627, 5627, 5627, 5627, 5627, 5627, 5627, 5627, 5627, 5627, 5627, 5627, 5627, 5627, 5627, 5627, 5627, 5627, 5627, 5627, 5627, 5627, 5627, 5627, 5627, 5627, 5627, 5627, 5627, 5627, 5627, 5627, 5627, 5627, 5627, 5627, 5627, 5627, 5627, 5627, 5627, 5627, 5627, 5627, 5627, 5627, 5627, 5627, 5627, 5627, 5627, 5627, 5627, 5627, 5627, 5627, 5627, 5627, 5627, 5627, 5627, 5627, 5627, 5627, 5627, 5627, 5627, 5627, 5627, 5627, 5627, 5627, 5627, 5627, 5627, 5627, 5627, 5627, 5627, 5627, 5627, 5627, 5627, 5627, 5627, 5627, 5627, 5627, 5627, 5627, 5627, 5627, 5627, 5627, 5627, 5627, 5627, 5627, 5627, 5627, 5627, 5627, 5627, 5627, 5627, 5627, 5627, 5627, 5627, 5627, 5627, 5627, 5627, 5627, 5627, 5627, 5627, 5627, 5627, 5627, 5627, 5627, 5627, 5627, 5627, 5627, 5627, 5627, 5627, 5627, 5627, 5627, 5627, 5627, 5627, 5627, 5627, 5627, 5627, 5627, 5627, 5627, 5627, 5627, 5627, 5627, 5627, 5627, 5627, 5627, 5627, 5627, 5627, 5627, 5627, 5627, 5627, 5627, 5627, 5627, 5627, 5627, 5627, 5627, 5627, 5627, 5627, 5627, 5627, 5627, 5627, 5627, 5627, 5627, 5627, 5627, 5627, 5627, 5627, 5627, 5627, 5627, 5627, 5627, 5627, 5627, 5627, 5627, 5627, 5627, 5627, 5627, 5627, 5627, 5627, 5627, 5627, 5627, 5627, 5627, 5627, 5627, 5627, 5627, 5627, 5627, 5627, 5627, 5627, 5627, 5627, 5627, 5627, 5627, 5627, 5627, 5627, 5627, 5627, 5627, 5627, 5627, 5627, 5627, 5627, 5627, 5627, 5627, 5627, 5627, 5627, 5627, 5627, 5627, 5627, 5627, 5627, 5627, 5627, 5627, 5627, 5627, 5627, 5627, 5627, 5627, 5627, 5627, 5627, 5627, 5627, 5627, 5627, 5627, 5627, 5627, 5627, 5627, 5627, 5627, 5627, 5627, 5627, 5627, 5627, 5627, 5627, 5627, 5627, 5627, 5627, 5627, 5627, 5627, 5627, 5627, 5627, 5627, 5627, 5627, 5627, 5627, 5627, 5627, 5627, 5627, 5627, 5627, 5627, 5627, 5627, 5627, 5627, 5627, 5627, 5627, 5627, 5627, 5627, 5627, 5627, 5627, 5627, 5627, 5627, 5627, 5627, 5627, 5627, 5627, 5627, 5627, 5627, 5627, 5627, 5627, 5627, 5627, 5627, 5627, 5627, 5627, 5627, 5627, 5627, 5627, 5627, 5627, 5627, 5627, 5627, 5627, 5627, 5627, 5627, 5627, 5627, 5627, 5627, 5627, 5627, 5627, 5627, 5627, 5627, 5627, 5627, 5627, 5627, 5627, 5627, 5627, 5627, 5627, 5627, 5627, 5627, 5627, 5627, 5627, 5627, 5627, 5627, 5627, 5627, 5627, 5627, 5627, 5627, 5627, 5627, 5627, 5627, 5627, 5627, 5627, 5627, 5627, 5627, 5627, 5627, 5627, 5627, 5627, 5627, 5627, 5627, 5627, 5627, 5627, 5627, 5627, 5627, 5627, 5627, 5627, 5627, 5627, 5627, 5627, 5627, 5627, 5627, 5627, 5627, 5627, 5627, 5627, 5627, 5627, 5627, 5627, 5627, 5627, 5627, 5627, 5627, 5627, 5627, 5627, 5627, 5627, 5627, 5627, 5627, 5627, 5627, 5627, 5627, 5627, 5627, 5627, 5627, 5627, 5627, 5627, 5627, 5627, 5627, 5627, 5627, 5627, 5627, 5627, 5627, 5627, 5627, 5627, 5627, 5627, 5627, 5627, 5627, 5627, 5627, 5627, 5627, 5627, 5627, 5627, 5627, 5627, 5627, 5627, 5627, 5627, 5627, 5627, 5627, 5627, 5627, 5627, 5627, 5627, 5627, 5627, 5627, 5627, 5627, 5627, 5627, 5627, 5627, 5627, 5625, 5625, 5625, 5625, 5625, 5625, 5625, 5625, 5625, 5625, 5625, 5625, 5625, 5625, 5625, 5625, 5625, 5625, 5625, 5625, 5625, 5625, 5625, 5625, 5625, 5625, 5625, 5625, 5625, 5625, 5625, 5625, 5625, 5625, 5625, 5625, 5625, 5625, 5625, 5625, 5625, 5625, 5625, 5625, 5625, 5625, 5625, 5625, 5625, 5625, 5625, 5625, 5625, 5625, 5625, 5625, 5625, 5625, 5625, 5625, 5625, 5625, 5625, 5625, 5625, 5625, 5625, 5625, 5625, 5625, 5625, 5625, 5625, 5625, 5625, 5625, 5625, 5625, 5625, 5625, 5625, 5625, 5625, 5625, 5625, 5625, 5625, 5625, 5625, 5625, 5625, 5625, 5625, 5625, 5625, 5625, 5625, 5625, 5625, 5625, 5625, 5625, 5625, 5625, 5625, 5625, 5625, 5625, 5625, 5625, 5625, 5625, 5625, 5625, 5625, 5625, 5625, 5625, 5625, 5625, 5625, 5625, 5625, 5625, 5625, 5625, 5625, 5625, 5625, 5625, 5625, 5625, 5625, 5625, 5625, 5625, 5625, 5625, 5625, 5625, 5625, 5625, 5625, 5625, 5625, 5625, 5625, 5625, 5625, 5625, 5625, 5625, 5625, 5625, 5625, 5625, 5625, 5625, 5625, 5625, 5625, 5625, 5625, 5625, 5625, 5625, 5625, 5625, 5625, 5625, 5625, 5625, 5625, 5625, 5625, 5625, 5625, 5625, 5625, 5625, 5625, 5625, 5625, 5625, 5625, 5625, 5625, 5625, 5625, 5625, 5625, 5625, 5625, 5625, 5625, 5625, 5625, 5625, 5625, 5625, 5625, 5625, 5625, 5625, 5625, 5625, 5625, 5625, 5625, 5625, 5625, 5625, 5625, 5625, 5625, 5625, 5625, 5625, 5625, 5625, 5625, 5625, 5625, 5625, 5625, 5625, 5625, 5625, 5625, 5625, 5625, 5625, 5625, 5625, 5625, 5625, 5625, 5625, 5625, 5625, 5625, 5625, 5625, 5625, 5625, 5625, 5625, 5625, 5625, 5625, 5625, 5625, 5625, 5625, 5625, 5625, 5625, 5625, 5625, 5625, 5625, 5625, 5625, 5625, 5625, 5625, 5625, 5625, 5625, 5625, 5625, 5625, 5625, 5625, 5625, 5625, 5625, 5625, 5625, 5625, 5625, 5625, 5625, 5625, 5625, 5625, 5625, 5625, 5625, 5625, 5625, 5625, 5625, 5625, 5625, 5625, 5625, 5625, 5625, 5625, 5625, 5625, 5625, 5625, 5625, 5625, 5625, 5625, 5625, 5625, 5625, 5625, 5625, 5625, 5625, 5625, 5625, 5625, 5625, 5625, 5625, 5625, 5625, 5625, 5625, 5625, 5625, 5625, 5625, 5625, 5625, 5625, 5625, 5625, 5625, 5625, 5625, 5625, 5625, 5625, 5625, 5625, 5625, 5625, 5625, 5625, 5625, 5625, 5625, 5625, 5625, 5625, 5625, 5625, 5625, 5625, 5625, 5625, 5625, 5625, 5625, 5625, 5625, 5625, 5625, 5625, 5625, 5625, 5625, 5625, 5625, 5625, 5625, 5625, 5625, 5625, 5625, 5625, 5625, 5625, 5625, 5625, 5625, 5625, 5625, 5625, 5625, 5625, 5625, 5625, 5625, 5625, 5625, 5625, 5625, 5625, 5625, 5625, 5625, 5625, 5625, 5625, 5625, 5625, 5625, 5625, 5625, 5625, 5625, 5625, 5625, 5625, 5625, 5625, 5625, 5625, 5625, 5625, 5625, 5625, 5625, 5625, 5625, 5625, 5625, 5625, 5625, 5625, 5625, 5625, 5625, 5625, 5625, 5625, 5625, 5625, 5625, 5625, 5625, 5625, 5625, 5625, 5625, 5625, 5625, 5625, 5625, 5625, 5625, 5625, 5625, 5625, 5625, 5625, 5625, 5625, 5625, 5625, 5625, 5625, 5625, 5625, 5625, 5625, 5625, 5625, 5625, 5625, 5625, 5625, 5625, 5625, 5625, 5625, 5625, 5625, 5625, 5625, 5625, 5625, 5625, 5625, 5625, 5625, 5625, 5625, 5625, 5625, 5625, 5625, 5625, 5625, 5625, 5625, 5625, 5625, 5625, 5625, 5625, 5625, 5625, 5625, 5625, 5625, 5625, 5625, 5625, 5625, 5625, 5625, 5625, 5625, 5625, 5625, 5625, 5625, 5625, 5625, 5625, 5625, 5625, 5625, 5625, 5625, 5625, 5625, 5625, 5625, 5625, 5625, 5625, 5625, 5625, 5625, 5625, 5625, 5625, 5625, 5625, 5625, 5625, 5625, 5625, 5625, 5625, 5625, 5625, 5625, 5625, 5625, 5625, 5625, 5625, 5625, 5625, 5625, 5625, 5625, 5625, 5625, 5625, 5625, 5625, 5625, 5625, 5625, 5625, 5625, 5625, 5625, 5625, 5625, 5625, 5625, 5625, 5625, 5625, 5625, 5625, 5625, 5625, 5625, 5625, 5625, 5625, 5625, 5625, 5625, 5625, 5625, 5625, 5625, 5625, 5625, 5625, 5625, 5625, 5625, 5625, 5625, 5625, 5625, 5625, 5625, 5625, 5625, 5625, 5625, 5625, 5625, 5625, 5625, 5625, 5625, 5625, 5625, 5625, 5625, 5625, 5625, 5625, 5625, 5625, 5625, 5625, 5625, 5625, 5625, 5625, 5625, 5625, 5625, 5625, 5625, 5625, 5625, 5625, 5625, 5625, 5625, 5625, 5625, 5625, 5625, 5625, 5625, 5625, 5625, 5625, 5625, 5625, 5625, 5625, 5625, 5625, 5625, 5625, 5625, 5625, 5625, 5625, 5625, 5625, 5625, 5625, 5625, 5625, 5625, 5625, 5625, 5625, 5625, 5625, 5625, 5625, 5625, 5625, 5625, 5625, 5625, 5625, 5625, 5625, 5625, 5625, 5625, 5625, 5625, 5625, 5625, 5625, 5625, 5625, 5625, 5625, 5625, 5625, 5625, 5625, 5625, 5625, 5625, 5625, 5625, 5625, 5625, 5625, 5625, 5625, 5625, 5625, 5625, 5625, 5625, 5625, 5625, 5625, 5625, 5625, 5625, 5625, 5625, 5625, 5625, 5625, 5625, 5625, 5625, 5625, 5625, 5625, 5625, 5625, 5625, 5625, 5625, 5625, 5625, 5625, 5625, 5625, 5625, 5625, 5625, 5625, 5625, 5625, 5625, 5625, 5625, 5625, 5625, 5625, 5625, 5625, 5625, 5625, 5625, 5625, 5625, 5625, 5625, 5625, 5625, 5625, 5625, 5625, 5625, 5625, 5625, 5625, 5625, 5625, 5625, 5625, 5625, 5625, 5625, 5625, 5625, 5625, 5625, 5625, 5625, 5625, 5625, 5625, 5625, 5625, 5625, 5625, 5625, 5625, 5625, 5625, 5625, 5625, 5625, 5625, 5625, 5625, 5625, 5625, 5625, 5625, 5625, 5625, 5625, 5625, 5625, 5625, 5625, 5625, 5625, 5625, 5625, 5625, 5625, 5625, 5625, 5625, 5625, 5625, 5625, 5625, 5625, 5625, 5625, 5625, 5625, 5625, 5625, 5625, 5625, 5625, 5625, 5625, 5625, 5625, 5625, 5625, 5625, 5625, 5625, 5625, 5625, 5625, 5625, 5625, 5625, 5625, 5625, 5625, 5625, 5625, 5625, 5625, 5625, 5625, 5625, 5625, 5625, 5625, 5625, 5625, 5625, 5625, 5625, 5625, 5625, 5625, 5625, 5625, 5625, 5625, 5625, 5625, 5625, 5625, 5625, 5625, 5625, 5625, 5625, 5625, 5625, 5625, 5625, 5625, 5625, 5625, 5625, 5625, 5625, 5625, 5625, 5625, 5625, 5625, 5625, 5625, 5625, 5625, 5625, 5625, 5625, 5625, 5625, 5625, 5625, 5625, 5625, 5625, 5625, 5625, 5625, 5625, 5625, 5625, 5625, 5625, 5625, 5625, 5625, 5625, 5625, 5625, 5625, 5625, 5625, 5625, 5625, 5625, 5625, 5625, 5625, 5625, 5625, 5625, 5625, 5625, 5625, 5625, 5625, 5625, 5625, 5625, 5625, 5625, 5625, 5625, 5625, 5625, 5625, 5625, 5625, 5625, 5625, 5625, 5625, 5625, 5625, 5625, 5625, 5625, 5625, 5625, 5625, 5625, 5625, 5625, 5625, 5625, 5625, 5625, 5625, 5625, 5625, 5625, 5625, 5625, 5625, 5625, 5625, 5625, 5625, 5625, 5625, 5625, 5625, 5625, 5625, 5625, 5625, 5625, 5625, 5625, 5625, 5625, 5625, 5625, 5625, 5625, 5625, 5625, 5625, 5625, 5625, 5625, 5625, 5625, 5625, 5625, 5625, 5625, 5625, 5625, 5625, 5625, 5625, 5625, 5625, 5625, 5625, 5625, 5625, 5625, 5625, 5625, 5625, 5625, 5625, 5625, 5625, 5625, 5625, 5625, 5625, 5625, 5625, 5625, 5625, 5625, 5625, 5625, 5625, 5625, 5625, 5625, 5625, 5625, 5625, 5625, 5625, 5625, 5625, 5625, 5625, 5625, 5625, 5625, 5625, 5625, 5625, 5625, 5625, 5625, 5625, 5625, 5625, 5625, 5625, 5625, 5625, 5625, 5625, 5625, 5625, 5625, 5625, 5625, 5625, 5625, 5625, 5625, 5625, 5625, 5625, 5625, 5625, 5625, 5625, 5625, 5625, 5625, 5625, 5625, 5625, 5625, 5625, 5625, 5625, 5625, 5625, 5625, 5625, 5625, 5625, 5625, 5625, 5625, 5625, 5625, 5625, 5625, 5625, 5625, 5625, 5625, 5625, 5625, 5625, 5625, 5625, 5625, 5625, 5625, 5625, 5625, 5625, 5625, 5625, 5625, 5625, 5625, 5625, 5625, 5625, 5625, 5625, 5625, 5625, 5625, 5625, 5625, 5625, 5625, 5625, 5625, 5625, 5625, 5625, 5625, 5625, 5625, 5625, 5625, 5625, 5625, 5625, 5625, 5625, 5625, 5625, 5625, 5625, 5625, 5625, 5625, 5625, 5625, 5625, 5625, 5625, 5625, 5625, 5625, 5625, 5625, 5625, 5625, 5625, 5625, 5625, 5625, 5625, 5625, 5625, 5625, 5625, 5625, 5625, 5625, 5625, 5625, 5625, 5625, 5625, 5625, 5625, 5625, 5625, 5625, 5625, 5625, 5625, 5625, 5625, 5625, 5625, 5625, 5625, 5625, 5625, 5625, 5625, 5625, 5625, 5625, 5625, 5625, 5625, 5625, 5625, 5625, 5625, 5625, 5625, 5625, 5625, 5625, 5625, 5625, 5625, 5625, 5625, 5625, 5625, 5625, 5625, 5625, 5625, 5625, 5625, 5625, 5625, 5625, 5625, 5625, 5625, 5625, 5625, 5625, 5625, 5625, 5625, 5625, 5625, 5625, 5625, 5625, 5625, 5625, 5625, 5625, 5625, 5625, 5625, 5625, 5625, 5625, 5625, 5625, 5625, 5625, 5625, 5625, 5625, 5625, 5625, 5625, 5625, 5625, 5625, 5625, 5625, 5625, 5625, 5625, 5625, 5625, 5625, 5625, 5625, 5625, 5625, 5625, 5625, 5625, 5625, 5625, 5625, 5625, 5625, 5625, 5625, 5625, 5625, 5625, 5625, 5625, 5625, 5625, 5625, 5625, 5625, 5625, 5625, 5625, 5625, 5625, 5625, 5625, 5625, 5625, 5625, 5625, 5625, 5625, 5625, 5625, 5625, 5625, 5625, 5625, 5625, 5625, 5625, 5625, 5625, 5625, 5625, 5625, 5625, 5625, 5625, 5625, 5625, 5625, 5625, 5625, 5625, 5625, 5625, 5625, 5625, 5625, 5625, 5625, 5625, 5625, 5625, 5625, 5625, 5625, 5625, 5625, 5625, 5625, 5625, 5625, 5625, 5625, 5625, 5625, 5625, 5625, 5625, 5625, 5625, 5625, 5625, 5625, 5625, 5625, 5625, 5625, 5625, 5625, 5625, 5625, 5625, 5625, 5625, 5625, 5625, 5625, 5625, 5625, 5625, 5625, 5625, 5625, 5625, 5625, 5625, 5625, 5625, 5625, 5625, 5625, 5625, 5625, 5625, 5625, 5625, 5625, 5625, 5625, 5625, 5625, 5625, 5625, 5625, 5625, 5625, 5625, 5625, 5625, 5625, 5625, 5625, 5625, 5625, 5625, 5625, 5625, 5625, 5625, 5625, 5625, 5625, 5625, 5625, 5625, 5625, 5625, 5625, 5625, 5625, 5625, 5625, 5625, 5625, 5625, 5625, 5625, 5625, 5625, 5625, 5625, 5625, 5625, 5625, 5625, 5625, 5625, 5625, 5625, 5625, 5625, 5625, 5625, 5625, 5625, 5625, 5625, 5625, 5625, 5625, 5625, 5625, 5625, 5625, 5625, 5625, 5625, 5625, 5625, 5625, 5625, 5625, 5625, 5625, 5625, 5625, 5625, 5625, 5625, 5625, 5625, 5625, 5625, 5625, 5625, 5625, 5625, 5625, 5625, 5625, 5625, 5625, 5625, 5625, 5625, 5625, 5625, 5625, 5625, 5625, 5625, 5625, 5625, 5625, 5625, 5625, 5625, 5625, 5625, 5625, 5625, 5625, 5625, 5625, 5625, 5625, 5625, 5625, 5625, 5625, 5625, 5625, 5625, 5625, 5625, 5625, 5625, 5625, 5625, 5625, 5625, 5625, 5625, 5625, 5625, 5625, 5625, 5625, 5625, 5625, 5625, 5625, 5625, 5625, 5625, 5625, 5625, 5625, 5625, 5625, 5625, 5625, 5625, 5625, 5625, 5625, 5625, 5625, 5625, 5625, 5625, 5625, 5625, 5625, 5625, 5625, 5625, 5625, 5625, 5625, 5625, 5625, 5625, 5625, 5625, 5625, 5625, 5625, 5625, 5625, 5625, 5625, 5625, 5624, 5624, 5624, 5624, 5624, 5624, 5624, 5624, 5624, 5624, 5624, 5624, 5624, 5624, 5624, 5624, 5624, 5624, 5624, 5624, 5624, 5624, 5624, 5624, 5624, 5624, 5624, 5624, 5624, 5624, 5624, 5624, 5624, 5624, 5624, 5624, 5624, 5624, 5624, 5624, 5624, 5624, 5624, 5624, 5624, 5624, 5624, 5624, 5624, 5624, 5624, 5624, 5624, 5624, 5624, 5624, 5624, 5624, 5624, 5624, 5624, 5624, 5624, 5624, 5624, 5624, 5624, 5624, 5624, 5624, 5624, 5624, 5624, 5624, 5624, 5624, 5624, 5624, 5624, 5624, 5624, 5624, 5624, 5624, 5624, 5624, 5624, 5624, 5624, 5624, 5624, 5624, 5624, 5624, 5624, 5624, 5624, 5624, 5624, 5624, 5624, 5624, 5624, 5624, 5624, 5624, 5624, 5624, 5624, 5624, 5624, 5624, 5624, 5624, 5624, 5624, 5624, 5624, 5624, 5624, 5624, 5624, 5624, 5624, 5624, 5624, 5624, 5624, 5624, 5624, 5624, 5624, 5624, 5624, 5624, 5624, 5624, 5624, 5624, 5624, 5624, 5624, 5624, 5624, 5624, 5624, 5624, 5624, 5624, 5624, 5624, 5624, 5624, 5624, 5624, 5624, 5624, 5624, 5624, 5624, 5624, 5624, 5624, 5624, 5624, 5624, 5624, 5624, 5624, 5624, 5624, 5624, 5624, 5624, 5624, 5624, 5624, 5624, 5624, 5624, 5624, 5624, 5624, 5624, 5624, 5624, 5624, 5624, 5624, 5624, 5624, 5624, 5624, 5624, 5624, 5624, 5624, 5624, 5624, 5624, 5624, 5624, 5624, 5624, 5624, 5624, 5624, 5624, 5624, 5624, 5624, 5624, 5624, 5624, 5624, 5624, 5624, 5624, 5624, 5624, 5624, 5624, 5624, 5624, 5624, 5624, 5624, 5624, 5624, 5624, 5624, 5624, 5624, 5624, 5624, 5624, 5624, 5624, 5624, 5624, 5624, 5624, 5624, 5624, 5624, 5624, 5624, 5624, 5624, 5624, 5624, 5624, 5624, 5624, 5624, 5624, 5624, 5624, 5624, 5624, 5624, 5624, 5624, 5624, 5624, 5624, 5624, 5624, 5624, 5624, 5624, 5624, 5624, 5624, 5624, 5624, 5624, 5624, 5624, 5624, 5624, 5624, 5624, 5624, 5624, 5624, 5624, 5624, 5624, 5624, 5624, 5624, 5624, 5624, 5624, 5624, 5624, 5624, 5624, 5624, 5624, 5624, 5624, 5624, 5624, 5624, 5624, 5624, 5624, 5624, 5624, 5624, 5624, 5624, 5624, 5624, 5624, 5624, 5624, 5624, 5624, 5624, 5624, 5624, 5624, 5624, 5624, 5624, 5624, 5624, 5624, 5624, 5624, 5624, 5624, 5624, 5624, 5624, 5624, 5624, 5624, 5624, 5624, 5624, 5624, 5624, 5624, 5624, 5624, 5624, 5624, 5624, 5624, 5624, 5624, 5624, 5624, 5624, 5624, 5624, 5624, 5624, 5624, 5624, 5624, 5624, 5624, 5624, 5624, 5624, 5624, 5624, 5624, 5624, 5624, 5624, 5624, 5624, 5624, 5624, 5624, 5624, 5624, 5624, 5624, 5624, 5624, 5624, 5624, 5624, 5624, 5624, 5624, 5624, 5624, 5624, 5624, 5624, 5624, 5624, 5624, 5624, 5624, 5624, 5624, 5624, 5624, 5624, 5624, 5624, 5624, 5624, 5624, 5624, 5624, 5624, 5624, 5624, 5624, 5624, 5624, 5624, 5624, 5624, 5624, 5624, 5624, 5624, 5624, 5624, 5624, 5624, 5624, 5624, 5624, 5624, 5624, 5624, 5624, 5624, 5624, 5624, 5624, 5624, 5624, 5624, 5624, 5624, 5624, 5624, 5624, 5624, 5624, 5624, 5624, 5624, 5624, 5624, 5624, 5624, 5624, 5624, 5624, 5624, 5624, 5624, 5624, 5624, 5624, 5624, 5624, 5624, 5624, 5624, 5624, 5624, 5624, 5624, 5624, 5624, 5624, 5624, 5624, 5624, 5624, 5624, 5624, 5624, 5624, 5624, 5624, 5624, 5624, 5624, 5624, 5624, 5624, 5624, 5624, 5624, 5624, 5624, 5624, 5624, 5624, 5624, 5624, 5624, 5624, 5624, 5624, 5624, 5624, 5624, 5624, 5624, 5624, 5624, 5624, 5624, 5624, 5624, 5624, 5624, 5624, 5624, 5624, 5624, 5624, 5624, 5624, 5624, 5624, 5624, 5624, 5624, 5624, 5624, 5622, 5622, 5622, 5622, 5622, 5622, 5622, 5622, 5622, 5622, 5622, 5622, 5622, 5622, 5622, 5622, 5620, 
Fitness promedio a lo largo del tiempo: 
20885, 17030, 12982, 12161, 8776, 7990, 7764, 7585, 8015, 6683, 7460, 6973, 6878, 7090, 7371, 6998, 7192, 6797, 7429, 7319, 7283, 7185, 7461, 7513, 7147, 7475, 7458, 7031, 7816, 7107, 6599, 7304, 7093, 7135, 7136, 7534, 6721, 6683, 6133, 6879, 7008, 7066, 6825, 6656, 6560, 6395, 6286, 7255, 6170, 6310, 5935, 6940, 6633, 6490, 6987, 6206, 6894, 6798, 6906, 6531, 6961, 6852, 6527, 6484, 6469, 6450, 7290, 5727, 5950, 5968, 5709, 6526, 6534, 5984, 6681, 5745, 6628, 6465, 6518, 6783, 6481, 5812, 6315, 6414, 5707, 6431, 6854, 6425, 6044, 6718, 6371, 6417, 5749, 6090, 5706, 6071, 6017, 6123, 6615, 5965, 5952, 6896, 5765, 6245, 5759, 6976, 6214, 5689, 6165, 6075, 6259, 6669, 5716, 5856, 5704, 6203, 6349, 5952, 6571, 6572, 7262, 5690, 5809, 6355, 6504, 5768, 6419, 5948, 6721, 5692, 6070, 5680, 6156, 6352, 5693, 5908, 6168, 5669, 6682, 5847, 6311, 5700, 5697, 6233, 5744, 6189, 5853, 5705, 6342, 6537, 6406, 6417, 6494, 6231, 6124, 5967, 6464, 6281, 5956, 6442, 6084, 6233, 6336, 5700, 6120, 6292, 6345, 5959, 5804, 6241, 6000, 6515, 5666, 6608, 6292, 6672, 6492, 6368, 6588, 5687, 5749, 6674, 5675, 6422, 5963, 5843, 6652, 6296, 6251, 6340, 6671, 5702, 5980, 6082, 5685, 6917, 5678, 6629, 6015, 6075, 6023, 6619, 5973, 6499, 6612, 6249, 5803, 6093, 6022, 6094, 6332, 6136, 6559, 6385, 6147, 5793, 6852, 6494, 6126, 6177, 6609, 5821, 5856, 6658, 6620, 6038, 5910, 5818, 5706, 6174, 5688, 5677, 5815, 6380, 5811, 5673, 5737, 6629, 5693, 6338, 5910, 6287, 5664, 6144, 5981, 6293, 6190, 6301, 5754, 6058, 5699, 5742, 6883, 6259, 6037, 6034, 5700, 6085, 6079, 5818, 5811, 6080, 6080, 6238, 5666, 6991, 5806, 6091, 6185, 7162, 5982, 5685, 6724, 6628, 6201, 5972, 6021, 6221, 6575, 5752, 6814, 6223, 6387, 5754, 5773, 6502, 5670, 6173, 6445, 6398, 6999, 5680, 5903, 6247, 5973, 5901, 5901, 6685, 5684, 6292, 5952, 5808, 6940, 6458, 5816, 5797, 6562, 6076, 6177, 6201, 6554, 5926, 6004, 6341, 5703, 5927, 6234, 6934, 5746, 6219, 6080, 5707, 6009, 6029, 5683, 6683, 6179, 5978, 6135, 6395, 5915, 5811, 5807, 6620, 5688, 6064, 6316, 5692, 5685, 6018, 6003, 6722, 5656, 6015, 5810, 5683, 6070, 5970, 5701, 5948, 5652, 6136, 5951, 6302, 5654, 5680, 5691, 6130, 5705, 6524, 5828, 5688, 5931, 5861, 6350, 5799, 5657, 6269, 6123, 6120, 6132, 5812, 6121, 6070, 6293, 5872, 5697, 6326, 6719, 5785, 6722, 5949, 6519, 6708, 6451, 5677, 5959, 6671, 5907, 5743, 6226, 6258, 5810, 5672, 6177, 5796, 6458, 5707, 6335, 5978, 6132, 5679, 6164, 5954, 6823, 5853, 5695, 6361, 6507, 5668, 6398, 5688, 6336, 5675, 5706, 6543, 6741, 6112, 6386, 6621, 6115, 5909, 6512, 5968, 5976, 6058, 6650, 5865, 6398, 5802, 5692, 6527, 6526, 6286, 5705, 5896, 6562, 6721, 6566, 6364, 5896, 5809, 6114, 6182, 6665, 6271, 5739, 5649, 5949, 5814, 5943, 6312, 6061, 6191, 5884, 5948, 5788, 5676, 5790, 5973, 6992, 5744, 6432, 7102, 6007, 6553, 5784, 6108, 5851, 6112, 6714, 5683, 5952, 5953, 5650, 5999, 6512, 5848, 6280, 6034, 6501, 5658, 6338, 6286, 5893, 5961, 5654, 6423, 6288, 5841, 5677, 5826, 5956, 5842, 5941, 6433, 6316, 6002, 6118, 6495, 5652, 5675, 5698, 5799, 5673, 5671, 6748, 5725, 5684, 5839, 6324, 5676, 6020, 6107, 6466, 6113, 5784, 6016, 6149, 6830, 5670, 5699, 6062, 6238, 6109, 6254, 5919, 5938, 5840, 6438, 5726, 6002, 5953, 6612, 6268, 6444, 6350, 6060, 5774, 6719, 6996, 5977, 6000, 5865, 5854, 5844, 5663, 6597, 5673, 6074, 6059, 6554, 5959, 5734, 5650, 6180, 5790, 6754, 6587, 5799, 5646, 5683, 6001, 5830, 5664, 6070, 6767, 6550, 5677, 5981, 5829, 5785, 6097, 5952, 6198, 5645, 5846, 6860, 5945, 6660, 5674, 5731, 5662, 6389, 5868, 6527, 5836, 5671, 5674, 5890, 6274, 6207, 6543, 6769, 5706, 6774, 6193, 5789, 6066, 5781, 5744, 6086, 5751, 5687, 5784, 5813, 6126, 5965, 5755, 5838, 5912, 6009, 6558, 6663, 5696, 5960, 6566, 5806, 5838, 6000, 6279, 5781, 6766, 6040, 6368, 6104, 5944, 6665, 6536, 6106, 6320, 6301, 5694, 5946, 5643, 5743, 6234, 5802, 6231, 6271, 5792, 5652, 6341, 6002, 5669, 7502, 7083, 6383, 5995, 6381, 6579, 6588, 5686, 6229, 6168, 5679, 5940, 6809, 5736, 5736, 6438, 6334, 6230, 5987, 6183, 6381, 6771, 6602, 5928, 6227, 6183, 6265, 6333, 5675, 5837, 5686, 6497, 6503, 5692, 6602, 6425, 5694, 6011, 5679, 5883, 5896, 5805, 5909, 5784, 5688, 6707, 6203, 5884, 5665, 6493, 5722, 5896, 5644, 5643, 5670, 5742, 6026, 5677, 5687, 5684, 5673, 5662, 6801, 5837, 6306, 5948, 6205, 6452, 6500, 5900, 5660, 6984, 6321, 5957, 5949, 5697, 6515, 6343, 6420, 5665, 6822, 5840, 6295, 6062, 6342, 5968, 5891, 5854, 5671, 5674, 6053, 5680, 6107, 6534, 6040, 6050, 6024, 6287, 5687, 6458, 5645, 6234, 5657, 5772, 5707, 5693, 6490, 5660, 6233, 6862, 5737, 5949, 5665, 5773, 6006, 6167, 6698, 6057, 6213, 5886, 5646, 6988, 5863, 5839, 5851, 5946, 6119, 6026, 6527, 6391, 6102, 6103, 5744, 6331, 5746, 6333, 6440, 6278, 6486, 6434, 5679, 6487, 6658, 6881, 5656, 5656, 6169, 6324, 5810, 5836, 6179, 6075, 5663, 6219, 5687, 6280, 5951, 5998, 5675, 6441, 6354, 6015, 5967, 6782, 5719, 6293, 5655, 5675, 5851, 6640, 5646, 5688, 6232, 5914, 6097, 5729, 5823, 5964, 6217, 5965, 5689, 6341, 5669, 5691, 6560, 6279, 6114, 5666, 5676, 5858, 6006, 6310, 6112, 5658, 5799, 5857, 6692, 6327, 5950, 6301, 5645, 5841, 5882, 5948, 5654, 6221, 5845, 5663, 6291, 5891, 6748, 6280, 6164, 5842, 5949, 6016, 6583, 5667, 6720, 5689, 5897, 6702, 7032, 6447, 6587, 5835, 6698, 5660, 6431, 5655, 6190, 6612, 6403, 6213, 6174, 6429, 5781, 5694, 6528, 5674, 5663, 5973, 5690, 5677, 6455, 5778, 6110, 6052, 5722, 5657, 6430, 6799, 6118, 5903, 6570, 6449, 6264, 6063, 6115, 6233, 6488, 6491, 6129, 6439, 5947, 6493, 6005, 6538, 6006, 6639, 6097, 6005, 5843, 6106, 5756, 6160, 5680, 6314, 5647, 6016, 6168, 5664, 6493, 5834, 5963, 5756, 6110, 6804, 5661, 6161, 5661, 5727, 6796, 6065, 5996, 5669, 5782, 6071, 5678, 6237, 6810, 6025, 6124, 5950, 5649, 6030, 6561, 6550, 6081, 6377, 7103, 6257, 6155, 6303, 6710, 6282, 5791, 5999, 5756, 5747, 5687, 6118, 5945, 6558, 5794, 6225, 5913, 5717, 6496, 5722, 5786, 5685, 6554, 5670, 5654, 6006, 6231, 6103, 6071, 6244, 5942, 5682, 6350, 5970, 5654, 6396, 6112, 6371, 6573, 6840, 6023, 6184, 6188, 5896, 5738, 5679, 6101, 5861, 5843, 6123, 5787, 5885, 6010, 5843, 7026, 6367, 6931, 6340, 6269, 6239, 5666, 5933, 6114, 5976, 6599, 7129, 5910, 6162, 5901, 6063, 6286, 5938, 6411, 6162, 5665, 5683, 6080, 6043, 6016, 5795, 6174, 5681, 6774, 5652, 6388, 6717, 5794, 6326, 6508, 5795, 5894, 5955, 5967, 5729, 5748, 6011, 5765, 6814, 6076, 6220, 6189, 5995, 6006, 6160, 6226, 5700, 6109, 5845, 6626, 5680, 5675, 6543, 6386, 6135, 6055, 5962, 6008, 6005, 5673, 5667, 6055, 5836, 6117, 5757, 6408, 7310, 5956, 6046, 6599, 6111, 6065, 6012, 6177, 5658, 5889, 5739, 6002, 5783, 5840, 5751, 5667, 5941, 5970, 6709, 5912, 5965, 5678, 7432, 6553, 5731, 5669, 5748, 5682, 5873, 6168, 5839, 6671, 7097, 5669, 6059, 5857, 6539, 6005, 6388, 6323, 6496, 5679, 6233, 5885, 5772, 5688, 5839, 5696, 6299, 6093, 5652, 6405, 6368, 5847, 5858, 5684, 6266, 6329, 5891, 5745, 6711, 6619, 5737, 6446, 6032, 6387, 6058, 5799, 6279, 6313, 6109, 5724, 5687, 6206, 5842, 5668, 5791, 6757, 6076, 6486, 5815, 6658, 5673, 5660, 5793, 5755, 5900, 5690, 6272, 6452, 5680, 7082, 5892, 6732, 6689, 5789, 5855, 6016, 5741, 5780, 5668, 6151, 5787, 5688, 6502, 6398, 5932, 6590, 5813, 5756, 6424, 6121, 6763, 5952, 6569, 6274, 6030, 5663, 5739, 6813, 6283, 5693, 5656, 6578, 5898, 6920, 6667, 6113, 6693, 5999, 6487, 5934, 5741, 6080, 6428, 6053, 5677, 6119, 6548, 5799, 6153, 6851, 6178, 6393, 6104, 6069, 6443, 6591, 6547, 6413, 5668, 6724, 5950, 5684, 6011, 6426, 6175, 6292, 6223, 6552, 5906, 6347, 6070, 6074, 6675, 5822, 6010, 6288, 5653, 6434, 6268, 6002, 6382, 6159, 6119, 5797, 6084, 6060, 5847, 5938, 6237, 6352, 6173, 5751, 5969, 6324, 6167, 6018, 5848, 5781, 5660, 5661, 5787, 6192, 6423, 5949, 6490, 5681, 5792, 5862, 6402, 6121, 6422, 7304, 5681, 5783, 6168, 5677, 6046, 6227, 5914, 5690, 6331, 5685, 7021, 6529, 5903, 5950, 5653, 6211, 5840, 5835, 5656, 5669, 5688, 5674, 5647, 5949, 6590, 6419, 6223, 6110, 5779, 6125, 5965, 6263, 5651, 5752, 5997, 5721, 7087, 5689, 6206, 5911, 6219, 5950, 6453, 5676, 6765, 6228, 6281, 6756, 6983, 5790, 6485, 6682, 5678, 5950, 5662, 5661, 6442, 5955, 6341, 6226, 5657, 6334, 5801, 5688, 5798, 6501, 6070, 5727, 6656, 6125, 5898, 6175, 5668, 5996, 5688, 6225, 5651, 6161, 6554, 6551, 6659, 6397, 5900, 7111, 6596, 6388, 6637, 5847, 5740, 5957, 5739, 6384, 6043, 6967, 6026, 6102, 5795, 6235, 5964, 6837, 6051, 5681, 5783, 5677, 5650, 5753, 6611, 6486, 5682, 5846, 6931, 5895, 5667, 6999, 5791, 6069, 5663, 6319, 6812, 6293, 5667, 5899, 6008, 5661, 6969, 5677, 6832, 5832, 6436, 7109, 7452, 5688, 6130, 7364, 6003, 6264, 5818, 6225, 5666, 6591, 6758, 5861, 6240, 6190, 5732, 5651, 6276, 5745, 5733, 5660, 6103, 6566, 5733, 6661, 5829, 5799, 5822, 5683, 6339, 6166, 6877, 6173, 5793, 6169, 5672, 5672, 5972, 5907, 6195, 5669, 6133, 5740, 6990, 6715, 6003, 6328, 6804, 5782, 5994, 5738, 5861, 5676, 5694, 6006, 5647, 5817, 6071, 5850, 5913, 5662, 6973, 6237, 5671, 6166, 6070, 6361, 5656, 5700, 6498, 6193, 5721, 6503, 5948, 5797, 5820, 5684, 6051, 6446, 6046, 5855, 6287, 6284, 6000, 6982, 6177, 5667, 5745, 6381, 5893, 6123, 5803, 6130, 6831, 6050, 5661, 6402, 5699, 5717, 6766, 6396, 5850, 5742, 5687, 6707, 5862, 6777, 6157, 6210, 5891, 6340, 5669, 6008, 6496, 6216, 6784, 5672, 5698, 6180, 5706, 6605, 6329, 5786, 6966, 5782, 6017, 6046, 5864, 6386, 6263, 6241, 5861, 6294, 6090, 5993, 5677, 6449, 5722, 6187, 6931, 5672, 5967, 5800, 5667, 5898, 5687, 7018, 6399, 5855, 6129, 5696, 6798, 6912, 5660, 5781, 6702, 6713, 5677, 6281, 6269, 5961, 6054, 5891, 5652, 5645, 5780, 6972, 6655, 6179, 5831, 6384, 5665, 6290, 5862, 5787, 6598, 6051, 6609, 6067, 6746, 6765, 5726, 5927, 5958, 5684, 6171, 6269, 5660, 6321, 5738, 5688, 5653, 5742, 5662, 5886, 6485, 6358, 5699, 6660, 5665, 5821, 6105, 5849, 5826, 5957, 5710, 6341, 5734, 6516, 6272, 6115, 6557, 6028, 6662, 6983, 6164, 6598, 6000, 5894, 6619, 6792, 6010, 5951, 6810, 6115, 6130, 6334, 6815, 7151, 6845, 5672, 5682, 6299, 6171, 6174, 6255, 5830, 5659, 5709, 6509, 5752, 5818, 6065, 5832, 5802, 6774, 6318, 5663, 5843, 5662, 6070, 6096, 5943, 5646, 6168, 6161, 6453, 6144, 5966, 5679, 6228, 6050, 5915, 5734, 5845, 6099, 5660, 6785, 6170, 5651, 6930, 6458, 6728, 5898, 5664, 6274, 6107, 6522, 5845, 5700, 6062, 6698, 6242, 5858, 5658, 6545, 5833, 5828, 6117, 5650, 6171, 6451, 5683, 6022, 5663, 5682, 5894, 6124, 5668, 5679, 6116, 5741, 6124, 5680, 6483, 6598, 6118, 6115, 5694, 6832, 5802, 5688, 5904, 6441, 5994, 6700, 6723, 6288, 5670, 5653, 6152, 5669, 6375, 5642, 5744, 6284, 6289, 5786, 5849, 6438, 6279, 6279, 5731, 5962, 5802, 5650, 6327, 5993, 5681, 6327, 5988, 5851, 6824, 6661, 5857, 5838, 6717, 6483, 5673, 5787, 6066, 5682, 5774, 6408, 5832, 6163, 6056, 5661, 5674, 5680, 6337, 6537, 5695, 6337, 5857, 6109, 6704, 6418, 6338, 6103, 6606, 5850, 5899, 5750, 5652, 5696, 6169, 6231, 6115, 6015, 6647, 5994, 6898, 6055, 6179, 5674, 5958, 5840, 5671, 5842, 5693, 5854, 6751, 5674, 6828, 5723, 6177, 5669, 6923, 5898, 5689, 5693, 6571, 6496, 6117, 5901, 6349, 6249, 5836, 6296, 6433, 5914, 6355, 5666, 5782, 5670, 6408, 6153, 6376, 5796, 5670, 6056, 6364, 5853, 6253, 6266, 6123, 6184, 5962, 6125, 6011, 5954, 5678, 6941, 5855, 6056, 6290, 6537, 6512, 5756, 6764, 6284, 6209, 5665, 6237, 5948, 5672, 5839, 6837, 6077, 6375, 6892, 6805, 6723, 6320, 6041, 6565, 6126, 6447, 5845, 6440, 5687, 6221, 5747, 5783, 6334, 6264, 6560, 6546, 6779, 6604, 6199, 6404, 6737, 6452, 6519, 5808, 5746, 5849, 6500, 5669, 6192, 6772, 6759, 5679, 5948, 6728, 6458, 6273, 6539, 6060, 6169, 6201, 5689, 5820, 6539, 5700, 6348, 5674, 5696, 5665, 5653, 5837, 5706, 5664, 5897, 6471, 6825, 5956, 5897, 5738, 5671, 6322, 5791, 6266, 6389, 6876, 7078, 6072, 5854, 6821, 6414, 6478, 6381, 6570, 6059, 5951, 6059, 6751, 6073, 5900, 5672, 5742, 6450, 5786, 6347, 5784, 6707, 6106, 6013, 5810, 6049, 6659, 6063, 6545, 6263, 5655, 5888, 5952, 6541, 6778, 5937, 6249, 6343, 6004, 6110, 5684, 6114, 6636, 6485, 7152, 5647, 5668, 5803, 6728, 6516, 6230, 6516, 5948, 5673, 5663, 5944, 6384, 5661, 5744, 6111, 5686, 6235, 5740, 6080, 6112, 5675, 6212, 5998, 5687, 6114, 6172, 5996, 5914, 5647, 6477, 5668, 5720, 5736, 5708, 6007, 6009, 6395, 6111, 6436, 6547, 6169, 6505, 6067, 5996, 5709, 5672, 5686, 6062, 6049, 5671, 5882, 5824, 5806, 6004, 5745, 6094, 6226, 6016, 6059, 5674, 5691, 6051, 5843, 6113, 5890, 5992, 6196, 5669, 5792, 6276, 5669, 5678, 5952, 6325, 5640, 5673, 5880, 5941, 6055, 6078, 6174, 5811, 6488, 5679, 5891, 6113, 6543, 5947, 5666, 5943, 5792, 5975, 6062, 5796, 6009, 6177, 5952, 5952, 5713, 6350, 6122, 6110, 5675, 5807, 6114, 6075, 6124, 6155, 6352, 7050, 6821, 6716, 5824, 5904, 6243, 5916, 6158, 6301, 6606, 6277, 6673, 5656, 6654, 5699, 6058, 6261, 5683, 6175, 5959, 5999, 5940, 6340, 5735, 6378, 6437, 5887, 6352, 5807, 5852, 6490, 5649, 6183, 6408, 6430, 6229, 6164, 6879, 5698, 5804, 6533, 6233, 6333, 6118, 6622, 6273, 5693, 5986, 5835, 6546, 5772, 5846, 7096, 6552, 5745, 6776, 5948, 6893, 6028, 6139, 6002, 5722, 5663, 5804, 6379, 5857, 5999, 5973, 6405, 6147, 6206, 6283, 5868, 6258, 6126, 5946, 5684, 6008, 6140, 5852, 6641, 7298, 6172, 5725, 6382, 5667, 5699, 6546, 6061, 6243, 6226, 5724, 6555, 5669, 5694, 5892, 5656, 5681, 5737, 6689, 6820, 6490, 6266, 5895, 6334, 6362, 6268, 5685, 6075, 5693, 5852, 6022, 6068, 5656, 6081, 6596, 6223, 5743, 5835, 5985, 6151, 5923, 6869, 5678, 6133, 5891, 6074, 5950, 6562, 5814, 6154, 6667, 5760, 5845, 5665, 6491, 6208, 5896, 5735, 5694, 5746, 5681, 6324, 5940, 6052, 6328, 6461, 6897, 5701, 5694, 6061, 6264, 5746, 5749, 6237, 6533, 6062, 6452, 6543, 5738, 6272, 5685, 6069, 6703, 6718, 6064, 6335, 6172, 6109, 6767, 6757, 5741, 5738, 6383, 6059, 5947, 5794, 5826, 5664, 5881, 5746, 6057, 5812, 6709, 6773, 6344, 5771, 6210, 6607, 5654, 6660, 6468, 6592, 6033, 5741, 5692, 5947, 5799, 5687, 5951, 6215, 6049, 6339, 5746, 5657, 5691, 6166, 6060, 6235, 5945, 6493, 5859, 6236, 6244, 6170, 5826, 6482, 5687, 6215, 6884, 6706, 6433, 6284, 6678, 6173, 5854, 6139, 5668, 5687, 6067, 5680, 5839, 5998, 6261, 6139, 6207, 5721, 5751, 6355, 5949, 5906, 5725, 5733, 6117, 5680, 5851, 5670, 6209, 5790, 5673, 6436, 6264, 6645, 5653, 6644, 5733, 5913, 5783, 6006, 6417, 5842, 6820, 6272, 5938, 5655, 6294, 5695, 5855, 5837, 5971, 6652, 5671, 6237, 5664, 6595, 5679, 6747, 6002, 6147, 6385, 6177, 5678, 6116, 5685, 6219, 5837, 6160, 6193, 6004, 6488, 5733, 5837, 6163, 5796, 5680, 6500, 5773, 5668, 6216, 6608, 5961, 5841, 5685, 5678, 5721, 6283, 6329, 6285, 5675, 6386, 6176, 5782, 6382, 6661, 6177, 5834, 6438, 5670, 5675, 5744, 6196, 5682, 6604, 6111, 6160, 6186, 5659, 5699, 5704, 5683, 5772, 6072, 5846, 6635, 6555, 5661, 6601, 5675, 6178, 6652, 6357, 6290, 5662, 6388, 6363, 5833, 6872, 6350, 6247, 5658, 5673, 6159, 5891, 6359, 5942, 6330, 5786, 6451, 5858, 6177, 5659, 6449, 5896, 5903, 6629, 5948, 5974, 5905, 5844, 5678, 6013, 6008, 5790, 6793, 5712, 6231, 6522, 5951, 5691, 6156, 5669, 6120, 6781, 5848, 5649, 5731, 6120, 5776, 5942, 6110, 6561, 6559, 5804, 5961, 5685, 5820, 6021, 5676, 6293, 5969, 6554, 5990, 5695, 6360, 6624, 6098, 6226, 6002, 5719, 6437, 6495, 6112, 5676, 6133, 6720, 6291, 5692, 6110, 5673, 5660, 5672, 5902, 5639, 6428, 6223, 5899, 6007, 6496, 6159, 5678, 6008, 5946, 6246, 6510, 5682, 5801, 6112, 6841, 6595, 6146, 5966, 5672, 5672, 5680, 5889, 5731, 5867, 5862, 5953, 6221, 5839, 6477, 6315, 6060, 5735, 6816, 5691, 5799, 6693, 6562, 6649, 5932, 5672, 6517, 6523, 6173, 6708, 5666, 7204, 6605, 6278, 6077, 5738, 6495, 6531, 5724, 6007, 6005, 5949, 5883, 6926, 6712, 6150, 6003, 5670, 6070, 5666, 6466, 6159, 5749, 5694, 6570, 5803, 5804, 5673, 6001, 6930, 5897, 6014, 6055, 6123, 6311, 5897, 5680, 6769, 7085, 5781, 6167, 6095, 6431, 5957, 5676, 5940, 6269, 6487, 6326, 6084, 6539, 6076, 5658, 6074, 5720, 6440, 6156, 5654, 5947, 6219, 5730, 6226, 5670, 6351, 6546, 5665, 7030, 7108, 6751, 5897, 6816, 6159, 6221, 6490, 5660, 6177, 6329, 6051, 5732, 6128, 6167, 5678, 5674, 5743, 5783, 5738, 6272, 6211, 6482, 5969, 5670, 6763, 5671, 6597, 5670, 6597, 6405, 5740, 7142, 6437, 5967, 5697, 5960, 6609, 6063, 5954, 6612, 6533, 7019, 6332, 5879, 5659, 5668, 6868, 5805, 5756, 6348, 5905, 6350, 6914, 6165, 6105, 5757, 5975, 5959, 5903, 6696, 5797, 5652, 5946, 6231, 6662, 6026, 5684, 6102, 5769, 5922, 6001, 5935, 6000, 6526, 5813, 7186, 6380, 5680, 5967, 6029, 6815, 5883, 6292, 5652, 6220, 6381, 6497, 5955, 6430, 5955, 5669, 6116, 5675, 6330, 5846, 5732, 6284, 6009, 5934, 5889, 6713, 6768, 6174, 6217, 6281, 6414, 5976, 6000, 6022, 5672, 6058, 6539, 5687, 5670, 5849, 6443, 6529, 6496, 5696, 5684, 5678, 6063, 5678, 5977, 6006, 5697, 6385, 5841, 6325, 6231, 5651, 5949, 5700, 5944, 5667, 5994, 6053, 6171, 5853, 6814, 6166, 5750, 5836, 5649, 5893, 5859, 5712, 6768, 6002, 6750, 6229, 5788, 6005, 5916, 5998, 6217, 5662, 5722, 5959, 6334, 5669, 6392, 5663, 5852, 6108, 5796, 6542, 6202, 5684, 5947, 5653, 6049, 6007, 6347, 6295, 5657, 6742, 5949, 5948, 6858, 5958, 6233, 6176, 5648, 5851, 5801, 5785, 6074, 5783, 5658, 6503, 6763, 6532, 6271, 6602, 6213, 6052, 5743, 5742, 6760, 6712, 5709, 6105, 6748, 6335, 5676, 6800, 6870, 6015, 5684, 6085, 6687, 5907, 6216, 6049, 6054, 6698, 5996, 6706, 5754, 6062, 5950, 6918, 5753, 5933, 5839, 5672, 6020, 6498, 5833, 5728, 5736, 6272, 6131, 5906, 6089, 5739, 6449, 6262, 6591, 6279, 6484, 6763, 6835, 5691, 5671, 5651, 5660, 5660, 6482, 5654, 6129, 6442, 5898, 6072, 5949, 6699, 6065, 6103, 6012, 5836, 5637, 6835, 6595, 5779, 6748, 5684, 5681, 5953, 5689, 6003, 5843, 6971, 6311, 6453, 6386, 6628, 6487, 6208, 5903, 5792, 5741, 6503, 6606, 6101, 7306, 6122, 6440, 5997, 5899, 6070, 6283, 6051, 6588, 6261, 5841, 6654, 6658, 6014, 6253, 5788, 6422, 5696, 6134, 6003, 5689, 5959, 6394, 6989, 6357, 5670, 6115, 5645, 6971, 5750, 6550, 6212, 6819, 5944, 5884, 6818, 6011, 6277, 6620, 6291, 5850, 6154, 5675, 6551, 6735, 6343, 6347, 6766, 5789, 5677, 6405, 6471, 5949, 6005, 6002, 5707, 6118, 5835, 5851, 5999, 5965, 5662, 5664, 5672, 6336, 7081, 5676, 6446, 5904, 6116, 5669, 5676, 6781, 5910, 6496, 5778, 6048, 6615, 5960, 6495, 5645, 5658, 5682, 5712, 6174, 6329, 5844, 6229, 6121, 6107, 6177, 5975, 6096, 6149, 5989, 6108, 5745, 5961, 5681, 6265, 6487, 5895, 6867, 6777, 6059, 6070, 6218, 5676, 5686, 6373, 5704, 6068, 5732, 5842, 6131, 5789, 5665, 6347, 5789, 5782, 5721, 5939, 6215, 5670, 5663, 5781, 5964, 6084, 6102, 6334, 7021, 5669, 6178, 6597, 5782, 5665, 6225, 5986, 6174, 5653, 6481, 5657, 5964, 6581, 5658, 5687, 6573, 5667, 5654, 5749, 6055, 5692, 5980, 6174, 5959, 7204, 5674, 5671, 5884, 6012, 5960, 5897, 6014, 5951, 6666, 6057, 6403, 5689, 5679, 6708, 5721, 5944, 5679, 6935, 6497, 5839, 6561, 6514, 6053, 6739, 5734, 6251, 6223, 5952, 5985, 5856, 6111, 6226, 6538, 6113, 6114, 7217, 5806, 5947, 6459, 6278, 5694, 5823, 6032, 6429, 5662, 6226, 6128, 6183, 6275, 6910, 5922, 5965, 6658, 5708, 6046, 5980, 
Mejor solucion obtenida: 7, 5, 29, 30, 28, 27, 1, 3, 2, 36, 37, 38, 39, 40, 41, 42, 26, 25, 24, 21, 23, 22, 35, 0, 4, 16, 20, 18, 19, 17, 15, 12, 13, 14, 34, 33, 32, 31, 11, 9, 8, 10, 6, || Fitness: 5620;