Archivo Usado: p43.atsp
Tamaño de la Poblacion: 100
Reemplazo por Generacion: 5
Tamaño de los Torneos: 5
Cantidad de ciudades: 43
Probabilidad de cruce: 85000
Probabilidad mutacion simple: 13000
Probabilidad mutacion compleja: 25000
Cruces minimos de la mutacion compleja: 4
Iteraciones ejecutadas: 10000
Largo del cruce PMX: 6
Operador de Cruce: 0
Metodo seleccion de Padres: 0
Operador de Mutacion: 0
Metodo seleccion de Supervivientes: 1
Cantidad de threads a usar: 16
30, 27, 28, 1, 36, 2, 3, 37, 39, 38, 42, 41, 40, 26, 25, 24, 21, 22, 23, 35, 0, 4, 17, 16, 15, 18, 20, 19, 12, 13, 14, 34, 33, 32, 31, 9, 11, 10, 8, 7, 5, 6, 29, 
37, 39, 38, 42, 41, 40, 26, 25, 24, 21, 22, 23, 35, 0, 4, 17, 16, 15, 18, 20, 19, 12, 13, 14, 34, 33, 32, 31, 9, 11, 10, 8, 7, 5, 6, 29, 30, 27, 28, 1, 36, 2, 3, 
30, 27, 28, 1, 36, 2, 3, 37, 39, 38, 42, 41, 40, 26, 25, 24, 21, 22, 23, 35, 0, 4, 17, 16, 15, 18, 20, 19, 12, 13, 14, 34, 33, 32, 31, 9, 10, 11, 8, 7, 5, 6, 29, 
32, 31, 9, 10, 11, 8, 7, 5, 6, 29, 30, 27, 28, 1, 36, 2, 3, 37, 39, 38, 42, 41, 40, 26, 25, 24, 21, 22, 23, 35, 0, 4, 17, 16, 15, 18, 20, 19, 12, 13, 14, 34, 33, 
32, 31, 9, 10, 11, 8, 7, 5, 6, 29, 30, 27, 28, 1, 36, 2, 3, 37, 39, 38, 42, 41, 40, 26, 25, 24, 21, 22, 23, 35, 0, 4, 17, 16, 15, 18, 20, 19, 12, 13, 14, 34, 33, 
17, 16, 15, 18, 20, 19, 12, 13, 14, 34, 33, 32, 31, 9, 11, 10, 8, 7, 5, 6, 29, 30, 27, 28, 1, 3, 2, 36, 37, 39, 38, 42, 41, 40, 26, 25, 24, 21, 22, 23, 35, 0, 4, 
17, 16, 15, 18, 20, 19, 12, 13, 14, 34, 33, 32, 31, 9, 11, 10, 8, 7, 5, 6, 29, 30, 27, 28, 1, 36, 2, 3, 37, 39, 38, 42, 41, 40, 26, 24, 25, 21, 22, 23, 35, 0, 4, 
20, 19, 12, 13, 14, 34, 33, 32, 31, 9, 11, 10, 8, 7, 5, 6, 29, 30, 27, 28, 1, 36, 2, 3, 37, 39, 38, 42, 41, 40, 26, 25, 24, 21, 22, 23, 35, 0, 4, 17, 16, 15, 18, 
6, 29, 30, 27, 28, 1, 36, 2, 3, 37, 39, 38, 42, 41, 40, 26, 25, 24, 21, 22, 23, 35, 0, 4, 17, 16, 15, 18, 20, 19, 12, 13, 14, 34, 33, 32, 31, 9, 11, 10, 8, 7, 5, 
41, 40, 26, 25, 24, 21, 22, 23, 35, 0, 4, 17, 16, 15, 18, 20, 19, 12, 13, 14, 34, 33, 32, 31, 9, 11, 10, 8, 7, 5, 6, 29, 30, 27, 28, 1, 36, 2, 3, 37, 39, 38, 42, 
12, 13, 14, 34, 33, 32, 31, 9, 11, 10, 8, 7, 5, 6, 29, 30, 27, 28, 1, 36, 2, 3, 37, 39, 38, 42, 41, 40, 26, 25, 24, 21, 22, 23, 35, 0, 4, 17, 16, 15, 18, 20, 19, 
24, 21, 22, 23, 35, 0, 4, 17, 16, 15, 18, 20, 19, 12, 13, 14, 34, 33, 32, 31, 9, 10, 11, 8, 7, 5, 6, 29, 30, 27, 28, 1, 2, 36, 3, 37, 39, 38, 42, 41, 40, 26, 25, 
2, 3, 37, 39, 38, 42, 41, 40, 26, 25, 24, 21, 22, 23, 35, 0, 4, 17, 16, 15, 18, 20, 19, 12, 13, 14, 34, 33, 32, 31, 9, 11, 10, 8, 7, 5, 6, 29, 30, 27, 28, 1, 36, 
28, 1, 36, 2, 3, 37, 39, 38, 42, 41, 40, 26, 25, 24, 21, 22, 23, 35, 0, 4, 17, 16, 15, 18, 20, 19, 12, 13, 14, 34, 33, 32, 31, 9, 11, 10, 8, 7, 5, 6, 29, 30, 27, 
17, 16, 15, 18, 20, 19, 12, 13, 14, 34, 33, 32, 31, 9, 10, 11, 8, 7, 5, 6, 29, 30, 27, 28, 1, 36, 2, 3, 37, 39, 38, 42, 41, 40, 26, 25, 24, 21, 22, 23, 35, 0, 4, 
24, 21, 22, 23, 35, 0, 4, 17, 16, 15, 18, 20, 19, 12, 13, 14, 34, 33, 32, 31, 9, 11, 10, 8, 7, 5, 6, 29, 30, 27, 28, 1, 36, 2, 3, 37, 39, 38, 42, 41, 40, 26, 25, 
33, 32, 31, 9, 11, 10, 8, 7, 5, 6, 29, 30, 27, 28, 1, 36, 2, 3, 37, 39, 38, 42, 41, 40, 26, 25, 24, 21, 22, 23, 35, 0, 4, 17, 16, 15, 18, 20, 19, 12, 13, 14, 34, 
2, 36, 1, 3, 37, 39, 38, 42, 41, 40, 26, 25, 24, 21, 22, 23, 35, 0, 4, 17, 16, 15, 18, 20, 19, 12, 13, 14, 34, 33, 32, 31, 9, 10, 11, 8, 7, 5, 6, 29, 30, 27, 28, 
18, 20, 19, 12, 13, 14, 34, 33, 32, 31, 9, 11, 10, 8, 7, 5, 6, 29, 30, 27, 28, 2, 36, 1, 3, 37, 39, 38, 42, 41, 40, 26, 25, 24, 21, 22, 23, 35, 0, 4, 17, 16, 15, 
17, 16, 15, 18, 20, 19, 12, 13, 14, 34, 33, 32, 31, 9, 11, 10, 8, 7, 5, 6, 29, 30, 27, 28, 1, 36, 2, 3, 37, 39, 38, 42, 41, 40, 26, 25, 24, 21, 22, 23, 35, 0, 4, 
1, 36, 2, 3, 37, 39, 38, 42, 41, 40, 26, 25, 24, 21, 22, 23, 35, 0, 4, 17, 16, 15, 18, 20, 19, 12, 13, 14, 34, 33, 32, 31, 9, 11, 10, 8, 7, 5, 6, 29, 30, 27, 28, 
10, 8, 7, 5, 30, 29, 6, 27, 28, 1, 36, 2, 3, 37, 39, 38, 42, 41, 40, 26, 25, 24, 21, 22, 23, 35, 0, 4, 17, 16, 15, 18, 20, 19, 12, 13, 14, 34, 33, 32, 31, 9, 11, 
5, 7, 27, 28, 1, 36, 2, 3, 37, 39, 38, 42, 41, 40, 26, 25, 24, 21, 22, 23, 35, 0, 4, 17, 16, 15, 18, 20, 19, 12, 13, 14, 34, 33, 32, 31, 9, 10, 11, 8, 30, 29, 6, 
20, 19, 12, 13, 14, 34, 33, 32, 31, 9, 11, 10, 8, 7, 5, 6, 29, 30, 27, 28, 1, 36, 2, 3, 4, 0, 35, 23, 22, 21, 24, 25, 26, 40, 41, 42, 38, 39, 37, 17, 16, 15, 18, 
28, 27, 30, 29, 6, 5, 7, 8, 10, 11, 9, 31, 32, 33, 34, 14, 13, 12, 19, 20, 18, 15, 16, 17, 37, 39, 38, 42, 41, 40, 26, 25, 24, 21, 22, 23, 35, 0, 4, 3, 2, 36, 1, 
31, 9, 11, 10, 8, 7, 5, 6, 29, 30, 27, 28, 1, 3, 36, 2, 4, 0, 35, 23, 22, 21, 24, 25, 26, 40, 41, 42, 38, 39, 37, 17, 16, 15, 18, 20, 19, 12, 13, 14, 34, 33, 32, 
5, 7, 8, 10, 11, 9, 31, 32, 33, 34, 14, 13, 12, 19, 20, 18, 15, 16, 17, 37, 39, 38, 42, 41, 40, 26, 25, 24, 21, 22, 23, 35, 0, 4, 3, 2, 36, 1, 28, 27, 30, 29, 6, 
33, 32, 31, 9, 11, 10, 8, 7, 5, 6, 29, 30, 27, 28, 1, 3, 36, 2, 4, 0, 35, 23, 22, 21, 24, 25, 26, 40, 41, 42, 38, 39, 37, 17, 16, 15, 18, 20, 19, 12, 13, 14, 34, 
34, 14, 13, 12, 19, 20, 18, 15, 16, 17, 37, 39, 38, 42, 41, 40, 26, 25, 24, 21, 22, 23, 35, 0, 4, 3, 1, 36, 2, 28, 27, 30, 29, 6, 5, 7, 8, 10, 11, 9, 31, 32, 33, 
2, 36, 1, 28, 27, 30, 29, 6, 5, 7, 8, 10, 11, 9, 31, 32, 33, 34, 14, 13, 12, 19, 20, 18, 15, 16, 17, 4, 0, 35, 23, 22, 21, 24, 25, 26, 40, 41, 42, 38, 39, 37, 3, 
15, 16, 17, 4, 0, 35, 23, 22, 21, 24, 25, 26, 40, 41, 42, 38, 39, 37, 3, 36, 2, 1, 28, 27, 30, 29, 6, 5, 7, 8, 11, 10, 9, 31, 32, 33, 34, 14, 13, 12, 19, 20, 18, 
27, 30, 29, 6, 5, 7, 8, 11, 10, 9, 31, 32, 33, 34, 14, 13, 12, 19, 20, 18, 15, 16, 17, 4, 0, 35, 23, 22, 21, 24, 25, 26, 40, 41, 42, 38, 39, 37, 3, 2, 36, 1, 28, 
23, 22, 21, 24, 25, 26, 40, 41, 42, 38, 39, 37, 3, 2, 36, 1, 28, 27, 30, 29, 6, 5, 7, 8, 11, 10, 9, 31, 32, 33, 34, 14, 13, 12, 19, 20, 18, 15, 16, 17, 4, 0, 35, 
0, 35, 23, 22, 21, 24, 25, 26, 40, 41, 42, 38, 39, 37, 3, 2, 36, 1, 28, 27, 30, 29, 6, 5, 7, 8, 11, 10, 9, 31, 32, 33, 34, 14, 13, 12, 19, 20, 18, 15, 16, 17, 4, 
0, 35, 23, 22, 21, 24, 25, 26, 40, 41, 42, 38, 39, 37, 3, 2, 36, 1, 28, 27, 30, 29, 6, 5, 7, 8, 11, 10, 9, 31, 32, 33, 34, 14, 13, 12, 19, 20, 18, 15, 16, 17, 4, 
28, 27, 30, 29, 6, 5, 7, 8, 11, 10, 9, 31, 32, 33, 34, 14, 13, 12, 19, 20, 18, 15, 16, 17, 4, 0, 35, 23, 22, 21, 24, 25, 26, 40, 41, 42, 38, 39, 37, 3, 2, 36, 1, 
12, 19, 20, 18, 15, 16, 17, 4, 0, 35, 23, 22, 21, 24, 25, 26, 40, 41, 42, 38, 39, 37, 3, 2, 36, 1, 28, 27, 30, 29, 6, 5, 7, 8, 10, 11, 9, 31, 32, 33, 34, 14, 13, 
38, 39, 37, 3, 2, 36, 1, 28, 27, 30, 29, 6, 5, 7, 8, 10, 11, 9, 31, 32, 33, 34, 14, 13, 12, 19, 20, 18, 15, 16, 17, 4, 0, 35, 23, 22, 21, 24, 25, 26, 40, 41, 42, 
20, 18, 15, 16, 17, 4, 0, 35, 23, 22, 21, 24, 25, 26, 40, 41, 42, 38, 39, 37, 3, 2, 36, 1, 28, 27, 30, 29, 6, 5, 7, 8, 10, 11, 9, 31, 32, 33, 34, 14, 13, 12, 19, 
17, 4, 0, 35, 23, 22, 21, 24, 25, 26, 40, 41, 42, 38, 39, 37, 3, 2, 36, 1, 28, 27, 30, 29, 6, 5, 7, 8, 11, 10, 9, 31, 32, 33, 34, 14, 13, 12, 19, 20, 18, 15, 16, 
30, 29, 6, 5, 7, 8, 11, 10, 9, 31, 32, 33, 34, 14, 13, 12, 19, 20, 18, 15, 16, 17, 4, 0, 35, 23, 22, 21, 24, 25, 26, 40, 41, 42, 38, 39, 37, 3, 2, 36, 1, 28, 27, 
10, 11, 9, 31, 32, 33, 34, 14, 13, 12, 19, 20, 18, 15, 16, 17, 4, 0, 35, 23, 22, 21, 24, 25, 26, 40, 41, 42, 38, 39, 37, 3, 2, 36, 1, 28, 27, 30, 29, 6, 5, 7, 8, 
36, 1, 28, 27, 30, 29, 6, 5, 7, 8, 11, 10, 9, 31, 32, 33, 34, 14, 13, 12, 19, 20, 18, 15, 16, 17, 4, 0, 35, 23, 22, 21, 24, 25, 26, 40, 41, 42, 38, 39, 37, 3, 2, 
11, 9, 31, 32, 33, 34, 14, 13, 12, 19, 20, 18, 15, 16, 17, 4, 0, 35, 23, 22, 21, 24, 25, 26, 40, 41, 42, 38, 39, 37, 3, 2, 36, 1, 28, 27, 30, 29, 6, 5, 7, 8, 10, 
14, 13, 12, 19, 20, 18, 15, 16, 17, 4, 0, 35, 23, 22, 21, 24, 25, 26, 40, 41, 42, 38, 39, 37, 3, 2, 36, 1, 28, 27, 30, 29, 6, 5, 7, 8, 10, 11, 9, 31, 32, 33, 34, 
12, 19, 20, 18, 15, 16, 17, 4, 0, 35, 23, 22, 21, 24, 25, 26, 40, 41, 42, 38, 39, 37, 3, 2, 36, 1, 28, 27, 30, 29, 6, 5, 7, 8, 11, 10, 9, 31, 32, 33, 34, 14, 13, 
6, 5, 7, 8, 10, 11, 9, 31, 32, 33, 34, 14, 13, 12, 19, 20, 18, 15, 16, 17, 4, 0, 35, 23, 22, 21, 24, 25, 26, 40, 41, 42, 38, 39, 37, 3, 2, 36, 1, 28, 27, 30, 29, 
3, 1, 28, 27, 30, 29, 6, 5, 8, 7, 10, 11, 9, 31, 32, 33, 34, 14, 13, 12, 19, 20, 18, 15, 16, 17, 37, 39, 38, 42, 41, 40, 26, 25, 24, 21, 22, 23, 35, 0, 4, 2, 36, 
7, 8, 11, 10, 9, 31, 32, 33, 34, 14, 13, 12, 19, 20, 18, 15, 16, 17, 4, 0, 35, 23, 22, 21, 24, 25, 26, 40, 41, 42, 38, 39, 37, 3, 2, 36, 1, 28, 27, 30, 5, 6, 29, 
4, 0, 35, 23, 22, 21, 24, 25, 26, 40, 41, 42, 38, 39, 37, 3, 2, 36, 1, 28, 27, 6, 29, 30, 5, 7, 8, 10, 11, 9, 31, 32, 33, 34, 14, 13, 12, 19, 20, 18, 15, 16, 17, 
34, 14, 13, 12, 19, 20, 18, 15, 16, 17, 4, 0, 35, 23, 22, 21, 24, 25, 26, 40, 41, 42, 38, 39, 37, 3, 2, 36, 1, 28, 27, 7, 29, 6, 5, 30, 8, 10, 11, 9, 31, 32, 33, 
10, 9, 31, 32, 33, 34, 14, 13, 12, 19, 20, 18, 15, 16, 17, 4, 0, 35, 23, 22, 21, 24, 25, 26, 40, 41, 42, 38, 39, 37, 3, 2, 36, 1, 28, 27, 30, 6, 5, 7, 8, 11, 29, 
13, 14, 34, 33, 32, 31, 9, 11, 10, 8, 7, 5, 6, 29, 30, 27, 28, 2, 3, 37, 39, 38, 42, 41, 40, 26, 25, 24, 21, 22, 23, 35, 0, 4, 17, 16, 15, 18, 20, 19, 12, 36, 1, 
32, 33, 34, 14, 13, 12, 19, 20, 18, 15, 16, 17, 4, 0, 35, 23, 22, 21, 24, 25, 26, 40, 41, 42, 38, 39, 37, 9, 11, 10, 8, 7, 5, 6, 29, 30, 27, 28, 1, 36, 2, 3, 31, 
2, 36, 1, 28, 27, 6, 29, 30, 5, 7, 8, 10, 11, 9, 31, 32, 33, 34, 14, 13, 12, 19, 20, 18, 15, 16, 17, 37, 3, 4, 0, 35, 23, 22, 21, 24, 25, 26, 40, 41, 42, 38, 39, 
17, 27, 28, 1, 36, 2, 3, 37, 39, 38, 42, 41, 40, 26, 25, 24, 21, 22, 23, 35, 0, 4, 30, 16, 15, 18, 20, 19, 12, 13, 14, 34, 33, 32, 31, 9, 10, 11, 8, 7, 5, 6, 29, 
27, 30, 29, 6, 13, 7, 8, 10, 11, 9, 31, 32, 33, 34, 14, 5, 12, 19, 20, 18, 15, 16, 17, 37, 39, 38, 42, 41, 40, 26, 25, 24, 21, 22, 23, 35, 0, 4, 2, 36, 1, 28, 3, 
20, 18, 15, 16, 17, 4, 0, 36, 23, 22, 21, 24, 25, 26, 40, 41, 42, 38, 39, 37, 3, 2, 35, 1, 28, 27, 30, 29, 6, 5, 7, 8, 10, 11, 9, 31, 32, 33, 34, 14, 13, 12, 19, 
12, 19, 20, 18, 15, 16, 17, 37, 39, 38, 42, 41, 40, 26, 25, 24, 21, 22, 23, 35, 0, 4, 3, 36, 2, 9, 31, 32, 33, 34, 14, 13, 30, 27, 28, 1, 10, 11, 8, 7, 5, 6, 29, 
40, 41, 42, 38, 39, 37, 17, 16, 15, 18, 20, 19, 12, 13, 14, 34, 33, 32, 31, 9, 11, 10, 8, 7, 5, 6, 29, 30, 27, 28, 1, 36, 2, 4, 0, 35, 23, 22, 21, 24, 25, 26, 3, 
28, 27, 30, 29, 6, 5, 7, 8, 10, 11, 9, 31, 32, 33, 34, 14, 17, 12, 19, 20, 18, 15, 16, 13, 4, 0, 35, 23, 22, 21, 24, 25, 26, 40, 41, 42, 38, 39, 37, 3, 2, 36, 1, 
28, 27, 30, 29, 6, 5, 7, 8, 10, 11, 9, 31, 32, 33, 34, 14, 13, 12, 19, 20, 18, 15, 16, 17, 4, 0, 35, 23, 22, 1, 36, 2, 3, 37, 39, 38, 42, 41, 40, 26, 25, 24, 21, 
3, 2, 17, 1, 28, 27, 30, 29, 6, 5, 7, 8, 10, 11, 9, 31, 32, 33, 34, 14, 13, 12, 19, 20, 18, 15, 16, 36, 4, 0, 35, 23, 22, 21, 24, 25, 26, 40, 41, 42, 38, 39, 37, 
12, 19, 20, 18, 15, 16, 17, 4, 0, 35, 23, 22, 21, 24, 25, 26, 40, 41, 42, 38, 39, 37, 9, 31, 32, 33, 34, 14, 13, 28, 27, 30, 29, 6, 5, 7, 8, 10, 11, 36, 1, 2, 3, 
26, 25, 24, 21, 22, 23, 35, 0, 4, 3, 37, 39, 38, 42, 41, 40, 28, 2, 36, 1, 11, 10, 8, 7, 5, 6, 29, 30, 27, 33, 34, 14, 13, 12, 19, 20, 18, 15, 16, 17, 32, 31, 9, 
27, 30, 29, 6, 5, 7, 8, 10, 11, 9, 31, 32, 33, 34, 14, 13, 12, 19, 20, 18, 15, 16, 17, 37, 39, 38, 42, 41, 40, 26, 25, 24, 21, 22, 23, 35, 0, 3, 2, 36, 1, 28, 4, 
17, 4, 3, 35, 23, 22, 21, 24, 25, 26, 40, 41, 42, 38, 39, 37, 0, 2, 36, 1, 28, 27, 30, 29, 6, 5, 7, 8, 11, 10, 9, 31, 32, 33, 34, 14, 13, 12, 19, 20, 18, 15, 16, 
25, 26, 40, 41, 42, 38, 39, 37, 3, 2, 36, 24, 28, 27, 30, 29, 6, 5, 7, 8, 10, 11, 9, 31, 32, 33, 34, 14, 13, 12, 19, 20, 18, 15, 16, 17, 4, 0, 35, 23, 22, 21, 1, 
24, 25, 26, 40, 41, 42, 38, 39, 37, 3, 2, 36, 1, 28, 27, 30, 29, 6, 5, 7, 8, 16, 11, 9, 31, 32, 33, 34, 14, 13, 12, 19, 20, 18, 15, 10, 17, 4, 0, 35, 23, 22, 21, 
30, 27, 28, 1, 36, 2, 3, 37, 39, 38, 42, 41, 40, 26, 25, 24, 21, 22, 23, 35, 0, 5, 17, 16, 15, 18, 20, 19, 12, 13, 14, 34, 33, 32, 31, 9, 10, 11, 8, 7, 4, 6, 29, 
31, 32, 33, 34, 14, 13, 12, 19, 20, 18, 15, 16, 17, 4, 0, 35, 23, 22, 21, 27, 30, 29, 6, 5, 7, 8, 10, 11, 9, 25, 26, 40, 41, 42, 38, 39, 37, 3, 2, 36, 1, 28, 24, 
28, 1, 3, 36, 2, 4, 17, 16, 15, 18, 20, 19, 12, 13, 14, 34, 33, 32, 31, 9, 11, 10, 8, 7, 5, 6, 29, 30, 27, 40, 41, 42, 38, 39, 37, 0, 35, 23, 22, 21, 24, 25, 26, 
19, 20, 18, 15, 16, 17, 4, 0, 35, 23, 22, 21, 24, 25, 26, 40, 41, 42, 38, 39, 37, 30, 29, 6, 5, 7, 8, 10, 11, 9, 31, 32, 33, 34, 14, 13, 12, 27, 28, 1, 36, 2, 3, 
22, 21, 24, 25, 26, 40, 41, 42, 38, 39, 37, 17, 16, 15, 18, 20, 19, 12, 13, 14, 34, 33, 32, 31, 9, 11, 10, 8, 7, 27, 28, 1, 36, 2, 3, 4, 0, 35, 23, 29, 30, 5, 6, 
30, 27, 28, 1, 36, 12, 3, 37, 39, 38, 42, 41, 40, 26, 25, 24, 21, 22, 23, 35, 0, 4, 17, 16, 15, 18, 20, 19, 2, 13, 14, 34, 33, 32, 31, 9, 11, 5, 10, 7, 8, 6, 29, 
21, 22, 23, 35, 0, 33, 17, 16, 15, 18, 20, 19, 12, 13, 14, 34, 4, 32, 31, 9, 11, 10, 8, 7, 5, 6, 29, 30, 27, 28, 1, 36, 2, 3, 37, 39, 38, 42, 41, 40, 26, 25, 24, 
15, 16, 17, 4, 0, 35, 23, 22, 21, 24, 2, 26, 40, 41, 42, 38, 39, 37, 3, 25, 36, 14, 13, 12, 19, 20, 18, 6, 33, 32, 31, 34, 11, 10, 8, 7, 5, 9, 29, 30, 27, 28, 1, 
33, 27, 28, 1, 36, 2, 3, 37, 39, 38, 42, 41, 40, 26, 25, 34, 21, 22, 23, 35, 0, 4, 17, 16, 15, 18, 20, 19, 12, 13, 14, 24, 30, 32, 31, 9, 10, 11, 8, 7, 5, 6, 29, 
3, 2, 36, 1, 28, 27, 30, 29, 6, 5, 7, 8, 10, 11, 9, 31, 12, 33, 34, 24, 13, 32, 19, 20, 18, 15, 16, 17, 37, 39, 38, 42, 41, 40, 26, 25, 14, 21, 22, 23, 35, 0, 4, 
37, 3, 2, 36, 1, 28, 27, 30, 29, 6, 5, 7, 8, 10, 11, 9, 31, 32, 33, 34, 14, 13, 12, 19, 20, 18, 15, 16, 0, 4, 17, 35, 23, 22, 21, 24, 25, 26, 40, 41, 42, 38, 39, 
21, 22, 23, 35, 0, 4, 2, 36, 1, 3, 37, 39, 38, 42, 41, 40, 26, 25, 24, 5, 6, 29, 30, 27, 28, 15, 18, 20, 19, 12, 13, 14, 34, 33, 32, 31, 9, 11, 10, 8, 7, 17, 16, 
32, 33, 34, 14, 13, 12, 19, 20, 18, 15, 16, 17, 4, 0, 35, 31, 22, 21, 24, 25, 26, 40, 41, 42, 38, 39, 37, 3, 2, 36, 1, 28, 27, 30, 29, 6, 5, 7, 8, 10, 11, 9, 23, 
0, 35, 23, 20, 21, 24, 25, 26, 40, 41, 42, 38, 39, 37, 3, 2, 36, 19, 28, 27, 30, 29, 6, 5, 7, 8, 10, 11, 9, 31, 32, 33, 34, 14, 13, 12, 1, 22, 18, 15, 16, 17, 4, 
40, 26, 25, 24, 21, 22, 23, 35, 0, 4, 17, 16, 15, 19, 20, 18, 12, 13, 14, 34, 33, 32, 31, 9, 10, 11, 8, 7, 5, 6, 29, 30, 27, 28, 1, 3, 36, 2, 41, 42, 38, 39, 37, 
42, 26, 40, 41, 25, 24, 21, 22, 23, 35, 0, 4, 3, 2, 36, 1, 28, 27, 30, 29, 6, 5, 7, 8, 10, 11, 9, 31, 32, 33, 34, 14, 13, 12, 19, 20, 18, 15, 16, 17, 37, 39, 38, 
41, 42, 38, 39, 37, 17, 16, 15, 18, 20, 19, 12, 13, 14, 34, 33, 32, 31, 9, 11, 10, 8, 7, 5, 6, 29, 30, 27, 28, 1, 36, 2, 4, 0, 35, 23, 22, 21, 24, 25, 26, 40, 3, 
33, 34, 14, 13, 12, 19, 20, 18, 15, 16, 17, 4, 0, 35, 23, 22, 21, 24, 25, 26, 40, 41, 42, 38, 30, 37, 3, 2, 36, 1, 28, 27, 39, 29, 6, 5, 7, 8, 10, 11, 9, 31, 32, 
31, 9, 11, 10, 8, 7, 5, 6, 29, 30, 27, 28, 1, 3, 2, 36, 16, 15, 18, 20, 19, 12, 13, 14, 34, 33, 32, 38, 39, 37, 17, 4, 0, 35, 23, 22, 21, 24, 25, 26, 40, 41, 42, 
11, 10, 9, 31, 32, 33, 34, 14, 13, 12, 19, 20, 18, 15, 16, 17, 4, 0, 35, 23, 22, 21, 24, 25, 26, 40, 2, 36, 1, 28, 27, 30, 29, 6, 5, 7, 8, 3, 37, 39, 38, 42, 41, 
26, 40, 41, 42, 38, 25, 37, 3, 2, 36, 1, 28, 27, 30, 29, 6, 5, 7, 8, 11, 10, 9, 31, 32, 33, 34, 14, 13, 12, 19, 20, 18, 15, 16, 17, 4, 0, 35, 23, 22, 21, 24, 39, 
16, 17, 37, 39, 38, 42, 41, 7, 26, 25, 24, 21, 22, 23, 35, 0, 4, 2, 36, 3, 1, 28, 27, 30, 29, 6, 5, 40, 8, 11, 10, 9, 31, 32, 33, 34, 14, 13, 12, 19, 20, 18, 15, 
29, 6, 5, 7, 8, 11, 10, 9, 31, 32, 33, 34, 14, 13, 12, 19, 20, 18, 15, 16, 17, 37, 3, 2, 36, 1, 28, 27, 30, 42, 38, 39, 21, 22, 23, 35, 0, 4, 24, 25, 26, 40, 41, 
28, 27, 30, 29, 6, 5, 40, 8, 10, 11, 9, 31, 32, 33, 34, 14, 13, 12, 19, 20, 18, 15, 16, 17, 4, 0, 35, 23, 22, 21, 24, 25, 26, 7, 41, 42, 38, 39, 37, 3, 1, 36, 2, 
42, 38, 39, 37, 17, 4, 0, 35, 23, 22, 21, 24, 25, 26, 40, 41, 10, 11, 8, 7, 5, 6, 29, 30, 27, 28, 1, 3, 36, 2, 15, 16, 32, 33, 34, 14, 13, 12, 19, 20, 18, 31, 9, 
15, 16, 17, 37, 3, 2, 36, 1, 28, 27, 30, 29, 6, 5, 7, 8, 10, 11, 9, 31, 32, 33, 34, 14, 13, 12, 19, 20, 18, 38, 39, 40, 26, 25, 24, 21, 22, 23, 35, 0, 4, 42, 41, 
19, 12, 13, 14, 34, 33, 32, 31, 9, 5, 10, 8, 7, 11, 6, 29, 30, 27, 28, 1, 36, 2, 3, 4, 17, 16, 15, 18, 20, 42, 41, 40, 26, 25, 24, 21, 22, 23, 35, 0, 38, 39, 37, 
38, 42, 41, 4, 26, 25, 24, 21, 22, 23, 35, 0, 40, 2, 36, 3, 1, 28, 27, 30, 29, 6, 5, 7, 8, 11, 10, 9, 31, 32, 33, 34, 14, 13, 12, 18, 20, 19, 15, 16, 17, 37, 39, 
13, 12, 19, 20, 18, 15, 16, 17, 37, 3, 2, 36, 1, 28, 27, 30, 29, 6, 5, 7, 8, 10, 11, 9, 31, 32, 33, 34, 14, 42, 38, 39, 24, 25, 26, 40, 41, 35, 0, 4, 22, 23, 21, 
28, 1, 3, 36, 2, 4, 17, 16, 15, 18, 20, 19, 12, 13, 14, 34, 33, 32, 31, 9, 10, 11, 8, 7, 5, 6, 29, 30, 27, 23, 35, 0, 42, 38, 39, 37, 21, 22, 25, 24, 41, 40, 26, 
22, 19, 35, 0, 4, 17, 16, 15, 18, 20, 23, 12, 1, 14, 34, 33, 32, 31, 39, 11, 10, 8, 7, 5, 6, 29, 30, 27, 28, 13, 36, 2, 3, 37, 9, 38, 42, 41, 40, 26, 25, 24, 21, 
Tiempo de ejecucion (total): 7.758
Best fitness a lo largo del tiempo: 
17144, 11811, 6397, 6384, 6332, 6222, 6181, 6058, 6044, 6044, 6011, 5961, 5961, 5915, 5915, 5915, 5915, 5914, 5897, 5897, 5880, 5871, 5863, 5853, 5853, 5852, 5819, 5819, 5795, 5795, 5795, 5786, 5779, 5779, 5779, 5767, 5767, 5755, 5755, 5755, 5754, 5754, 5754, 5747, 5747, 5747, 5744, 5744, 5737, 5735, 5735, 5735, 5735, 5722, 5722, 5720, 5720, 5720, 5688, 5688, 5688, 5688, 5684, 5684, 5670, 5670, 5669, 5669, 5669, 5669, 5669, 5669, 5668, 5668, 5668, 5668, 5667, 5667, 5659, 5657, 5657, 5657, 5657, 5655, 5653, 5653, 5653, 5653, 5653, 5651, 5651, 5649, 5649, 5647, 5647, 5647, 5647, 5647, 5647, 5647, 5647, 5645, 5645, 5645, 5645, 5645, 5645, 5645, 5645, 5645, 5645, 5645, 5645, 5645, 5645, 5645, 5645, 5645, 5645, 5645, 5645, 5645, 5645, 5645, 5645, 5645, 5645, 5645, 5645, 5645, 5645, 5645, 5645, 5645, 5645, 5645, 5645, 5645, 5645, 5645, 5645, 5645, 5645, 5645, 5645, 5639, 5639, 5639, 5639, 5639, 5639, 5639, 5639, 5639, 5639, 5639, 5639, 5639, 5639, 5639, 5639, 5639, 5639, 5639, 5639, 5639, 5639, 5639, 5639, 5639, 5639, 5639, 5639, 5639, 5639, 5639, 5639, 5639, 5639, 5639, 5639, 5639, 5639, 5639, 5639, 5639, 5639, 5639, 5639, 5639, 5639, 5639, 5639, 5639, 5639, 5639, 5639, 5639, 5639, 5639, 5639, 5639, 5639, 5639, 5639, 5639, 5639, 5639, 5639, 5639, 5639, 5639, 5639, 5639, 5639, 5637, 5637, 5637, 5637, 5637, 5637, 5637, 5637, 5637, 5637, 5637, 5637, 5637, 5637, 5637, 5637, 5637, 5637, 5637, 5637, 5637, 5637, 5637, 5637, 5637, 5637, 5635, 5635, 5635, 5635, 5635, 5635, 5635, 5635, 5635, 5635, 5635, 5635, 5635, 5635, 5635, 5635, 5635, 5633, 5633, 5633, 5633, 5633, 5633, 5633, 5633, 5633, 5633, 5633, 5633, 5633, 5633, 5633, 5633, 5633, 5633, 5633, 5633, 5633, 5633, 5633, 5633, 5633, 5631, 5631, 5631, 5631, 5631, 5631, 5631, 5631, 5631, 5631, 5631, 5631, 5631, 5631, 5631, 5631, 5631, 5631, 5631, 5631, 5631, 5631, 5631, 5631, 5631, 5631, 5631, 5631, 5631, 5631, 5631, 5631, 5631, 5631, 5631, 5631, 5631, 5631, 5631, 5631, 5631, 5631, 5631, 5631, 5631, 5631, 5631, 5631, 5631, 5631, 5631, 5631, 5631, 5631, 5631, 5631, 5631, 5631, 5631, 5631, 5631, 5631, 5631, 5631, 5631, 5631, 5631, 5631, 5631, 5631, 5631, 5631, 5631, 5631, 5631, 5631, 5631, 5631, 5631, 5631, 5631, 5631, 5631, 5631, 5631, 5631, 5631, 5631, 5631, 5631, 5631, 5631, 5631, 5631, 5631, 5631, 5631, 5631, 5631, 5631, 5631, 5631, 5631, 5631, 5631, 5631, 5631, 5631, 5631, 5631, 5631, 5631, 5631, 5631, 5631, 5631, 5631, 5631, 5631, 5631, 5631, 5631, 5631, 5631, 5631, 5631, 5631, 5631, 5631, 5631, 5631, 5631, 5631, 5631, 5631, 5631, 5631, 5631, 5631, 5631, 5631, 5631, 5631, 5631, 5631, 5631, 5631, 5631, 5631, 5631, 5631, 5631, 5631, 5631, 5631, 5631, 5631, 5631, 5631, 5631, 5631, 5631, 5631, 5631, 5631, 5631, 5631, 5631, 5631, 5631, 5631, 5631, 5631, 5631, 5631, 5631, 5631, 5631, 5631, 5631, 5631, 5631, 5631, 5631, 5631, 5631, 5631, 5631, 5631, 5631, 5631, 5631, 5631, 5631, 5631, 5631, 5631, 5631, 5631, 5631, 5631, 5631, 5631, 5631, 5631, 5631, 5631, 5631, 5631, 5631, 5631, 5631, 5631, 5631, 5631, 5631, 5631, 5631, 5631, 5631, 5631, 5631, 5631, 5631, 5631, 5631, 5631, 5631, 5631, 5631, 5631, 5631, 5631, 5631, 5631, 5631, 5631, 5631, 5631, 5631, 5631, 5631, 5631, 5631, 5631, 5631, 5631, 5631, 5631, 5631, 5631, 5631, 5631, 5631, 5631, 5631, 5631, 5631, 5631, 5631, 5631, 5631, 5631, 5631, 5631, 5631, 5631, 5631, 5631, 5631, 5631, 5631, 5631, 5631, 5631, 5631, 5631, 5631, 5631, 5631, 5631, 5631, 5631, 5631, 5631, 5631, 5631, 5631, 5631, 5631, 5631, 5631, 5631, 5631, 5631, 5631, 5631, 5631, 5631, 5631, 5631, 5631, 5631, 5631, 5631, 5631, 5631, 5631, 5631, 5631, 5631, 5631, 5631, 5631, 5631, 5631, 5631, 5631, 5631, 5631, 5631, 5631, 5631, 5631, 5631, 5631, 5631, 5631, 5631, 5631, 5631, 5631, 5631, 5631, 5631, 5631, 5631, 5631, 5631, 5631, 5631, 5631, 5631, 5631, 5631, 5631, 5631, 5631, 5631, 5631, 5631, 5631, 5631, 5631, 5631, 5631, 5631, 5631, 5631, 5631, 5631, 5631, 5631, 5631, 5631, 5631, 5631, 5631, 5631, 5631, 5631, 5631, 5631, 5631, 5631, 5631, 5631, 5631, 5631, 5631, 5631, 5631, 5631, 5631, 5631, 5631, 5631, 5631, 5631, 5631, 5631, 5631, 5631, 5631, 5631, 5631, 5631, 5631, 5631, 5631, 5631, 5631, 5631, 5631, 5631, 5631, 5631, 5631, 5631, 5631, 5631, 5631, 5631, 5631, 5631, 5631, 5631, 5631, 5631, 5631, 5631, 5631, 5631, 5631, 5631, 5631, 5631, 5631, 5631, 5631, 5631, 5631, 5631, 5631, 5631, 5631, 5631, 5631, 5631, 5631, 5631, 5631, 5631, 5631, 5631, 5631, 5631, 5631, 5631, 5631, 5631, 5631, 5631, 5631, 5631, 5631, 5631, 5631, 5631, 5631, 5631, 5631, 5631, 5631, 5631, 5631, 5631, 5631, 5631, 5631, 5631, 5631, 5631, 5631, 5631, 5631, 5631, 5631, 5631, 5631, 5631, 5631, 5631, 5631, 5631, 5631, 5631, 5631, 5631, 5631, 5631, 5631, 5631, 5631, 5631, 5631, 5631, 5631, 5631, 5631, 5631, 5631, 5631, 5631, 5631, 5631, 5631, 5631, 5631, 5631, 5631, 5631, 5631, 5631, 5631, 5631, 5631, 5631, 5631, 5631, 5631, 5631, 5631, 5631, 5631, 5631, 5631, 5631, 5631, 5631, 5631, 5631, 5631, 5631, 5631, 5631, 5631, 5631, 5631, 5631, 5631, 5631, 5631, 5631, 5631, 5631, 5631, 5631, 5631, 5631, 5631, 5631, 5631, 5631, 5631, 5631, 5631, 5631, 5631, 5631, 5631, 5631, 5631, 5631, 5631, 5631, 5631, 5631, 5631, 5631, 5631, 5631, 5631, 5631, 5631, 5631, 5631, 5631, 5631, 5631, 5631, 5631, 5631, 5631, 5631, 5631, 5631, 5631, 5631, 5631, 5631, 5631, 5631, 5631, 5631, 5631, 5631, 5631, 5631, 5631, 5631, 5631, 5631, 5631, 5631, 5631, 5631, 5631, 5631, 5631, 5631, 5631, 5631, 5631, 5631, 5631, 5631, 5631, 5631, 5631, 5631, 5631, 5631, 5631, 5631, 5631, 5631, 5631, 5631, 5631, 5631, 5631, 5631, 5631, 5631, 5631, 5631, 5631, 5631, 5631, 5631, 5631, 5631, 5631, 5631, 5631, 5631, 5631, 5631, 5631, 5631, 5631, 5631, 5631, 5631, 5631, 5631, 5631, 5631, 5631, 5631, 5631, 5631, 5631, 5631, 5631, 5631, 5631, 5631, 5631, 5631, 5631, 5631, 5631, 5631, 5631, 5631, 5631, 5631, 5631, 5631, 5631, 5631, 5631, 5631, 5631, 5631, 5631, 5631, 5631, 5631, 5631, 5631, 5631, 5631, 5631, 5631, 5631, 5631, 5631, 5631, 5631, 5631, 5631, 5631, 5631, 5631, 5631, 5631, 5631, 5631, 5631, 5631, 5631, 5631, 5631, 5631, 5631, 5631, 5631, 5631, 5631, 5631, 5631, 5631, 5631, 5631, 5631, 5631, 5631, 5631, 5631, 5631, 5631, 5631, 5631, 5631, 5631, 5631, 5631, 5631, 5631, 5631, 5631, 5631, 5631, 5631, 5631, 5631, 5631, 5631, 5631, 5631, 5631, 5631, 5631, 5631, 5631, 5631, 5631, 5631, 5631, 5631, 5631, 5631, 5631, 5631, 5631, 5631, 5631, 5631, 5631, 5631, 5631, 5631, 5631, 5631, 5631, 5631, 5631, 5631, 5631, 5631, 5631, 5631, 5631, 5631, 5631, 5631, 5631, 5631, 5631, 5631, 5631, 5631, 5631, 5631, 5631, 5631, 5631, 5631, 5631, 5631, 5631, 5631, 5631, 5631, 5631, 5631, 5631, 5631, 5631, 5631, 5631, 5631, 5631, 5631, 5631, 5631, 5631, 5631, 5631, 5631, 5631, 5631, 5631, 5631, 5631, 5631, 5631, 5631, 5631, 5631, 5631, 5631, 5631, 5631, 5631, 5631, 5631, 5631, 5631, 5631, 5631, 5631, 5631, 5631, 5631, 5631, 5631, 5631, 5631, 5631, 5631, 5631, 5631, 5631, 5631, 5631, 5631, 5631, 5631, 5631, 5631, 5631, 5631, 5631, 5631, 5631, 5631, 5631, 5631, 5631, 5631, 5631, 5631, 5631, 5631, 5631, 5631, 5631, 5631, 5631, 5631, 5631, 5631, 5631, 5631, 5631, 5631, 5631, 5631, 5631, 5631, 5631, 5631, 5631, 5631, 5631, 5631, 5631, 5631, 5631, 5631, 5631, 5631, 5631, 5631, 5631, 5631, 5631, 5631, 5631, 5631, 5631, 5631, 5631, 5631, 5631, 5631, 5631, 5631, 5631, 5631, 5631, 5631, 5631, 5631, 5631, 5631, 5631, 5631, 5631, 5631, 5631, 5631, 5631, 5631, 5631, 5631, 5631, 5631, 5631, 5631, 5631, 5631, 5631, 5631, 5631, 5631, 5631, 5631, 5631, 5631, 5631, 5631, 5631, 5631, 5631, 5631, 5631, 5631, 5631, 5631, 5631, 5631, 5631, 5631, 5631, 5631, 5631, 5631, 5631, 5631, 5631, 5631, 5631, 5631, 5631, 5631, 5631, 5631, 5631, 5631, 5631, 5631, 5631, 5631, 5631, 5631, 5631, 5631, 5631, 5631, 5631, 5631, 5631, 5631, 5631, 5631, 5631, 5631, 5631, 5631, 5631, 5631, 5631, 5631, 5631, 5631, 5631, 5631, 5631, 5631, 5631, 5631, 5631, 5631, 5631, 5631, 5631, 5631, 5631, 5631, 5631, 5631, 5631, 5631, 5631, 5631, 5631, 5631, 5631, 5631, 5631, 5631, 5631, 5631, 5631, 5631, 5631, 5631, 5631, 5631, 5631, 5631, 5631, 5631, 5631, 5631, 5631, 5631, 5631, 5631, 5631, 5631, 5631, 5631, 5631, 5631, 5631, 5631, 5631, 5631, 5631, 5631, 5631, 5631, 5631, 5631, 5631, 5631, 5631, 5631, 5631, 5631, 5631, 5631, 5631, 5631, 5631, 5631, 5631, 5631, 5631, 5631, 5631, 5631, 5631, 5631, 5631, 5631, 5631, 5631, 5631, 5631, 5631, 5631, 5631, 5631, 5631, 5622, 5622, 5622, 5622, 5622, 5622, 5622, 5622, 5622, 5622, 5622, 5622, 5620, 
Fitness promedio a lo largo del tiempo: 
21456, 16583, 13146, 10930, 8120, 7867, 7400, 7398, 7195, 7036, 6935, 7168, 6929, 6925, 7439, 6730, 7393, 6839, 6763, 6567, 7055, 6365, 6795, 6795, 7473, 7054, 7151, 7566, 7631, 6365, 7021, 7626, 6446, 7264, 7735, 6760, 6051, 6292, 7329, 6687, 6137, 7415, 6565, 6945, 7173, 6609, 6391, 6953, 6718, 6533, 6660, 6366, 6578, 6433, 6582, 6833, 6515, 7057, 6742, 6033, 6393, 6556, 6076, 6221, 6327, 6275, 6696, 6681, 6968, 6783, 6265, 7333, 6521, 6287, 6826, 5816, 6232, 6179, 5920, 6772, 6461, 5982, 6613, 5856, 6039, 5771, 5704, 5691, 6030, 6306, 6269, 6383, 5977, 6314, 6114, 6150, 5991, 6462, 6169, 6234, 5845, 6039, 5921, 5690, 6001, 5929, 6009, 5686, 5791, 5787, 5683, 5657, 5797, 5677, 5674, 5697, 5793, 5679, 6029, 5672, 5661, 5737, 5783, 6100, 6281, 6268, 5903, 6108, 5664, 6354, 5940, 5663, 5768, 6384, 5665, 5653, 5674, 5847, 5661, 5744, 5740, 5805, 5661, 5664, 5670, 5661, 5678, 5680, 6007, 6447, 5665, 5659, 5650, 6041, 5856, 5676, 6325, 5667, 5891, 5653, 5843, 5647, 5923, 5658, 6577, 6426, 5656, 5728, 5661, 5845, 6122, 5670, 5838, 5663, 5682, 6133, 5669, 5736, 6749, 6125, 6237, 6062, 5662, 6447, 6069, 6601, 5785, 5681, 5666, 5725, 6111, 5678, 5778, 5954, 5777, 5889, 6218, 5662, 5902, 5664, 5671, 5668, 5965, 5875, 5670, 5659, 5840, 5899, 5662, 5676, 5681, 6049, 5958, 5664, 5660, 6342, 5900, 6329, 5799, 5827, 5659, 5734, 5733, 6180, 5948, 5670, 5674, 5781, 5885, 5679, 5668, 6393, 6016, 5699, 6458, 5921, 5799, 5837, 5895, 5798, 5660, 5677, 5718, 5692, 6436, 5998, 5906, 5905, 6173, 5677, 5675, 6221, 5694, 6239, 5652, 6074, 5679, 5741, 5802, 5905, 5792, 5680, 5673, 5992, 5859, 5673, 5665, 5657, 5655, 5852, 5680, 5688, 5666, 5668, 5750, 6312, 5840, 5661, 5706, 5854, 6504, 5657, 5670, 5657, 5651, 5982, 5718, 5839, 5936, 5970, 5669, 5895, 5653, 5673, 5894, 5648, 5882, 5845, 5713, 5657, 5852, 5674, 5826, 5659, 5828, 5690, 5836, 5664, 5915, 5887, 5771, 5673, 5663, 5666, 5652, 5659, 5858, 5897, 5655, 5775, 5675, 5820, 5722, 5737, 5666, 6205, 5678, 5655, 5650, 5679, 6408, 5674, 5790, 5696, 5659, 5663, 5665, 5653, 5781, 5657, 6039, 5656, 5656, 5834, 5670, 5659, 5916, 5668, 5681, 6101, 5654, 5669, 5886, 5887, 5663, 5645, 6272, 5654, 5994, 5667, 5726, 5648, 5986, 5993, 5662, 5846, 5713, 5841, 6073, 5880, 6606, 5875, 5661, 5997, 5655, 5647, 6017, 5666, 6633, 5669, 5667, 6754, 5647, 6261, 6107, 5994, 5642, 5848, 5668, 5841, 5779, 5746, 5659, 6586, 6231, 5661, 5724, 5778, 6125, 5652, 5664, 5645, 5655, 5671, 5783, 6502, 5718, 5889, 5920, 5669, 5776, 5743, 5662, 6111, 6338, 5907, 6212, 6151, 5672, 5673, 5674, 5669, 5655, 6169, 5837, 6540, 5669, 5666, 5731, 5797, 5664, 5663, 6391, 5902, 5828, 5667, 5658, 5716, 5658, 5669, 6067, 5685, 5670, 5644, 5667, 6046, 6538, 5670, 5675, 6227, 5657, 5657, 5656, 5652, 5739, 5659, 5646, 5660, 6205, 5663, 5661, 5664, 6424, 5660, 6014, 5999, 5646, 5659, 5969, 5666, 5754, 5672, 5660, 6003, 5690, 5682, 5786, 5934, 5664, 5788, 5888, 5732, 5639, 5672, 5651, 5657, 5667, 5834, 5680, 6057, 5649, 5883, 5662, 6176, 5878, 6131, 5678, 6146, 6453, 5681, 5673, 5672, 6439, 6419, 6335, 5655, 5669, 5657, 5670, 5664, 5654, 5657, 5686, 5722, 6017, 5953, 5725, 5658, 5666, 6018, 5672, 5933, 5643, 5663, 6003, 5855, 5680, 6272, 5898, 5664, 6005, 6096, 6058, 5673, 5787, 6290, 5662, 6048, 5728, 5685, 6335, 5745, 5659, 5999, 5885, 5893, 5675, 6208, 5678, 5806, 5908, 6060, 5664, 5677, 5893, 5849, 6382, 6011, 5839, 5681, 5718, 5685, 5670, 5644, 5720, 6153, 5669, 5678, 6073, 6158, 5667, 5664, 6123, 6109, 5656, 6046, 5660, 5682, 5836, 6012, 5662, 5643, 6094, 5779, 5898, 6108, 6266, 5876, 5649, 5656, 5659, 6175, 5739, 5671, 5848, 5665, 5681, 5884, 5711, 5669, 5695, 5833, 5665, 5668, 5942, 5738, 5956, 5671, 5661, 5892, 5656, 5687, 5666, 5659, 5889, 5653, 5678, 6064, 5967, 5727, 5773, 6047, 5663, 5669, 5921, 6651, 6440, 6285, 5667, 5665, 5947, 5673, 5776, 5663, 6422, 5679, 5641, 5663, 6238, 5647, 5644, 5728, 5655, 5903, 5774, 5679, 5665, 5674, 6107, 5664, 5817, 5674, 5775, 5668, 6109, 5663, 5882, 6191, 5643, 6589, 5657, 6041, 5718, 5690, 5673, 5686, 5942, 5659, 5655, 5930, 5665, 5741, 6682, 5686, 5990, 5657, 5663, 5768, 5666, 5674, 6414, 5660, 6148, 5948, 6048, 5882, 5658, 5837, 5890, 5659, 5676, 5828, 5967, 5660, 5680, 5663, 5686, 5663, 5938, 5667, 5998, 5674, 5780, 5659, 5674, 6110, 5673, 5893, 5735, 5690, 5655, 5672, 5656, 6528, 6039, 5943, 5653, 5840, 5683, 5686, 5665, 5739, 5663, 5995, 5673, 5656, 5983, 6163, 5686, 6071, 6119, 5850, 6024, 6402, 5671, 6441, 6114, 5692, 5681, 5658, 5652, 5918, 5677, 5959, 5823, 6342, 5931, 6044, 6243, 6022, 5658, 5649, 5669, 5658, 5649, 6089, 6815, 5676, 5825, 5663, 5722, 5660, 5661, 5676, 5659, 6023, 5779, 5896, 5639, 5670, 5655, 5656, 5677, 5955, 5677, 5834, 5790, 5890, 5779, 5655, 5683, 5662, 5827, 5742, 5648, 5836, 5641, 5662, 5732, 5677, 6003, 5660, 5732, 6296, 5944, 5662, 5785, 5660, 5651, 5680, 5688, 5725, 5658, 5657, 5670, 5669, 5793, 6252, 5674, 5691, 5696, 5892, 5656, 5921, 5749, 5668, 5870, 5845, 5765, 6334, 5666, 6010, 5935, 5947, 5831, 5662, 5888, 6049, 5654, 5676, 6100, 5650, 5645, 5718, 5793, 5729, 5665, 5831, 5902, 6275, 5684, 5660, 5898, 5772, 5640, 5791, 6001, 6286, 6342, 6423, 5780, 5658, 5780, 5661, 5785, 5653, 5991, 5789, 6868, 5666, 5783, 5677, 5905, 5670, 5654, 5658, 5679, 5668, 5654, 5736, 6016, 5670, 5684, 5649, 5670, 6012, 6443, 5943, 5903, 5650, 5668, 5652, 5665, 5664, 5659, 5664, 5745, 5659, 5781, 5665, 5661, 5785, 5685, 5828, 5913, 6073, 5650, 5896, 5659, 5645, 5999, 5874, 5831, 6157, 5656, 5661, 5992, 5734, 5656, 5853, 6061, 5644, 5669, 5669, 5963, 5664, 5663, 5662, 5657, 5668, 5947, 5731, 5669, 6715, 5680, 5948, 5651, 5651, 5958, 5722, 5786, 5793, 5651, 6228, 5781, 5650, 5732, 5659, 5727, 5662, 5779, 5663, 6144, 6036, 5827, 5795, 5651, 6388, 5645, 5645, 6265, 5797, 5890, 5663, 5822, 5829, 5672, 5690, 5682, 5735, 5644, 6126, 5755, 5852, 6122, 5669, 5945, 5662, 6060, 5991, 6331, 5659, 5721, 5826, 5658, 5733, 5788, 5790, 5663, 5941, 5842, 5754, 5671, 5653, 6075, 5675, 5685, 5785, 5645, 5664, 5730, 5959, 5847, 6233, 5677, 6173, 5676, 5645, 5661, 5662, 5721, 5661, 5928, 6207, 5674, 5644, 5677, 6050, 5796, 5670, 5888, 5678, 5663, 5783, 5674, 5661, 5670, 5653, 5655, 6103, 5673, 5653, 5668, 5828, 6494, 5649, 5663, 5884, 5677, 5727, 5653, 6430, 5647, 6421, 5795, 5855, 5771, 5649, 5641, 6000, 5897, 5645, 5996, 5655, 5680, 5781, 5749, 5645, 5839, 5674, 5649, 5678, 5682, 5655, 5833, 5687, 5836, 5661, 5999, 5661, 5739, 5844, 5830, 6159, 5947, 5667, 5736, 5648, 5662, 5645, 5747, 5683, 5664, 5911, 5830, 5883, 5658, 5684, 5677, 5655, 5892, 5794, 5799, 5667, 5984, 5672, 5655, 5656, 5673, 5725, 5676, 5656, 5779, 5677, 5652, 5662, 5833, 6331, 5776, 5664, 5674, 6107, 6663, 5645, 5673, 6379, 5991, 5669, 5667, 5735, 5780, 5776, 5651, 5945, 5676, 5664, 6051, 5649, 5669, 6052, 5829, 6593, 5655, 5733, 6030, 5663, 5785, 5658, 5661, 5673, 5679, 5662, 5956, 5652, 5664, 5787, 5679, 5787, 5663, 5667, 5738, 5662, 5660, 5900, 5788, 5675, 5829, 5657, 5781, 5667, 5690, 6320, 5664, 5664, 5663, 5887, 5676, 6021, 5887, 5729, 5938, 6002, 5656, 6103, 5664, 5790, 5780, 5766, 5669, 6168, 5891, 5780, 5660, 5675, 5657, 5647, 5836, 6816, 6102, 5731, 5665, 5654, 5655, 5664, 5777, 5665, 5889, 5850, 5901, 6220, 5683, 5945, 5656, 5651, 5833, 5658, 5778, 5657, 5930, 5727, 5839, 5669, 5881, 6168, 5700, 5653, 6541, 5780, 5770, 5896, 5725, 5643, 6004, 5662, 5767, 5647, 5935, 5671, 5652, 5662, 6161, 5674, 5677, 5679, 5663, 5657, 5664, 5819, 5663, 6108, 6450, 5645, 5660, 5953, 5655, 5664, 5665, 5692, 5675, 5894, 5659, 6079, 5921, 6090, 5681, 5735, 5728, 6071, 5729, 5901, 6199, 5787, 5675, 5999, 5786, 5825, 5988, 5664, 5889, 5664, 5828, 5790, 6094, 5678, 6282, 5674, 6915, 6713, 5723, 5956, 5658, 5961, 6203, 6225, 5648, 5796, 6221, 5666, 5666, 5664, 6101, 5678, 5787, 5683, 5887, 5741, 5668, 5672, 5667, 5655, 5665, 5778, 5646, 5647, 6145, 5662, 6594, 5831, 5664, 6106, 5642, 5830, 5641, 5719, 6144, 5658, 5655, 5646, 5816, 5675, 5672, 6199, 6006, 5838, 5650, 5683, 5648, 5646, 5665, 5676, 5654, 5895, 6591, 5788, 6233, 5659, 5675, 5657, 5663, 5656, 5675, 5664, 5726, 5789, 5792, 5646, 6017, 5784, 6104, 5662, 5778, 6169, 6164, 5641, 5683, 5665, 5663, 6055, 5674, 5658, 5672, 5729, 6330, 5892, 5838, 5778, 5733, 5770, 5669, 5824, 5658, 5895, 5942, 5925, 6016, 5778, 5669, 5951, 5657, 6131, 6004, 5842, 6058, 5785, 5724, 6059, 5660, 5670, 5667, 5675, 5663, 5782, 5674, 6337, 5963, 5948, 5670, 5674, 6328, 6651, 6006, 5685, 5693, 6007, 5676, 6589, 
Mejor solucion obtenida: 17, 16, 15, 18, 20, 19, 12, 13, 14, 34, 33, 32, 31, 9, 11, 10, 8, 7, 5, 6, 29, 30, 27, 28, 1, 3, 2, 36, 37, 39, 38, 42, 41, 40, 26, 25, 24, 21, 22, 23, 35, 0, 4, || Fitness: 5620;