Archivo Usado: p43.atsp
Tamaño de la Poblacion: 100
Reemplazo por Generacion: 5
Tamaño de los Torneos: 5
Cantidad de ciudades: 43
Probabilidad de cruce: 85000
Probabilidad mutacion simple: 23000
Probabilidad mutacion compleja: 20000
Cruces minimos de la mutacion compleja: 4
Iteraciones ejecutadas: 10000
Largo del cruce PMX: 6
Operador de Cruce: 0
Metodo seleccion de Padres: 0
Operador de Mutacion: 0
Metodo seleccion de Supervivientes: 1
Cantidad de threads a usar: 16
34, 31, 32, 10, 11, 8, 9, 7, 30, 29, 6, 5, 1, 2, 28, 27, 3, 36, 37, 38, 39, 42, 40, 41, 26, 25, 24, 21, 22, 23, 35, 0, 4, 15, 16, 20, 19, 18, 17, 14, 12, 13, 33, 
4, 15, 16, 20, 19, 18, 17, 14, 12, 13, 33, 34, 31, 32, 10, 11, 8, 9, 7, 30, 29, 6, 5, 1, 2, 28, 27, 3, 36, 37, 38, 39, 42, 40, 41, 26, 25, 24, 21, 22, 23, 35, 0, 
16, 20, 19, 18, 17, 14, 12, 13, 33, 34, 31, 32, 10, 11, 8, 9, 7, 30, 29, 6, 5, 1, 2, 28, 27, 3, 36, 37, 38, 39, 42, 40, 41, 26, 25, 24, 21, 22, 23, 35, 0, 4, 15, 
1, 2, 27, 28, 3, 36, 37, 38, 39, 42, 40, 41, 26, 25, 24, 21, 22, 23, 35, 0, 4, 15, 16, 20, 19, 18, 17, 14, 12, 13, 33, 34, 31, 32, 10, 11, 8, 9, 7, 30, 29, 6, 5, 
7, 1, 2, 27, 28, 3, 36, 37, 38, 39, 42, 40, 41, 26, 25, 24, 21, 22, 23, 35, 0, 4, 15, 16, 20, 19, 18, 17, 14, 12, 13, 33, 34, 31, 32, 10, 11, 8, 9, 29, 30, 6, 5, 
3, 36, 37, 38, 39, 42, 40, 41, 26, 25, 24, 21, 22, 23, 35, 0, 4, 15, 16, 20, 19, 18, 17, 14, 12, 13, 33, 34, 31, 32, 10, 11, 8, 9, 7, 5, 6, 30, 29, 27, 28, 2, 1, 
35, 0, 4, 15, 16, 20, 19, 18, 17, 14, 12, 13, 33, 34, 31, 32, 10, 9, 8, 11, 7, 30, 29, 6, 5, 1, 2, 28, 27, 3, 36, 37, 38, 39, 40, 42, 41, 26, 25, 24, 21, 22, 23, 
14, 12, 13, 33, 34, 31, 32, 10, 11, 8, 9, 7, 30, 29, 6, 5, 1, 2, 28, 27, 3, 36, 37, 38, 39, 42, 40, 41, 26, 25, 24, 21, 22, 23, 35, 0, 4, 15, 16, 20, 19, 18, 17, 
13, 33, 34, 31, 32, 10, 9, 8, 11, 7, 30, 29, 6, 5, 1, 2, 28, 27, 3, 36, 37, 38, 39, 42, 40, 41, 26, 25, 24, 21, 22, 23, 35, 0, 4, 15, 16, 20, 19, 18, 17, 14, 12, 
5, 1, 2, 28, 27, 3, 36, 37, 38, 39, 42, 40, 41, 26, 25, 24, 21, 22, 23, 35, 0, 4, 15, 16, 20, 19, 18, 17, 14, 12, 13, 33, 34, 31, 32, 10, 11, 8, 9, 7, 30, 29, 6, 
11, 8, 9, 7, 30, 29, 6, 5, 1, 2, 28, 27, 3, 36, 37, 38, 39, 42, 40, 41, 26, 25, 24, 21, 22, 23, 35, 0, 4, 15, 16, 20, 19, 18, 17, 14, 12, 13, 33, 34, 31, 32, 10, 
21, 22, 23, 35, 0, 4, 15, 16, 20, 19, 18, 17, 14, 12, 13, 33, 34, 31, 32, 10, 11, 8, 9, 7, 30, 29, 6, 5, 1, 2, 28, 27, 3, 36, 37, 38, 39, 42, 40, 41, 26, 25, 24, 
7, 30, 29, 6, 5, 1, 2, 28, 27, 3, 36, 37, 38, 39, 42, 40, 41, 26, 25, 24, 21, 22, 23, 35, 0, 4, 15, 16, 20, 19, 18, 17, 14, 12, 13, 33, 34, 31, 32, 10, 11, 8, 9, 
2, 28, 27, 3, 36, 37, 38, 39, 42, 40, 41, 26, 25, 24, 21, 22, 23, 35, 0, 4, 15, 16, 20, 19, 18, 17, 14, 12, 13, 33, 34, 31, 32, 10, 11, 8, 9, 7, 30, 29, 6, 5, 1, 
33, 34, 31, 32, 10, 11, 8, 9, 7, 30, 29, 6, 5, 1, 2, 28, 27, 3, 36, 37, 38, 39, 42, 40, 41, 26, 25, 24, 21, 22, 23, 35, 0, 4, 15, 16, 20, 19, 18, 17, 14, 12, 13, 
24, 21, 22, 23, 35, 0, 4, 15, 16, 20, 19, 18, 17, 14, 12, 13, 33, 34, 31, 32, 10, 11, 8, 9, 7, 30, 29, 6, 5, 1, 2, 28, 27, 3, 36, 37, 38, 39, 42, 40, 41, 26, 25, 
29, 6, 5, 1, 2, 28, 27, 3, 36, 37, 38, 39, 42, 40, 41, 26, 25, 24, 21, 22, 23, 35, 0, 4, 15, 16, 20, 19, 18, 17, 14, 12, 13, 33, 34, 31, 32, 10, 11, 8, 9, 7, 30, 
37, 38, 39, 42, 40, 41, 26, 25, 24, 21, 22, 23, 35, 0, 4, 15, 16, 20, 19, 18, 17, 14, 12, 13, 33, 34, 31, 32, 10, 11, 8, 9, 7, 30, 29, 6, 5, 1, 2, 28, 27, 3, 36, 
18, 17, 14, 12, 13, 33, 34, 31, 32, 10, 11, 8, 9, 7, 30, 29, 6, 5, 1, 2, 28, 27, 3, 36, 37, 38, 39, 42, 40, 41, 26, 25, 24, 21, 22, 23, 35, 0, 4, 15, 16, 20, 19, 
8, 9, 7, 30, 29, 6, 5, 1, 2, 28, 27, 3, 36, 37, 38, 39, 42, 40, 41, 26, 25, 24, 21, 22, 23, 35, 0, 4, 15, 16, 20, 19, 18, 17, 14, 12, 13, 33, 34, 31, 32, 10, 11, 
28, 27, 3, 36, 37, 38, 39, 42, 40, 41, 26, 25, 24, 21, 22, 23, 35, 0, 4, 15, 16, 20, 19, 18, 17, 14, 12, 13, 33, 34, 31, 32, 10, 11, 8, 9, 7, 30, 29, 6, 5, 1, 2, 
40, 41, 26, 25, 24, 21, 22, 23, 35, 0, 4, 15, 16, 20, 19, 18, 17, 14, 12, 13, 33, 34, 31, 32, 10, 11, 8, 9, 7, 30, 29, 6, 5, 1, 2, 28, 27, 3, 36, 37, 38, 39, 42, 
27, 3, 36, 37, 38, 39, 42, 40, 41, 26, 25, 24, 21, 22, 23, 35, 0, 4, 15, 16, 20, 19, 18, 17, 14, 12, 13, 33, 34, 31, 32, 10, 11, 8, 9, 7, 30, 29, 6, 5, 1, 2, 28, 
38, 39, 42, 40, 41, 26, 25, 24, 21, 22, 23, 35, 0, 4, 15, 16, 20, 19, 18, 17, 14, 12, 13, 33, 34, 31, 32, 10, 11, 8, 9, 7, 30, 29, 6, 5, 1, 2, 28, 27, 3, 36, 37, 
35, 0, 4, 15, 16, 20, 19, 18, 17, 14, 12, 13, 33, 34, 31, 32, 10, 9, 8, 11, 7, 30, 29, 6, 5, 1, 2, 28, 27, 3, 36, 37, 38, 39, 42, 40, 41, 26, 25, 21, 24, 22, 23, 
35, 0, 4, 15, 16, 20, 19, 18, 17, 14, 12, 13, 33, 34, 31, 32, 10, 9, 8, 11, 7, 5, 29, 6, 30, 1, 2, 28, 27, 3, 36, 37, 38, 39, 42, 40, 41, 26, 25, 24, 23, 22, 21, 
16, 15, 4, 0, 35, 23, 22, 21, 24, 25, 26, 41, 40, 42, 39, 38, 37, 36, 3, 27, 28, 2, 1, 5, 6, 29, 30, 7, 9, 8, 11, 10, 32, 31, 34, 33, 13, 12, 14, 17, 18, 19, 20, 
34, 33, 13, 12, 14, 17, 18, 19, 20, 16, 15, 4, 0, 35, 23, 22, 21, 24, 25, 26, 41, 40, 42, 39, 38, 37, 36, 3, 27, 28, 2, 1, 5, 6, 30, 29, 9, 8, 11, 10, 32, 31, 7, 
24, 25, 26, 41, 40, 42, 39, 38, 37, 36, 3, 28, 27, 2, 1, 7, 5, 6, 29, 30, 9, 8, 11, 10, 32, 31, 34, 33, 13, 12, 14, 17, 18, 19, 20, 16, 15, 4, 0, 35, 23, 22, 21, 
41, 40, 42, 39, 38, 37, 36, 3, 27, 28, 2, 1, 5, 6, 29, 30, 7, 9, 8, 11, 10, 32, 31, 34, 33, 13, 12, 14, 17, 18, 19, 20, 16, 15, 4, 0, 35, 23, 22, 21, 24, 25, 26, 
28, 2, 1, 5, 6, 29, 30, 7, 11, 8, 9, 10, 32, 31, 34, 33, 13, 12, 14, 17, 18, 19, 20, 16, 15, 4, 0, 35, 23, 22, 21, 24, 25, 26, 41, 40, 42, 39, 38, 37, 36, 3, 27, 
18, 19, 20, 16, 15, 4, 0, 35, 23, 22, 21, 24, 25, 26, 41, 40, 42, 39, 38, 37, 36, 3, 27, 28, 2, 1, 5, 6, 29, 30, 7, 9, 8, 11, 10, 32, 31, 34, 33, 13, 12, 14, 17, 
23, 22, 21, 24, 25, 26, 41, 40, 42, 39, 38, 37, 36, 3, 27, 28, 2, 1, 5, 6, 29, 30, 7, 11, 8, 9, 10, 32, 31, 34, 33, 13, 12, 14, 17, 18, 19, 20, 16, 15, 4, 0, 35, 
22, 21, 24, 25, 26, 41, 40, 42, 39, 38, 37, 36, 3, 27, 28, 2, 1, 5, 6, 29, 30, 7, 9, 8, 11, 10, 32, 31, 34, 33, 13, 12, 14, 17, 18, 19, 20, 16, 15, 4, 0, 35, 23, 
40, 42, 39, 38, 37, 36, 3, 27, 28, 2, 1, 5, 6, 29, 30, 7, 11, 8, 9, 10, 32, 31, 34, 33, 13, 12, 14, 17, 18, 19, 20, 16, 15, 4, 0, 35, 23, 22, 21, 24, 25, 26, 41, 
22, 21, 24, 25, 26, 41, 40, 42, 39, 38, 37, 36, 3, 27, 28, 2, 1, 5, 6, 29, 30, 7, 11, 8, 9, 10, 32, 31, 34, 33, 13, 12, 14, 17, 18, 19, 20, 16, 15, 4, 0, 35, 23, 
17, 18, 19, 20, 16, 15, 4, 0, 35, 23, 22, 21, 24, 25, 26, 41, 40, 42, 39, 38, 37, 36, 3, 27, 28, 2, 1, 5, 6, 29, 30, 7, 9, 8, 11, 10, 32, 31, 34, 33, 13, 12, 14, 
23, 22, 21, 24, 25, 26, 41, 40, 42, 39, 38, 37, 36, 3, 27, 28, 2, 1, 5, 6, 29, 30, 7, 9, 8, 11, 10, 32, 31, 34, 33, 13, 12, 14, 17, 18, 19, 20, 16, 15, 4, 0, 35, 
22, 21, 24, 25, 26, 41, 40, 42, 39, 38, 37, 36, 3, 27, 28, 2, 1, 5, 6, 29, 30, 7, 9, 8, 11, 10, 32, 31, 34, 33, 13, 12, 14, 17, 18, 19, 20, 16, 15, 4, 0, 35, 23, 
39, 38, 37, 36, 3, 27, 28, 2, 1, 5, 6, 29, 30, 7, 9, 8, 11, 10, 32, 31, 34, 33, 13, 12, 14, 17, 18, 19, 20, 16, 15, 4, 0, 35, 23, 22, 21, 24, 25, 26, 41, 40, 42, 
7, 10, 8, 11, 9, 32, 31, 34, 33, 13, 12, 14, 17, 18, 19, 20, 16, 15, 4, 0, 35, 23, 22, 21, 24, 25, 26, 41, 40, 42, 39, 38, 37, 36, 3, 27, 28, 2, 1, 5, 6, 29, 30, 
26, 41, 40, 42, 39, 38, 37, 36, 3, 27, 28, 2, 1, 5, 6, 29, 30, 7, 9, 8, 11, 10, 32, 31, 34, 33, 13, 12, 14, 17, 18, 19, 20, 16, 15, 4, 0, 35, 23, 22, 21, 24, 25, 
12, 14, 17, 18, 19, 20, 16, 15, 4, 0, 35, 23, 22, 21, 24, 25, 26, 41, 40, 42, 39, 38, 37, 36, 3, 27, 28, 2, 1, 5, 6, 29, 30, 7, 11, 8, 9, 10, 32, 31, 34, 33, 13, 
40, 42, 39, 38, 37, 36, 3, 27, 28, 2, 1, 5, 6, 29, 30, 7, 9, 8, 11, 10, 32, 31, 34, 33, 13, 12, 14, 17, 18, 19, 20, 16, 15, 4, 0, 35, 23, 22, 21, 24, 25, 26, 41, 
24, 25, 26, 41, 40, 42, 39, 38, 37, 36, 3, 27, 28, 2, 1, 5, 6, 29, 30, 7, 11, 8, 9, 10, 32, 31, 34, 33, 13, 12, 14, 17, 18, 19, 20, 16, 15, 4, 0, 35, 23, 22, 21, 
0, 35, 23, 22, 21, 24, 25, 26, 41, 40, 42, 39, 38, 37, 36, 3, 27, 28, 2, 1, 5, 6, 29, 30, 7, 9, 8, 11, 10, 32, 31, 34, 33, 13, 12, 14, 17, 18, 19, 20, 16, 15, 4, 
24, 25, 26, 41, 40, 42, 39, 38, 37, 36, 3, 27, 28, 2, 1, 5, 6, 29, 30, 7, 9, 8, 11, 10, 32, 31, 34, 33, 13, 12, 14, 17, 18, 19, 20, 16, 15, 4, 0, 35, 23, 22, 21, 
34, 33, 13, 12, 14, 17, 18, 19, 20, 16, 15, 4, 0, 35, 23, 22, 21, 24, 25, 26, 41, 40, 42, 39, 38, 37, 36, 3, 27, 28, 2, 1, 5, 6, 29, 30, 7, 9, 8, 11, 10, 32, 31, 
41, 40, 42, 39, 38, 37, 36, 3, 27, 28, 2, 1, 5, 6, 29, 30, 7, 9, 8, 11, 10, 32, 31, 34, 33, 13, 12, 14, 17, 18, 19, 20, 16, 15, 4, 0, 35, 23, 22, 21, 24, 25, 26, 
17, 18, 19, 20, 16, 15, 4, 0, 35, 23, 22, 21, 24, 25, 26, 41, 40, 42, 39, 38, 37, 36, 3, 27, 28, 2, 1, 5, 6, 29, 30, 7, 9, 8, 11, 10, 32, 31, 34, 33, 13, 12, 14, 
13, 12, 14, 17, 18, 19, 20, 16, 15, 4, 0, 35, 23, 22, 21, 24, 25, 26, 41, 40, 42, 39, 38, 37, 36, 3, 27, 28, 2, 1, 5, 6, 29, 30, 7, 9, 8, 11, 10, 32, 31, 34, 33, 
42, 39, 38, 37, 36, 3, 27, 28, 2, 1, 5, 6, 29, 30, 7, 9, 8, 11, 10, 32, 31, 34, 33, 13, 12, 14, 17, 18, 19, 20, 16, 15, 4, 0, 35, 23, 22, 21, 24, 25, 26, 41, 40, 
3, 27, 28, 2, 1, 5, 6, 29, 30, 7, 9, 8, 11, 10, 32, 31, 34, 33, 13, 12, 14, 17, 18, 19, 20, 16, 15, 4, 0, 35, 23, 22, 21, 24, 25, 26, 41, 40, 42, 39, 38, 37, 36, 
38, 37, 36, 3, 27, 28, 2, 1, 5, 6, 29, 30, 7, 9, 8, 11, 10, 32, 31, 34, 33, 13, 12, 14, 17, 18, 19, 20, 16, 15, 4, 0, 35, 23, 22, 21, 24, 25, 26, 41, 40, 42, 39, 
7, 11, 8, 9, 10, 32, 31, 34, 33, 13, 12, 14, 17, 18, 19, 20, 16, 15, 4, 0, 35, 23, 22, 21, 24, 25, 26, 41, 40, 42, 39, 38, 37, 36, 3, 27, 28, 2, 1, 5, 6, 29, 30, 
3, 27, 28, 2, 1, 5, 6, 29, 30, 7, 9, 8, 11, 10, 32, 31, 34, 33, 13, 12, 14, 17, 18, 19, 20, 16, 15, 4, 0, 35, 23, 22, 21, 24, 25, 26, 41, 40, 42, 39, 38, 37, 36, 
31, 34, 33, 13, 12, 14, 17, 18, 19, 20, 16, 15, 4, 0, 35, 23, 22, 21, 24, 25, 26, 41, 40, 42, 39, 38, 37, 36, 3, 27, 28, 2, 1, 5, 6, 29, 30, 7, 9, 8, 11, 10, 32, 
21, 22, 23, 35, 0, 4, 15, 16, 20, 19, 18, 17, 14, 12, 13, 33, 34, 31, 32, 10, 11, 6, 9, 7, 30, 29, 8, 5, 1, 2, 28, 27, 3, 36, 37, 38, 39, 42, 40, 41, 26, 25, 24, 
4, 0, 35, 23, 22, 21, 24, 25, 26, 41, 40, 42, 39, 38, 37, 36, 3, 27, 28, 2, 29, 30, 7, 9, 8, 11, 10, 32, 31, 34, 33, 13, 12, 14, 17, 18, 19, 20, 16, 15, 6, 5, 1, 
31, 34, 33, 13, 12, 14, 17, 18, 19, 20, 16, 15, 4, 0, 35, 23, 22, 21, 24, 25, 26, 41, 40, 42, 39, 38, 37, 36, 3, 28, 27, 2, 1, 7, 9, 8, 11, 10, 32, 29, 30, 6, 5, 
2, 28, 27, 3, 36, 37, 38, 39, 42, 40, 41, 26, 25, 24, 21, 22, 23, 35, 0, 4, 15, 20, 16, 19, 18, 17, 14, 12, 13, 33, 34, 31, 32, 10, 11, 8, 9, 7, 30, 29, 6, 5, 1, 
35, 0, 4, 15, 16, 20, 19, 18, 17, 14, 12, 6, 33, 34, 31, 32, 10, 11, 8, 9, 7, 30, 29, 13, 5, 1, 2, 28, 27, 3, 36, 37, 38, 39, 42, 40, 41, 26, 25, 24, 21, 22, 23, 
14, 17, 18, 19, 20, 16, 15, 4, 0, 35, 23, 22, 21, 24, 25, 26, 41, 40, 42, 39, 38, 37, 36, 3, 27, 28, 2, 1, 5, 6, 30, 29, 9, 8, 11, 10, 32, 31, 34, 33, 13, 12, 7, 
33, 13, 12, 14, 17, 18, 19, 20, 16, 15, 4, 0, 35, 23, 22, 21, 24, 25, 26, 41, 40, 42, 39, 38, 37, 36, 3, 27, 28, 2, 1, 5, 6, 30, 29, 9, 8, 11, 10, 32, 31, 34, 7, 
11, 8, 9, 10, 32, 31, 34, 33, 13, 12, 29, 17, 18, 19, 20, 16, 15, 4, 0, 35, 23, 22, 21, 24, 25, 26, 41, 40, 42, 39, 38, 37, 36, 3, 27, 28, 2, 1, 5, 6, 14, 30, 7, 
16, 15, 4, 0, 35, 23, 22, 21, 24, 25, 26, 41, 40, 42, 39, 38, 37, 36, 3, 27, 28, 2, 1, 5, 6, 29, 30, 7, 11, 8, 9, 20, 19, 18, 17, 14, 12, 13, 33, 34, 31, 32, 10, 
21, 22, 23, 35, 0, 4, 15, 16, 20, 19, 18, 17, 32, 12, 13, 33, 34, 31, 14, 10, 11, 8, 9, 7, 30, 29, 6, 5, 1, 2, 28, 27, 3, 36, 37, 38, 39, 42, 40, 41, 26, 25, 24, 
11, 10, 32, 31, 34, 33, 13, 5, 14, 17, 18, 19, 20, 16, 15, 4, 0, 35, 23, 22, 21, 24, 25, 26, 41, 40, 42, 39, 38, 37, 36, 3, 27, 28, 2, 1, 12, 6, 29, 30, 7, 9, 8, 
1, 2, 28, 27, 3, 36, 37, 38, 39, 42, 40, 41, 26, 25, 24, 21, 22, 23, 35, 0, 4, 8, 16, 20, 19, 18, 17, 14, 12, 13, 33, 34, 31, 32, 10, 11, 15, 9, 29, 30, 6, 5, 7, 
18, 19, 20, 16, 15, 4, 0, 35, 23, 22, 21, 24, 25, 26, 41, 40, 42, 39, 38, 37, 36, 3, 27, 28, 2, 1, 5, 7, 6, 29, 30, 10, 11, 8, 9, 14, 17, 13, 12, 34, 33, 31, 32, 
41, 40, 42, 39, 38, 37, 30, 3, 27, 28, 2, 1, 5, 6, 29, 36, 7, 9, 8, 11, 10, 32, 31, 34, 33, 13, 12, 14, 17, 18, 19, 20, 16, 15, 4, 0, 35, 23, 22, 21, 24, 25, 26, 
26, 41, 40, 42, 39, 38, 37, 36, 3, 28, 27, 2, 1, 5, 6, 30, 29, 9, 8, 11, 10, 32, 31, 34, 33, 13, 12, 14, 17, 18, 19, 20, 16, 15, 4, 0, 35, 23, 22, 21, 24, 25, 7, 
7, 9, 37, 11, 10, 32, 31, 34, 33, 13, 12, 14, 17, 18, 19, 20, 16, 15, 4, 0, 35, 23, 22, 21, 24, 25, 26, 41, 40, 42, 39, 38, 8, 36, 3, 27, 28, 2, 1, 5, 6, 29, 30, 
17, 14, 12, 13, 33, 34, 31, 32, 10, 11, 8, 9, 7, 30, 29, 6, 5, 1, 23, 28, 27, 3, 36, 37, 38, 39, 42, 40, 41, 26, 25, 24, 21, 22, 2, 35, 0, 4, 15, 16, 20, 19, 18, 
23, 22, 21, 24, 25, 26, 41, 40, 42, 39, 38, 37, 36, 3, 12, 28, 2, 1, 5, 6, 29, 30, 7, 11, 8, 9, 10, 32, 31, 34, 33, 13, 27, 14, 17, 18, 19, 20, 16, 15, 4, 0, 35, 
34, 31, 32, 10, 11, 8, 9, 7, 30, 29, 6, 5, 1, 2, 23, 27, 3, 36, 37, 38, 39, 42, 40, 41, 26, 25, 24, 21, 22, 28, 35, 0, 4, 15, 16, 20, 19, 18, 17, 14, 12, 13, 33, 
35, 0, 4, 15, 16, 20, 19, 18, 17, 14, 12, 13, 33, 34, 31, 32, 10, 9, 8, 11, 7, 30, 29, 6, 5, 1, 25, 28, 27, 3, 36, 37, 38, 39, 42, 40, 41, 26, 2, 24, 21, 22, 23, 
20, 16, 15, 4, 3, 35, 23, 22, 21, 24, 25, 26, 41, 40, 42, 39, 38, 37, 36, 0, 27, 28, 2, 1, 5, 6, 29, 30, 7, 9, 8, 11, 10, 32, 31, 34, 33, 13, 12, 14, 17, 18, 19, 
20, 19, 18, 17, 14, 12, 13, 33, 34, 31, 32, 10, 11, 24, 21, 22, 23, 35, 0, 4, 15, 16, 2, 28, 27, 3, 36, 37, 38, 39, 42, 40, 41, 26, 25, 9, 7, 30, 29, 6, 5, 1, 8, 
10, 32, 31, 34, 33, 13, 15, 4, 0, 35, 23, 22, 21, 24, 25, 26, 41, 40, 42, 39, 38, 37, 36, 3, 27, 28, 2, 1, 5, 6, 29, 30, 7, 9, 8, 11, 19, 20, 16, 12, 14, 17, 18, 
36, 3, 27, 28, 2, 1, 5, 6, 29, 30, 7, 9, 8, 18, 10, 32, 31, 34, 33, 13, 12, 14, 17, 11, 19, 20, 16, 15, 4, 0, 35, 23, 22, 21, 24, 25, 26, 41, 40, 42, 39, 38, 37, 
2, 28, 27, 3, 36, 37, 38, 39, 42, 40, 41, 26, 25, 24, 21, 22, 1, 35, 0, 4, 15, 16, 20, 19, 18, 17, 14, 12, 13, 33, 34, 31, 32, 10, 11, 8, 9, 7, 30, 29, 6, 5, 23, 
11, 10, 32, 31, 34, 33, 13, 12, 14, 17, 18, 19, 20, 16, 15, 4, 0, 35, 23, 22, 21, 24, 25, 8, 41, 40, 42, 39, 38, 37, 36, 3, 27, 28, 2, 1, 5, 6, 29, 30, 7, 9, 26, 
35, 0, 4, 15, 16, 20, 19, 18, 17, 14, 12, 13, 33, 34, 31, 32, 10, 11, 8, 9, 29, 6, 5, 7, 1, 2, 28, 27, 3, 36, 37, 38, 39, 42, 40, 41, 26, 25, 24, 21, 22, 23, 30, 
23, 22, 21, 24, 25, 26, 41, 40, 42, 39, 38, 37, 36, 3, 27, 28, 2, 1, 5, 6, 30, 29, 9, 8, 11, 10, 32, 31, 34, 33, 13, 12, 14, 17, 18, 19, 20, 16, 15, 4, 0, 35, 7, 
7, 9, 8, 11, 10, 32, 31, 34, 26, 13, 15, 14, 17, 18, 19, 20, 16, 12, 4, 0, 35, 23, 22, 21, 24, 25, 33, 41, 40, 42, 39, 38, 37, 36, 3, 27, 28, 2, 1, 5, 6, 29, 30, 
14, 12, 13, 33, 34, 4, 32, 10, 8, 11, 9, 29, 30, 6, 5, 7, 1, 2, 28, 27, 3, 36, 37, 38, 39, 42, 40, 41, 26, 25, 24, 21, 22, 23, 35, 0, 31, 15, 16, 20, 19, 18, 17, 
4, 15, 16, 20, 19, 18, 17, 14, 12, 13, 33, 34, 31, 32, 10, 11, 8, 9, 7, 30, 29, 6, 5, 1, 2, 28, 27, 3, 36, 37, 38, 39, 42, 40, 41, 26, 25, 0, 21, 22, 23, 35, 24, 
9, 7, 11, 8, 35, 23, 22, 21, 24, 25, 26, 41, 40, 42, 39, 38, 37, 36, 3, 27, 28, 2, 1, 5, 6, 29, 30, 31, 34, 33, 13, 12, 14, 17, 18, 19, 20, 16, 15, 4, 0, 10, 32, 
11, 7, 30, 29, 6, 5, 13, 2, 28, 27, 3, 22, 37, 38, 39, 42, 40, 41, 26, 25, 24, 21, 36, 23, 35, 0, 4, 15, 16, 20, 19, 18, 17, 14, 12, 1, 33, 34, 31, 32, 10, 9, 8, 
22, 21, 24, 25, 26, 41, 40, 42, 39, 38, 37, 36, 3, 27, 28, 2, 1, 5, 6, 29, 30, 7, 9, 8, 11, 4, 32, 31, 34, 33, 13, 12, 14, 17, 18, 19, 20, 16, 15, 10, 0, 35, 23, 
28, 27, 3, 36, 37, 38, 39, 42, 40, 41, 26, 25, 24, 21, 2, 23, 35, 0, 4, 15, 16, 20, 19, 18, 17, 14, 12, 13, 33, 34, 31, 32, 10, 9, 7, 30, 29, 6, 5, 1, 22, 11, 8, 
16, 15, 4, 0, 14, 23, 22, 21, 24, 25, 26, 41, 40, 42, 39, 38, 37, 36, 3, 27, 28, 2, 1, 5, 6, 29, 30, 7, 9, 8, 11, 10, 32, 31, 34, 33, 13, 12, 35, 17, 18, 19, 20, 
7, 9, 8, 11, 10, 32, 31, 34, 33, 13, 15, 14, 17, 36, 19, 20, 16, 12, 4, 0, 35, 23, 22, 21, 24, 25, 26, 41, 40, 42, 39, 38, 37, 18, 3, 27, 28, 2, 1, 5, 6, 29, 30, 
38, 39, 42, 40, 41, 26, 25, 24, 21, 22, 23, 35, 0, 4, 15, 16, 20, 37, 18, 17, 14, 12, 13, 33, 34, 31, 32, 10, 11, 8, 9, 7, 30, 29, 6, 5, 1, 2, 28, 27, 3, 36, 19, 
16, 20, 19, 18, 0, 14, 12, 13, 33, 34, 31, 32, 10, 11, 8, 9, 7, 30, 35, 6, 5, 1, 2, 28, 27, 3, 36, 37, 39, 38, 42, 40, 41, 26, 25, 24, 21, 22, 23, 29, 17, 4, 15, 
6, 5, 1, 2, 28, 27, 3, 36, 37, 38, 39, 42, 40, 41, 26, 25, 24, 21, 22, 23, 35, 19, 4, 15, 16, 20, 0, 18, 17, 14, 12, 13, 33, 34, 31, 32, 10, 11, 8, 9, 7, 30, 29, 
41, 40, 42, 39, 38, 29, 36, 3, 27, 28, 2, 1, 5, 6, 37, 30, 7, 9, 8, 11, 10, 32, 31, 34, 33, 13, 12, 14, 26, 22, 19, 20, 16, 15, 4, 0, 35, 23, 18, 21, 24, 25, 17, 
23, 19, 21, 24, 25, 26, 41, 40, 42, 39, 38, 37, 36, 3, 27, 28, 2, 1, 5, 6, 29, 30, 7, 9, 8, 11, 10, 32, 31, 34, 33, 13, 12, 14, 17, 18, 22, 20, 16, 15, 4, 0, 35, 
39, 42, 40, 41, 26, 25, 24, 21, 22, 23, 35, 0, 4, 15, 16, 20, 19, 18, 17, 14, 12, 13, 33, 34, 31, 32, 10, 11, 8, 9, 29, 30, 6, 5, 7, 2, 1, 3, 36, 37, 38, 27, 28, 
Tiempo de ejecucion (total): 20.516
Best fitness a lo largo del tiempo: 
17197, 12047, 11686, 6840, 6371, 6371, 6300, 6251, 6123, 6123, 6089, 6081, 6007, 5995, 5995, 5989, 5959, 5950, 5904, 5904, 5904, 5895, 5888, 5888, 5888, 5888, 5888, 5888, 5883, 5883, 5883, 5883, 5880, 5848, 5848, 5822, 5822, 5820, 5803, 5780, 5778, 5766, 5764, 5764, 5752, 5752, 5752, 5752, 5752, 5746, 5734, 5712, 5712, 5712, 5706, 5706, 5704, 5700, 5700, 5698, 5692, 5691, 5691, 5691, 5691, 5691, 5688, 5681, 5681, 5681, 5681, 5681, 5681, 5681, 5681, 5666, 5666, 5666, 5666, 5666, 5666, 5666, 5658, 5634, 5634, 5634, 5634, 5634, 5634, 5634, 5634, 5634, 5634, 5632, 5632, 5632, 5632, 5630, 5630, 5630, 5630, 5630, 5630, 5630, 5630, 5626, 5626, 5626, 5626, 5626, 5626, 5626, 5624, 5624, 5624, 5624, 5624, 5624, 5624, 5624, 5624, 5624, 5624, 5624, 5624, 5624, 5624, 5624, 5624, 5624, 5624, 5624, 5624, 5624, 5624, 5624, 5624, 5624, 5624, 5624, 5624, 5624, 5624, 5624, 5624, 5624, 5624, 5624, 5624, 5624, 5624, 5624, 5624, 5624, 5624, 5624, 5624, 5624, 5624, 5624, 5624, 5624, 5624, 5624, 5624, 5624, 5624, 5624, 5624, 5624, 5624, 5624, 5624, 5624, 5624, 5624, 5624, 5624, 5624, 5624, 5624, 5624, 5624, 5624, 5624, 5624, 5624, 5624, 5624, 5624, 5624, 5624, 5624, 5624, 5624, 5624, 5624, 5624, 5624, 5624, 5624, 5624, 5624, 5624, 5624, 5624, 5624, 5624, 5624, 5624, 5624, 5624, 5624, 5624, 5624, 5624, 5624, 5624, 5624, 5624, 5624, 5624, 5624, 5624, 5624, 5624, 5624, 5624, 5624, 5624, 5624, 5624, 5624, 5624, 5624, 5624, 5624, 5624, 5624, 5624, 5624, 5624, 5624, 5624, 5624, 5624, 5624, 5624, 5624, 5624, 5624, 5624, 5624, 5624, 5624, 5624, 5624, 5624, 5624, 5624, 5624, 5624, 5624, 5624, 5624, 5624, 5624, 5624, 5624, 5624, 5624, 5624, 5624, 5624, 5624, 5624, 5624, 5624, 5624, 5624, 5624, 5624, 5624, 5624, 5624, 5624, 5624, 5624, 5624, 5624, 5624, 5624, 5624, 5624, 5624, 5624, 5624, 5624, 5624, 5624, 5624, 5624, 5624, 5624, 5624, 5624, 5624, 5624, 5624, 5624, 5624, 5624, 5624, 5624, 5624, 5624, 5624, 5624, 5624, 5624, 5624, 5624, 5624, 5624, 5624, 5624, 5624, 5624, 5624, 5624, 5624, 5624, 5624, 5624, 5624, 5624, 5624, 5624, 5624, 5624, 5624, 5624, 5624, 5624, 5624, 5624, 5624, 5624, 5624, 5624, 5624, 5624, 5624, 5624, 5624, 5624, 5624, 5624, 5624, 5624, 5624, 5624, 5624, 5624, 5624, 5624, 5624, 5624, 5624, 5624, 5624, 5624, 5624, 5624, 5624, 5624, 5624, 5624, 5624, 5624, 5624, 5624, 5624, 5624, 5624, 5624, 5624, 5624, 5624, 5624, 5624, 5624, 5624, 5624, 5624, 5624, 5624, 5624, 5624, 5624, 5624, 5624, 5624, 5624, 5624, 5624, 5624, 5624, 5624, 5624, 5624, 5624, 5624, 5624, 5624, 5624, 5624, 5624, 5624, 5624, 5624, 5624, 5624, 5624, 5624, 5624, 5624, 5624, 5624, 5624, 5624, 5624, 5624, 5624, 5624, 5624, 5624, 5624, 5624, 5624, 5624, 5624, 5624, 5624, 5624, 5624, 5624, 5624, 5624, 5624, 5624, 5624, 5624, 5624, 5624, 5624, 5624, 5624, 5624, 5624, 5624, 5624, 5624, 5624, 5624, 5624, 5624, 5624, 5624, 5624, 5624, 5624, 5624, 5624, 5624, 5624, 5624, 5624, 5624, 5624, 5624, 5624, 5624, 5624, 5624, 5624, 5624, 5624, 5624, 5624, 5624, 5624, 5624, 5624, 5624, 5624, 5624, 5624, 5624, 5624, 5624, 5624, 5624, 5624, 5624, 5624, 5624, 5624, 5624, 5624, 5624, 5624, 5624, 5624, 5624, 5624, 5624, 5624, 5624, 5624, 5624, 5624, 5624, 5624, 5624, 5624, 5624, 5624, 5624, 5624, 5624, 5624, 5624, 5624, 5624, 5624, 5624, 5624, 5624, 5624, 5624, 5624, 5624, 5624, 5624, 5624, 5624, 5624, 5624, 5624, 5624, 5624, 5624, 5624, 5624, 5624, 5624, 5624, 5624, 5624, 5624, 5624, 5624, 5624, 5624, 5624, 5624, 5624, 5624, 5624, 5624, 5624, 5624, 5624, 5624, 5624, 5624, 5624, 5624, 5624, 5624, 5624, 5624, 5624, 5624, 5624, 5624, 5624, 5624, 5624, 5624, 5624, 5624, 5624, 5624, 5624, 5624, 5624, 5624, 5624, 5624, 5624, 5624, 5624, 5624, 5624, 5624, 5624, 5624, 5624, 5624, 5624, 5624, 5624, 5624, 5624, 5624, 5624, 5624, 5624, 5624, 5624, 5624, 5624, 5624, 5624, 5624, 5624, 5624, 5624, 5624, 5624, 5624, 5624, 5624, 5624, 5624, 5624, 5624, 5624, 5624, 5624, 5624, 5624, 5624, 5624, 5624, 5624, 5624, 5624, 5624, 5624, 5624, 5624, 5624, 5624, 5624, 5624, 5624, 5624, 5624, 5624, 5624, 5624, 5624, 5624, 5624, 5624, 5624, 5624, 5624, 5624, 5624, 5624, 5624, 5624, 5624, 5624, 5624, 5624, 5624, 5624, 5624, 5624, 5624, 5624, 5624, 5624, 5624, 5624, 5624, 5624, 5624, 5624, 5624, 5624, 5624, 5624, 5624, 5624, 5624, 5624, 5624, 5624, 5624, 5624, 5624, 5624, 5624, 5624, 5624, 5624, 5624, 5624, 5624, 5624, 5624, 5624, 5624, 5624, 5624, 5624, 5624, 5624, 5624, 5624, 5624, 5624, 5624, 5624, 5624, 5624, 5624, 5624, 5624, 5624, 5624, 5624, 5624, 5624, 5624, 5624, 5624, 5624, 5624, 5624, 5624, 5624, 5624, 5624, 5624, 5624, 5624, 5624, 5624, 5624, 5624, 5624, 5624, 5624, 5624, 5624, 5624, 5624, 5624, 5624, 5624, 5624, 5624, 5624, 5624, 5624, 5624, 5624, 5624, 5624, 5624, 5624, 5624, 5624, 5624, 5624, 5624, 5624, 5624, 5624, 5624, 5624, 5624, 5624, 5624, 5624, 5624, 5624, 5624, 5624, 5624, 5624, 5624, 5624, 5624, 5624, 5624, 5624, 5624, 5624, 5624, 5624, 5624, 5624, 5624, 5624, 5624, 5624, 5624, 5624, 5624, 5624, 5624, 5624, 5624, 5624, 5624, 5624, 5624, 5624, 5624, 5624, 5624, 5624, 5624, 5624, 5624, 5624, 5624, 5624, 5624, 5624, 5624, 5624, 5624, 5624, 5624, 5624, 5624, 5624, 5624, 5624, 5624, 5624, 5624, 5624, 5624, 5624, 5624, 5624, 5624, 5624, 5624, 5624, 5624, 5624, 5624, 5624, 5624, 5624, 5624, 5624, 5624, 5624, 5624, 5624, 5624, 5624, 5624, 5624, 5624, 5624, 5624, 5624, 5624, 5624, 5624, 5624, 5624, 5624, 5624, 5624, 5624, 5624, 5624, 5624, 5624, 5624, 5624, 5624, 5624, 5624, 5624, 5624, 5624, 5624, 5624, 5624, 5624, 5624, 5624, 5624, 5624, 5624, 5624, 5624, 5624, 5624, 5624, 5624, 5624, 5624, 5624, 5624, 5624, 5624, 5624, 5624, 5624, 5624, 5624, 5624, 5624, 5624, 5624, 5624, 5624, 5624, 5624, 5624, 5624, 5624, 5624, 5624, 5624, 5624, 5624, 5624, 5624, 5624, 5624, 5624, 5624, 5624, 5624, 5624, 5624, 5624, 5624, 5624, 5624, 5624, 5624, 5624, 5624, 5624, 5624, 5624, 5624, 5624, 5624, 5624, 5624, 5624, 5624, 5624, 5624, 5624, 5624, 5624, 5624, 5624, 5624, 5624, 5624, 5624, 5624, 5624, 5624, 5624, 5624, 5624, 5624, 5624, 5624, 5624, 5624, 5624, 5624, 5624, 5624, 5624, 5624, 5624, 5624, 5624, 5624, 5624, 5624, 5624, 5624, 5624, 5624, 5624, 5624, 5624, 5624, 5624, 5624, 5624, 5624, 5624, 5624, 5624, 5624, 5624, 5624, 5624, 5624, 5624, 5624, 5624, 5624, 5624, 5624, 5624, 5624, 5624, 5624, 5624, 5624, 5624, 5624, 5624, 5624, 5624, 5624, 5624, 5624, 5624, 5624, 5624, 5624, 5624, 5624, 5624, 5624, 5624, 5624, 5624, 5624, 5624, 5624, 5624, 5624, 5624, 5624, 5624, 5624, 5624, 5624, 5624, 5624, 5624, 5624, 5624, 5624, 5624, 5624, 5624, 5624, 5624, 5624, 5624, 5624, 5624, 5624, 5624, 5624, 5624, 5624, 5624, 5624, 5624, 5624, 5624, 5624, 5624, 5624, 5624, 5624, 5624, 5624, 5624, 5624, 5624, 5624, 5624, 5624, 5624, 5624, 5624, 5624, 5624, 5624, 5624, 5624, 5624, 5624, 5624, 5624, 5624, 5624, 5624, 5624, 5624, 5624, 5624, 5624, 5624, 5624, 5624, 5624, 5624, 5624, 5624, 5624, 5624, 5624, 5624, 5624, 5624, 5624, 5624, 5624, 5624, 5624, 5624, 5624, 5624, 5624, 5624, 5624, 5624, 5624, 5624, 5624, 5624, 5624, 5624, 5624, 5624, 5624, 5624, 5624, 5624, 5624, 5624, 5624, 5624, 5624, 5624, 5624, 5624, 5624, 5624, 5624, 5624, 5624, 5624, 5624, 5624, 5624, 5624, 5624, 5624, 5624, 5624, 5624, 5624, 5624, 5624, 5624, 5624, 5624, 5624, 5624, 5624, 5624, 5624, 5624, 5624, 5624, 5624, 5624, 5624, 5624, 5624, 5624, 5624, 5624, 5624, 5624, 5624, 5624, 5624, 5624, 5624, 5624, 5624, 5624, 5624, 5624, 5624, 5624, 5624, 5624, 5624, 5624, 5624, 5624, 5624, 5624, 5624, 5624, 5624, 5624, 5624, 5624, 5624, 5624, 5624, 5624, 5624, 5624, 5624, 5624, 5624, 5624, 5624, 5624, 5624, 5624, 5624, 5624, 5624, 5624, 5624, 5624, 5624, 5624, 5624, 5624, 5624, 5624, 5624, 5624, 5624, 5624, 5624, 5624, 5624, 5624, 5624, 5624, 5624, 5624, 5624, 5624, 5624, 5624, 5624, 5624, 5624, 5624, 5624, 5624, 5624, 5624, 5624, 5624, 5624, 5624, 5624, 5624, 5624, 5624, 5624, 5624, 5624, 5624, 5624, 5624, 5624, 5624, 5624, 5624, 5624, 5624, 5624, 5624, 5624, 5624, 5624, 5624, 5624, 5624, 5624, 5624, 5624, 5624, 5624, 5624, 5624, 5624, 5624, 5624, 5624, 5624, 5624, 5624, 5624, 5624, 5624, 5624, 5624, 5624, 5624, 5624, 5624, 5624, 5624, 5624, 5624, 5624, 5624, 5624, 5624, 5624, 5624, 5624, 5624, 5624, 5624, 5624, 5624, 5624, 5624, 5624, 5624, 5624, 5624, 5624, 5624, 5624, 5624, 5624, 5624, 5624, 5624, 5624, 5624, 5624, 5624, 5624, 5624, 5624, 5624, 5624, 5624, 5624, 5624, 5624, 5624, 5624, 5624, 5624, 5624, 5624, 5624, 5624, 5624, 5624, 5624, 5624, 5624, 5624, 5624, 5624, 5624, 5624, 5624, 5624, 5624, 5624, 5624, 5624, 5624, 5624, 5624, 5624, 5624, 5624, 5624, 5624, 5624, 5624, 5624, 5624, 5624, 5624, 5624, 5624, 5624, 5624, 5624, 5624, 5624, 5624, 5624, 5624, 5624, 5624, 5624, 5624, 5624, 5624, 5624, 5624, 5624, 5624, 5624, 5624, 5624, 5624, 5624, 5624, 5624, 5624, 5624, 5624, 5624, 5624, 5624, 5624, 5624, 5624, 5624, 5624, 5624, 5624, 5624, 5624, 5624, 5624, 5624, 5624, 5624, 5624, 5624, 5624, 5624, 5624, 5624, 5624, 5624, 5624, 5624, 5624, 5624, 5624, 5624, 5624, 5624, 5624, 5624, 5624, 5624, 5624, 5624, 5624, 5624, 5624, 5624, 5624, 5624, 5624, 5624, 5624, 5624, 5624, 5624, 5624, 5624, 5624, 5624, 5624, 5624, 5624, 5624, 5624, 5624, 5624, 5624, 5624, 5624, 5624, 5624, 5624, 5624, 5624, 5624, 5624, 5624, 5624, 5624, 5624, 5624, 5624, 5624, 5624, 5624, 5624, 5624, 5624, 5624, 5624, 5624, 5624, 5624, 5624, 5624, 5624, 5624, 5624, 5624, 5624, 5624, 5624, 5624, 5624, 5624, 5624, 5624, 5624, 5624, 5624, 5624, 5624, 5624, 5624, 5624, 5624, 5624, 5624, 5624, 5624, 5624, 5624, 5624, 5624, 5624, 5624, 5624, 5624, 5624, 5624, 5624, 5624, 5624, 5624, 5624, 5624, 5624, 5624, 5624, 5624, 5624, 5624, 5624, 5624, 5624, 5624, 5624, 5624, 5624, 5624, 5624, 5624, 5624, 5624, 5624, 5624, 5624, 5624, 5624, 5624, 5624, 5624, 5624, 5624, 5624, 5624, 5624, 5624, 5624, 5624, 5624, 5624, 5624, 5624, 5624, 5624, 5624, 5624, 5624, 5624, 5624, 5624, 5624, 5624, 5624, 5624, 5624, 5624, 5624, 5624, 5624, 5624, 5624, 5624, 5624, 5624, 5624, 5624, 5624, 5624, 5624, 5624, 5624, 5624, 5624, 5624, 5624, 5624, 5624, 5624, 5624, 5624, 5624, 5624, 5624, 5624, 5624, 5624, 5624, 5624, 5624, 5624, 5624, 5624, 5624, 5624, 5624, 5624, 5624, 5624, 5624, 5624, 5624, 5624, 5624, 5624, 5624, 5624, 5624, 5624, 5624, 5624, 5624, 5624, 5624, 5624, 5624, 5624, 5624, 5624, 5624, 5624, 5624, 5624, 5624, 5624, 5624, 5624, 5624, 5624, 5624, 5624, 5624, 5624, 5624, 5624, 5624, 5624, 5624, 5624, 5624, 5624, 5624, 5624, 5624, 5624, 5624, 5624, 5624, 5624, 5624, 5624, 5624, 5624, 5624, 5624, 5624, 5624, 5624, 5624, 5624, 5624, 5624, 5624, 5624, 5624, 5624, 5624, 5624, 5624, 5624, 5624, 5624, 5624, 5624, 5624, 5624, 5624, 5624, 5624, 5624, 5624, 5624, 5624, 5624, 5624, 5624, 5624, 5624, 5624, 5624, 5624, 5624, 5624, 5624, 5624, 5624, 5624, 5624, 5624, 5624, 5624, 5624, 5624, 5624, 5624, 5624, 5624, 5624, 5624, 5624, 5624, 5624, 5624, 5624, 5624, 5624, 5624, 5624, 5624, 5624, 5624, 5624, 5624, 5624, 5624, 5624, 5624, 5624, 5624, 5624, 5624, 5624, 5624, 5624, 5624, 5624, 5624, 5624, 5624, 5624, 5624, 5624, 5624, 5624, 5624, 5624, 5624, 5624, 5624, 5624, 5624, 5624, 5624, 5624, 5624, 5624, 5624, 5624, 5624, 5624, 5624, 5624, 5624, 5624, 5624, 5624, 5624, 5624, 5624, 5624, 5624, 5624, 5624, 5624, 5624, 5624, 5624, 5624, 5624, 5624, 5624, 5624, 5624, 5624, 5624, 5624, 5624, 5624, 5624, 5624, 5624, 5624, 5624, 5624, 5624, 5624, 5624, 5624, 5624, 5624, 5624, 5624, 5624, 5624, 5624, 5624, 5624, 5624, 5624, 5624, 5624, 5624, 5624, 5624, 5624, 5624, 5624, 5624, 5624, 5624, 5624, 5624, 5624, 5624, 5624, 5624, 5624, 5624, 5624, 5624, 5624, 5624, 5624, 5624, 5624, 5624, 5624, 5624, 5624, 5624, 5624, 5624, 5624, 5624, 5624, 5624, 5624, 5624, 5624, 5624, 5624, 5624, 5624, 5624, 5624, 5624, 5624, 5624, 5624, 5624, 5624, 5624, 5624, 5624, 5624, 5624, 5624, 5624, 5624, 5624, 5624, 5624, 5624, 5624, 5624, 5624, 5624, 5624, 5624, 5624, 5624, 5624, 5624, 5624, 5624, 5624, 5624, 5624, 5624, 5624, 5624, 5624, 5624, 5624, 5624, 5624, 5624, 5624, 5624, 5624, 5624, 5624, 5624, 5624, 5624, 5624, 5624, 5624, 5624, 5624, 5624, 5624, 5624, 5624, 5624, 5624, 5624, 5624, 5624, 5624, 5624, 5624, 5624, 5624, 5624, 5624, 5624, 5624, 5624, 5624, 5624, 5624, 5624, 5624, 5624, 5624, 5624, 5624, 5624, 5624, 5624, 5624, 5624, 5624, 5624, 5624, 5624, 5624, 5624, 5624, 5624, 5624, 5624, 5624, 5624, 5624, 5624, 5624, 5624, 5624, 5624, 5624, 5624, 5624, 5624, 5624, 5624, 5624, 5624, 5624, 5624, 5624, 5624, 5624, 5624, 5624, 5624, 5624, 5624, 5624, 5624, 5624, 5624, 5624, 5624, 5624, 5624, 5624, 5624, 5624, 5624, 5624, 5624, 5624, 5624, 5624, 5624, 5624, 5624, 5624, 5624, 5624, 5624, 5624, 5624, 5624, 5624, 5624, 5624, 5624, 5624, 5624, 5624, 5624, 5624, 5624, 5624, 5624, 5624, 5624, 5624, 5624, 5624, 5624, 5624, 5624, 5624, 5624, 5624, 5624, 5624, 5624, 5624, 5624, 5624, 5624, 5624, 5624, 5624, 5624, 5624, 5624, 5624, 5624, 5624, 5624, 5624, 5624, 5624, 5624, 5624, 5624, 5624, 5624, 5624, 5624, 5624, 5624, 5624, 5624, 5624, 5624, 5624, 5624, 5624, 5624, 5624, 5624, 5624, 5624, 5624, 5624, 5624, 5624, 5624, 5624, 5624, 5624, 5624, 5624, 5624, 5624, 5624, 5624, 5624, 5624, 5624, 5624, 5624, 5624, 5624, 5624, 5624, 5624, 5624, 5624, 5624, 5624, 5624, 5624, 5624, 5624, 5624, 5624, 5624, 5624, 5624, 5624, 5624, 5624, 5624, 5624, 5624, 5624, 5624, 5624, 5624, 5624, 5624, 5624, 5624, 5624, 5624, 5624, 5624, 5624, 5624, 5624, 5624, 5624, 5624, 5624, 5624, 5624, 5624, 5624, 5624, 5624, 5624, 5624, 5624, 5624, 5624, 5624, 5624, 5624, 5624, 5624, 5624, 5624, 5624, 5624, 5624, 5624, 5624, 5624, 5624, 5624, 5624, 5624, 5624, 5624, 5624, 5624, 5624, 5624, 5624, 5624, 5624, 5624, 5624, 5624, 5624, 5624, 5624, 5624, 5624, 5624, 5624, 5624, 5624, 5624, 5624, 5624, 5624, 5624, 5624, 5624, 5624, 5624, 5624, 5624, 5624, 5624, 5624, 5624, 5624, 5624, 5624, 5624, 5624, 5624, 5624, 5624, 5624, 5624, 5624, 5624, 5624, 5624, 5624, 5624, 5624, 5624, 5624, 5624, 5624, 5624, 5624, 5624, 5624, 5624, 5624, 5624, 5624, 5624, 5624, 5624, 5624, 5624, 5624, 5624, 5624, 5624, 5624, 5624, 5624, 5624, 5624, 5624, 5624, 5624, 5624, 5624, 5624, 5624, 5624, 5624, 5624, 5624, 5624, 5624, 5624, 5624, 5624, 5624, 5624, 5624, 5624, 5624, 5624, 5624, 5624, 5624, 5624, 5624, 5624, 5624, 5624, 5624, 5624, 5624, 5624, 5624, 5624, 5624, 5624, 5624, 5624, 5624, 5624, 5624, 5624, 5624, 5624, 5624, 5624, 5624, 5624, 5624, 5624, 5624, 5624, 5624, 5624, 5624, 5624, 5624, 5624, 5624, 5624, 5624, 5624, 5624, 5624, 5624, 5624, 5624, 5624, 5624, 5624, 5624, 5624, 5624, 5624, 5624, 5624, 5624, 5624, 5624, 5624, 5624, 5624, 5624, 5624, 5624, 5624, 5624, 5624, 5624, 5624, 5624, 5624, 5624, 5624, 5624, 5624, 5624, 5624, 5624, 5624, 5624, 5624, 5624, 5624, 5624, 5624, 5624, 5624, 5624, 5624, 5624, 5624, 5624, 5624, 5624, 5624, 5624, 5624, 5624, 5624, 5624, 5624, 5624, 5624, 5624, 5624, 5624, 5624, 5624, 5624, 5624, 5624, 5624, 5624, 5624, 5624, 5624, 5624, 5624, 5624, 5624, 5624, 5624, 5624, 5624, 5624, 5624, 5624, 5624, 5624, 5624, 5624, 5624, 5624, 5624, 5624, 5624, 5624, 5624, 5624, 5624, 5624, 5624, 5624, 5624, 5624, 5624, 5624, 5624, 5624, 5624, 5624, 5624, 5624, 5624, 5624, 5624, 5624, 5624, 5624, 5624, 5624, 5624, 5624, 5624, 5624, 5624, 5624, 5624, 5624, 5624, 5624, 5624, 5624, 5624, 5624, 5624, 5624, 5624, 5624, 5624, 5624, 5624, 5624, 5624, 5624, 5624, 5624, 5624, 5624, 5624, 5624, 5624, 5624, 5624, 5624, 5624, 5624, 5624, 5624, 5624, 5624, 5624, 5624, 5624, 5624, 5624, 5624, 5624, 5624, 5624, 5624, 5624, 5624, 5624, 5624, 5624, 5624, 5624, 5624, 5624, 5624, 5624, 5624, 5624, 5624, 5624, 5624, 5624, 5624, 5624, 5624, 5624, 5624, 5624, 5624, 5624, 5624, 5624, 5624, 5624, 5624, 5624, 5624, 5624, 5624, 5624, 5624, 5624, 5624, 5624, 5624, 5624, 5624, 5624, 5624, 5624, 5624, 5624, 5624, 5624, 5624, 5624, 5624, 5624, 5624, 5624, 5624, 5624, 5624, 5624, 5624, 5624, 5624, 5624, 5624, 5624, 5624, 5624, 5624, 5624, 5624, 5624, 5624, 5624, 5624, 5624, 5624, 5624, 5624, 5624, 5624, 5624, 5624, 5624, 5624, 5624, 5624, 5624, 5624, 5624, 5624, 5624, 5624, 5624, 5624, 5624, 5624, 5624, 5624, 5624, 5624, 5624, 5624, 5624, 5624, 5624, 5624, 5624, 5624, 5624, 5624, 5624, 5624, 5624, 5624, 5624, 5624, 5624, 5624, 5624, 5624, 5624, 5624, 5624, 5624, 5624, 5624, 5624, 5624, 5624, 5624, 5624, 5624, 5624, 5624, 5624, 5624, 5624, 5624, 5624, 5624, 5624, 5624, 5624, 5624, 5624, 5624, 5624, 5624, 5624, 5624, 5624, 5624, 5624, 5624, 5624, 5624, 5624, 5624, 5624, 5624, 5624, 5624, 5624, 5624, 5624, 5624, 5624, 5624, 5624, 5624, 5624, 5624, 5624, 5624, 5624, 5624, 5624, 5624, 5624, 5624, 5624, 5624, 5624, 5624, 5624, 5624, 5624, 5624, 5624, 5624, 5624, 5624, 5624, 5624, 5624, 5624, 5624, 5624, 5624, 5624, 5624, 5624, 5624, 5624, 5624, 5624, 5624, 5624, 5624, 5624, 5624, 5624, 5624, 5624, 5624, 5624, 5624, 5624, 5624, 5624, 5624, 5624, 5624, 5624, 5624, 5624, 5624, 5624, 5624, 5624, 5624, 5624, 5624, 5624, 5624, 5624, 5624, 5624, 5624, 5624, 5624, 5624, 5624, 5624, 5624, 5624, 5624, 5624, 5624, 5624, 5624, 5624, 5624, 5624, 5624, 5624, 5624, 5624, 5624, 5624, 5624, 5624, 5624, 5624, 5624, 5624, 5624, 5624, 5624, 5624, 5624, 5624, 5624, 5624, 5624, 5624, 5624, 5624, 5624, 5624, 5624, 5624, 5624, 5624, 5624, 5624, 5624, 5624, 5624, 5624, 5624, 5624, 5624, 5624, 5624, 5624, 5624, 5624, 5624, 5624, 5624, 5624, 5624, 5624, 5624, 5624, 5624, 5624, 5624, 5624, 5624, 5624, 5624, 5624, 5624, 5624, 5624, 5624, 5624, 5624, 5624, 5624, 5624, 5624, 5624, 5624, 5624, 5624, 5624, 5624, 5624, 5624, 5624, 5624, 5624, 5624, 5624, 5624, 5624, 5624, 5624, 5624, 5624, 5624, 5624, 5624, 5624, 5624, 5624, 5624, 5624, 5624, 5624, 5624, 5624, 5624, 5624, 5624, 5624, 5624, 5624, 5624, 5624, 5624, 5624, 5624, 5624, 5624, 5624, 5624, 5624, 5624, 5624, 5624, 5624, 5624, 5624, 5624, 5624, 5624, 5624, 5624, 5624, 5624, 5624, 5624, 5624, 5624, 5624, 5624, 5624, 5624, 5624, 5624, 5624, 5624, 5624, 5624, 5624, 5624, 5624, 5624, 5624, 5624, 5624, 5624, 5624, 5624, 5624, 5624, 5624, 5624, 5624, 5624, 5624, 5624, 5624, 5624, 5624, 5624, 5624, 5624, 5624, 5624, 5624, 5624, 5624, 5624, 5624, 5624, 5624, 5624, 5624, 5624, 5624, 5624, 5624, 5624, 5624, 5624, 5624, 5624, 5624, 5624, 5624, 5624, 5624, 5624, 5624, 5624, 5624, 5624, 5624, 5624, 5624, 5624, 5624, 5624, 5624, 5624, 5624, 5624, 5624, 5624, 5624, 5624, 5624, 5624, 5624, 5624, 5624, 5624, 5624, 5624, 5624, 5624, 5624, 5624, 5624, 5624, 5624, 5624, 5624, 5624, 5624, 5624, 5624, 5624, 5624, 5624, 5624, 5624, 5624, 5624, 5624, 5624, 5624, 5624, 5624, 5624, 5624, 5624, 5624, 5624, 5624, 5624, 5624, 5624, 5624, 5624, 5624, 5624, 5624, 5624, 5624, 5624, 5624, 5624, 5624, 5624, 5624, 5624, 5624, 5624, 5624, 5624, 5624, 5624, 5624, 5624, 5624, 5624, 5624, 5624, 5624, 5624, 5624, 5624, 5624, 5624, 5624, 5624, 5624, 5624, 5624, 5624, 5624, 5622, 5622, 5622, 5622, 5622, 5622, 5622, 5622, 5622, 5622, 5622, 5622, 5622, 5622, 5622, 5622, 5622, 5622, 5622, 5622, 5622, 5622, 5622, 5622, 5622, 5622, 5622, 5622, 5622, 5622, 5622, 5622, 5622, 5622, 5622, 5622, 5622, 5622, 5622, 5622, 5622, 5622, 5622, 5622, 5622, 5622, 5622, 5622, 5622, 5622, 5622, 5622, 5622, 5622, 5622, 5622, 5622, 5622, 5622, 5622, 5622, 5622, 5622, 5622, 5622, 5622, 5622, 5622, 5622, 5622, 5622, 5622, 5622, 5622, 5622, 5622, 5622, 5622, 5622, 5622, 5622, 5622, 5622, 5622, 5622, 5622, 5622, 5622, 5622, 5622, 5622, 5622, 5622, 5622, 5622, 5622, 5622, 5622, 5622, 5622, 5622, 5622, 5622, 5622, 5622, 5622, 5622, 5622, 5622, 5622, 5622, 5622, 5622, 5622, 5622, 5622, 5622, 5622, 5622, 5622, 5622, 5622, 5622, 5622, 5622, 5622, 5622, 5622, 5622, 5622, 5622, 5622, 5622, 5622, 5622, 5622, 5622, 5622, 5622, 5622, 5622, 5622, 5622, 5620, 
Fitness promedio a lo largo del tiempo: 
20396, 17301, 14072, 12986, 11992, 9751, 8101, 8141, 7952, 7863, 7615, 7165, 7065, 6715, 6910, 7179, 6232, 6810, 6838, 6721, 6836, 6866, 7095, 7145, 7039, 6599, 7090, 7196, 7799, 7558, 7730, 6867, 6775, 7632, 7550, 6720, 7641, 6862, 7013, 6553, 6529, 6368, 6704, 6664, 7384, 6206, 6412, 6489, 6726, 6538, 6863, 6210, 6947, 5932, 6461, 6398, 6119, 6538, 5787, 6433, 6580, 6481, 6329, 6055, 6533, 6067, 6469, 6388, 6163, 6742, 6323, 6101, 6431, 6521, 5979, 6119, 5797, 6023, 5766, 6062, 6720, 6840, 6055, 6329, 6241, 6243, 6053, 5727, 6220, 6103, 6151, 6800, 6174, 5822, 5711, 6402, 6941, 6244, 6087, 6361, 6467, 5846, 6586, 6220, 6588, 6136, 6458, 6042, 6211, 6013, 6566, 6817, 6603, 7030, 5951, 6635, 6354, 6609, 5701, 5961, 5678, 6453, 6053, 6987, 5898, 6124, 6336, 6814, 5902, 6055, 6115, 6668, 6944, 6512, 6672, 6064, 5667, 7089, 6445, 6083, 6115, 6295, 6066, 5825, 5891, 5777, 5646, 5663, 6718, 5648, 6057, 6125, 6008, 5671, 5996, 5948, 6469, 5767, 5670, 6290, 6756, 5687, 5906, 6017, 5650, 6157, 5671, 6114, 6264, 5938, 5732, 6103, 6095, 5812, 5665, 6167, 6955, 6064, 6794, 6480, 5647, 5667, 6232, 6387, 6375, 5673, 5684, 5677, 5962, 5698, 5656, 6008, 5660, 5778, 6189, 6235, 5808, 6027, 6251, 6042, 6046, 6474, 6447, 6156, 6488, 5851, 6252, 6229, 6122, 6160, 6863, 5741, 5666, 6020, 6809, 6480, 6125, 6005, 6557, 5852, 5747, 5683, 5679, 5843, 6023, 6217, 5796, 5673, 6175, 5741, 5730, 5650, 6017, 5658, 6007, 5902, 6503, 6290, 5731, 5731, 5657, 5742, 5889, 5807, 5778, 5675, 5731, 5673, 5843, 6058, 5744, 5841, 5668, 6219, 5790, 6325, 6126, 6338, 5833, 6380, 5671, 5881, 5883, 6187, 7113, 6353, 5834, 5667, 6321, 6364, 5841, 5654, 6546, 6010, 6102, 6117, 5909, 5840, 6043, 5689, 5744, 6484, 5993, 7016, 5676, 5664, 6105, 5689, 5856, 6066, 5651, 6287, 5641, 6179, 5831, 5689, 5657, 5916, 6057, 5722, 5850, 6535, 6153, 5892, 5695, 5786, 5705, 5659, 5827, 6117, 5703, 5692, 5954, 5947, 6070, 7020, 5998, 5941, 6271, 5996, 5646, 6001, 6167, 5785, 6045, 6038, 6528, 6697, 5674, 5724, 5905, 5746, 5728, 5667, 6322, 5659, 5894, 6332, 5666, 5879, 5823, 5893, 6173, 5671, 5683, 5672, 5981, 5890, 5784, 6228, 5779, 5942, 6213, 5755, 5662, 5667, 5677, 6316, 5769, 5990, 5676, 6106, 5694, 5739, 5686, 5650, 6138, 6097, 6082, 5658, 5827, 5671, 5742, 5647, 6261, 5663, 6483, 6099, 5954, 5653, 6173, 5901, 6336, 6113, 5892, 5656, 5716, 6003, 6593, 5891, 6370, 6125, 6163, 5937, 5938, 5765, 5666, 5827, 5936, 6118, 5657, 5691, 5643, 6761, 5686, 5673, 5672, 6276, 5832, 6167, 6059, 6126, 6441, 5894, 5989, 6106, 5729, 5673, 5679, 5730, 5841, 5948, 5819, 6013, 5910, 6232, 5839, 5665, 5830, 5788, 5770, 6314, 5799, 6105, 5880, 6101, 5689, 6057, 5662, 6381, 5646, 6607, 5909, 5784, 5683, 5880, 6363, 5662, 6108, 5669, 6503, 5672, 5675, 5697, 6051, 6462, 5670, 5650, 5842, 5731, 5767, 5655, 6228, 6492, 5900, 6183, 5733, 5950, 5783, 5740, 6292, 5696, 5984, 6269, 6210, 5929, 5796, 6108, 6060, 6047, 5876, 6150, 5844, 5663, 5717, 6066, 6434, 6176, 6164, 6704, 5892, 5771, 6122, 5690, 5732, 6094, 5668, 6151, 5657, 6244, 6503, 5757, 6169, 6165, 6286, 6225, 6297, 6085, 6059, 6884, 6324, 6231, 6003, 5660, 5825, 5688, 5978, 5996, 5994, 5655, 5679, 5723, 5903, 6002, 6696, 5838, 6001, 5676, 6287, 6063, 6322, 6414, 6175, 5671, 5670, 6773, 5898, 5788, 6311, 6102, 5848, 6119, 6429, 5948, 5666, 5945, 5729, 5928, 5906, 5729, 6393, 5771, 5689, 6373, 5735, 5670, 5676, 5691, 6821, 6430, 5666, 6287, 5787, 5896, 6096, 6117, 5904, 5796, 6058, 6246, 6182, 6054, 5645, 5953, 5841, 5671, 5673, 5840, 5670, 5893, 6619, 5908, 5782, 6180, 5683, 5736, 6415, 5663, 6267, 5664, 5952, 6064, 6119, 5682, 5752, 5844, 5642, 5721, 5673, 6279, 6058, 6152, 6219, 5962, 5654, 6106, 6216, 6390, 5958, 5650, 6008, 6592, 5666, 6041, 5741, 5679, 5750, 6022, 6271, 5665, 5912, 6054, 5677, 6047, 5911, 6548, 6539, 5739, 6392, 6268, 6005, 5661, 5835, 6122, 5886, 5762, 5994, 6599, 5691, 5680, 5966, 6161, 5660, 6380, 5994, 5667, 5683, 6504, 6333, 5656, 5763, 5792, 5795, 5950, 5672, 5840, 6501, 6327, 5838, 5680, 5672, 5949, 6098, 5672, 5663, 6342, 6172, 5666, 6001, 5990, 6431, 5842, 6559, 5664, 5650, 5697, 5729, 5671, 5665, 6790, 6770, 6006, 5659, 5664, 5652, 6269, 6811, 5664, 5987, 6751, 6371, 5642, 5896, 6001, 6399, 5852, 5649, 5660, 5940, 5641, 6047, 6651, 5954, 6016, 6225, 6301, 5991, 5665, 5829, 6010, 5670, 6341, 6231, 6323, 6163, 6184, 5842, 6238, 5958, 5886, 5994, 5950, 6033, 5848, 5727, 5843, 5853, 5646, 5947, 6333, 5842, 6284, 6271, 5958, 5962, 5699, 5681, 6169, 6298, 5667, 6165, 5918, 6102, 6806, 5898, 6173, 6096, 5911, 6112, 5998, 6980, 6013, 5740, 5881, 5691, 5796, 6111, 5658, 5901, 5675, 6326, 5888, 5954, 5751, 6059, 5664, 5833, 6556, 6390, 6612, 5847, 5812, 6166, 6115, 5797, 5901, 5671, 6378, 6584, 5654, 5660, 5891, 6421, 6165, 5653, 5790, 5948, 5659, 5677, 5961, 5893, 5785, 5921, 6225, 5947, 6042, 5724, 6381, 5889, 5674, 5938, 5889, 6288, 5961, 6297, 6176, 5659, 5664, 5892, 6037, 6541, 5980, 5948, 5691, 5891, 5960, 6438, 6843, 6173, 6557, 6594, 6406, 6213, 5775, 5938, 5663, 5996, 6596, 6014, 6093, 5735, 6603, 5696, 5671, 6177, 6164, 6660, 6211, 5936, 5796, 5680, 6160, 5699, 5740, 6646, 5947, 5681, 5663, 5938, 6399, 6156, 6378, 6107, 6110, 5657, 5672, 6388, 5849, 6325, 6443, 5789, 5669, 6110, 5963, 5895, 6172, 5976, 6111, 6220, 5848, 5742, 5678, 5824, 6574, 5669, 6269, 5685, 6370, 5689, 6486, 6109, 5795, 5838, 5963, 6367, 5668, 5656, 5662, 5933, 5728, 5657, 5777, 6165, 5675, 5672, 5669, 5902, 5977, 5653, 5651, 5991, 5690, 5828, 6226, 6311, 5883, 5719, 6443, 6396, 6219, 6246, 6061, 5735, 6429, 6004, 6283, 6275, 5889, 5651, 5670, 6760, 6149, 5666, 6164, 5908, 5899, 5942, 6758, 6922, 6230, 5661, 5890, 5955, 5765, 5670, 5861, 6055, 6616, 6287, 5908, 6257, 5681, 5781, 5675, 5684, 5987, 5682, 5658, 5689, 6327, 5796, 5950, 6052, 5842, 5942, 5667, 6334, 5664, 5769, 6147, 5885, 5661, 5722, 5890, 5682, 5652, 5657, 5734, 5889, 6161, 6211, 5971, 6595, 6428, 5642, 5797, 5795, 5775, 5888, 5676, 5660, 6056, 5947, 5790, 5656, 5670, 6328, 5699, 5901, 6220, 6338, 5879, 5981, 5722, 5650, 6240, 5829, 6766, 5672, 5997, 5846, 5967, 6011, 6424, 5775, 5678, 5675, 5780, 5862, 5674, 5732, 5666, 6172, 5665, 5688, 6158, 5791, 5728, 6004, 6047, 5733, 5971, 6413, 6259, 5667, 5651, 5680, 5730, 6479, 5861, 6197, 5882, 6208, 6603, 6067, 5965, 5944, 6221, 6069, 5954, 5745, 5678, 5781, 6481, 5691, 6347, 6431, 6257, 5899, 5689, 5994, 5838, 5672, 5886, 5730, 5927, 6365, 5735, 6598, 6477, 6885, 5672, 5667, 5988, 6612, 5794, 5683, 6001, 5674, 6094, 5666, 5682, 5882, 6697, 5699, 5657, 5794, 6464, 5686, 5668, 5962, 6180, 6029, 6725, 5674, 5736, 6237, 6210, 6114, 5670, 5833, 6047, 5846, 5678, 6268, 6648, 6105, 5855, 5783, 5726, 6047, 6788, 6815, 5784, 5998, 5895, 6269, 5671, 5948, 6010, 6102, 5671, 5676, 5681, 6066, 5665, 5661, 5774, 5957, 6153, 5650, 5888, 6721, 6725, 6003, 5937, 5675, 5948, 5665, 6156, 5727, 5848, 5889, 5671, 6223, 5948, 6075, 6701, 5955, 5917, 6199, 5674, 5705, 5784, 6430, 6042, 5645, 5668, 5786, 5687, 5837, 5885, 5899, 5830, 6508, 5670, 5895, 5676, 5879, 6551, 5878, 5696, 5960, 5882, 6225, 6492, 5677, 6053, 6056, 5671, 6050, 6156, 6112, 6001, 5657, 5789, 6053, 5836, 5655, 5659, 5893, 6808, 6218, 6316, 6961, 5900, 6165, 6004, 5691, 5665, 5653, 6370, 5899, 6221, 5955, 5897, 6441, 7059, 6237, 6047, 5656, 6166, 5670, 6313, 5739, 5926, 5917, 6329, 5794, 6160, 6166, 6165, 6014, 6551, 6976, 6196, 6105, 5663, 5989, 5888, 5680, 5675, 5642, 6209, 5948, 6008, 5845, 6923, 5949, 5662, 5962, 5661, 5851, 5909, 6630, 5664, 5656, 6220, 6217, 5669, 5853, 6336, 5826, 6222, 5658, 5661, 6493, 5822, 6010, 6010, 5671, 6329, 6057, 5840, 5653, 6280, 6408, 5908, 5672, 5962, 5790, 5924, 5674, 5782, 6490, 5938, 5730, 5651, 6173, 5793, 5851, 5672, 6443, 5678, 5657, 6109, 5897, 5798, 6098, 5984, 6221, 6318, 6317, 5665, 5788, 5959, 5717, 6292, 6112, 5659, 5661, 6443, 5680, 5900, 5678, 5816, 6274, 5979, 6051, 5674, 6337, 5847, 5886, 5786, 6972, 5691, 6373, 6352, 6378, 5826, 6324, 5989, 5898, 6009, 5664, 6394, 5698, 6048, 6437, 5660, 6059, 6326, 6099, 5961, 6389, 6742, 5650, 5898, 5662, 6316, 5804, 6761, 6378, 5661, 5795, 6083, 5881, 6337, 5755, 5684, 5842, 5665, 5657, 5944, 6123, 5673, 5895, 5673, 5651, 5658, 6098, 6035, 5652, 5682, 5655, 6604, 6012, 6482, 6003, 5728, 5644, 6390, 6534, 5802, 6162, 6316, 6171, 6019, 6545, 6228, 6548, 6000, 5832, 5675, 5643, 6540, 5769, 5650, 6376, 5815, 5731, 5674, 6003, 6016, 5830, 5742, 5651, 5661, 5744, 6164, 5696, 6441, 5949, 5662, 5693, 6293, 6376, 5986, 6762, 6215, 6220, 6480, 5717, 5947, 5684, 6001, 5687, 5742, 5998, 6005, 5668, 5663, 5684, 6319, 6334, 5754, 6026, 5663, 6175, 5661, 5896, 6107, 5747, 6158, 5652, 5948, 5802, 6066, 6085, 5883, 5732, 6114, 5655, 5659, 6113, 5903, 5942, 5905, 6092, 6283, 5862, 5684, 5889, 6039, 6124, 5882, 5659, 6485, 5685, 6064, 5715, 5666, 5914, 6555, 6009, 6056, 6051, 6803, 5684, 6542, 6102, 5793, 5666, 6113, 5650, 5655, 6213, 6438, 6121, 5662, 6220, 5902, 6309, 5778, 5652, 6005, 5730, 5839, 5876, 5781, 5672, 5659, 5641, 5682, 5668, 6062, 6598, 6329, 6645, 5890, 6042, 5699, 6070, 6171, 5677, 5784, 5670, 5716, 5661, 6231, 6434, 5660, 6102, 5669, 5666, 5659, 5855, 6403, 5943, 5852, 6377, 5657, 5660, 5683, 6077, 6120, 5720, 6148, 6441, 6000, 5662, 6076, 5907, 6125, 5787, 6483, 5674, 5740, 5651, 5842, 5797, 5694, 6016, 5839, 5993, 5688, 5664, 6818, 6109, 5669, 6156, 6018, 5677, 5895, 5913, 5669, 6119, 5789, 6323, 5691, 6061, 6648, 5651, 5675, 6086, 5783, 5888, 6333, 5835, 5661, 6429, 5655, 6168, 5930, 5841, 5679, 6370, 5857, 6054, 5688, 5690, 6372, 5661, 5792, 6217, 6282, 6291, 5676, 5796, 5816, 6769, 6493, 6225, 5864, 6268, 5684, 5997, 5677, 6922, 6547, 6174, 5816, 6230, 6652, 5887, 5693, 6157, 5679, 5654, 5723, 6059, 6105, 5905, 5675, 6009, 6154, 5665, 5949, 5934, 6009, 5882, 5964, 5899, 6069, 5664, 5661, 5672, 6334, 6233, 6535, 6976, 6061, 6008, 6105, 5785, 5660, 5977, 5673, 5688, 5677, 6315, 6544, 5667, 5681, 6247, 6065, 5779, 5680, 5789, 5887, 5782, 5672, 6103, 5688, 5667, 6108, 6602, 5835, 6494, 6115, 5835, 5677, 6078, 6102, 6318, 5673, 5935, 5654, 6055, 5791, 6097, 5681, 6553, 5940, 6117, 6161, 6565, 6482, 5949, 6811, 5947, 6469, 5854, 5851, 6451, 5673, 6588, 5827, 5658, 5784, 5669, 6432, 5652, 5679, 5669, 6186, 6540, 6113, 5885, 6585, 6079, 5673, 5796, 5951, 5836, 5661, 6002, 6160, 6414, 5789, 5783, 6320, 5725, 5746, 6057, 5674, 5785, 5966, 5833, 6119, 5686, 5838, 6079, 6006, 6031, 6087, 5650, 5685, 5734, 6448, 6252, 5945, 5742, 5786, 5897, 5672, 5699, 6264, 6476, 5781, 5730, 5693, 5755, 6124, 5651, 5673, 5788, 6113, 5686, 6751, 5767, 5833, 5679, 5980, 6053, 6260, 6159, 5684, 6012, 5655, 5935, 5987, 5844, 5815, 5662, 6890, 6150, 6098, 5675, 5668, 6121, 5842, 5731, 6211, 5788, 6059, 6337, 5657, 6176, 5918, 6266, 5999, 6294, 5656, 6115, 5653, 5659, 5799, 6535, 6012, 5777, 6039, 5670, 5720, 5848, 6098, 5841, 6222, 6224, 6542, 5655, 6766, 5915, 5857, 5726, 5994, 6090, 6055, 5833, 5846, 5849, 5659, 5679, 5895, 5825, 6218, 5795, 6295, 6057, 5787, 5780, 6728, 6064, 6291, 5667, 6259, 5697, 5670, 6267, 5859, 5948, 5894, 5852, 5645, 6111, 5744, 6095, 6096, 5924, 5679, 5654, 6062, 6109, 6401, 5799, 5663, 5651, 5791, 5671, 5775, 6641, 5658, 6603, 5902, 5672, 5674, 6159, 6433, 6094, 6114, 6038, 5664, 5686, 6807, 5851, 6495, 6502, 6340, 5676, 5854, 6621, 5667, 5783, 5732, 5901, 5645, 6163, 6449, 5745, 5696, 5672, 5669, 5788, 5679, 6052, 5667, 6210, 5787, 6104, 6017, 5660, 5989, 5661, 5907, 5678, 5656, 5657, 6767, 6409, 5850, 5855, 6171, 5663, 6378, 6376, 6123, 5693, 5896, 5942, 6318, 6328, 5783, 6218, 6204, 6287, 5692, 5651, 5658, 6009, 6153, 5739, 5949, 5676, 5653, 5934, 6431, 5955, 6100, 5782, 5668, 5658, 5891, 6238, 5881, 5675, 5944, 5658, 5680, 5779, 5918, 6050, 6209, 5999, 6168, 5943, 5703, 5678, 6165, 5681, 5915, 5675, 5642, 6003, 5650, 5948, 5662, 5730, 5686, 5997, 6057, 6115, 6105, 5688, 6066, 6643, 5891, 6116, 5783, 5940, 5797, 6265, 6004, 6318, 6020, 5899, 6221, 5679, 6001, 5836, 6373, 6685, 6436, 5849, 6437, 6103, 5754, 6375, 5938, 6057, 5905, 5888, 6075, 5665, 6386, 5682, 5850, 5941, 6267, 5661, 5941, 6069, 6309, 6045, 6059, 5830, 6371, 6055, 5729, 6042, 6281, 5716, 6047, 6770, 5647, 6318, 5653, 5832, 6651, 5949, 5901, 6333, 5682, 5729, 5698, 5672, 5936, 5675, 6331, 5659, 6491, 6442, 6010, 5673, 6329, 6448, 5846, 5889, 6107, 6511, 5835, 5650, 6271, 5939, 6481, 5654, 6216, 5781, 6514, 6066, 5995, 5660, 5791, 5857, 5842, 5666, 5902, 5690, 6308, 6385, 6166, 5666, 6001, 5743, 6056, 6155, 5924, 6326, 6219, 6291, 6111, 5831, 6022, 5907, 5667, 6281, 5691, 6110, 6116, 5661, 6555, 5670, 6163, 5955, 7252, 5662, 5660, 5902, 6208, 5650, 5653, 5954, 5656, 5671, 6159, 5665, 5682, 6107, 5663, 6039, 5644, 5878, 5888, 6808, 5945, 6042, 6939, 5956, 5655, 6003, 5664, 5679, 5676, 6222, 5916, 6005, 5908, 5693, 5683, 5654, 6267, 5834, 5845, 6159, 6387, 5661, 6716, 6315, 6436, 5840, 6377, 5693, 5833, 5787, 5669, 5674, 6062, 5820, 5908, 6383, 6019, 5668, 6343, 6767, 6985, 6168, 6204, 6098, 5999, 5833, 6431, 5835, 5747, 5662, 7043, 6113, 6273, 5791, 5663, 5735, 5793, 5641, 5725, 5896, 5737, 6268, 6283, 5783, 5669, 6112, 5651, 6154, 5787, 6052, 5653, 5729, 5683, 5667, 6600, 6714, 6383, 6057, 6701, 5965, 5733, 6276, 5946, 6434, 6429, 6230, 6111, 5690, 5793, 5891, 6070, 6135, 5671, 5685, 5736, 6279, 5954, 5701, 6018, 5856, 5892, 5905, 6052, 6113, 6163, 6162, 6180, 5672, 6239, 6281, 5742, 5876, 5901, 6177, 6115, 6375, 6171, 6077, 6104, 5952, 6447, 5680, 5737, 5984, 5671, 6600, 6187, 6160, 5648, 5745, 6061, 5739, 6017, 6707, 5837, 6648, 5663, 5657, 6161, 5820, 5954, 5728, 5803, 5690, 6396, 5686, 6585, 6098, 6371, 6330, 5743, 5922, 5653, 5791, 5662, 5682, 5684, 5899, 5950, 5937, 6269, 5886, 6161, 5740, 5946, 5670, 5722, 6280, 5833, 5793, 5637, 5671, 6476, 6060, 6152, 6161, 5677, 5655, 5650, 5690, 5706, 6173, 6600, 6020, 6471, 5860, 5793, 5744, 5714, 5683, 5856, 5834, 7295, 5667, 5741, 6231, 6324, 5832, 6071, 5955, 6039, 5681, 5885, 5857, 5767, 6269, 5674, 6486, 5852, 6707, 6435, 5662, 5949, 5656, 5685, 5994, 5667, 5935, 6012, 5836, 6129, 6110, 5683, 5912, 6483, 5692, 5787, 5775, 5657, 6133, 6317, 5907, 5653, 5702, 5669, 5659, 5648, 5776, 6047, 5657, 6162, 5670, 6483, 5679, 6215, 5805, 5935, 6008, 6212, 6321, 6202, 6155, 5682, 6122, 5890, 5675, 5784, 6057, 6962, 6449, 5827, 5949, 5983, 5779, 6068, 5785, 5894, 6500, 5723, 5679, 5673, 6170, 5850, 5843, 5738, 6053, 5880, 6442, 6013, 5704, 5884, 5670, 5670, 5793, 6286, 5696, 6310, 6008, 5783, 6339, 6679, 6298, 6234, 5862, 5670, 6402, 5959, 5954, 5838, 6498, 6284, 5678, 6080, 5689, 6265, 5654, 5684, 6062, 5991, 5654, 5667, 5951, 7118, 5695, 5790, 6586, 5666, 5663, 6215, 6854, 5735, 5669, 5884, 5954, 5676, 6646, 6246, 6549, 5682, 5681, 6172, 5844, 6004, 5980, 6051, 5831, 5655, 6232, 5667, 6635, 6319, 5675, 5999, 5665, 6331, 5682, 5680, 6551, 6058, 5744, 6047, 5894, 5664, 6051, 5798, 5667, 5686, 5735, 5836, 6061, 5654, 6224, 6047, 5644, 5666, 5908, 6457, 6261, 6776, 6170, 6003, 6000, 6199, 6126, 5652, 6071, 5903, 6293, 5808, 5945, 5673, 5712, 6073, 6528, 6929, 6384, 5702, 6474, 6173, 6123, 6041, 6229, 5704, 6001, 5675, 6187, 6873, 5671, 5671, 5744, 5651, 5683, 5954, 5697, 5665, 5957, 5788, 5660, 5682, 5897, 5672, 5654, 6217, 6179, 6316, 5666, 6216, 5936, 5681, 6617, 5721, 6123, 6450, 5935, 5684, 5954, 5843, 6205, 6755, 5852, 6013, 5736, 5678, 6106, 5837, 5900, 5943, 5916, 6593, 6348, 5845, 6213, 5851, 5695, 5904, 5685, 5733, 6005, 5780, 5691, 6000, 6235, 6329, 5886, 5910, 5672, 5675, 5678, 5836, 6052, 6385, 6235, 5658, 5664, 5672, 5939, 5745, 5933, 5889, 5676, 6340, 6241, 6258, 5645, 5947, 6059, 5669, 5854, 6126, 6368, 6231, 5666, 6328, 5801, 6083, 5669, 5834, 5660, 5653, 5660, 5770, 5693, 5922, 6723, 6554, 6126, 5679, 6185, 5672, 5667, 6290, 5943, 6163, 6171, 5953, 5741, 6445, 5662, 6209, 6012, 5933, 5958, 5672, 5663, 6008, 5657, 6374, 5739, 5937, 5669, 6060, 5835, 6068, 6163, 5679, 5663, 5659, 5679, 6650, 5914, 5739, 5663, 6224, 5992, 6497, 6313, 6557, 5872, 5825, 5653, 5757, 5790, 6549, 5777, 5844, 6170, 6502, 5749, 5990, 6064, 5662, 5774, 6443, 5689, 5776, 6383, 5666, 6169, 5659, 5667, 6226, 5672, 5667, 5947, 5684, 5657, 5792, 6609, 5724, 5647, 6822, 6653, 5930, 5674, 5653, 5809, 5901, 6052, 6060, 5842, 5791, 6390, 5902, 6322, 5949, 5669, 6116, 5777, 6126, 5663, 5679, 5744, 6208, 5661, 6439, 6332, 5934, 6178, 6207, 5732, 5666, 5779, 5666, 5955, 5852, 5894, 6270, 6391, 5688, 5659, 5898, 5769, 5665, 5801, 6097, 5741, 6992, 5670, 5940, 5671, 5851, 5673, 5684, 6059, 6270, 6280, 5728, 6293, 6150, 6058, 5666, 5846, 5669, 6031, 5660, 6071, 5752, 6066, 6120, 5955, 6159, 5674, 6330, 5668, 6425, 5679, 6164, 5658, 6098, 5789, 5681, 5879, 5660, 5673, 6104, 5920, 5894, 5903, 7402, 6109, 5859, 5845, 6069, 5647, 5792, 6115, 6459, 5686, 5681, 6124, 5889, 5650, 5800, 5680, 5899, 5702, 5801, 5672, 6106, 6172, 6007, 6248, 6383, 6477, 6099, 5939, 6114, 5888, 6085, 6112, 5909, 5828, 6259, 5856, 5682, 6120, 5658, 5673, 6075, 5991, 5724, 6393, 5997, 6055, 6452, 6068, 6380, 6563, 5900, 6581, 5779, 5657, 5740, 5747, 6110, 6752, 6130, 6339, 6129, 6143, 6648, 6423, 5846, 5943, 6054, 5773, 6101, 5665, 5775, 5689, 6058, 6093, 6493, 6554, 5796, 6145, 5948, 6337, 6097, 6160, 6106, 5667, 5998, 6273, 5672, 5663, 6159, 6425, 5663, 5659, 5746, 5831, 6412, 6366, 5735, 5757, 6269, 6144, 5728, 6223, 5673, 6246, 6673, 5804, 5893, 5682, 5957, 6125, 6173, 5668, 6159, 5937, 5669, 5680, 6050, 5850, 5971, 5670, 5673, 5782, 6323, 6572, 6531, 5782, 5640, 6348, 5668, 6072, 5670, 6330, 6428, 5931, 7197, 5869, 6608, 5685, 5725, 5741, 6065, 6366, 5672, 5996, 6327, 5805, 5780, 5960, 5963, 5675, 5893, 6099, 5970, 5643, 5678, 6292, 5772, 5892, 5677, 5809, 6270, 6127, 5711, 6277, 5826, 6376, 5830, 6204, 6659, 6162, 5677, 6183, 5693, 6008, 6767, 5674, 6132, 5661, 6110, 5956, 5841, 6495, 5846, 6165, 5684, 5935, 6381, 6076, 6111, 5650, 6811, 6004, 5670, 5948, 5935, 6055, 5683, 5680, 5793, 5880, 5929, 5676, 5780, 5647, 6219, 6713, 6024, 6214, 5676, 6115, 5950, 5681, 5881, 5658, 5829, 6152, 5656, 6269, 5998, 5771, 5658, 5661, 6120, 6180, 5770, 5852, 6456, 5690, 6110, 5757, 5851, 6319, 5744, 6071, 5643, 5900, 5759, 5824, 5654, 5659, 5677, 5789, 6159, 5675, 5664, 5663, 6289, 6080, 5659, 5892, 5725, 6229, 6051, 5650, 6102, 5673, 5668, 5648, 6090, 5666, 6005, 5683, 6067, 5751, 5946, 5735, 5653, 5654, 6486, 6325, 5793, 5999, 5835, 6400, 6024, 5744, 5654, 5649, 5972, 5942, 5658, 5668, 6274, 6498, 6002, 5919, 6490, 5984, 5696, 6023, 5946, 5698, 5845, 6064, 6017, 5683, 5750, 5830, 5851, 5949, 6276, 6224, 5855, 6327, 5991, 6102, 6113, 5668, 5735, 5692, 5747, 5747, 5668, 5998, 6065, 5725, 5666, 5684, 5736, 5954, 5939, 5660, 6549, 6230, 6384, 5705, 6377, 5793, 5647, 5895, 5801, 5662, 6058, 5906, 5824, 5655, 6381, 5877, 6306, 6223, 5831, 6694, 5979, 6279, 6192, 5665, 6059, 6110, 6068, 6241, 5798, 6554, 5787, 6121, 5937, 6368, 6384, 5942, 5967, 5951, 5673, 6772, 6250, 6324, 6117, 5689, 5941, 5936, 5644, 5953, 5931, 5674, 6462, 5660, 6049, 5685, 5682, 6114, 5997, 6000, 5888, 5647, 6046, 6221, 5672, 5663, 5728, 5890, 6239, 5933, 5668, 6017, 6712, 5827, 5780, 5673, 6062, 5665, 5648, 5634, 5675, 5664, 5656, 5988, 6265, 5952, 6044, 5674, 5643, 5651, 5664, 6099, 5642, 5654, 5844, 6051, 5679, 6152, 5678, 5672, 6002, 5665, 6004, 5823, 6121, 5883, 5953, 6042, 6054, 5825, 5893, 5685, 5646, 6044, 5798, 5663, 5688, 5651, 5675, 5971, 6010, 5849, 5673, 5779, 5940, 5641, 6447, 5903, 5665, 6274, 5790, 5676, 5671, 5675, 5985, 5640, 5855, 5882, 5775, 5688, 5788, 5664, 5986, 5664, 5950, 5884, 6214, 5708, 5673, 5657, 5654, 5675, 5789, 6055, 6210, 5778, 5946, 5705, 5649, 6232, 6214, 6008, 5654, 5935, 5925, 5738, 
Mejor solucion obtenida: 3, 36, 37, 38, 39, 42, 40, 41, 26, 25, 24, 21, 22, 23, 35, 0, 4, 15, 16, 20, 19, 18, 17, 14, 12, 13, 33, 34, 31, 32, 10, 11, 8, 9, 7, 5, 6, 30, 29, 27, 28, 2, 1, || Fitness: 5620;