Archivo Usado: p43.atsp
Tamaño de la Poblacion: 100
Reemplazo por Generacion: 5
Tamaño de los Torneos: 9
Cantidad de ciudades: 43
Probabilidad de cruce: 75000
Probabilidad mutacion simple: 3000
Probabilidad mutacion compleja: 20000
Cruces minimos de la mutacion compleja: 4
Iteraciones ejecutadas: 10000
Largo del cruce PMX: 6
Operador de Cruce: 0
Metodo seleccion de Padres: 0
Operador de Mutacion: 0
Metodo seleccion de Supervivientes: 1
Cantidad de threads a usar: 16
40, 26, 24, 25, 21, 23, 22, 35, 0, 4, 16, 19, 18, 20, 15, 17, 14, 12, 13, 34, 33, 7, 5, 6, 10, 9, 8, 11, 32, 31, 30, 29, 27, 28, 1, 3, 2, 36, 37, 38, 39, 41, 42, 
34, 33, 7, 5, 6, 10, 9, 8, 11, 32, 31, 30, 29, 27, 28, 1, 3, 2, 36, 37, 38, 39, 41, 42, 40, 26, 24, 25, 21, 23, 22, 35, 0, 4, 16, 19, 18, 20, 15, 17, 14, 12, 13, 
36, 37, 38, 39, 41, 42, 40, 26, 24, 25, 21, 23, 22, 35, 0, 4, 16, 19, 18, 20, 15, 17, 14, 12, 13, 34, 33, 7, 5, 6, 10, 9, 8, 11, 32, 31, 30, 29, 27, 28, 1, 3, 2, 
14, 12, 13, 34, 33, 7, 5, 6, 10, 9, 8, 11, 32, 31, 30, 29, 27, 28, 1, 3, 2, 36, 37, 38, 39, 41, 42, 40, 26, 24, 25, 21, 23, 22, 35, 0, 4, 16, 19, 18, 20, 15, 17, 
15, 17, 14, 12, 13, 34, 33, 7, 5, 6, 10, 9, 8, 11, 32, 31, 30, 29, 27, 28, 1, 3, 2, 36, 37, 38, 39, 41, 42, 40, 26, 24, 25, 21, 23, 22, 35, 0, 4, 16, 19, 18, 20, 
31, 32, 11, 8, 9, 10, 6, 5, 7, 30, 29, 27, 28, 1, 3, 2, 36, 37, 38, 39, 41, 42, 40, 26, 25, 24, 21, 23, 22, 35, 0, 4, 16, 19, 18, 20, 15, 17, 14, 12, 13, 34, 33, 
7, 5, 6, 10, 9, 8, 11, 31, 32, 30, 29, 27, 28, 1, 3, 2, 36, 37, 38, 39, 41, 42, 40, 26, 24, 25, 21, 23, 22, 35, 0, 4, 16, 19, 18, 20, 15, 17, 14, 12, 13, 34, 33, 
39, 41, 42, 40, 26, 24, 25, 21, 23, 22, 35, 0, 4, 16, 19, 18, 20, 15, 17, 14, 13, 12, 34, 33, 7, 5, 6, 10, 9, 8, 11, 32, 31, 30, 29, 27, 28, 1, 3, 2, 36, 37, 38, 
39, 41, 42, 40, 26, 24, 25, 21, 23, 22, 35, 0, 4, 16, 19, 18, 20, 15, 17, 14, 12, 13, 34, 33, 7, 5, 6, 10, 9, 8, 11, 32, 31, 30, 29, 27, 28, 1, 3, 2, 36, 37, 38, 
28, 1, 3, 2, 36, 37, 38, 39, 41, 42, 40, 26, 24, 25, 21, 23, 22, 35, 0, 4, 16, 19, 18, 20, 15, 17, 14, 12, 13, 34, 33, 7, 5, 6, 10, 9, 8, 11, 32, 31, 30, 29, 27, 
33, 7, 5, 6, 10, 9, 8, 11, 32, 31, 30, 29, 27, 28, 1, 3, 2, 36, 37, 38, 39, 41, 42, 40, 26, 24, 25, 21, 23, 22, 35, 0, 4, 16, 19, 18, 20, 15, 17, 14, 12, 13, 34, 
34, 33, 7, 5, 6, 10, 9, 8, 11, 32, 31, 30, 29, 27, 28, 1, 3, 2, 36, 37, 38, 39, 41, 42, 40, 26, 24, 25, 21, 23, 22, 35, 0, 4, 16, 19, 18, 20, 15, 17, 14, 12, 13, 
30, 29, 27, 28, 1, 3, 2, 36, 37, 38, 39, 41, 42, 40, 26, 24, 25, 21, 23, 22, 35, 0, 4, 16, 19, 18, 20, 15, 17, 14, 12, 13, 34, 33, 7, 5, 6, 10, 9, 8, 11, 32, 31, 
19, 18, 20, 15, 17, 14, 12, 13, 34, 33, 7, 5, 6, 10, 9, 8, 11, 32, 31, 30, 29, 27, 28, 1, 3, 2, 36, 37, 38, 39, 41, 42, 40, 26, 25, 24, 21, 23, 22, 35, 0, 4, 16, 
21, 23, 22, 35, 0, 4, 16, 19, 18, 20, 15, 17, 14, 12, 13, 34, 33, 7, 5, 6, 10, 9, 8, 11, 32, 31, 30, 29, 27, 28, 1, 3, 2, 36, 37, 38, 39, 41, 42, 40, 26, 24, 25, 
34, 33, 7, 5, 6, 10, 9, 8, 11, 32, 31, 30, 29, 27, 28, 1, 3, 2, 36, 37, 38, 39, 41, 42, 40, 26, 24, 25, 21, 23, 22, 35, 0, 4, 15, 19, 18, 20, 16, 17, 14, 12, 13, 
22, 35, 0, 4, 16, 19, 18, 20, 15, 17, 14, 12, 13, 34, 33, 7, 5, 6, 10, 9, 8, 11, 32, 31, 30, 29, 27, 28, 1, 3, 2, 36, 37, 38, 39, 41, 42, 40, 26, 24, 25, 21, 23, 
9, 8, 11, 32, 31, 30, 29, 27, 28, 1, 3, 2, 36, 37, 38, 39, 41, 42, 40, 26, 24, 25, 21, 23, 22, 35, 0, 4, 16, 19, 18, 20, 15, 17, 14, 12, 13, 34, 33, 7, 5, 6, 10, 
17, 15, 20, 18, 19, 16, 4, 0, 35, 22, 23, 21, 25, 24, 26, 40, 42, 41, 39, 38, 37, 36, 2, 3, 1, 28, 27, 29, 30, 31, 32, 11, 8, 9, 10, 6, 5, 7, 33, 34, 13, 12, 14, 
25, 24, 26, 40, 42, 41, 39, 38, 37, 36, 2, 3, 1, 28, 27, 29, 30, 31, 32, 11, 8, 9, 10, 6, 5, 7, 33, 34, 13, 12, 14, 17, 15, 20, 18, 19, 16, 4, 0, 35, 22, 23, 21, 
10, 6, 5, 7, 33, 34, 13, 12, 14, 17, 15, 20, 18, 19, 16, 4, 0, 35, 22, 23, 21, 25, 24, 26, 40, 42, 41, 39, 38, 37, 36, 2, 3, 1, 28, 27, 29, 30, 31, 32, 11, 8, 9, 
37, 36, 2, 3, 1, 28, 27, 29, 30, 31, 32, 11, 8, 9, 10, 6, 5, 7, 33, 34, 13, 12, 14, 17, 15, 20, 18, 19, 16, 4, 0, 35, 22, 23, 21, 25, 24, 26, 40, 42, 41, 39, 38, 
17, 15, 20, 18, 19, 16, 4, 0, 35, 22, 23, 21, 25, 24, 26, 40, 42, 41, 39, 38, 37, 36, 2, 3, 1, 28, 27, 29, 30, 31, 32, 11, 8, 9, 10, 6, 5, 7, 33, 34, 13, 12, 14, 
33, 34, 13, 12, 14, 17, 15, 20, 18, 19, 16, 4, 0, 35, 22, 23, 21, 25, 24, 26, 40, 42, 41, 39, 38, 37, 36, 2, 3, 1, 28, 27, 29, 30, 31, 32, 11, 8, 9, 10, 6, 5, 7, 
23, 21, 25, 24, 26, 40, 42, 41, 39, 38, 37, 36, 2, 3, 1, 28, 27, 29, 30, 31, 32, 11, 8, 9, 10, 6, 5, 7, 33, 34, 13, 12, 14, 17, 15, 20, 18, 19, 16, 4, 0, 35, 22, 
35, 22, 23, 21, 25, 24, 26, 40, 42, 41, 39, 38, 37, 36, 2, 3, 1, 28, 27, 29, 30, 31, 32, 11, 8, 9, 10, 6, 5, 7, 33, 34, 13, 12, 14, 17, 15, 20, 18, 19, 16, 4, 0, 
41, 39, 38, 37, 36, 2, 3, 1, 28, 27, 29, 30, 31, 32, 11, 8, 9, 10, 6, 5, 7, 33, 34, 13, 12, 14, 17, 15, 20, 18, 19, 16, 4, 0, 35, 22, 23, 21, 25, 24, 26, 40, 42, 
24, 26, 40, 42, 41, 39, 38, 37, 36, 2, 3, 1, 28, 27, 29, 30, 31, 32, 11, 8, 9, 10, 6, 5, 7, 33, 34, 13, 12, 14, 17, 15, 20, 18, 19, 16, 4, 0, 35, 22, 23, 21, 25, 
39, 38, 37, 36, 2, 3, 1, 28, 27, 29, 30, 31, 32, 11, 8, 9, 10, 6, 5, 7, 33, 34, 13, 12, 14, 17, 15, 20, 18, 19, 16, 4, 0, 35, 22, 23, 21, 25, 24, 26, 40, 42, 41, 
35, 22, 23, 21, 25, 24, 26, 40, 42, 41, 39, 38, 37, 36, 2, 3, 1, 28, 27, 29, 30, 31, 32, 11, 8, 9, 10, 6, 5, 7, 33, 34, 13, 12, 14, 17, 15, 20, 18, 19, 16, 4, 0, 
22, 23, 21, 25, 24, 26, 40, 42, 41, 39, 38, 37, 36, 2, 3, 1, 28, 27, 29, 30, 31, 32, 11, 8, 9, 10, 6, 5, 7, 33, 34, 13, 12, 14, 17, 15, 20, 18, 19, 16, 4, 0, 35, 
34, 13, 12, 14, 17, 15, 20, 18, 19, 16, 4, 0, 35, 22, 23, 21, 25, 24, 26, 40, 42, 41, 39, 38, 37, 36, 2, 3, 1, 28, 27, 29, 30, 31, 32, 11, 8, 9, 10, 6, 5, 7, 33, 
14, 17, 15, 20, 18, 19, 16, 4, 0, 35, 22, 23, 21, 25, 24, 26, 40, 42, 41, 39, 38, 37, 36, 2, 3, 1, 28, 27, 29, 30, 31, 32, 11, 8, 9, 10, 6, 5, 7, 33, 34, 13, 12, 
39, 38, 37, 36, 2, 3, 1, 28, 27, 29, 30, 31, 32, 11, 8, 9, 10, 6, 5, 7, 33, 34, 13, 12, 14, 17, 15, 20, 18, 19, 16, 4, 0, 35, 22, 23, 21, 25, 24, 26, 40, 42, 41, 
15, 20, 18, 19, 16, 4, 0, 35, 22, 23, 21, 25, 24, 26, 40, 42, 41, 39, 38, 37, 36, 2, 3, 1, 28, 27, 29, 30, 31, 32, 11, 8, 9, 10, 6, 5, 7, 33, 34, 13, 12, 14, 17, 
15, 20, 18, 19, 16, 4, 0, 35, 22, 23, 21, 25, 24, 26, 40, 42, 41, 39, 38, 37, 36, 2, 3, 1, 28, 27, 29, 30, 31, 32, 11, 8, 9, 10, 6, 5, 7, 33, 34, 13, 12, 14, 17, 
16, 4, 0, 35, 22, 23, 21, 25, 24, 26, 40, 42, 41, 39, 38, 37, 36, 2, 3, 1, 28, 27, 29, 30, 31, 32, 11, 8, 9, 10, 6, 5, 7, 33, 34, 13, 12, 14, 17, 15, 20, 18, 19, 
16, 4, 0, 35, 22, 23, 21, 25, 24, 26, 40, 42, 41, 39, 38, 37, 36, 2, 3, 1, 28, 27, 29, 30, 31, 32, 11, 8, 9, 10, 6, 5, 7, 33, 34, 13, 12, 14, 17, 15, 20, 18, 19, 
35, 22, 23, 21, 25, 24, 26, 40, 42, 41, 39, 38, 37, 36, 2, 3, 1, 28, 27, 29, 30, 31, 32, 11, 8, 9, 10, 6, 5, 7, 33, 34, 13, 12, 14, 17, 15, 20, 18, 19, 16, 4, 0, 
9, 10, 6, 5, 7, 33, 34, 13, 12, 14, 17, 15, 20, 18, 19, 16, 4, 0, 35, 22, 23, 21, 25, 24, 26, 40, 42, 41, 39, 38, 37, 36, 2, 3, 1, 28, 27, 29, 30, 31, 32, 11, 8, 
12, 14, 17, 15, 20, 18, 19, 16, 4, 0, 35, 22, 23, 21, 25, 24, 26, 40, 42, 41, 39, 38, 37, 36, 2, 3, 1, 28, 27, 29, 30, 31, 32, 11, 8, 9, 10, 6, 5, 7, 33, 34, 13, 
20, 18, 19, 16, 4, 0, 35, 22, 23, 21, 25, 24, 26, 40, 42, 41, 39, 38, 37, 36, 2, 3, 1, 28, 27, 29, 30, 31, 32, 11, 8, 9, 10, 6, 5, 7, 33, 34, 13, 12, 14, 17, 15, 
3, 1, 28, 27, 29, 30, 31, 32, 11, 8, 9, 10, 6, 5, 7, 33, 34, 13, 12, 14, 17, 15, 20, 18, 19, 16, 4, 0, 35, 22, 23, 21, 25, 24, 26, 40, 42, 41, 39, 38, 37, 36, 2, 
39, 38, 37, 36, 2, 3, 1, 28, 27, 29, 30, 31, 32, 11, 8, 9, 10, 6, 5, 7, 33, 34, 13, 12, 14, 17, 15, 20, 18, 19, 16, 4, 0, 35, 22, 23, 21, 25, 24, 26, 40, 42, 41, 
10, 6, 5, 7, 33, 34, 13, 12, 14, 17, 15, 20, 18, 19, 16, 4, 0, 35, 22, 23, 21, 25, 24, 26, 40, 42, 41, 39, 38, 37, 36, 2, 3, 1, 28, 27, 29, 30, 31, 32, 11, 8, 9, 
10, 6, 5, 7, 33, 34, 13, 12, 14, 17, 15, 20, 18, 19, 16, 4, 0, 35, 22, 23, 21, 25, 24, 26, 40, 42, 41, 39, 38, 37, 36, 2, 3, 1, 28, 27, 29, 30, 31, 32, 11, 8, 9, 
30, 31, 32, 11, 8, 9, 10, 6, 5, 7, 33, 34, 13, 12, 14, 17, 15, 20, 18, 19, 16, 4, 0, 35, 22, 23, 21, 25, 24, 26, 40, 42, 41, 39, 38, 37, 36, 2, 3, 1, 28, 27, 29, 
29, 30, 31, 32, 11, 8, 9, 10, 6, 5, 7, 33, 34, 13, 12, 14, 17, 15, 20, 18, 19, 16, 4, 0, 35, 22, 23, 21, 25, 24, 26, 40, 42, 41, 39, 38, 37, 36, 2, 3, 1, 28, 27, 
35, 22, 23, 21, 25, 24, 26, 40, 42, 41, 39, 38, 37, 36, 2, 3, 1, 28, 27, 29, 30, 31, 32, 11, 8, 9, 10, 6, 5, 7, 33, 34, 13, 12, 14, 17, 15, 20, 18, 19, 16, 4, 0, 
14, 17, 15, 20, 18, 19, 16, 4, 0, 35, 22, 23, 21, 25, 24, 26, 40, 42, 41, 39, 38, 37, 36, 2, 3, 1, 28, 27, 29, 30, 31, 32, 11, 8, 9, 10, 6, 5, 7, 33, 34, 13, 12, 
36, 2, 3, 1, 28, 27, 29, 30, 31, 32, 11, 8, 9, 10, 6, 5, 7, 33, 34, 13, 12, 14, 17, 15, 20, 18, 19, 16, 4, 0, 35, 22, 23, 21, 25, 24, 26, 40, 42, 41, 39, 38, 37, 
30, 31, 32, 11, 8, 9, 10, 6, 5, 7, 33, 34, 13, 12, 14, 17, 15, 20, 18, 19, 16, 4, 0, 35, 22, 23, 21, 25, 24, 26, 40, 42, 41, 39, 38, 37, 36, 2, 3, 1, 28, 27, 29, 
37, 36, 2, 3, 1, 28, 27, 29, 30, 31, 32, 11, 8, 9, 10, 6, 5, 7, 33, 34, 13, 12, 14, 17, 15, 20, 18, 19, 16, 4, 0, 35, 22, 23, 21, 25, 24, 26, 40, 42, 41, 39, 38, 
42, 41, 39, 38, 37, 36, 2, 3, 1, 28, 27, 29, 30, 31, 32, 11, 8, 9, 10, 6, 5, 7, 33, 34, 13, 12, 14, 17, 15, 20, 18, 19, 16, 4, 0, 35, 22, 23, 21, 25, 24, 26, 40, 
14, 17, 15, 20, 18, 19, 16, 4, 0, 35, 22, 23, 21, 25, 24, 26, 40, 42, 41, 39, 38, 37, 36, 2, 3, 1, 28, 27, 29, 30, 31, 32, 11, 8, 9, 10, 6, 5, 7, 33, 34, 13, 12, 
28, 27, 29, 30, 31, 32, 11, 8, 9, 10, 6, 5, 7, 33, 34, 13, 12, 14, 17, 15, 20, 18, 19, 16, 4, 0, 35, 22, 23, 21, 25, 24, 26, 40, 42, 41, 39, 38, 37, 36, 2, 3, 1, 
11, 8, 9, 10, 6, 5, 7, 33, 34, 13, 12, 14, 17, 15, 20, 18, 19, 16, 4, 0, 35, 22, 23, 21, 25, 24, 26, 40, 42, 41, 39, 38, 37, 36, 2, 3, 1, 28, 27, 29, 30, 31, 32, 
30, 31, 32, 11, 8, 9, 10, 6, 5, 7, 33, 34, 13, 12, 14, 17, 15, 20, 18, 19, 16, 4, 0, 35, 22, 23, 21, 25, 24, 26, 40, 42, 41, 39, 38, 37, 36, 2, 3, 1, 28, 27, 29, 
20, 18, 19, 16, 4, 0, 35, 22, 23, 21, 25, 24, 26, 40, 42, 41, 39, 38, 37, 36, 2, 3, 1, 28, 27, 29, 30, 31, 32, 11, 8, 9, 10, 6, 5, 7, 33, 34, 13, 12, 14, 17, 15, 
8, 9, 10, 6, 5, 7, 33, 34, 13, 12, 14, 17, 15, 20, 18, 19, 16, 4, 0, 35, 22, 23, 21, 25, 24, 26, 40, 42, 41, 39, 38, 37, 36, 2, 3, 1, 28, 27, 29, 30, 31, 32, 11, 
33, 34, 13, 12, 14, 17, 15, 20, 18, 19, 16, 4, 0, 35, 22, 23, 21, 25, 24, 26, 40, 42, 41, 39, 38, 37, 36, 2, 3, 1, 28, 27, 29, 30, 31, 32, 11, 8, 9, 10, 6, 5, 7, 
19, 18, 20, 15, 17, 14, 12, 13, 34, 33, 7, 5, 6, 10, 9, 8, 11, 30, 31, 32, 29, 27, 28, 1, 3, 2, 36, 37, 38, 39, 41, 42, 40, 26, 24, 25, 21, 23, 22, 35, 0, 4, 16, 
14, 12, 13, 34, 30, 7, 5, 6, 10, 9, 8, 11, 32, 31, 33, 29, 27, 28, 1, 3, 2, 36, 37, 38, 39, 41, 42, 40, 26, 24, 25, 21, 23, 22, 35, 0, 4, 16, 19, 18, 20, 15, 17, 
8, 9, 10, 6, 5, 7, 30, 31, 32, 11, 33, 34, 13, 12, 14, 17, 15, 20, 18, 19, 16, 4, 0, 35, 22, 23, 21, 25, 24, 26, 40, 42, 41, 39, 38, 37, 36, 2, 3, 1, 28, 27, 29, 
39, 41, 42, 40, 26, 24, 25, 21, 23, 22, 35, 0, 4, 16, 19, 18, 20, 15, 17, 14, 12, 13, 34, 8, 7, 5, 6, 10, 9, 33, 11, 32, 31, 30, 29, 27, 28, 1, 3, 2, 36, 37, 38, 
27, 29, 30, 31, 32, 11, 8, 9, 10, 6, 5, 7, 12, 14, 17, 15, 20, 18, 19, 16, 4, 0, 35, 22, 23, 21, 25, 24, 26, 40, 42, 41, 39, 38, 37, 36, 2, 3, 1, 28, 34, 13, 33, 
30, 29, 27, 28, 1, 3, 2, 14, 37, 38, 39, 41, 42, 40, 26, 24, 25, 21, 23, 22, 35, 0, 4, 16, 19, 18, 20, 17, 15, 36, 12, 13, 34, 33, 7, 5, 6, 10, 9, 8, 11, 32, 31, 
38, 39, 41, 42, 40, 26, 24, 25, 21, 23, 22, 35, 0, 4, 16, 19, 18, 20, 15, 17, 14, 12, 13, 34, 31, 30, 29, 27, 28, 1, 3, 2, 36, 37, 9, 8, 11, 32, 5, 6, 10, 7, 33, 
19, 18, 20, 15, 17, 14, 12, 13, 34, 33, 7, 5, 6, 10, 1, 8, 11, 32, 31, 30, 29, 27, 28, 9, 3, 2, 36, 37, 38, 39, 41, 42, 40, 26, 24, 25, 21, 23, 22, 35, 0, 4, 16, 
39, 41, 42, 40, 26, 24, 25, 21, 23, 22, 35, 0, 4, 16, 19, 18, 20, 15, 17, 14, 12, 13, 34, 33, 7, 5, 6, 10, 9, 8, 2, 32, 31, 30, 29, 27, 28, 1, 3, 11, 36, 37, 38, 
19, 18, 20, 15, 17, 14, 12, 13, 34, 33, 7, 5, 6, 10, 9, 28, 11, 32, 31, 30, 29, 27, 8, 1, 3, 2, 36, 37, 38, 39, 41, 42, 40, 26, 24, 25, 21, 23, 22, 35, 0, 4, 16, 
39, 41, 42, 40, 26, 24, 25, 21, 23, 22, 35, 0, 4, 16, 19, 18, 20, 12, 17, 14, 15, 13, 34, 33, 7, 5, 6, 10, 9, 8, 11, 32, 31, 30, 29, 27, 28, 1, 3, 2, 36, 37, 38, 
39, 41, 42, 40, 26, 24, 25, 21, 23, 22, 35, 0, 4, 16, 19, 18, 20, 15, 8, 14, 12, 13, 34, 33, 7, 5, 6, 10, 9, 17, 11, 32, 31, 30, 29, 27, 28, 1, 3, 2, 36, 37, 38, 
39, 41, 42, 40, 26, 24, 25, 21, 23, 22, 35, 0, 4, 16, 19, 18, 20, 10, 17, 14, 12, 13, 34, 33, 7, 5, 6, 15, 9, 8, 11, 32, 31, 30, 29, 27, 28, 1, 3, 2, 36, 37, 38, 
34, 33, 7, 5, 6, 10, 9, 8, 11, 32, 31, 30, 29, 27, 28, 1, 3, 2, 0, 37, 38, 39, 41, 42, 40, 26, 24, 25, 21, 23, 22, 35, 36, 4, 16, 19, 18, 20, 15, 17, 14, 12, 13, 
34, 13, 12, 14, 17, 15, 20, 18, 19, 16, 4, 0, 35, 22, 23, 21, 25, 24, 26, 38, 42, 41, 39, 40, 37, 36, 2, 3, 1, 28, 27, 29, 30, 31, 32, 11, 8, 9, 10, 6, 5, 7, 33, 
25, 1, 21, 23, 22, 35, 0, 4, 16, 19, 18, 20, 15, 17, 14, 12, 13, 34, 33, 29, 5, 6, 10, 9, 8, 11, 32, 31, 30, 7, 27, 28, 24, 3, 2, 36, 37, 38, 39, 41, 42, 40, 26, 
39, 38, 37, 36, 2, 3, 1, 28, 27, 26, 30, 31, 32, 11, 8, 9, 10, 6, 5, 7, 33, 34, 13, 12, 14, 17, 15, 20, 18, 19, 16, 4, 0, 35, 22, 23, 21, 25, 24, 29, 40, 42, 41, 
23, 21, 24, 25, 26, 40, 42, 41, 39, 38, 0, 36, 2, 3, 1, 28, 27, 29, 30, 31, 32, 11, 8, 9, 10, 6, 5, 7, 33, 34, 13, 12, 14, 17, 15, 20, 18, 19, 16, 4, 37, 35, 22, 
41, 39, 38, 37, 36, 2, 3, 1, 28, 27, 29, 30, 31, 32, 11, 8, 9, 10, 6, 5, 7, 33, 34, 13, 12, 14, 17, 15, 20, 18, 19, 26, 4, 0, 35, 22, 23, 21, 25, 24, 16, 40, 42, 
39, 41, 42, 40, 26, 24, 25, 21, 23, 22, 35, 0, 4, 16, 5, 18, 20, 15, 17, 14, 12, 13, 34, 33, 7, 19, 6, 10, 9, 8, 11, 32, 31, 30, 29, 27, 28, 1, 3, 2, 36, 37, 38, 
1, 28, 27, 29, 30, 31, 32, 11, 8, 9, 10, 6, 5, 19, 33, 34, 13, 12, 14, 17, 15, 20, 18, 7, 16, 4, 0, 35, 22, 23, 21, 25, 24, 26, 40, 42, 41, 39, 38, 37, 36, 2, 3, 
39, 41, 42, 40, 26, 24, 25, 21, 23, 22, 35, 0, 4, 16, 19, 18, 8, 15, 17, 14, 12, 13, 34, 33, 7, 5, 6, 10, 9, 20, 11, 32, 31, 30, 29, 27, 28, 1, 3, 2, 36, 37, 38, 
37, 36, 2, 3, 1, 28, 27, 29, 30, 31, 32, 11, 8, 9, 10, 6, 5, 7, 33, 34, 13, 12, 14, 24, 26, 40, 42, 41, 39, 38, 15, 20, 18, 19, 16, 4, 0, 35, 22, 23, 21, 25, 17, 
28, 27, 29, 30, 31, 20, 11, 8, 9, 10, 6, 5, 7, 33, 34, 13, 12, 14, 17, 15, 32, 18, 19, 16, 4, 0, 35, 22, 23, 21, 25, 24, 26, 40, 42, 41, 39, 38, 37, 36, 2, 3, 1, 
40, 42, 41, 39, 38, 37, 36, 2, 3, 1, 28, 27, 29, 30, 31, 32, 11, 8, 9, 10, 6, 5, 7, 33, 34, 13, 24, 14, 17, 15, 20, 18, 19, 16, 4, 0, 35, 22, 23, 21, 25, 12, 26, 
40, 42, 41, 39, 38, 37, 36, 2, 3, 1, 28, 27, 29, 30, 31, 32, 11, 4, 9, 10, 6, 5, 7, 33, 34, 13, 12, 14, 17, 15, 20, 18, 19, 16, 8, 0, 35, 22, 23, 21, 25, 24, 26, 
30, 29, 27, 28, 1, 3, 2, 36, 37, 38, 39, 41, 42, 40, 26, 24, 25, 21, 23, 22, 35, 0, 33, 16, 19, 18, 20, 15, 17, 14, 12, 13, 34, 4, 7, 5, 6, 10, 9, 8, 11, 32, 31, 
14, 12, 13, 34, 33, 7, 5, 6, 10, 9, 8, 11, 32, 31, 30, 29, 27, 28, 1, 3, 15, 36, 37, 38, 39, 41, 42, 40, 26, 24, 25, 21, 23, 22, 35, 0, 4, 16, 19, 18, 20, 2, 17, 
34, 33, 7, 5, 6, 10, 9, 8, 11, 32, 31, 30, 0, 27, 28, 1, 3, 2, 36, 37, 38, 39, 41, 42, 40, 26, 24, 25, 21, 23, 22, 35, 29, 4, 16, 19, 18, 20, 15, 17, 14, 12, 13, 
26, 24, 12, 21, 23, 22, 35, 0, 4, 16, 19, 18, 20, 15, 17, 14, 25, 13, 34, 33, 7, 5, 6, 10, 9, 8, 11, 32, 31, 30, 29, 27, 28, 1, 3, 2, 36, 37, 38, 39, 41, 42, 40, 
0, 35, 22, 23, 21, 25, 24, 26, 40, 42, 41, 39, 38, 37, 36, 2, 3, 1, 28, 27, 29, 30, 31, 32, 11, 8, 9, 10, 6, 5, 7, 15, 20, 18, 19, 16, 4, 34, 13, 12, 14, 17, 33, 
26, 40, 42, 41, 39, 38, 37, 36, 2, 3, 1, 28, 27, 29, 30, 31, 32, 11, 8, 9, 10, 6, 5, 7, 33, 34, 13, 12, 14, 17, 15, 20, 18, 19, 35, 22, 23, 21, 25, 24, 0, 4, 16, 
28, 27, 29, 30, 31, 32, 11, 8, 9, 10, 6, 0, 7, 33, 34, 13, 12, 14, 17, 15, 20, 18, 19, 16, 4, 5, 35, 22, 23, 21, 25, 24, 26, 40, 42, 41, 39, 38, 37, 36, 2, 3, 1, 
34, 33, 7, 25, 6, 10, 12, 8, 11, 32, 31, 30, 13, 27, 35, 1, 3, 2, 36, 37, 38, 39, 41, 42, 40, 26, 24, 5, 21, 23, 22, 28, 0, 4, 16, 19, 18, 20, 15, 17, 14, 9, 29, 
25, 24, 21, 31, 22, 35, 0, 4, 16, 19, 18, 20, 15, 17, 14, 12, 13, 34, 33, 29, 5, 6, 10, 9, 8, 11, 32, 23, 30, 7, 27, 28, 1, 3, 2, 36, 37, 38, 39, 41, 42, 40, 26, 
1, 28, 27, 29, 30, 23, 32, 11, 8, 37, 10, 6, 5, 7, 33, 34, 13, 12, 14, 17, 15, 20, 18, 19, 16, 4, 0, 35, 22, 31, 21, 25, 24, 26, 40, 42, 41, 39, 38, 9, 36, 2, 3, 
34, 33, 7, 5, 6, 10, 9, 8, 11, 32, 31, 30, 29, 27, 28, 1, 3, 2, 36, 37, 38, 39, 41, 42, 40, 26, 24, 25, 21, 23, 22, 12, 0, 4, 16, 19, 18, 20, 15, 17, 14, 35, 13, 
23, 10, 24, 25, 26, 40, 42, 41, 39, 38, 37, 36, 2, 3, 1, 28, 27, 29, 30, 31, 32, 11, 8, 9, 21, 6, 5, 7, 33, 34, 4, 12, 14, 17, 15, 20, 18, 19, 16, 13, 0, 35, 22, 
14, 23, 13, 34, 33, 7, 5, 6, 10, 9, 8, 11, 32, 31, 30, 29, 27, 28, 1, 3, 2, 36, 37, 38, 39, 41, 42, 40, 26, 24, 25, 21, 12, 22, 35, 0, 4, 16, 19, 18, 20, 15, 17, 
Tiempo de ejecucion (total): 1.663
Best fitness a lo largo del tiempo: 
17151, 12080, 11670, 11594, 6178, 6156, 6093, 6008, 6008, 6006, 5957, 5945, 5920, 5902, 5871, 5868, 5861, 5847, 5830, 5830, 5824, 5822, 5822, 5806, 5789, 5789, 5789, 5775, 5775, 5768, 5762, 5754, 5753, 5733, 5733, 5729, 5715, 5715, 5714, 5709, 5709, 5700, 5700, 5698, 5698, 5696, 5696, 5696, 5694, 5694, 5694, 5688, 5688, 5688, 5688, 5688, 5688, 5688, 5688, 5688, 5688, 5688, 5688, 5688, 5688, 5688, 5688, 5688, 5688, 5688, 5688, 5688, 5688, 5688, 5688, 5687, 5685, 5685, 5683, 5683, 5683, 5683, 5683, 5681, 5681, 5680, 5680, 5680, 5680, 5680, 5680, 5680, 5680, 5680, 5680, 5676, 5676, 5676, 5676, 5676, 5676, 5676, 5676, 5673, 5673, 5652, 5652, 5652, 5652, 5652, 5652, 5652, 5652, 5652, 5652, 5652, 5652, 5652, 5652, 5652, 5652, 5652, 5652, 5652, 5652, 5652, 5652, 5652, 5650, 5644, 5644, 5644, 5644, 5632, 5626, 5626, 5626, 5626, 5626, 5626, 5626, 5626, 5626, 5626, 5626, 5626, 5626, 5626, 5626, 5626, 5626, 5626, 5626, 5626, 5626, 5626, 5626, 5626, 5626, 5626, 5626, 5626, 5626, 5626, 5626, 5626, 5626, 5626, 5626, 5626, 5626, 5626, 5626, 5626, 5626, 5626, 5626, 5626, 5626, 5626, 5626, 5626, 5626, 5626, 5626, 5626, 5626, 5626, 5626, 5626, 5626, 5626, 5626, 5626, 5626, 5626, 5626, 5626, 5626, 5626, 5626, 5626, 5626, 5626, 5626, 5626, 5626, 5626, 5626, 5626, 5626, 5626, 5626, 5626, 5626, 5626, 5626, 5626, 5626, 5626, 5626, 5626, 5626, 5626, 5626, 5626, 5626, 5626, 5626, 5626, 5626, 5626, 5626, 5626, 5626, 5626, 5626, 5626, 5626, 5626, 5626, 5626, 5626, 5626, 5626, 5626, 5626, 5626, 5626, 5626, 5626, 5626, 5626, 5626, 5626, 5626, 5626, 5626, 5626, 5626, 5626, 5626, 5626, 5626, 5626, 5626, 5626, 5626, 5626, 5626, 5626, 5626, 5626, 5626, 5626, 5626, 5626, 5626, 5626, 5626, 5626, 5626, 5626, 5626, 5626, 5626, 5626, 5626, 5626, 5626, 5626, 5626, 5626, 5626, 5626, 5626, 5626, 5626, 5626, 5626, 5626, 5626, 5626, 5626, 5626, 5626, 5626, 5626, 5626, 5626, 5626, 5626, 5626, 5626, 5626, 5626, 5624, 5624, 5624, 5624, 5624, 5624, 5624, 5624, 5624, 5624, 5624, 5624, 5624, 5624, 5624, 5624, 5624, 5624, 5624, 5624, 5624, 5624, 5624, 5624, 5624, 5624, 5624, 5624, 5624, 5624, 5624, 5624, 5624, 5624, 5624, 5624, 5624, 5624, 5624, 5624, 5624, 5624, 5624, 5624, 5624, 5624, 5624, 5624, 5624, 5624, 5624, 5624, 5624, 5624, 5624, 5624, 5620, 
Fitness promedio a lo largo del tiempo: 
21155, 17015, 14925, 12492, 10326, 6719, 7560, 7073, 7094, 6678, 6707, 7312, 7142, 7649, 7197, 6683, 6109, 6577, 7054, 7472, 7295, 6587, 6057, 6260, 6678, 7490, 6463, 6605, 5845, 6701, 6392, 6763, 6569, 6372, 6031, 6120, 6671, 6151, 6307, 5826, 6332, 6521, 6632, 7392, 7380, 6835, 7210, 6457, 7229, 6259, 6187, 5789, 5729, 5705, 5717, 6159, 6188, 5841, 5719, 5791, 5938, 5707, 6139, 5946, 5737, 6391, 5952, 5797, 6110, 5895, 5902, 5920, 6386, 5707, 5715, 6003, 6755, 6992, 5958, 5886, 6439, 6382, 5888, 5935, 5962, 6042, 5746, 5834, 6373, 6016, 6598, 5999, 5993, 5986, 5888, 5705, 6143, 6211, 7013, 6876, 6505, 6107, 7078, 6540, 6213, 6741, 5859, 6292, 6069, 5958, 5686, 5665, 5853, 5699, 5806, 5754, 5750, 6111, 5678, 5682, 6577, 5757, 6071, 6251, 6157, 5970, 5697, 5671, 5857, 6290, 5828, 6073, 6075, 5779, 6204, 5883, 6111, 5642, 6036, 5968, 5648, 5651, 5674, 5655, 6082, 5954, 6001, 5873, 6158, 5668, 5782, 5885, 5734, 5726, 5682, 6577, 5944, 6222, 5652, 5791, 5673, 5779, 5664, 5955, 5937, 5994, 6542, 5671, 6054, 5672, 6049, 6208, 6239, 5955, 5768, 5720, 5776, 5729, 5660, 5637, 5641, 6049, 5670, 6151, 5873, 5645, 6861, 5655, 5677, 5660, 5661, 6452, 6163, 6008, 6274, 5779, 6218, 5663, 5653, 6595, 5666, 6071, 5672, 5918, 5662, 5789, 5679, 6041, 5958, 5659, 5651, 5641, 5954, 5741, 5675, 5829, 5677, 5683, 5723, 6245, 5660, 6235, 5959, 6064, 5721, 5896, 5679, 6268, 5695, 5642, 6268, 5656, 5953, 5644, 6030, 5948, 5999, 5935, 5660, 5840, 5785, 5678, 6120, 5787, 5659, 5834, 5843, 5671, 5662, 5943, 5641, 6047, 5846, 5675, 5889, 5664, 5674, 5659, 5955, 5867, 5643, 5662, 5727, 5669, 5838, 5945, 5664, 6319, 6310, 5681, 5854, 5672, 6250, 6266, 5683, 5734, 6204, 5695, 5660, 5684, 5641, 5983, 5656, 5738, 5664, 6093, 6112, 5946, 5878, 5660, 5700, 5895, 6060, 5998, 5895, 5719, 5683, 5992, 6488, 6173, 6209, 5652, 6642, 5955, 5736, 5645, 5673, 5684, 6563, 6850, 5665, 5670, 6882, 6589, 5873, 5661, 6010, 6438, 5671, 5938, 6113, 5662, 5657, 5663, 6538, 5708, 5651, 6324, 5663, 5671, 5835, 6159, 5958, 6324, 5668, 6048, 6075, 5652, 5641, 5950, 6106, 6038, 5674, 5694, 5641, 5714, 6227, 6486, 5663, 6100, 5670, 5781, 6171, 5638, 5720, 5980, 5671, 6519, 5687, 5647, 5653, 5840, 6224, 6168, 5664, 5653, 5898, 5957, 5665, 6004, 5666, 5667, 
Mejor solucion obtenida: 31, 32, 11, 8, 9, 10, 6, 5, 7, 30, 29, 27, 28, 1, 3, 2, 36, 37, 38, 39, 41, 42, 40, 26, 25, 24, 21, 23, 22, 35, 0, 4, 16, 19, 18, 20, 15, 17, 14, 12, 13, 34, 33, || Fitness: 5620;