Archivo Usado: p43.atsp
Tamaño de la Poblacion: 100
Reemplazo por Generacion: 5
Tamaño de los Torneos: 9
Cantidad de ciudades: 43
Probabilidad de cruce: 90000
Probabilidad mutacion simple: 8000
Probabilidad mutacion compleja: 20000
Cruces minimos de la mutacion compleja: 4
Iteraciones ejecutadas: 10000
Largo del cruce PMX: 6
Operador de Cruce: 0
Metodo seleccion de Padres: 0
Operador de Mutacion: 0
Metodo seleccion de Supervivientes: 1
Cantidad de threads a usar: 16
30, 29, 28, 27, 2, 3, 1, 36, 37, 38, 39, 42, 40, 41, 26, 25, 24, 21, 23, 22, 35, 0, 4, 16, 18, 20, 19, 15, 17, 14, 12, 13, 34, 33, 11, 9, 8, 32, 31, 10, 6, 7, 5, 
35, 0, 4, 16, 18, 20, 19, 15, 17, 14, 12, 13, 34, 33, 11, 9, 8, 32, 31, 10, 6, 7, 5, 30, 29, 28, 27, 2, 3, 1, 36, 37, 38, 39, 42, 40, 41, 26, 25, 24, 21, 23, 22, 
0, 4, 16, 18, 20, 19, 15, 17, 14, 12, 13, 34, 33, 11, 9, 8, 32, 31, 10, 6, 7, 5, 30, 29, 28, 27, 2, 3, 1, 36, 37, 38, 39, 42, 40, 41, 26, 25, 24, 21, 23, 22, 35, 
1, 36, 37, 38, 39, 42, 40, 41, 26, 25, 24, 21, 23, 22, 35, 0, 4, 16, 18, 20, 19, 15, 17, 14, 12, 13, 34, 33, 11, 9, 8, 32, 31, 10, 6, 7, 5, 30, 29, 28, 27, 2, 3, 
17, 14, 12, 13, 34, 33, 11, 9, 8, 32, 31, 10, 6, 7, 5, 30, 29, 28, 27, 2, 3, 1, 36, 37, 38, 39, 42, 40, 41, 26, 25, 24, 21, 23, 22, 35, 0, 4, 16, 18, 20, 19, 15, 
8, 11, 9, 10, 6, 7, 5, 30, 29, 28, 27, 2, 3, 1, 36, 37, 38, 39, 42, 40, 41, 26, 25, 24, 21, 23, 22, 35, 0, 4, 16, 18, 20, 19, 15, 17, 14, 12, 13, 34, 33, 32, 31, 
42, 40, 41, 26, 25, 24, 21, 23, 22, 35, 0, 4, 16, 18, 20, 19, 15, 17, 14, 12, 13, 34, 33, 11, 9, 8, 32, 31, 10, 6, 7, 5, 30, 29, 28, 27, 2, 3, 1, 36, 37, 38, 39, 
12, 13, 34, 33, 11, 9, 8, 32, 31, 10, 6, 7, 5, 30, 29, 28, 27, 2, 3, 1, 36, 37, 38, 39, 42, 40, 41, 26, 25, 24, 21, 23, 22, 35, 0, 4, 16, 18, 20, 19, 15, 17, 14, 
19, 15, 17, 14, 12, 13, 34, 33, 11, 9, 8, 32, 31, 10, 6, 7, 5, 30, 29, 28, 27, 2, 3, 1, 36, 37, 38, 39, 42, 40, 41, 26, 25, 24, 21, 23, 22, 35, 0, 4, 16, 18, 20, 
30, 29, 28, 27, 2, 3, 1, 36, 37, 38, 39, 42, 40, 41, 26, 25, 24, 21, 23, 22, 35, 0, 4, 16, 18, 20, 19, 15, 17, 14, 12, 13, 34, 33, 11, 9, 10, 6, 7, 5, 31, 32, 8, 
13, 12, 14, 17, 15, 19, 20, 18, 16, 4, 0, 35, 22, 23, 21, 24, 25, 26, 41, 40, 42, 39, 38, 37, 36, 1, 3, 2, 27, 28, 29, 30, 5, 7, 6, 10, 9, 11, 8, 31, 32, 33, 34, 
13, 12, 14, 17, 15, 19, 20, 18, 16, 4, 0, 35, 22, 23, 21, 24, 25, 26, 41, 40, 42, 39, 38, 37, 36, 1, 3, 2, 27, 28, 29, 30, 5, 7, 6, 10, 9, 11, 8, 31, 32, 33, 34, 
24, 25, 26, 41, 40, 42, 39, 38, 37, 36, 1, 3, 2, 27, 28, 29, 30, 5, 7, 6, 10, 31, 32, 8, 9, 11, 33, 34, 13, 12, 14, 17, 15, 19, 20, 18, 16, 4, 0, 35, 22, 23, 21, 
6, 10, 31, 32, 8, 9, 11, 33, 34, 13, 12, 14, 17, 15, 19, 20, 18, 16, 4, 0, 35, 22, 23, 21, 24, 25, 26, 41, 40, 42, 39, 38, 37, 36, 1, 3, 2, 27, 28, 29, 30, 5, 7, 
25, 26, 41, 40, 42, 39, 38, 37, 36, 1, 3, 2, 27, 28, 29, 30, 5, 7, 6, 10, 31, 32, 8, 9, 11, 33, 34, 13, 12, 14, 17, 15, 19, 20, 18, 16, 4, 0, 35, 22, 23, 21, 24, 
0, 35, 22, 23, 21, 24, 25, 26, 41, 40, 42, 39, 38, 37, 36, 1, 3, 2, 27, 28, 29, 30, 5, 7, 6, 10, 31, 32, 8, 9, 11, 33, 34, 13, 12, 14, 17, 15, 19, 20, 18, 16, 4, 
11, 33, 34, 13, 12, 14, 17, 15, 19, 20, 18, 16, 4, 0, 35, 22, 23, 21, 24, 25, 26, 41, 40, 42, 39, 38, 37, 36, 1, 3, 2, 27, 28, 29, 30, 5, 7, 6, 10, 31, 32, 8, 9, 
20, 18, 16, 4, 0, 35, 22, 23, 21, 24, 25, 26, 41, 40, 42, 39, 38, 37, 36, 1, 3, 2, 27, 28, 29, 30, 5, 7, 6, 10, 31, 32, 8, 9, 11, 33, 34, 13, 12, 14, 17, 15, 19, 
31, 32, 8, 9, 11, 33, 34, 13, 12, 14, 17, 15, 19, 20, 18, 16, 4, 0, 35, 22, 23, 21, 24, 25, 26, 41, 40, 42, 39, 38, 37, 36, 1, 3, 2, 27, 28, 29, 30, 5, 7, 6, 10, 
6, 10, 31, 32, 8, 9, 11, 33, 34, 13, 12, 14, 17, 15, 19, 20, 18, 16, 4, 0, 35, 22, 23, 21, 24, 25, 26, 41, 40, 42, 39, 38, 37, 36, 1, 3, 2, 27, 28, 29, 30, 5, 7, 
37, 36, 1, 3, 2, 27, 28, 29, 30, 5, 7, 6, 10, 31, 32, 8, 9, 11, 33, 34, 13, 12, 14, 17, 15, 19, 20, 18, 16, 4, 0, 35, 22, 23, 21, 24, 25, 26, 41, 40, 42, 39, 38, 
4, 0, 35, 22, 23, 21, 24, 25, 26, 41, 40, 42, 39, 38, 37, 36, 1, 3, 2, 27, 28, 29, 30, 5, 7, 6, 10, 31, 32, 8, 9, 11, 33, 34, 13, 12, 14, 17, 15, 19, 20, 18, 16, 
24, 25, 26, 41, 40, 42, 39, 38, 37, 36, 1, 3, 2, 27, 28, 29, 30, 5, 7, 6, 10, 31, 32, 8, 9, 11, 33, 34, 13, 12, 14, 17, 15, 19, 20, 18, 16, 4, 0, 35, 22, 23, 21, 
9, 11, 33, 34, 13, 12, 14, 17, 15, 19, 20, 18, 16, 4, 0, 35, 22, 23, 21, 24, 25, 26, 41, 40, 42, 39, 38, 37, 36, 1, 3, 2, 27, 28, 29, 30, 5, 7, 6, 10, 31, 32, 8, 
15, 19, 20, 18, 16, 4, 0, 35, 22, 23, 21, 24, 25, 26, 41, 40, 42, 39, 38, 37, 36, 1, 3, 2, 27, 28, 29, 30, 5, 7, 6, 10, 31, 32, 8, 9, 11, 33, 34, 13, 12, 14, 17, 
28, 29, 30, 5, 7, 6, 10, 31, 32, 8, 9, 11, 33, 34, 13, 12, 14, 17, 15, 19, 20, 18, 16, 4, 0, 35, 22, 23, 21, 24, 25, 26, 41, 40, 42, 39, 38, 37, 36, 1, 3, 2, 27, 
16, 4, 0, 35, 22, 23, 21, 24, 25, 26, 41, 40, 42, 39, 38, 37, 36, 1, 3, 2, 27, 28, 29, 30, 5, 7, 6, 10, 31, 32, 8, 9, 11, 33, 34, 13, 12, 14, 17, 15, 19, 20, 18, 
25, 26, 41, 40, 42, 39, 38, 37, 36, 1, 3, 2, 27, 28, 29, 30, 6, 7, 5, 10, 31, 32, 8, 9, 11, 33, 34, 13, 12, 14, 17, 15, 19, 20, 18, 16, 4, 0, 35, 22, 23, 21, 24, 
15, 19, 20, 18, 16, 4, 0, 35, 22, 21, 23, 24, 25, 26, 41, 40, 42, 39, 38, 37, 36, 1, 3, 2, 27, 28, 29, 30, 5, 7, 6, 10, 31, 32, 8, 9, 11, 33, 34, 13, 12, 14, 17, 
25, 26, 41, 40, 42, 39, 38, 37, 36, 1, 3, 2, 27, 28, 29, 30, 5, 7, 6, 10, 31, 32, 8, 9, 11, 33, 34, 13, 12, 14, 17, 15, 19, 20, 18, 16, 4, 0, 35, 22, 23, 21, 24, 
29, 30, 5, 7, 6, 10, 31, 32, 8, 9, 11, 33, 34, 13, 12, 14, 17, 15, 19, 20, 18, 16, 4, 0, 35, 22, 23, 21, 24, 25, 26, 41, 40, 42, 39, 38, 37, 36, 1, 3, 2, 27, 28, 
19, 20, 18, 16, 4, 0, 35, 22, 23, 21, 24, 25, 26, 41, 40, 42, 39, 38, 37, 36, 1, 3, 2, 27, 28, 29, 30, 5, 7, 6, 10, 31, 32, 8, 9, 11, 33, 34, 13, 12, 14, 17, 15, 
30, 5, 7, 6, 10, 31, 32, 8, 9, 11, 33, 34, 13, 12, 14, 17, 15, 19, 20, 18, 16, 4, 0, 35, 22, 23, 21, 24, 25, 26, 41, 40, 42, 39, 38, 37, 36, 1, 3, 2, 27, 28, 29, 
27, 28, 29, 30, 5, 7, 6, 10, 31, 32, 8, 9, 11, 33, 34, 13, 12, 14, 17, 15, 19, 20, 18, 16, 4, 0, 35, 22, 23, 21, 24, 25, 26, 41, 40, 42, 39, 38, 37, 36, 1, 3, 2, 
41, 40, 42, 39, 38, 37, 36, 1, 3, 2, 27, 28, 29, 30, 5, 7, 6, 10, 31, 32, 8, 9, 11, 33, 34, 13, 12, 14, 17, 15, 19, 20, 18, 16, 4, 0, 35, 22, 23, 21, 24, 25, 26, 
37, 36, 1, 3, 2, 27, 28, 29, 30, 5, 7, 6, 10, 31, 32, 8, 9, 11, 33, 34, 13, 12, 14, 17, 15, 19, 20, 18, 16, 4, 0, 35, 22, 23, 21, 24, 25, 26, 41, 40, 42, 39, 38, 
31, 32, 8, 9, 11, 33, 34, 13, 12, 14, 17, 15, 19, 20, 18, 16, 4, 0, 35, 22, 23, 21, 24, 25, 26, 41, 40, 42, 39, 38, 37, 36, 1, 3, 2, 27, 28, 29, 30, 5, 7, 6, 10, 
26, 41, 40, 42, 39, 38, 37, 36, 1, 3, 2, 27, 28, 29, 30, 5, 7, 6, 10, 31, 32, 8, 9, 11, 33, 34, 13, 12, 14, 17, 15, 19, 20, 18, 16, 4, 0, 35, 22, 23, 21, 24, 25, 
21, 24, 25, 26, 41, 40, 42, 39, 38, 37, 36, 1, 3, 2, 27, 28, 29, 30, 5, 7, 6, 10, 31, 32, 8, 9, 11, 33, 34, 13, 12, 14, 17, 15, 19, 20, 18, 16, 4, 0, 35, 22, 23, 
35, 22, 23, 21, 24, 25, 26, 41, 40, 42, 39, 38, 37, 36, 1, 3, 2, 27, 28, 29, 30, 5, 7, 6, 10, 31, 32, 8, 9, 11, 33, 34, 13, 12, 14, 17, 15, 19, 20, 18, 16, 4, 0, 
30, 5, 7, 6, 10, 31, 32, 8, 9, 11, 33, 34, 13, 12, 14, 17, 15, 19, 20, 18, 16, 4, 0, 35, 22, 23, 21, 24, 25, 26, 41, 40, 42, 39, 38, 37, 36, 1, 3, 2, 27, 28, 29, 
39, 38, 37, 36, 1, 3, 2, 27, 28, 29, 30, 5, 7, 6, 10, 31, 32, 8, 9, 11, 33, 34, 13, 12, 14, 17, 15, 19, 20, 18, 16, 4, 0, 35, 22, 23, 21, 24, 25, 26, 41, 40, 42, 
1, 3, 2, 27, 28, 29, 30, 5, 7, 6, 10, 31, 32, 8, 9, 11, 33, 34, 13, 12, 14, 17, 15, 19, 20, 18, 16, 4, 0, 35, 22, 23, 21, 24, 25, 26, 41, 40, 42, 39, 38, 37, 36, 
29, 30, 5, 7, 6, 10, 31, 32, 8, 9, 11, 33, 34, 13, 12, 14, 17, 15, 19, 20, 18, 16, 4, 0, 35, 22, 23, 21, 24, 25, 26, 41, 40, 42, 39, 38, 37, 36, 1, 3, 2, 27, 28, 
11, 33, 34, 13, 12, 14, 17, 15, 19, 20, 18, 16, 4, 0, 35, 22, 23, 21, 24, 25, 26, 41, 40, 42, 39, 38, 37, 36, 1, 3, 2, 27, 28, 29, 30, 5, 7, 6, 10, 31, 32, 8, 9, 
1, 3, 2, 27, 28, 29, 30, 5, 7, 6, 10, 31, 32, 8, 9, 11, 33, 34, 13, 12, 14, 17, 15, 19, 20, 18, 16, 4, 0, 35, 22, 23, 21, 24, 25, 26, 41, 40, 42, 39, 38, 37, 36, 
41, 40, 42, 39, 38, 37, 36, 1, 3, 2, 27, 28, 29, 30, 5, 7, 6, 10, 31, 32, 8, 9, 11, 33, 34, 13, 12, 14, 17, 15, 19, 20, 18, 16, 4, 0, 35, 22, 23, 21, 24, 25, 26, 
38, 37, 36, 1, 3, 2, 27, 28, 29, 30, 5, 7, 6, 10, 31, 32, 8, 9, 11, 33, 34, 13, 12, 14, 17, 15, 19, 20, 18, 16, 4, 0, 35, 22, 23, 21, 24, 25, 26, 41, 40, 42, 39, 
25, 26, 41, 40, 42, 39, 38, 37, 36, 1, 3, 2, 27, 28, 29, 30, 5, 7, 6, 10, 31, 32, 8, 9, 11, 33, 34, 13, 12, 14, 17, 15, 19, 20, 18, 16, 4, 0, 35, 22, 23, 21, 24, 
39, 38, 37, 36, 1, 3, 2, 27, 28, 29, 30, 5, 7, 6, 10, 31, 32, 8, 9, 11, 33, 34, 13, 12, 14, 17, 15, 19, 20, 18, 16, 4, 0, 35, 22, 23, 21, 24, 25, 26, 41, 40, 42, 
31, 32, 8, 9, 11, 33, 34, 13, 12, 14, 17, 15, 19, 20, 18, 16, 4, 0, 35, 22, 23, 21, 24, 25, 26, 41, 40, 42, 39, 38, 37, 36, 1, 3, 2, 27, 28, 29, 30, 5, 7, 6, 10, 
5, 7, 6, 10, 31, 32, 8, 9, 11, 33, 34, 13, 12, 14, 17, 15, 19, 20, 18, 16, 4, 0, 35, 22, 23, 21, 24, 25, 26, 41, 40, 42, 39, 38, 37, 36, 1, 3, 2, 27, 28, 29, 30, 
32, 8, 9, 11, 33, 34, 13, 12, 14, 17, 15, 19, 20, 18, 16, 4, 0, 35, 22, 23, 21, 24, 25, 26, 41, 40, 42, 39, 38, 37, 36, 1, 3, 2, 27, 28, 29, 30, 5, 7, 6, 10, 31, 
32, 8, 9, 11, 33, 34, 13, 12, 14, 17, 15, 19, 20, 18, 16, 4, 0, 35, 22, 23, 21, 24, 25, 26, 41, 40, 42, 39, 38, 37, 36, 1, 3, 2, 27, 28, 29, 30, 5, 7, 6, 10, 31, 
17, 15, 19, 20, 18, 16, 4, 0, 35, 22, 23, 21, 24, 25, 26, 41, 40, 42, 39, 38, 37, 36, 1, 3, 2, 27, 28, 29, 30, 5, 7, 6, 10, 31, 32, 8, 9, 11, 33, 34, 13, 12, 14, 
7, 6, 10, 31, 32, 8, 9, 11, 33, 34, 13, 12, 14, 17, 15, 19, 20, 18, 16, 4, 0, 35, 22, 23, 21, 24, 25, 26, 41, 40, 42, 39, 38, 37, 36, 1, 3, 2, 27, 28, 29, 30, 5, 
31, 32, 8, 9, 11, 33, 34, 13, 12, 14, 17, 15, 19, 20, 18, 16, 4, 0, 35, 22, 23, 21, 24, 25, 26, 41, 40, 42, 39, 38, 37, 36, 1, 3, 2, 27, 28, 29, 30, 5, 7, 6, 10, 
13, 12, 14, 17, 15, 19, 20, 18, 16, 4, 0, 35, 22, 23, 21, 24, 25, 26, 41, 40, 42, 39, 38, 37, 36, 1, 3, 2, 27, 28, 29, 30, 5, 7, 6, 10, 31, 32, 8, 9, 11, 33, 34, 
42, 39, 38, 37, 36, 1, 3, 2, 27, 28, 29, 30, 5, 7, 6, 10, 31, 32, 8, 9, 11, 33, 34, 13, 12, 14, 17, 15, 19, 20, 18, 16, 4, 0, 35, 22, 23, 21, 24, 25, 26, 41, 40, 
17, 15, 19, 20, 18, 16, 4, 0, 35, 22, 23, 21, 24, 25, 26, 41, 40, 42, 39, 38, 37, 36, 1, 3, 2, 27, 28, 29, 30, 5, 7, 6, 10, 31, 32, 8, 9, 11, 33, 34, 13, 12, 14, 
28, 29, 30, 5, 7, 6, 10, 31, 32, 8, 9, 11, 33, 34, 13, 12, 14, 17, 15, 19, 20, 18, 16, 4, 0, 35, 22, 23, 21, 24, 25, 26, 41, 40, 42, 39, 38, 37, 36, 1, 3, 2, 27, 
26, 41, 40, 42, 39, 38, 37, 36, 1, 3, 2, 27, 28, 29, 30, 5, 7, 6, 10, 31, 32, 8, 9, 11, 33, 34, 13, 12, 14, 17, 15, 19, 20, 18, 16, 4, 0, 35, 22, 23, 21, 24, 25, 
38, 37, 36, 1, 3, 2, 27, 28, 29, 30, 5, 7, 6, 10, 31, 32, 8, 9, 11, 33, 34, 13, 12, 14, 17, 15, 19, 20, 18, 16, 4, 0, 35, 22, 23, 21, 24, 25, 26, 41, 40, 42, 39, 
39, 38, 37, 36, 1, 3, 2, 27, 28, 29, 30, 5, 7, 6, 10, 31, 32, 8, 9, 11, 33, 34, 13, 12, 14, 17, 15, 19, 20, 18, 16, 4, 0, 35, 22, 23, 21, 24, 25, 26, 41, 40, 42, 
2, 27, 28, 29, 30, 5, 7, 6, 10, 31, 32, 8, 9, 11, 33, 34, 13, 12, 14, 17, 15, 19, 20, 18, 16, 4, 0, 35, 22, 23, 21, 24, 25, 26, 41, 40, 42, 39, 38, 37, 36, 1, 3, 
6, 10, 31, 32, 8, 9, 11, 33, 34, 13, 12, 14, 17, 15, 19, 20, 18, 16, 4, 0, 35, 22, 23, 21, 24, 25, 26, 41, 40, 42, 39, 38, 37, 36, 1, 3, 2, 27, 28, 29, 30, 5, 7, 
20, 18, 16, 4, 0, 35, 22, 23, 21, 24, 25, 26, 41, 40, 42, 39, 38, 37, 36, 1, 3, 2, 27, 28, 29, 30, 5, 7, 6, 10, 31, 32, 8, 9, 11, 33, 34, 13, 12, 14, 17, 15, 19, 
2, 27, 28, 29, 30, 5, 7, 6, 10, 31, 32, 8, 9, 11, 33, 34, 13, 12, 14, 17, 15, 19, 20, 18, 16, 4, 0, 35, 22, 23, 21, 24, 25, 26, 41, 40, 42, 39, 38, 37, 36, 1, 3, 
38, 37, 36, 1, 3, 2, 27, 28, 29, 30, 5, 7, 6, 10, 31, 32, 8, 9, 11, 33, 34, 13, 12, 14, 17, 15, 19, 20, 18, 16, 4, 0, 35, 22, 23, 21, 24, 25, 26, 41, 40, 42, 39, 
29, 30, 5, 7, 6, 10, 31, 32, 8, 9, 11, 33, 34, 13, 12, 14, 17, 15, 19, 20, 18, 16, 4, 0, 35, 22, 23, 21, 24, 25, 26, 41, 40, 42, 39, 38, 37, 36, 1, 3, 2, 27, 28, 
23, 21, 24, 25, 26, 41, 40, 42, 39, 38, 37, 36, 1, 3, 2, 27, 28, 29, 30, 5, 7, 6, 10, 31, 32, 8, 9, 11, 33, 34, 13, 12, 14, 17, 15, 19, 20, 18, 16, 4, 0, 35, 22, 
22, 23, 21, 24, 25, 26, 41, 40, 42, 39, 38, 37, 36, 1, 3, 2, 27, 28, 29, 30, 5, 7, 6, 10, 31, 32, 8, 9, 11, 33, 34, 13, 12, 14, 17, 15, 19, 20, 18, 16, 4, 0, 35, 
9, 11, 33, 34, 13, 12, 14, 17, 15, 19, 20, 18, 16, 4, 0, 35, 22, 23, 21, 24, 25, 26, 41, 40, 42, 39, 38, 37, 36, 1, 3, 2, 27, 28, 29, 30, 5, 7, 6, 10, 31, 32, 8, 
37, 36, 1, 3, 2, 27, 28, 29, 30, 5, 7, 6, 10, 31, 32, 8, 9, 11, 33, 34, 13, 12, 14, 17, 15, 19, 20, 18, 16, 4, 0, 35, 22, 23, 21, 24, 25, 26, 41, 40, 42, 39, 38, 
32, 8, 9, 11, 33, 34, 13, 12, 14, 17, 15, 19, 20, 18, 16, 4, 0, 35, 22, 23, 21, 24, 25, 26, 41, 40, 42, 39, 38, 37, 36, 1, 3, 2, 27, 28, 29, 30, 5, 7, 6, 10, 31, 
0, 35, 22, 23, 21, 24, 25, 26, 41, 40, 42, 39, 38, 37, 36, 1, 3, 2, 27, 28, 29, 30, 5, 7, 6, 10, 31, 32, 8, 9, 11, 33, 34, 13, 12, 14, 17, 15, 19, 20, 18, 16, 4, 
29, 30, 5, 7, 6, 10, 31, 32, 8, 9, 11, 33, 34, 13, 12, 14, 17, 15, 19, 20, 18, 16, 4, 0, 35, 22, 23, 21, 24, 25, 26, 41, 40, 42, 39, 38, 37, 36, 1, 3, 2, 27, 28, 
14, 17, 15, 19, 20, 18, 16, 4, 0, 35, 22, 23, 21, 24, 25, 26, 41, 40, 42, 39, 38, 37, 36, 1, 3, 2, 27, 28, 29, 30, 5, 7, 6, 10, 31, 32, 8, 9, 11, 33, 34, 13, 12, 
17, 15, 19, 20, 18, 16, 4, 0, 35, 22, 23, 21, 24, 25, 26, 41, 40, 42, 39, 38, 37, 36, 1, 3, 2, 27, 28, 29, 30, 5, 7, 6, 10, 31, 32, 8, 9, 11, 33, 34, 13, 12, 14, 
11, 33, 34, 13, 12, 14, 17, 15, 19, 20, 18, 16, 4, 0, 35, 22, 23, 21, 24, 25, 26, 41, 40, 42, 39, 38, 37, 36, 1, 3, 2, 27, 28, 29, 30, 5, 7, 6, 10, 31, 32, 8, 9, 
25, 26, 41, 40, 42, 39, 38, 37, 36, 1, 3, 2, 27, 28, 29, 30, 5, 7, 6, 10, 31, 32, 8, 9, 11, 33, 34, 13, 12, 14, 17, 15, 19, 20, 18, 16, 4, 0, 35, 22, 23, 21, 24, 
39, 38, 37, 36, 1, 3, 2, 27, 28, 29, 30, 5, 7, 6, 10, 31, 32, 8, 9, 11, 33, 34, 13, 12, 14, 17, 15, 19, 20, 18, 16, 4, 0, 35, 22, 23, 21, 24, 25, 26, 41, 40, 42, 
11, 33, 34, 13, 12, 14, 17, 15, 19, 20, 18, 16, 4, 0, 35, 22, 23, 21, 24, 25, 26, 41, 40, 42, 39, 38, 37, 36, 1, 3, 2, 27, 28, 29, 30, 5, 7, 6, 10, 32, 8, 9, 31, 
14, 12, 13, 34, 33, 11, 9, 10, 6, 7, 5, 30, 29, 28, 27, 2, 3, 1, 36, 37, 38, 39, 42, 40, 41, 26, 25, 24, 21, 23, 22, 35, 0, 4, 16, 18, 20, 19, 15, 17, 32, 8, 31, 
10, 31, 32, 8, 5, 7, 9, 11, 33, 34, 13, 12, 14, 17, 15, 19, 20, 18, 16, 4, 0, 35, 22, 23, 21, 24, 25, 26, 41, 40, 42, 39, 38, 37, 36, 1, 3, 2, 27, 28, 29, 30, 6, 
0, 35, 22, 23, 21, 24, 25, 26, 41, 40, 42, 39, 38, 37, 36, 1, 3, 2, 27, 28, 29, 30, 5, 7, 32, 10, 31, 6, 8, 9, 11, 33, 34, 13, 12, 14, 17, 15, 19, 20, 18, 16, 4, 
12, 14, 17, 15, 19, 20, 18, 16, 4, 0, 35, 22, 23, 21, 24, 25, 26, 41, 40, 42, 39, 38, 37, 36, 1, 3, 2, 27, 28, 29, 30, 5, 7, 6, 10, 31, 33, 34, 13, 32, 8, 9, 11, 
34, 13, 12, 14, 17, 15, 19, 20, 18, 16, 4, 0, 35, 22, 23, 21, 24, 25, 26, 41, 40, 42, 39, 38, 37, 36, 1, 3, 2, 27, 28, 29, 30, 5, 7, 6, 10, 32, 8, 9, 11, 33, 31, 
12, 14, 17, 15, 19, 20, 18, 16, 4, 0, 35, 22, 23, 21, 24, 25, 26, 41, 40, 42, 39, 38, 37, 36, 1, 3, 2, 27, 28, 29, 30, 11, 33, 34, 13, 6, 10, 31, 32, 8, 9, 7, 5, 
17, 14, 12, 13, 34, 33, 11, 9, 8, 32, 31, 10, 6, 7, 5, 30, 29, 28, 27, 2, 3, 1, 36, 37, 38, 39, 42, 40, 41, 26, 25, 24, 35, 23, 22, 21, 0, 4, 16, 18, 20, 19, 15, 
2, 27, 28, 29, 30, 5, 7, 6, 10, 17, 15, 19, 20, 18, 16, 4, 0, 35, 22, 23, 21, 24, 25, 26, 41, 40, 42, 39, 38, 37, 36, 1, 3, 32, 8, 9, 11, 33, 34, 13, 12, 14, 31, 
5, 17, 14, 12, 13, 34, 33, 11, 9, 8, 32, 31, 10, 6, 7, 15, 30, 29, 28, 27, 2, 3, 1, 36, 37, 38, 39, 42, 40, 41, 26, 25, 24, 21, 23, 22, 35, 0, 4, 16, 18, 20, 19, 
38, 39, 42, 40, 41, 26, 25, 24, 21, 23, 22, 35, 0, 4, 16, 18, 20, 19, 15, 17, 14, 12, 27, 34, 33, 11, 9, 8, 32, 31, 10, 6, 7, 5, 30, 29, 28, 13, 2, 3, 1, 36, 37, 
35, 1, 3, 2, 27, 28, 29, 30, 5, 7, 6, 10, 31, 32, 8, 9, 11, 33, 34, 13, 12, 14, 17, 15, 19, 20, 18, 16, 4, 0, 24, 25, 26, 41, 40, 42, 39, 38, 37, 36, 23, 21, 22, 
17, 14, 12, 13, 34, 33, 11, 9, 8, 32, 31, 10, 6, 7, 5, 30, 29, 28, 27, 22, 3, 1, 36, 37, 38, 39, 42, 40, 41, 26, 25, 24, 21, 23, 2, 35, 0, 4, 16, 18, 20, 19, 15, 
0, 4, 16, 18, 20, 19, 15, 17, 14, 12, 13, 34, 33, 11, 9, 8, 32, 31, 10, 6, 7, 5, 30, 29, 28, 27, 2, 22, 1, 36, 37, 38, 39, 42, 40, 41, 26, 25, 24, 21, 23, 3, 35, 
18, 16, 4, 0, 35, 22, 23, 21, 24, 25, 26, 41, 40, 42, 39, 38, 37, 36, 1, 3, 2, 27, 28, 29, 30, 5, 7, 6, 10, 9, 11, 8, 31, 33, 34, 13, 12, 14, 17, 15, 19, 20, 32, 
24, 25, 26, 41, 40, 42, 39, 38, 37, 36, 1, 3, 2, 27, 28, 29, 30, 6, 7, 5, 10, 31, 33, 34, 13, 12, 14, 17, 15, 19, 20, 18, 16, 4, 0, 35, 22, 23, 21, 8, 9, 11, 32, 
15, 17, 14, 12, 13, 34, 33, 11, 9, 8, 32, 31, 10, 6, 7, 5, 30, 29, 28, 27, 2, 0, 1, 36, 37, 38, 39, 42, 40, 41, 26, 25, 24, 21, 23, 22, 35, 3, 4, 16, 18, 20, 19, 
3, 1, 36, 37, 38, 39, 42, 40, 41, 26, 25, 24, 21, 23, 22, 35, 0, 4, 20, 18, 16, 19, 15, 17, 14, 12, 13, 34, 33, 11, 9, 8, 32, 31, 10, 6, 7, 5, 30, 29, 28, 27, 2, 
Tiempo de ejecucion (total): 26.199
Best fitness a lo largo del tiempo: 
11693, 11498, 6208, 6127, 6106, 6031, 6016, 5957, 5933, 5933, 5916, 5896, 5886, 5878, 5856, 5856, 5849, 5835, 5830, 5829, 5819, 5800, 5768, 5768, 5768, 5747, 5747, 5747, 5742, 5742, 5738, 5732, 5726, 5720, 5719, 5714, 5714, 5708, 5706, 5706, 5689, 5673, 5673, 5673, 5673, 5673, 5673, 5672, 5670, 5670, 5670, 5669, 5664, 5664, 5664, 5664, 5664, 5664, 5664, 5664, 5658, 5658, 5658, 5658, 5658, 5658, 5658, 5658, 5658, 5658, 5658, 5658, 5658, 5658, 5652, 5652, 5652, 5652, 5652, 5650, 5650, 5650, 5650, 5650, 5650, 5650, 5650, 5650, 5650, 5650, 5650, 5650, 5650, 5650, 5650, 5650, 5650, 5650, 5650, 5650, 5650, 5650, 5650, 5650, 5650, 5650, 5650, 5650, 5650, 5650, 5650, 5650, 5650, 5650, 5650, 5650, 5650, 5650, 5650, 5650, 5650, 5650, 5650, 5650, 5650, 5650, 5650, 5650, 5650, 5650, 5650, 5650, 5650, 5650, 5650, 5650, 5650, 5650, 5650, 5650, 5650, 5650, 5650, 5650, 5650, 5646, 5646, 5646, 5646, 5646, 5646, 5646, 5646, 5646, 5646, 5646, 5646, 5646, 5646, 5646, 5646, 5646, 5646, 5646, 5646, 5646, 5646, 5646, 5646, 5646, 5646, 5645, 5645, 5645, 5645, 5645, 5645, 5645, 5645, 5645, 5645, 5645, 5645, 5645, 5645, 5639, 5639, 5639, 5639, 5639, 5639, 5639, 5639, 5639, 5639, 5639, 5639, 5639, 5639, 5639, 5639, 5639, 5639, 5639, 5639, 5639, 5639, 5639, 5639, 5639, 5639, 5639, 5639, 5639, 5639, 5639, 5639, 5639, 5639, 5639, 5639, 5639, 5639, 5639, 5639, 5639, 5639, 5639, 5639, 5639, 5639, 5639, 5639, 5639, 5639, 5639, 5639, 5639, 5639, 5639, 5639, 5639, 5639, 5639, 5639, 5639, 5639, 5639, 5639, 5639, 5639, 5639, 5639, 5639, 5639, 5639, 5639, 5639, 5639, 5639, 5639, 5639, 5639, 5639, 5639, 5639, 5639, 5639, 5639, 5639, 5639, 5639, 5639, 5639, 5639, 5639, 5639, 5639, 5639, 5639, 5639, 5639, 5639, 5639, 5639, 5639, 5639, 5639, 5639, 5639, 5639, 5639, 5639, 5639, 5639, 5639, 5639, 5639, 5639, 5639, 5639, 5639, 5639, 5639, 5639, 5639, 5639, 5639, 5639, 5639, 5639, 5639, 5639, 5639, 5639, 5639, 5639, 5639, 5639, 5639, 5639, 5639, 5639, 5639, 5639, 5639, 5639, 5639, 5639, 5639, 5639, 5639, 5639, 5639, 5639, 5639, 5639, 5639, 5639, 5639, 5639, 5639, 5639, 5639, 5639, 5639, 5639, 5639, 5639, 5639, 5639, 5639, 5639, 5639, 5639, 5639, 5639, 5639, 5639, 5639, 5639, 5639, 5639, 5639, 5639, 5639, 5639, 5639, 5639, 5639, 5639, 5639, 5639, 5639, 5639, 5639, 5639, 5639, 5639, 5639, 5639, 5639, 5639, 5639, 5639, 5639, 5639, 5639, 5639, 5639, 5639, 5639, 5639, 5639, 5639, 5639, 5639, 5639, 5639, 5639, 5639, 5639, 5639, 5639, 5639, 5639, 5639, 5639, 5639, 5639, 5639, 5639, 5639, 5639, 5639, 5639, 5639, 5639, 5639, 5639, 5639, 5639, 5639, 5639, 5639, 5639, 5639, 5639, 5639, 5639, 5639, 5639, 5639, 5639, 5639, 5639, 5639, 5639, 5639, 5639, 5639, 5639, 5639, 5639, 5639, 5639, 5639, 5639, 5639, 5639, 5639, 5639, 5639, 5639, 5639, 5639, 5639, 5639, 5639, 5639, 5639, 5639, 5639, 5639, 5639, 5639, 5639, 5639, 5639, 5639, 5639, 5639, 5639, 5639, 5639, 5639, 5639, 5639, 5639, 5639, 5639, 5639, 5639, 5639, 5639, 5639, 5639, 5639, 5639, 5639, 5639, 5639, 5639, 5639, 5639, 5639, 5639, 5639, 5639, 5639, 5639, 5639, 5639, 5639, 5639, 5639, 5639, 5639, 5639, 5639, 5639, 5639, 5639, 5639, 5639, 5639, 5639, 5639, 5639, 5639, 5639, 5639, 5639, 5639, 5639, 5639, 5639, 5639, 5639, 5639, 5639, 5639, 5639, 5639, 5639, 5639, 5639, 5639, 5639, 5639, 5639, 5639, 5639, 5639, 5639, 5639, 5639, 5639, 5639, 5639, 5639, 5639, 5639, 5639, 5639, 5639, 5639, 5639, 5639, 5639, 5639, 5639, 5639, 5639, 5639, 5639, 5639, 5639, 5639, 5639, 5639, 5639, 5639, 5639, 5639, 5639, 5639, 5639, 5639, 5639, 5639, 5639, 5639, 5639, 5639, 5639, 5639, 5639, 5639, 5639, 5639, 5639, 5639, 5639, 5639, 5639, 5639, 5639, 5639, 5639, 5639, 5639, 5639, 5639, 5639, 5639, 5639, 5639, 5639, 5639, 5639, 5639, 5639, 5639, 5639, 5639, 5639, 5639, 5639, 5639, 5639, 5639, 5639, 5639, 5639, 5639, 5639, 5639, 5639, 5639, 5639, 5639, 5639, 5639, 5639, 5639, 5639, 5639, 5639, 5639, 5639, 5639, 5639, 5639, 5639, 5639, 5639, 5639, 5639, 5639, 5639, 5639, 5639, 5639, 5639, 5639, 5639, 5639, 5639, 5639, 5639, 5639, 5639, 5639, 5639, 5639, 5639, 5639, 5639, 5639, 5639, 5639, 5639, 5639, 5639, 5639, 5639, 5639, 5639, 5639, 5639, 5639, 5639, 5639, 5639, 5639, 5639, 5639, 5639, 5639, 5639, 5639, 5639, 5639, 5639, 5639, 5639, 5639, 5639, 5639, 5639, 5639, 5639, 5639, 5639, 5639, 5639, 5639, 5639, 5639, 5639, 5639, 5639, 5639, 5639, 5639, 5639, 5639, 5639, 5639, 5639, 5639, 5639, 5639, 5639, 5639, 5639, 5639, 5639, 5639, 5639, 5639, 5639, 5639, 5639, 5639, 5639, 5639, 5639, 5639, 5639, 5639, 5639, 5639, 5639, 5639, 5639, 5639, 5639, 5639, 5639, 5639, 5639, 5639, 5639, 5639, 5639, 5639, 5639, 5639, 5639, 5639, 5639, 5639, 5639, 5639, 5639, 5639, 5639, 5639, 5639, 5639, 5639, 5639, 5639, 5639, 5639, 5639, 5639, 5639, 5639, 5639, 5639, 5639, 5639, 5639, 5639, 5639, 5639, 5639, 5639, 5639, 5639, 5639, 5639, 5639, 5639, 5639, 5639, 5639, 5639, 5639, 5639, 5639, 5639, 5639, 5639, 5639, 5639, 5639, 5639, 5639, 5639, 5639, 5639, 5639, 5639, 5639, 5639, 5639, 5639, 5639, 5639, 5639, 5639, 5639, 5639, 5639, 5639, 5639, 5639, 5639, 5639, 5639, 5639, 5639, 5639, 5639, 5639, 5639, 5639, 5639, 5639, 5639, 5639, 5639, 5639, 5639, 5639, 5639, 5639, 5639, 5639, 5639, 5639, 5639, 5639, 5639, 5639, 5639, 5639, 5639, 5639, 5639, 5639, 5639, 5639, 5639, 5639, 5639, 5639, 5639, 5639, 5639, 5639, 5639, 5639, 5639, 5639, 5639, 5639, 5639, 5639, 5639, 5639, 5639, 5639, 5639, 5639, 5639, 5639, 5639, 5639, 5639, 5639, 5639, 5639, 5639, 5639, 5639, 5639, 5639, 5639, 5639, 5639, 5639, 5639, 5639, 5639, 5639, 5639, 5639, 5639, 5639, 5639, 5639, 5639, 5639, 5639, 5639, 5639, 5639, 5639, 5639, 5639, 5639, 5639, 5639, 5639, 5639, 5639, 5639, 5639, 5639, 5639, 5639, 5639, 5639, 5639, 5639, 5639, 5639, 5639, 5639, 5639, 5639, 5639, 5639, 5639, 5639, 5639, 5639, 5639, 5639, 5639, 5639, 5639, 5639, 5639, 5639, 5639, 5639, 5639, 5639, 5639, 5639, 5639, 5639, 5639, 5639, 5639, 5639, 5639, 5639, 5639, 5639, 5639, 5639, 5639, 5639, 5639, 5639, 5639, 5639, 5639, 5639, 5639, 5639, 5639, 5639, 5639, 5639, 5639, 5639, 5639, 5639, 5639, 5639, 5639, 5639, 5639, 5639, 5639, 5639, 5639, 5639, 5639, 5639, 5639, 5639, 5639, 5639, 5639, 5639, 5639, 5639, 5639, 5639, 5639, 5639, 5639, 5639, 5639, 5639, 5639, 5639, 5639, 5639, 5639, 5639, 5639, 5639, 5639, 5639, 5639, 5639, 5639, 5639, 5639, 5639, 5639, 5639, 5639, 5639, 5639, 5639, 5639, 5639, 5639, 5639, 5639, 5639, 5639, 5639, 5639, 5639, 5639, 5639, 5639, 5639, 5639, 5639, 5639, 5639, 5639, 5639, 5639, 5639, 5639, 5639, 5639, 5639, 5639, 5639, 5639, 5639, 5639, 5639, 5639, 5639, 5639, 5639, 5639, 5639, 5639, 5639, 5639, 5639, 5639, 5639, 5639, 5639, 5639, 5639, 5639, 5639, 5639, 5639, 5639, 5639, 5639, 5639, 5639, 5639, 5639, 5639, 5639, 5639, 5639, 5639, 5639, 5639, 5639, 5639, 5639, 5639, 5639, 5639, 5639, 5639, 5639, 5639, 5639, 5639, 5639, 5639, 5639, 5639, 5639, 5639, 5639, 5639, 5639, 5639, 5639, 5639, 5639, 5639, 5639, 5639, 5639, 5639, 5639, 5639, 5639, 5639, 5639, 5639, 5639, 5639, 5639, 5639, 5639, 5639, 5639, 5639, 5639, 5639, 5639, 5639, 5639, 5639, 5639, 5639, 5639, 5639, 5639, 5639, 5639, 5639, 5639, 5633, 5633, 5633, 5633, 5633, 5633, 5633, 5633, 5633, 5633, 5633, 5633, 5633, 5633, 5633, 5633, 5633, 5633, 5633, 5633, 5633, 5633, 5633, 5633, 5633, 5633, 5633, 5633, 5633, 5633, 5633, 5633, 5633, 5633, 5633, 5633, 5633, 5633, 5633, 5633, 5633, 5633, 5633, 5633, 5633, 5633, 5633, 5633, 5633, 5633, 5633, 5633, 5633, 5633, 5633, 5633, 5633, 5633, 5633, 5633, 5633, 5633, 5633, 5633, 5633, 5633, 5633, 5633, 5633, 5633, 5633, 5633, 5633, 5633, 5633, 5633, 5633, 5633, 5633, 5633, 5633, 5633, 5633, 5633, 5633, 5633, 5633, 5633, 5633, 5633, 5633, 5633, 5633, 5633, 5633, 5633, 5633, 5633, 5633, 5633, 5633, 5633, 5633, 5633, 5633, 5633, 5633, 5633, 5633, 5633, 5633, 5633, 5633, 5633, 5633, 5633, 5633, 5633, 5633, 5633, 5633, 5633, 5633, 5633, 5633, 5633, 5633, 5633, 5633, 5633, 5633, 5633, 5633, 5633, 5633, 5633, 5633, 5633, 5633, 5633, 5633, 5633, 5633, 5633, 5633, 5633, 5633, 5633, 5633, 5633, 5633, 5633, 5633, 5633, 5633, 5633, 5633, 5633, 5633, 5633, 5633, 5633, 5633, 5633, 5633, 5633, 5633, 5633, 5633, 5633, 5633, 5633, 5633, 5633, 5633, 5633, 5633, 5633, 5633, 5633, 5633, 5633, 5633, 5633, 5633, 5633, 5633, 5633, 5633, 5633, 5633, 5633, 5633, 5633, 5633, 5633, 5633, 5633, 5633, 5633, 5633, 5633, 5633, 5633, 5633, 5633, 5633, 5633, 5633, 5633, 5633, 5633, 5633, 5633, 5633, 5633, 5633, 5633, 5633, 5633, 5633, 5633, 5633, 5633, 5633, 5633, 5633, 5633, 5633, 5633, 5633, 5633, 5633, 5633, 5633, 5633, 5633, 5633, 5633, 5633, 5633, 5633, 5633, 5633, 5633, 5633, 5633, 5633, 5633, 5633, 5633, 5633, 5633, 5633, 5633, 5633, 5633, 5633, 5633, 5633, 5633, 5633, 5633, 5633, 5633, 5633, 5633, 5633, 5633, 5633, 5633, 5633, 5633, 5633, 5633, 5633, 5633, 5633, 5633, 5633, 5633, 5633, 5633, 5633, 5633, 5633, 5633, 5633, 5633, 5633, 5633, 5633, 5633, 5633, 5633, 5633, 5633, 5633, 5633, 5633, 5633, 5633, 5633, 5633, 5633, 5633, 5633, 5633, 5633, 5633, 5633, 5633, 5633, 5633, 5633, 5633, 5633, 5633, 5633, 5633, 5633, 5633, 5633, 5633, 5633, 5633, 5633, 5633, 5633, 5633, 5633, 5633, 5633, 5633, 5633, 5633, 5633, 5633, 5633, 5633, 5633, 5633, 5633, 5633, 5633, 5633, 5633, 5633, 5633, 5633, 5633, 5633, 5633, 5633, 5633, 5633, 5633, 5633, 5633, 5633, 5633, 5633, 5633, 5633, 5633, 5633, 5633, 5633, 5633, 5633, 5633, 5633, 5633, 5633, 5633, 5633, 5633, 5633, 5633, 5633, 5633, 5633, 5633, 5633, 5633, 5633, 5633, 5633, 5633, 5633, 5633, 5633, 5633, 5633, 5633, 5633, 5633, 5633, 5633, 5633, 5633, 5633, 5633, 5633, 5633, 5633, 5633, 5633, 5633, 5633, 5633, 5633, 5633, 5633, 5633, 5633, 5633, 5633, 5633, 5633, 5633, 5633, 5633, 5633, 5633, 5633, 5633, 5633, 5633, 5633, 5633, 5633, 5633, 5633, 5633, 5633, 5633, 5633, 5633, 5633, 5633, 5633, 5633, 5633, 5633, 5633, 5633, 5633, 5633, 5633, 5633, 5633, 5633, 5633, 5633, 5633, 5633, 5633, 5633, 5633, 5633, 5633, 5633, 5633, 5633, 5633, 5633, 5633, 5633, 5633, 5633, 5633, 5633, 5633, 5633, 5633, 5633, 5633, 5633, 5633, 5633, 5633, 5633, 5633, 5633, 5633, 5633, 5633, 5633, 5633, 5633, 5633, 5633, 5633, 5633, 5633, 5633, 5633, 5633, 5633, 5633, 5633, 5633, 5633, 5633, 5633, 5633, 5633, 5633, 5633, 5633, 5633, 5633, 5633, 5633, 5633, 5633, 5633, 5633, 5633, 5633, 5633, 5633, 5633, 5633, 5633, 5633, 5633, 5633, 5633, 5633, 5633, 5633, 5633, 5633, 5633, 5633, 5633, 5633, 5633, 5631, 5631, 5631, 5631, 5631, 5631, 5631, 5631, 5631, 5631, 5631, 5631, 5631, 5631, 5631, 5631, 5631, 5631, 5631, 5631, 5631, 5631, 5631, 5631, 5631, 5631, 5631, 5631, 5631, 5631, 5631, 5631, 5631, 5631, 5631, 5631, 5631, 5631, 5631, 5631, 5631, 5631, 5631, 5631, 5631, 5631, 5631, 5631, 5631, 5631, 5631, 5631, 5631, 5631, 5631, 5631, 5631, 5631, 5631, 5631, 5631, 5631, 5631, 5631, 5631, 5631, 5631, 5631, 5631, 5631, 5631, 5631, 5631, 5631, 5631, 5631, 5631, 5631, 5631, 5631, 5631, 5631, 5631, 5631, 5631, 5631, 5631, 5631, 5631, 5631, 5631, 5631, 5631, 5631, 5631, 5631, 5631, 5631, 5631, 5631, 5631, 5631, 5631, 5631, 5631, 5631, 5631, 5631, 5631, 5631, 5631, 5631, 5631, 5631, 5631, 5631, 5631, 5631, 5631, 5631, 5631, 5631, 5631, 5631, 5631, 5631, 5631, 5631, 5631, 5631, 5631, 5631, 5631, 5631, 5631, 5631, 5631, 5631, 5631, 5631, 5631, 5631, 5631, 5631, 5631, 5631, 5631, 5631, 5631, 5631, 5631, 5631, 5631, 5631, 5631, 5631, 5631, 5631, 5631, 5631, 5631, 5631, 5631, 5631, 5631, 5631, 5631, 5631, 5631, 5631, 5631, 5631, 5631, 5631, 5631, 5631, 5631, 5631, 5631, 5631, 5631, 5631, 5631, 5631, 5631, 5631, 5631, 5631, 5631, 5631, 5631, 5631, 5631, 5631, 5631, 5631, 5631, 5631, 5631, 5631, 5631, 5631, 5631, 5631, 5631, 5631, 5631, 5631, 5631, 5631, 5631, 5631, 5631, 5631, 5631, 5631, 5631, 5631, 5631, 5631, 5631, 5631, 5631, 5631, 5631, 5631, 5631, 5631, 5631, 5631, 5631, 5631, 5631, 5631, 5631, 5631, 5631, 5631, 5631, 5631, 5631, 5631, 5631, 5631, 5631, 5631, 5631, 5631, 5631, 5631, 5631, 5631, 5631, 5631, 5631, 5631, 5631, 5631, 5631, 5631, 5631, 5631, 5631, 5631, 5631, 5631, 5631, 5631, 5631, 5631, 5631, 5631, 5631, 5631, 5631, 5631, 5631, 5631, 5631, 5631, 5631, 5631, 5631, 5631, 5631, 5631, 5631, 5631, 5631, 5631, 5631, 5631, 5631, 5631, 5631, 5631, 5631, 5631, 5631, 5631, 5631, 5631, 5631, 5631, 5631, 5631, 5631, 5631, 5631, 5631, 5631, 5631, 5631, 5631, 5631, 5631, 5631, 5631, 5631, 5631, 5631, 5631, 5631, 5631, 5631, 5631, 5631, 5631, 5631, 5631, 5631, 5631, 5631, 5631, 5631, 5631, 5631, 5631, 5631, 5631, 5631, 5631, 5631, 5631, 5631, 5631, 5631, 5631, 5631, 5631, 5631, 5631, 5631, 5631, 5631, 5631, 5631, 5631, 5631, 5631, 5631, 5631, 5631, 5631, 5631, 5631, 5631, 5631, 5631, 5631, 5631, 5631, 5631, 5631, 5631, 5631, 5631, 5631, 5631, 5631, 5631, 5631, 5631, 5631, 5631, 5631, 5631, 5631, 5631, 5631, 5631, 5631, 5631, 5631, 5631, 5631, 5631, 5631, 5631, 5631, 5631, 5631, 5631, 5631, 5631, 5631, 5631, 5631, 5631, 5631, 5631, 5631, 5631, 5631, 5631, 5631, 5631, 5631, 5631, 5631, 5631, 5631, 5631, 5631, 5631, 5631, 5631, 5631, 5631, 5631, 5631, 5631, 5631, 5631, 5631, 5631, 5631, 5631, 5631, 5631, 5631, 5631, 5631, 5631, 5631, 5631, 5631, 5631, 5631, 5631, 5631, 5631, 5631, 5631, 5631, 5631, 5631, 5631, 5631, 5631, 5631, 5631, 5631, 5631, 5631, 5631, 5631, 5631, 5631, 5631, 5631, 5631, 5631, 5631, 5631, 5631, 5631, 5631, 5631, 5631, 5631, 5631, 5631, 5631, 5631, 5631, 5631, 5631, 5631, 5631, 5631, 5631, 5631, 5631, 5631, 5631, 5631, 5631, 5631, 5631, 5631, 5631, 5631, 5631, 5631, 5631, 5631, 5631, 5631, 5631, 5631, 5631, 5631, 5631, 5631, 5631, 5631, 5631, 5631, 5631, 5631, 5631, 5631, 5631, 5631, 5631, 5631, 5631, 5631, 5631, 5631, 5631, 5631, 5631, 5631, 5631, 5631, 5631, 5631, 5631, 5631, 5631, 5631, 5631, 5631, 5631, 5631, 5631, 5631, 5631, 5631, 5631, 5631, 5631, 5631, 5631, 5631, 5631, 5631, 5631, 5631, 5631, 5631, 5631, 5631, 5631, 5631, 5631, 5631, 5631, 5631, 5631, 5631, 5631, 5631, 5631, 5631, 5631, 5631, 5631, 5631, 5631, 5631, 5631, 5631, 5631, 5631, 5631, 5631, 5631, 5631, 5631, 5631, 5631, 5631, 5631, 5631, 5631, 5631, 5631, 5631, 5631, 5631, 5631, 5631, 5631, 5631, 5631, 5631, 5631, 5631, 5631, 5631, 5631, 5631, 5631, 5631, 5631, 5631, 5631, 5631, 5631, 5631, 5631, 5631, 5631, 5631, 5631, 5631, 5631, 5631, 5631, 5631, 5631, 5631, 5631, 5631, 5631, 5631, 5631, 5631, 5631, 5631, 5631, 5631, 5631, 5631, 5631, 5631, 5631, 5631, 5631, 5631, 5631, 5631, 5631, 5631, 5631, 5631, 5631, 5631, 5631, 5631, 5631, 5631, 5631, 5631, 5631, 5631, 5631, 5631, 5631, 5631, 5631, 5631, 5631, 5631, 5631, 5631, 5631, 5631, 5631, 5631, 5631, 5631, 5631, 5631, 5631, 5631, 5631, 5631, 5631, 5631, 5631, 5631, 5631, 5631, 5631, 5631, 5631, 5631, 5631, 5631, 5631, 5631, 5631, 5631, 5631, 5631, 5631, 5631, 5631, 5631, 5631, 5631, 5631, 5631, 5631, 5631, 5631, 5631, 5631, 5631, 5631, 5631, 5631, 5631, 5631, 5631, 5631, 5631, 5631, 5631, 5631, 5631, 5631, 5631, 5631, 5631, 5631, 5631, 5631, 5631, 5631, 5631, 5631, 5631, 5631, 5631, 5631, 5631, 5631, 5631, 5631, 5631, 5631, 5631, 5631, 5631, 5631, 5631, 5631, 5631, 5631, 5631, 5631, 5631, 5631, 5631, 5631, 5631, 5631, 5631, 5631, 5631, 5631, 5631, 5631, 5631, 5631, 5631, 5631, 5631, 5631, 5631, 5631, 5631, 5631, 5631, 5631, 5631, 5631, 5631, 5631, 5631, 5631, 5631, 5631, 5631, 5631, 5631, 5631, 5631, 5631, 5631, 5631, 5631, 5631, 5631, 5631, 5631, 5631, 5631, 5631, 5631, 5631, 5631, 5631, 5631, 5631, 5631, 5631, 5631, 5631, 5631, 5631, 5631, 5631, 5631, 5631, 5631, 5631, 5631, 5631, 5631, 5631, 5631, 5631, 5631, 5631, 5631, 5631, 5631, 5631, 5631, 5631, 5631, 5631, 5631, 5631, 5631, 5631, 5631, 5631, 5631, 5631, 5631, 5631, 5631, 5631, 5631, 5631, 5631, 5631, 5631, 5631, 5631, 5631, 5631, 5631, 5631, 5631, 5631, 5631, 5631, 5631, 5631, 5631, 5631, 5631, 5631, 5631, 5631, 5631, 5631, 5631, 5631, 5631, 5631, 5631, 5631, 5631, 5631, 5631, 5631, 5631, 5631, 5631, 5631, 5631, 5631, 5631, 5631, 5631, 5631, 5631, 5631, 5631, 5631, 5631, 5631, 5631, 5631, 5631, 5631, 5631, 5631, 5631, 5631, 5631, 5631, 5631, 5631, 5631, 5631, 5631, 5631, 5631, 5631, 5631, 5631, 5631, 5631, 5631, 5631, 5631, 5631, 5631, 5631, 5631, 5631, 5631, 5631, 5631, 5631, 5631, 5631, 5631, 5631, 5631, 5631, 5631, 5631, 5631, 5631, 5631, 5631, 5631, 5631, 5631, 5631, 5631, 5631, 5631, 5631, 5631, 5631, 5631, 5631, 5631, 5631, 5631, 5631, 5631, 5631, 5631, 5631, 5631, 5631, 5631, 5631, 5631, 5631, 5631, 5631, 5631, 5631, 5631, 5631, 5631, 5631, 5631, 5631, 5631, 5631, 5631, 5631, 5631, 5631, 5631, 5631, 5631, 5631, 5631, 5631, 5631, 5631, 5631, 5631, 5631, 5631, 5631, 5631, 5631, 5631, 5631, 5631, 5631, 5631, 5631, 5631, 5631, 5631, 5631, 5631, 5631, 5631, 5631, 5631, 5631, 5631, 5631, 5631, 5631, 5631, 5631, 5631, 5631, 5631, 5631, 5631, 5631, 5631, 5631, 5631, 5631, 5631, 5631, 5631, 5631, 5631, 5631, 5631, 5631, 5631, 5631, 5631, 5631, 5631, 5631, 5631, 5631, 5631, 5631, 5631, 5631, 5631, 5631, 5631, 5631, 5631, 5631, 5631, 5631, 5631, 5631, 5631, 5631, 5631, 5631, 5631, 5631, 5631, 5631, 5631, 5631, 5631, 5631, 5631, 5631, 5631, 5631, 5631, 5631, 5631, 5631, 5631, 5631, 5631, 5631, 5631, 5631, 5631, 5631, 5631, 5631, 5631, 5631, 5631, 5631, 5631, 5631, 5631, 5631, 5631, 5631, 5631, 5631, 5631, 5631, 5631, 5631, 5631, 5631, 5631, 5631, 5631, 5631, 5631, 5631, 5631, 5631, 5631, 5631, 5631, 5631, 5631, 5631, 5631, 5631, 5631, 5631, 5631, 5631, 5631, 5631, 5631, 5631, 5631, 5631, 5631, 5631, 5631, 5631, 5631, 5631, 5631, 5631, 5631, 5631, 5631, 5631, 5631, 5631, 5631, 5631, 5631, 5631, 5631, 5631, 5631, 5631, 5631, 5631, 5631, 5631, 5631, 5631, 5631, 5631, 5631, 5631, 5631, 5631, 5631, 5631, 5631, 5631, 5631, 5631, 5631, 5631, 5631, 5631, 5631, 5631, 5631, 5631, 5631, 5631, 5631, 5631, 5631, 5631, 5631, 5631, 5631, 5631, 5631, 5631, 5631, 5631, 5631, 5631, 5631, 5631, 5631, 5631, 5631, 5631, 5631, 5631, 5631, 5631, 5631, 5631, 5631, 5631, 5631, 5631, 5631, 5631, 5631, 5631, 5631, 5631, 5631, 5631, 5631, 5631, 5631, 5631, 5631, 5631, 5631, 5631, 5631, 5631, 5631, 5631, 5631, 5631, 5631, 5631, 5631, 5631, 5631, 5631, 5631, 5631, 5631, 5631, 5631, 5631, 5631, 5631, 5631, 5631, 5631, 5631, 5631, 5631, 5631, 5631, 5631, 5631, 5631, 5631, 5631, 5631, 5631, 5631, 5631, 5631, 5631, 5631, 5631, 5631, 5631, 5631, 5631, 5631, 5631, 5631, 5631, 5631, 5631, 5631, 5631, 5631, 5631, 5631, 5631, 5631, 5631, 5631, 5631, 5631, 5631, 5631, 5631, 5631, 5631, 5631, 5631, 5631, 5631, 5631, 5631, 5631, 5631, 5631, 5631, 5631, 5631, 5631, 5631, 5631, 5631, 5631, 5631, 5631, 5631, 5631, 5631, 5631, 5631, 5631, 5631, 5631, 5631, 5631, 5631, 5631, 5631, 5631, 5631, 5631, 5631, 5631, 5631, 5631, 5631, 5631, 5631, 5631, 5631, 5631, 5631, 5631, 5631, 5631, 5631, 5631, 5631, 5631, 5631, 5631, 5631, 5631, 5631, 5631, 5631, 5631, 5631, 5631, 5631, 5631, 5631, 5631, 5631, 5631, 5631, 5631, 5631, 5631, 5631, 5631, 5631, 5631, 5631, 5631, 5631, 5631, 5631, 5631, 5631, 5631, 5631, 5631, 5631, 5631, 5631, 5631, 5631, 5631, 5631, 5631, 5631, 5631, 5631, 5631, 5631, 5631, 5631, 5631, 5631, 5631, 5631, 5631, 5631, 5631, 5631, 5631, 5631, 5631, 5631, 5631, 5631, 5631, 5631, 5631, 5631, 5631, 5631, 5631, 5631, 5631, 5631, 5631, 5631, 5631, 5631, 5631, 5631, 5631, 5631, 5631, 5631, 5631, 5631, 5631, 5631, 5631, 5631, 5631, 5631, 5631, 5631, 5631, 5631, 5631, 5631, 5631, 5631, 5631, 5631, 5631, 5631, 5631, 5631, 5631, 5631, 5631, 5631, 5631, 5631, 5631, 5631, 5631, 5631, 5631, 5631, 5631, 5631, 5631, 5631, 5631, 5631, 5631, 5631, 5631, 5631, 5631, 5631, 5631, 5631, 5631, 5631, 5631, 5631, 5631, 5631, 5631, 5631, 5631, 5631, 5631, 5631, 5631, 5631, 5631, 5631, 5631, 5631, 5631, 5631, 5631, 5631, 5631, 5631, 5631, 5631, 5631, 5631, 5631, 5631, 5631, 5631, 5631, 5631, 5631, 5631, 5631, 5631, 5631, 5631, 5631, 5631, 5631, 5631, 5631, 5631, 5631, 5631, 5631, 5631, 5631, 5631, 5631, 5631, 5631, 5631, 5631, 5631, 5631, 5631, 5631, 5631, 5631, 5631, 5631, 5631, 5631, 5631, 5631, 5631, 5631, 5631, 5631, 5631, 5631, 5631, 5631, 5631, 5631, 5631, 5631, 5631, 5631, 5631, 5631, 5631, 5631, 5631, 5631, 5631, 5631, 5631, 5631, 5631, 5631, 5631, 5631, 5631, 5631, 5631, 5631, 5631, 5631, 5631, 5631, 5631, 5631, 5631, 5631, 5631, 5631, 5631, 5631, 5631, 5631, 5631, 5631, 5631, 5631, 5631, 5631, 5631, 5631, 5631, 5631, 5631, 5631, 5631, 5631, 5631, 5631, 5631, 5631, 5631, 5631, 5631, 5631, 5631, 5631, 5631, 5631, 5631, 5631, 5631, 5631, 5631, 5631, 5631, 5631, 5631, 5631, 5631, 5631, 5631, 5631, 5631, 5631, 5631, 5631, 5631, 5631, 5631, 5631, 5631, 5631, 5631, 5631, 5631, 5631, 5631, 5631, 5631, 5631, 5631, 5631, 5631, 5631, 5631, 5631, 5631, 5631, 5631, 5631, 5631, 5631, 5631, 5631, 5631, 5631, 5631, 5631, 5631, 5631, 5631, 5631, 5631, 5631, 5631, 5631, 5631, 5631, 5631, 5631, 5631, 5631, 5631, 5631, 5631, 5631, 5631, 5631, 5631, 5631, 5631, 5631, 5631, 5631, 5631, 5631, 5631, 5631, 5631, 5631, 5631, 5631, 5631, 5631, 5631, 5631, 5631, 5631, 5631, 5631, 5631, 5631, 5631, 5631, 5631, 5631, 5631, 5631, 5631, 5631, 5631, 5631, 5631, 5631, 5631, 5631, 5631, 5631, 5631, 5631, 5631, 5631, 5631, 5631, 5631, 5631, 5631, 5631, 5631, 5631, 5631, 5631, 5631, 5631, 5631, 5631, 5631, 5631, 5631, 5631, 5631, 5631, 5631, 5631, 5631, 5631, 5631, 5631, 5631, 5631, 5631, 5631, 5631, 5631, 5631, 5631, 5631, 5631, 5631, 5631, 5631, 5631, 5631, 5631, 5631, 5631, 5631, 5631, 5631, 5631, 5631, 5631, 5631, 5631, 5631, 5631, 5631, 5631, 5631, 5631, 5631, 5631, 5631, 5631, 5631, 5631, 5631, 5631, 5631, 5631, 5631, 5631, 5631, 5631, 5631, 5631, 5631, 5631, 5631, 5631, 5631, 5631, 5631, 5631, 5631, 5631, 5631, 5631, 5631, 5631, 5631, 5631, 5631, 5631, 5631, 5631, 5631, 5631, 5631, 5631, 5631, 5631, 5631, 5631, 5631, 5631, 5631, 5631, 5631, 5631, 5631, 5631, 5631, 5631, 5631, 5631, 5631, 5631, 5631, 5631, 5631, 5631, 5631, 5631, 5631, 5631, 5631, 5631, 5631, 5631, 5631, 5631, 5631, 5631, 5631, 5631, 5631, 5631, 5631, 5631, 5631, 5631, 5631, 5631, 5631, 5631, 5631, 5631, 5631, 5631, 5631, 5631, 5631, 5631, 5631, 5631, 5631, 5631, 5631, 5631, 5631, 5631, 5631, 5631, 5631, 5631, 5631, 5631, 5631, 5631, 5631, 5631, 5631, 5631, 5631, 5631, 5631, 5631, 5631, 5631, 5631, 5631, 5631, 5631, 5631, 5631, 5631, 5631, 5631, 5631, 5631, 5631, 5631, 5631, 5631, 5631, 5631, 5631, 5631, 5631, 5631, 5631, 5631, 5631, 5631, 5631, 5631, 5631, 5631, 5631, 5631, 5631, 5631, 5631, 5631, 5631, 5631, 5631, 5631, 5631, 5631, 5631, 5631, 5631, 5631, 5631, 5631, 5631, 5631, 5631, 5631, 5631, 5631, 5631, 5631, 5631, 5631, 5631, 5631, 5631, 5631, 5631, 5631, 5631, 5631, 5631, 5631, 5631, 5631, 5631, 5631, 5631, 5631, 5631, 5631, 5631, 5631, 5631, 5631, 5631, 5631, 5631, 5631, 5631, 5631, 5631, 5631, 5631, 5631, 5631, 5631, 5631, 5631, 5631, 5631, 5631, 5631, 5631, 5631, 5631, 5631, 5631, 5631, 5631, 5631, 5631, 5631, 5631, 5631, 5631, 5631, 5631, 5631, 5631, 5631, 5631, 5631, 5631, 5631, 5631, 5631, 5631, 5631, 5631, 5631, 5631, 5631, 5631, 5631, 5631, 5631, 5631, 5631, 5631, 5631, 5631, 5631, 5631, 5631, 5631, 5631, 5631, 5631, 5631, 5631, 5631, 5631, 5631, 5631, 5631, 5631, 5631, 5631, 5631, 5631, 5631, 5631, 5631, 5631, 5631, 5631, 5631, 5631, 5631, 5631, 5631, 5631, 5631, 5631, 5631, 5631, 5631, 5631, 5631, 5631, 5631, 5631, 5631, 5631, 5631, 5631, 5631, 5631, 5631, 5631, 5631, 5631, 5631, 5631, 5631, 5631, 5631, 5631, 5631, 5631, 5631, 5631, 5631, 5631, 5631, 5631, 5631, 5631, 5631, 5631, 5631, 5631, 5631, 5631, 5631, 5631, 5631, 5631, 5631, 5631, 5631, 5631, 5631, 5631, 5631, 5631, 5631, 5631, 5631, 5631, 5631, 5631, 5631, 5631, 5631, 5631, 5631, 5631, 5631, 5631, 5631, 5631, 5631, 5631, 5631, 5631, 5631, 5631, 5631, 5631, 5631, 5631, 5631, 5631, 5631, 5631, 5631, 5631, 5631, 5631, 5631, 5631, 5631, 5631, 5631, 5631, 5631, 5631, 5631, 5631, 5631, 5631, 5631, 5631, 5631, 5631, 5631, 5631, 5631, 5631, 5631, 5631, 5631, 5631, 5631, 5631, 5631, 5631, 5631, 5631, 5631, 5631, 5631, 5631, 5631, 5631, 5631, 5631, 5631, 5631, 5631, 5631, 5631, 5631, 5631, 5631, 5631, 5631, 5631, 5631, 5631, 5631, 5631, 5631, 5631, 5631, 5631, 5631, 5631, 5631, 5631, 5631, 5631, 5631, 5631, 5631, 5631, 5631, 5631, 5631, 5631, 5631, 5631, 5631, 5631, 5631, 5631, 5631, 5631, 5631, 5631, 5631, 5631, 5631, 5631, 5631, 5631, 5631, 5631, 5631, 5631, 5631, 5631, 5631, 5631, 5631, 5631, 5631, 5631, 5631, 5631, 5631, 5631, 5631, 5631, 5631, 5631, 5631, 5631, 5631, 5631, 5631, 5631, 5631, 5631, 5631, 5631, 5631, 5631, 5631, 5631, 5631, 5631, 5631, 5631, 5631, 5631, 5631, 5631, 5631, 5631, 5631, 5631, 5631, 5631, 5631, 5631, 5631, 5631, 5631, 5631, 5631, 5631, 5631, 5631, 5631, 5631, 5631, 5631, 5631, 5631, 5631, 5631, 5631, 5631, 5631, 5631, 5631, 5631, 5631, 5631, 5631, 5631, 5631, 5631, 5631, 5631, 5631, 5631, 5631, 5631, 5631, 5631, 5631, 5631, 5631, 5631, 5631, 5631, 5631, 5631, 5631, 5631, 5631, 5631, 5631, 5631, 5631, 5631, 5631, 5631, 5631, 5631, 5631, 5631, 5631, 5631, 5631, 5631, 5631, 5631, 5631, 5631, 5631, 5631, 5631, 5631, 5631, 5631, 5631, 5631, 5631, 5631, 5631, 5631, 5631, 5631, 5631, 5631, 5631, 5631, 5631, 5631, 5631, 5631, 5631, 5631, 5631, 5631, 5631, 5631, 5631, 5631, 5631, 5631, 5631, 5631, 5631, 5631, 5631, 5631, 5631, 5631, 5631, 5631, 5631, 5631, 5631, 5631, 5631, 5631, 5631, 5631, 5631, 5631, 5631, 5631, 5631, 5631, 5631, 5631, 5631, 5631, 5631, 5631, 5631, 5631, 5631, 5631, 5631, 5631, 5631, 5631, 5631, 5631, 5631, 5631, 5631, 5631, 5631, 5631, 5631, 5631, 5631, 5631, 5631, 5631, 5631, 5631, 5631, 5631, 5631, 5631, 5631, 5631, 5631, 5631, 5631, 5631, 5631, 5631, 5631, 5631, 5631, 5631, 5631, 5631, 5631, 5631, 5631, 5631, 5631, 5631, 5631, 5631, 5631, 5631, 5631, 5631, 5631, 5631, 5631, 5631, 5631, 5631, 5631, 5631, 5631, 5631, 5631, 5631, 5631, 5631, 5631, 5631, 5631, 5631, 5631, 5631, 5631, 5631, 5631, 5631, 5631, 5631, 5631, 5631, 5631, 5631, 5631, 5631, 5631, 5631, 5631, 5631, 5631, 5631, 5631, 5631, 5631, 5631, 5631, 5631, 5631, 5631, 5631, 5631, 5631, 5631, 5631, 5631, 5631, 5631, 5631, 5631, 5631, 5631, 5631, 5631, 5631, 5631, 5631, 5628, 5628, 5628, 5628, 5626, 5626, 5626, 5626, 5626, 5626, 5626, 5626, 5626, 5626, 5626, 5626, 5626, 5626, 5626, 5626, 5626, 5626, 5626, 5626, 5626, 5626, 5626, 5622, 5622, 5622, 5622, 5622, 5622, 5622, 5622, 5622, 5622, 5622, 5622, 5622, 5622, 5622, 5622, 5622, 5622, 5622, 5622, 5622, 5622, 5622, 5622, 5622, 5622, 5622, 5622, 5622, 5622, 5622, 5622, 5622, 5622, 5622, 5622, 5622, 5622, 5622, 5622, 5622, 5622, 5622, 5622, 5622, 5622, 5622, 5622, 5622, 5622, 5622, 5622, 5622, 5622, 5622, 5622, 5622, 5622, 5622, 5622, 5622, 5622, 5622, 5622, 5622, 5622, 5622, 5622, 5622, 5620, 
Fitness promedio a lo largo del tiempo: 
20810, 14439, 10908, 7524, 6835, 6769, 6709, 6286, 6603, 6231, 6899, 6513, 6445, 6856, 7062, 6776, 5898, 6319, 6821, 6692, 6205, 5869, 6383, 6155, 6315, 6170, 5844, 6102, 6681, 6439, 5771, 5754, 6575, 5778, 6404, 6578, 6093, 6271, 6249, 6513, 6972, 6356, 5903, 6304, 6232, 6498, 5962, 5890, 6376, 5816, 5982, 6254, 5703, 5696, 6461, 5901, 5709, 5694, 6292, 6575, 5819, 5975, 6252, 5702, 5698, 5698, 5862, 5917, 5714, 5706, 5703, 6248, 5831, 5924, 6423, 6140, 6675, 6088, 5938, 5683, 6011, 5690, 5674, 5799, 5861, 5686, 5670, 5668, 5698, 5671, 5670, 5671, 5669, 5689, 5663, 5674, 5677, 5664, 5668, 5665, 5855, 5839, 5671, 5670, 5802, 5740, 5675, 6117, 5968, 5687, 5664, 5733, 5662, 5742, 5962, 5669, 5664, 5681, 5893, 5660, 5664, 5674, 5690, 5675, 5684, 5964, 6010, 5802, 5668, 5656, 5734, 5952, 5686, 5669, 5665, 5786, 5665, 5663, 5690, 5950, 5673, 5977, 6130, 5693, 5677, 5950, 6011, 5941, 5649, 5652, 5727, 5676, 5654, 5777, 5888, 6109, 5680, 6167, 5665, 5653, 5835, 5647, 5648, 5783, 5653, 6323, 5930, 5649, 5681, 5653, 5660, 5648, 5661, 5646, 5826, 5778, 5667, 5647, 5672, 5950, 5647, 5650, 5647, 5646, 5675, 5665, 5794, 5656, 6176, 6003, 5897, 5853, 5658, 5789, 5845, 5657, 5653, 5651, 6124, 5876, 5651, 5658, 5741, 5890, 5655, 5849, 5655, 5649, 5652, 5683, 5729, 5647, 5651, 5645, 5778, 5647, 5655, 6071, 5652, 5648, 5667, 5677, 5739, 5655, 5652, 5676, 5656, 5650, 5654, 6054, 5791, 5679, 5828, 5995, 5733, 5647, 5660, 5658, 5656, 5644, 5721, 5662, 5662, 5668, 5660, 5649, 5947, 5736, 5659, 5658, 5674, 5650, 5654, 5651, 5650, 5991, 5652, 5886, 5780, 5647, 5664, 5775, 5652, 5665, 6065, 5656, 5947, 5658, 5652, 5668, 5652, 5660, 5654, 5666, 5654, 5657, 5651, 5653, 5653, 5670, 5725, 5652, 5652, 5656, 5652, 6050, 5652, 5676, 5832, 5837, 5651, 5771, 5787, 5660, 5689, 5650, 5651, 5648, 5667, 5681, 5669, 5646, 5839, 6160, 5717, 5845, 5959, 5649, 5694, 5660, 5683, 5839, 5656, 5879, 5670, 5732, 5654, 5781, 5661, 5721, 5891, 5655, 5669, 5746, 5660, 5651, 5654, 5650, 6008, 5784, 5663, 5669, 5650, 5649, 5654, 5647, 5663, 5644, 5667, 5651, 5654, 5653, 5656, 5684, 5672, 5648, 5831, 5654, 5836, 5647, 6000, 5648, 5658, 5651, 5778, 5643, 5666, 5651, 5651, 5650, 5660, 5657, 5655, 5784, 5677, 5651, 5781, 5672, 5651, 5658, 5665, 5649, 5656, 5653, 5855, 5647, 5652, 5670, 5675, 5672, 5655, 5659, 5657, 5830, 5743, 5648, 5659, 6123, 5698, 5650, 5895, 5677, 5655, 5998, 5833, 5658, 5651, 5656, 5656, 5652, 6000, 5945, 5673, 5785, 5661, 6000, 5664, 5669, 5676, 6214, 5651, 5657, 5989, 5655, 5664, 5667, 5651, 5649, 5891, 5730, 5894, 5660, 5651, 5771, 5652, 5775, 5661, 5661, 5653, 5832, 5671, 5654, 5654, 6112, 5660, 5680, 5683, 5668, 5654, 5660, 6104, 5646, 5654, 5680, 5657, 5726, 5653, 5650, 5684, 5674, 5657, 6112, 5897, 5650, 5888, 5890, 5679, 5649, 5778, 5652, 5656, 5900, 5652, 5645, 5652, 6006, 5658, 5656, 5678, 5783, 5661, 5645, 6043, 5892, 5730, 5655, 5651, 5660, 5650, 5653, 5669, 5728, 5794, 5646, 5660, 5724, 5685, 5672, 5666, 5650, 6048, 5674, 5683, 5853, 5657, 5653, 5653, 5648, 5657, 5647, 5653, 5649, 5835, 5644, 5655, 5649, 5656, 5647, 5683, 5729, 5738, 5884, 5678, 5962, 5650, 5656, 5666, 5665, 5650, 5775, 5653, 5684, 5776, 5903, 5650, 5665, 5669, 5650, 5936, 5680, 5653, 5784, 5654, 5784, 5652, 5671, 5648, 5669, 5650, 5656, 5648, 5665, 5649, 5653, 5653, 6060, 5654, 5679, 5959, 5948, 5936, 5651, 5648, 5843, 5653, 5651, 5658, 5656, 5885, 5752, 5646, 5664, 5652, 5659, 5656, 5659, 5648, 5651, 5658, 5781, 5644, 5651, 5669, 5650, 5646, 5651, 5651, 5652, 5654, 5670, 5890, 5654, 5648, 5886, 5658, 5823, 5779, 5654, 5649, 5675, 5667, 5650, 5657, 5682, 5920, 5657, 5839, 5654, 5668, 5653, 5944, 5665, 5645, 5651, 5784, 5775, 5652, 5652, 5649, 5667, 5935, 5881, 5645, 5651, 5653, 5651, 5838, 5654, 5662, 5838, 5655, 5676, 5938, 5652, 5933, 5680, 5652, 5679, 5648, 6211, 5665, 5656, 5676, 5787, 5673, 5952, 5776, 5828, 5649, 5730, 5678, 6046, 5732, 5656, 5727, 5656, 5655, 5659, 5660, 5665, 5787, 5652, 5649, 5657, 5660, 5653, 5653, 5664, 5653, 5670, 5941, 5660, 5650, 5692, 5653, 5653, 5647, 5828, 5656, 5658, 5672, 5657, 6050, 5842, 5684, 5655, 5665, 5727, 5666, 5682, 5663, 5658, 5657, 5679, 5650, 5827, 5947, 5650, 5650, 5660, 5654, 5785, 5790, 5662, 5651, 5832, 5647, 5680, 5653, 5677, 5647, 5650, 5799, 5662, 5648, 5784, 5648, 5731, 5649, 5651, 5645, 5668, 5658, 5833, 5829, 5663, 5732, 5652, 5646, 5655, 5774, 5652, 5676, 5664, 5650, 5650, 5652, 5664, 5647, 5653, 5775, 5652, 5654, 5654, 5649, 5653, 5835, 5786, 5732, 5669, 5739, 5656, 5837, 5685, 5788, 5652, 5650, 6058, 5646, 6004, 5685, 5650, 5679, 5832, 5645, 5885, 5659, 5736, 5652, 5652, 5654, 5675, 5669, 5696, 5647, 5661, 5666, 5663, 5735, 5673, 5645, 5651, 5647, 5654, 5997, 5658, 5647, 5652, 5646, 5654, 5645, 5668, 5655, 5728, 5648, 5654, 5682, 5776, 5652, 5807, 5647, 5652, 5832, 5672, 5650, 5679, 5678, 5663, 5653, 5652, 5674, 5656, 5656, 5685, 5727, 5660, 5653, 5735, 5651, 5651, 5886, 5735, 5720, 5729, 5893, 5651, 5647, 5671, 5675, 5660, 5646, 5657, 5832, 6290, 5993, 5652, 5655, 6116, 5720, 5656, 5895, 5653, 5661, 5724, 5920, 6127, 5670, 5894, 5647, 5850, 6000, 5661, 5657, 5651, 5831, 5728, 5676, 5654, 5657, 5651, 5646, 5651, 5653, 5653, 5833, 5991, 5688, 5669, 5654, 5660, 5650, 5660, 5660, 5681, 5669, 5646, 5653, 5889, 5892, 5646, 5938, 5643, 5656, 5649, 5651, 5944, 5655, 6167, 5723, 5834, 5653, 5657, 5652, 5650, 5652, 5665, 5831, 5656, 5655, 5646, 5654, 5650, 5670, 5673, 5651, 5723, 5656, 5728, 5663, 6106, 5665, 5670, 5653, 5725, 5726, 5891, 5679, 5657, 5831, 5675, 5653, 5664, 5792, 6007, 5834, 5653, 5730, 5947, 5668, 5653, 5735, 5655, 5657, 5656, 5895, 5650, 5659, 6223, 5661, 5770, 5654, 5685, 5651, 5649, 5652, 5666, 5655, 5647, 5651, 5647, 5654, 5650, 5663, 5651, 5890, 5651, 5739, 5679, 5694, 5840, 5660, 5771, 5654, 5650, 5663, 5651, 5671, 5665, 5657, 5995, 6049, 5841, 5666, 5649, 5784, 5772, 5734, 5666, 5783, 5785, 5899, 5702, 5946, 6165, 5652, 5650, 5656, 5849, 5670, 5666, 5715, 5730, 5662, 5649, 6167, 5793, 5652, 5998, 5652, 5655, 5653, 5677, 5902, 5650, 5652, 5657, 5653, 5648, 5878, 5649, 5653, 5681, 5658, 5780, 5650, 5650, 5654, 5664, 5852, 5645, 5986, 5992, 5664, 5647, 5655, 6041, 6657, 6040, 5880, 5671, 5891, 5649, 5673, 5787, 5668, 5650, 5660, 5678, 5688, 5649, 5681, 5760, 5652, 5772, 5790, 5645, 5671, 5996, 5673, 5668, 5655, 5667, 5652, 5650, 5846, 5654, 5652, 5648, 5652, 5651, 5652, 5790, 5656, 5662, 5653, 5666, 5682, 5673, 5673, 5651, 5655, 5660, 5722, 6116, 5651, 5667, 5681, 5665, 5660, 5673, 5652, 5670, 5651, 5657, 5679, 5677, 6057, 5651, 5659, 5652, 5685, 5681, 5653, 6116, 5671, 5671, 5834, 5651, 5776, 5653, 5880, 5651, 5652, 5653, 5889, 5653, 5649, 5938, 5649, 5671, 5656, 5658, 5785, 5989, 5676, 5868, 5648, 5842, 5780, 5673, 5655, 6004, 5775, 5653, 5647, 5952, 5888, 5842, 5683, 5893, 5680, 5668, 5790, 6076, 5660, 5738, 5655, 5653, 5673, 5844, 5649, 5744, 5650, 5651, 5659, 5670, 5653, 5682, 5775, 5653, 5662, 5657, 5647, 5661, 5655, 5653, 5666, 5654, 6000, 5672, 5650, 5780, 5650, 5659, 5665, 5653, 5645, 5651, 5647, 5653, 5651, 5682, 5652, 5652, 5648, 5657, 5647, 5960, 5659, 5958, 5653, 5659, 5662, 5692, 5722, 5662, 5732, 5650, 5665, 5655, 5659, 5715, 5637, 5667, 5651, 5650, 5688, 5718, 5680, 5668, 5650, 5777, 5641, 5731, 5659, 5645, 5656, 5773, 5665, 5649, 5645, 5645, 5668, 5678, 5645, 5683, 5645, 5646, 5685, 5647, 5638, 5670, 5657, 5648, 5645, 5665, 5649, 5780, 5653, 5658, 5841, 5652, 5661, 5647, 5650, 5742, 5645, 5659, 5645, 5654, 5644, 5825, 5641, 5662, 5771, 5652, 5653, 5672, 5666, 5650, 5778, 5677, 5643, 5644, 5651, 6039, 5643, 5664, 6254, 5655, 5658, 5654, 5642, 5650, 5657, 5652, 5641, 5795, 5639, 5645, 5653, 5877, 5724, 5674, 5649, 5659, 5642, 5672, 5673, 5647, 5642, 5824, 6062, 5728, 5670, 5725, 5650, 5667, 5659, 5654, 5653, 5645, 5722, 5641, 5779, 5639, 5730, 5665, 5828, 5645, 5646, 5654, 5654, 5661, 5649, 5657, 5648, 5642, 5648, 6048, 5659, 5670, 5650, 5641, 5669, 5664, 5646, 5650, 5835, 5665, 5646, 5654, 5658, 5941, 5658, 5841, 5644, 5642, 5657, 5644, 5734, 6051, 5647, 5657, 5649, 5825, 5652, 5668, 5776, 5664, 5671, 6041, 6215, 5661, 5667, 5642, 5781, 6046, 5646, 5663, 5658, 5651, 5717, 5639, 5724, 5671, 5648, 5928, 5664, 5638, 5646, 5890, 5653, 5644, 5671, 6148, 5649, 5894, 5653, 5645, 5646, 5649, 5650, 5926, 5648, 5678, 5661, 5652, 5646, 5734, 5722, 5749, 5944, 5941, 5667, 5644, 5651, 5727, 5645, 5657, 5652, 5642, 5646, 5659, 5650, 5653, 5648, 5643, 5719, 5852, 5942, 6048, 5671, 5641, 5646, 5858, 5788, 5842, 5647, 5732, 5647, 5639, 5845, 5641, 5649, 5647, 5932, 5671, 5837, 5642, 5657, 5644, 5650, 5673, 5667, 5648, 5665, 5645, 5649, 5640, 5652, 5641, 5648, 5723, 5660, 5657, 5723, 5774, 5644, 5651, 5667, 5885, 5645, 5719, 5774, 5641, 5646, 5938, 5933, 5659, 5647, 5642, 5650, 5651, 5667, 5646, 5661, 5640, 5992, 5640, 5647, 5789, 5793, 5873, 5663, 5650, 5652, 5641, 5645, 5680, 5680, 5648, 5645, 5661, 5658, 5646, 5649, 5719, 5655, 5651, 5720, 5664, 5767, 5648, 5646, 5955, 5723, 5659, 5650, 5642, 5775, 5712, 5670, 5646, 5649, 5641, 5645, 5773, 5658, 5781, 5666, 5644, 5670, 5804, 5646, 5662, 5653, 5647, 5654, 5689, 5647, 5651, 5833, 5644, 5661, 5646, 5941, 5867, 5990, 5735, 5941, 5882, 5646, 5640, 5658, 5822, 5648, 5640, 5652, 5639, 5644, 5660, 5663, 6048, 5829, 5668, 6305, 5645, 5649, 5640, 5646, 5650, 5662, 5646, 5645, 5724, 5793, 5660, 5647, 5663, 5652, 5860, 5789, 5887, 5647, 5782, 5820, 5778, 5831, 5652, 5667, 5643, 5650, 5652, 5654, 5646, 5646, 5640, 5678, 6038, 5668, 5666, 5657, 6054, 5717, 5667, 5668, 6048, 5650, 5669, 5644, 5649, 5783, 5830, 5670, 5729, 5651, 5647, 6215, 5656, 5646, 5668, 5809, 5644, 5640, 5660, 5655, 5648, 5647, 5647, 5644, 5658, 5643, 5891, 5657, 5890, 5644, 5647, 5653, 5943, 5647, 5989, 5651, 5668, 5648, 5648, 5825, 5651, 5642, 5645, 5655, 5652, 6001, 5649, 5643, 5668, 5883, 5657, 5654, 5835, 5644, 5646, 5661, 5649, 5774, 5646, 5644, 5645, 5638, 5645, 5644, 5657, 5642, 5649, 5640, 5671, 5678, 5653, 5643, 5650, 5642, 5645, 5637, 5646, 5830, 5648, 5827, 5795, 5648, 5648, 5775, 5675, 5735, 5846, 5661, 5647, 5647, 5647, 5672, 5645, 6052, 5773, 6043, 5776, 5657, 5660, 5645, 5655, 5993, 5643, 5652, 5646, 5650, 5841, 6054, 5790, 5725, 5645, 5679, 5676, 5646, 6314, 5675, 5726, 5652, 5669, 5681, 5645, 5657, 5658, 5647, 5646, 5646, 5660, 5772, 5647, 5715, 5764, 5772, 5653, 5645, 5663, 5647, 5723, 5881, 5673, 5852, 5645, 5827, 5653, 5649, 5651, 5838, 5649, 5659, 5777, 5646, 5946, 5679, 5841, 5673, 5933, 5735, 5646, 5642, 5654, 5645, 5672, 5643, 5776, 5643, 5649, 5648, 5649, 5639, 5643, 5651, 5774, 5642, 5774, 5642, 5644, 5641, 6325, 5642, 5643, 5637, 5644, 5731, 5884, 5639, 5643, 5679, 5648, 5639, 5650, 5653, 5651, 5741, 6006, 5654, 5675, 5638, 5646, 6199, 5649, 5985, 5647, 5639, 5877, 5636, 5722, 5654, 5656, 5638, 5643, 5637, 5775, 5722, 5645, 5640, 5652, 5668, 5647, 5674, 5645, 5637, 5646, 5932, 5652, 5834, 5647, 5867, 5654, 5941, 5651, 5661, 5739, 5637, 5644, 5640, 5645, 5647, 5671, 5661, 5654, 5643, 6063, 5653, 5724, 5643, 5669, 5645, 5788, 5649, 5658, 5655, 5643, 5643, 5775, 5724, 5643, 5651, 5639, 5669, 5639, 5662, 5649, 5986, 5641, 5717, 5643, 5665, 5652, 5642, 5654, 5650, 5641, 5664, 5637, 5642, 5760, 5939, 5639, 5870, 5778, 5645, 5645, 5643, 5719, 5645, 5645, 5643, 5641, 5893, 5641, 5647, 5637, 5656, 5876, 5648, 6205, 5644, 5641, 5657, 5647, 5654, 5730, 5657, 5652, 5675, 5641, 5658, 5657, 5643, 5652, 5655, 5647, 5651, 5774, 5645, 5792, 5658, 5644, 5660, 5781, 5658, 5646, 5895, 5667, 5730, 5722, 5673, 5656, 5664, 5786, 5645, 5649, 5644, 5716, 5665, 5647, 5672, 5644, 5644, 5642, 5648, 6207, 5655, 5641, 5659, 5725, 5643, 5644, 5652, 5642, 5648, 5819, 5644, 5641, 5643, 5642, 5649, 5641, 5642, 5643, 5658, 5828, 5713, 5655, 5650, 5641, 5835, 5640, 5648, 5644, 5666, 5662, 5676, 6250, 5644, 5643, 5656, 5666, 5645, 5672, 5651, 5820, 5830, 5661, 5647, 5641, 5828, 5668, 5770, 5662, 5644, 5645, 5659, 5640, 5894, 5660, 5721, 5637, 5655, 5639, 5765, 5656, 5658, 5674, 5646, 5642, 5644, 5643, 5770, 5831, 5667, 6149, 5643, 6219, 5668, 5776, 5657, 5641, 5642, 5642, 5642, 5642, 5642, 5641, 5656, 5640, 5670, 5653, 5660, 5737, 5670, 5668, 6002, 5637, 5647, 5639, 5643, 5711, 5646, 5637, 5726, 5652, 5643, 5642, 5645, 5645, 5893, 5682, 5657, 5641, 5646, 5661, 5664, 5734, 5943, 5645, 5889, 5735, 5724, 5655, 6163, 5637, 5651, 5720, 5832, 5639, 5718, 5664, 5821, 5645, 5770, 5668, 5661, 5642, 5644, 6057, 5785, 5924, 5659, 5772, 5943, 5658, 5734, 5637, 5643, 5675, 5673, 5764, 5840, 5663, 5826, 5643, 6043, 5721, 5647, 5662, 5645, 5641, 5644, 5642, 5789, 5660, 5675, 5775, 5656, 5643, 5646, 5646, 5664, 5644, 5648, 5823, 5644, 5640, 5660, 5637, 5867, 5642, 5644, 5642, 5725, 5644, 5645, 5644, 5844, 5640, 6151, 5640, 5766, 5644, 5780, 5865, 5772, 6049, 5662, 5838, 5764, 5649, 5681, 5644, 5640, 5642, 5644, 5644, 5647, 5678, 5747, 5667, 5647, 5642, 5783, 5681, 5655, 5645, 5650, 5644, 5753, 5644, 5649, 5661, 5663, 5652, 5646, 5824, 5649, 5728, 5687, 5831, 5736, 5656, 5647, 5650, 5838, 5763, 5641, 5646, 5643, 5826, 5878, 5674, 5662, 5645, 5652, 5663, 5649, 5641, 5670, 5659, 5932, 5644, 5886, 5660, 5647, 5655, 5648, 5644, 5665, 5655, 5645, 5640, 5653, 5879, 5828, 5642, 5739, 5767, 5644, 5670, 5648, 5639, 5665, 5652, 5646, 5640, 5645, 5637, 5660, 5638, 5642, 5653, 5763, 5643, 5645, 5644, 5715, 5720, 5869, 5663, 5673, 5647, 5843, 5644, 5883, 5638, 6195, 5651, 5647, 5643, 5643, 5986, 5648, 5643, 5642, 5640, 5664, 5647, 5664, 5768, 6253, 5637, 5657, 5668, 5664, 6000, 5718, 5731, 5644, 5708, 5665, 5708, 5647, 5643, 5672, 5648, 5644, 5642, 5651, 5663, 5646, 6056, 5647, 5811, 5648, 5656, 5649, 5642, 5649, 5646, 5645, 5637, 6258, 5640, 5675, 5647, 5937, 5934, 5652, 5650, 5723, 5931, 5646, 5763, 5676, 5637, 5657, 5638, 5670, 5638, 5658, 5666, 6049, 5639, 5645, 5647, 5874, 5661, 5647, 5636, 5645, 5720, 5781, 5646, 5651, 5677, 5874, 5642, 5648, 5642, 5646, 5705, 5646, 5641, 5651, 5648, 5647, 5656, 5650, 5641, 5654, 5640, 5678, 5652, 5645, 5681, 5775, 5668, 5826, 5638, 5652, 5715, 5643, 5641, 5645, 5641, 5678, 5656, 5653, 5788, 5644, 5657, 5666, 5646, 5648, 5684, 5649, 5638, 5649, 5722, 5655, 5642, 5724, 5641, 5643, 5638, 5726, 5641, 5753, 5647, 5717, 5835, 5644, 5875, 5643, 5637, 5645, 5878, 5645, 5640, 5651, 5639, 5661, 5664, 5720, 5780, 5646, 5742, 5948, 5648, 5780, 5770, 5650, 5640, 5644, 5641, 5718, 5838, 5647, 5670, 5713, 5659, 5647, 5637, 5644, 5697, 5651, 5644, 5646, 5649, 5768, 5648, 5715, 5654, 5781, 5669, 5664, 5768, 5646, 5638, 5824, 5646, 5871, 5665, 5680, 5643, 5644, 5668, 5645, 5730, 5778, 5643, 5647, 5778, 5646, 5641, 5643, 5665, 5831, 5641, 5646, 5641, 5865, 5675, 5888, 5648, 5796, 5667, 5646, 5946, 5646, 5644, 5657, 5642, 5667, 5829, 5737, 5671, 5649, 5640, 5648, 5930, 5645, 5640, 6000, 5642, 5644, 5880, 5779, 5669, 5646, 5642, 5646, 5662, 5720, 5641, 5644, 5726, 5661, 5881, 5716, 5665, 5714, 5649, 5649, 5639, 5648, 5650, 5648, 5639, 5730, 5643, 5722, 5642, 5643, 5835, 5717, 5677, 5668, 5640, 5647, 5782, 5679, 5640, 5669, 6068, 5649, 6071, 5642, 5844, 5659, 5653, 5641, 5643, 5655, 5661, 5644, 5995, 5674, 5652, 5642, 5668, 5649, 6035, 5890, 5649, 5993, 5709, 5642, 5644, 5652, 5662, 5736, 5942, 5638, 5646, 5810, 5667, 5774, 5654, 5642, 5684, 5665, 5984, 5640, 5652, 5831, 5645, 5725, 5718, 5644, 5652, 5790, 5662, 5644, 5646, 5654, 5646, 5656, 5832, 5723, 5663, 5644, 5642, 5639, 5649, 5649, 5644, 5638, 5645, 5825, 5643, 5829, 5645, 5664, 5643, 5652, 5899, 5746, 6099, 5664, 5673, 5643, 5643, 5716, 5650, 5776, 5716, 5719, 5825, 5664, 5646, 5689, 5656, 5641, 5991, 5641, 5642, 5645, 5645, 5655, 5646, 5767, 5667, 5647, 5646, 5814, 5649, 5640, 5731, 5985, 6053, 5643, 5644, 5639, 5885, 5640, 5644, 5983, 5645, 5640, 5723, 5640, 5841, 5639, 5647, 5674, 5842, 5637, 5644, 5637, 6054, 5767, 5778, 5782, 6215, 5642, 5645, 5733, 5848, 5644, 5839, 5666, 5645, 6045, 6005, 5644, 5654, 5639, 5650, 5652, 5940, 5663, 5644, 5649, 5830, 5641, 5832, 5823, 5646, 5938, 5663, 5641, 5644, 5678, 5879, 5881, 5645, 5641, 5671, 5645, 5645, 5826, 5661, 5724, 5986, 5658, 5661, 5644, 5711, 5638, 5659, 5643, 5879, 5637, 5643, 6090, 5648, 5636, 5649, 5638, 5649, 5822, 5645, 5783, 5783, 5647, 5647, 5661, 5658, 5646, 5646, 5645, 5643, 5730, 5643, 5650, 5645, 5643, 5876, 5820, 5647, 5637, 5669, 5722, 5652, 5640, 5644, 5638, 5655, 5642, 5837, 5642, 5647, 5727, 5829, 5650, 5644, 5641, 5645, 5826, 5649, 5670, 5989, 5649, 5644, 5637, 5642, 5641, 5730, 5772, 5662, 5638, 5645, 5659, 5834, 5643, 5648, 5680, 5645, 5637, 5647, 5640, 5643, 5638, 5654, 5651, 5645, 5932, 5654, 5660, 5720, 5644, 5659, 5642, 5646, 5882, 5736, 5644, 5644, 5661, 5645, 5642, 5646, 5650, 5644, 5667, 5711, 5866, 5649, 5648, 5659, 5764, 5652, 6162, 5653, 5641, 5644, 5641, 5681, 5774, 5674, 5644, 5832, 5661, 5669, 5642, 5644, 5786, 5646, 5775, 5643, 5642, 5644, 5637, 5648, 5675, 5672, 5646, 5883, 5652, 5657, 5652, 5657, 5824, 5647, 5650, 5779, 5954, 5664, 5982, 5659, 5640, 5837, 5772, 5653, 5836, 5824, 5643, 5727, 5887, 5644, 5648, 5659, 5654, 5648, 5666, 6043, 5641, 5653, 5645, 5646, 5637, 5646, 5636, 5644, 5944, 5645, 6203, 5651, 5639, 5830, 5660, 5643, 5770, 5650, 5638, 5657, 5659, 5645, 5818, 5821, 5637, 5650, 5637, 5781, 5648, 5644, 5779, 6153, 5655, 6104, 5653, 5644, 5641, 5891, 5712, 5651, 5667, 5656, 5638, 6375, 5641, 5644, 5653, 6049, 5675, 5649, 5644, 5733, 6058, 5947, 5776, 5650, 5641, 5646, 5993, 5642, 5647, 5645, 5723, 5650, 5664, 5943, 5658, 5647, 5645, 5643, 5766, 5655, 5671, 5652, 5649, 5655, 6149, 5651, 5641, 5648, 5671, 5646, 5727, 5645, 5646, 5646, 5637, 5642, 5672, 5646, 5659, 5648, 5639, 5643, 5944, 5650, 5674, 5644, 5949, 5643, 5648, 5664, 5718, 5647, 5644, 5644, 5878, 5653, 5645, 5655, 6306, 5674, 5644, 5661, 5643, 5661, 5769, 5642, 5663, 5640, 5830, 5670, 6042, 5650, 5642, 5644, 5651, 5639, 5694, 5638, 5644, 5786, 5720, 5640, 5643, 5663, 5646, 5638, 5657, 5643, 5644, 5673, 5645, 5641, 5643, 5641, 5647, 5641, 5644, 5668, 5641, 5646, 5869, 5662, 5718, 5656, 5718, 6047, 5655, 5663, 5823, 5664, 5639, 5645, 5828, 5644, 5677, 5645, 5651, 5645, 5647, 5647, 5745, 5669, 5644, 5652, 5650, 5664, 5637, 5650, 5642, 5775, 6053, 5647, 5645, 5646, 5640, 5781, 5661, 5657, 5977, 5655, 5644, 5646, 5643, 5647, 5658, 5676, 5646, 5937, 5681, 6103, 5644, 5644, 5640, 5645, 5660, 5653, 5640, 6051, 5648, 5645, 5666, 5667, 5669, 5933, 5643, 5815, 5746, 6011, 5716, 6209, 5645, 5652, 5654, 5645, 5765, 5823, 5650, 5688, 5659, 5823, 5774, 5936, 5778, 5668, 5641, 5719, 5650, 5645, 5646, 5940, 5675, 5647, 5655, 5838, 5645, 5646, 5654, 5644, 5639, 5647, 5658, 5650, 5654, 5937, 5638, 5654, 5726, 5655, 5642, 5661, 5655, 5939, 5710, 5782, 5825, 5642, 5943, 5647, 5638, 5675, 5642, 5730, 5714, 5649, 5654, 5962, 5678, 5645, 5637, 5644, 5716, 5643, 5639, 5993, 5646, 5991, 5642, 5644, 5661, 5651, 5770, 5668, 5662, 5776, 5649, 5644, 5781, 5831, 5644, 5661, 6061, 5649, 5641, 5777, 5641, 5725, 5640, 5643, 5640, 5670, 5670, 6152, 5834, 5645, 5666, 5642, 5888, 5670, 5878, 5646, 5664, 5643, 5639, 5818, 5651, 5663, 5650, 5674, 5651, 5771, 5659, 5987, 5645, 5653, 5647, 5659, 5639, 5713, 5652, 5651, 5641, 5646, 5640, 5672, 5647, 5647, 5640, 5645, 5645, 5658, 5801, 5648, 5641, 5660, 5817, 5765, 5882, 5784, 5649, 5725, 5723, 5777, 5641, 5644, 5714, 5644, 5641, 5645, 5719, 5646, 5658, 5785, 5640, 5654, 5767, 5656, 5661, 5682, 5653, 5643, 5642, 6004, 5647, 5662, 5659, 5659, 6008, 5655, 5641, 5644, 5726, 5664, 5640, 5762, 5667, 5644, 5639, 5650, 5648, 5644, 5648, 5656, 5641, 5648, 5716, 5675, 5648, 5646, 5939, 6113, 5923, 5879, 5781, 5740, 5668, 5651, 5816, 5662, 5640, 5646, 5639, 5642, 5662, 5647, 5644, 5647, 5640, 5905, 5658, 5645, 5637, 5646, 5638, 5647, 6002, 5645, 5641, 5651, 5643, 5798, 5655, 5682, 5651, 5719, 5655, 5720, 5644, 5653, 5638, 6030, 5641, 5643, 5761, 5643, 5652, 5645, 5642, 5643, 5638, 5649, 5636, 5827, 5651, 5644, 5651, 5646, 5641, 5842, 5664, 5647, 5660, 5899, 5653, 5647, 5639, 5645, 6043, 5652, 5643, 5642, 5646, 5643, 5641, 5669, 5660, 5648, 5819, 5648, 5767, 5648, 5661, 5649, 5995, 5642, 5646, 6092, 5644, 5646, 5646, 5828, 5639, 5642, 5647, 5647, 5652, 5644, 5653, 5647, 5667, 5728, 5997, 5642, 5641, 5667, 5648, 5645, 5671, 5874, 5651, 5715, 5640, 5644, 5842, 5644, 5635, 5675, 5641, 5645, 5659, 5646, 5638, 5666, 5642, 5796, 5819, 5779, 5888, 5644, 5640, 5647, 5651, 5645, 5669, 5643, 5672, 5658, 5938, 5664, 5644, 5643, 5642, 5664, 5663, 6197, 5666, 5662, 6042, 5730, 5675, 5649, 5645, 5658, 5665, 5888, 5643, 5642, 5638, 5660, 5642, 5652, 5646, 5652, 5639, 5666, 5647, 5778, 5641, 5680, 5637, 5987, 5638, 5649, 5644, 6306, 6297, 5643, 5732, 5657, 5644, 5643, 5732, 5831, 5661, 5779, 5656, 5778, 5660, 5645, 5676, 5647, 5641, 5651, 5659, 5651, 5770, 5657, 5652, 5652, 6363, 5988, 5653, 5642, 5652, 5673, 5640, 5645, 5658, 5646, 5639, 5644, 5649, 6054, 5670, 5668, 5651, 5646, 5829, 5643, 5646, 5647, 5669, 5655, 5870, 5642, 5642, 5932, 5678, 5646, 5656, 5659, 5651, 5650, 5657, 5649, 5648, 5825, 5660, 5643, 5671, 5660, 5681, 5942, 5715, 5722, 5767, 5733, 5640, 5645, 5641, 5772, 5639, 5644, 5650, 5683, 5649, 5778, 5638, 5666, 5640, 5880, 5638, 5646, 5644, 5646, 5874, 5645, 5641, 5824, 5661, 5646, 5658, 5649, 5655, 5642, 5651, 5645, 5662, 5715, 5663, 5715, 5652, 5644, 5642, 5648, 5641, 5643, 5645, 5653, 5641, 5782, 5653, 5646, 5646, 5781, 5673, 5645, 5653, 5653, 5643, 5654, 5644, 5650, 5642, 5658, 5667, 5936, 6028, 6061, 5639, 5646, 5830, 5648, 5829, 5890, 6010, 5667, 5780, 5645, 5641, 5660, 5649, 5648, 5652, 5661, 5647, 5764, 5637, 5662, 5654, 5645, 5777, 5658, 6033, 5644, 5645, 5942, 5641, 5877, 5691, 5657, 5648, 5644, 5661, 5645, 5641, 5656, 5724, 5642, 5659, 5650, 5644, 5643, 5643, 5642, 5654, 5643, 5659, 5881, 5641, 5664, 5643, 5644, 5639, 5724, 5664, 5668, 5657, 5648, 5644, 5650, 5638, 5647, 5640, 5663, 5993, 5883, 5832, 5643, 5646, 6006, 5641, 5669, 5643, 5643, 5682, 5651, 5644, 5643, 5643, 5847, 6037, 6214, 5642, 5663, 5650, 5661, 5652, 5646, 5637, 5654, 5642, 5652, 5991, 5663, 5641, 5669, 5638, 5644, 5649, 5995, 5644, 5644, 5639, 5664, 5669, 5645, 5725, 5653, 5639, 5819, 5763, 5644, 5725, 5647, 5784, 5659, 5723, 5648, 5642, 5643, 5654, 5642, 5741, 5651, 5874, 5643, 5653, 5653, 5878, 6062, 5652, 5647, 6051, 5662, 5769, 5641, 5649, 5668, 5682, 5901, 5677, 5658, 5684, 5656, 5645, 5646, 5652, 5641, 5644, 5638, 5688, 5646, 5657, 5776, 5891, 5831, 5718, 5655, 5646, 5669, 5670, 5833, 5789, 5673, 5642, 5643, 5662, 5716, 5874, 5651, 5735, 5654, 5644, 6051, 5646, 5639, 5644, 5660, 5647, 5879, 5644, 5640, 5654, 5652, 5720, 5640, 5650, 5638, 5644, 5645, 5651, 5776, 5644, 5655, 5766, 5646, 5643, 5783, 5720, 5645, 5652, 5639, 5674, 5637, 5834, 5649, 5654, 5645, 5653, 5660, 5643, 5667, 5833, 5644, 5660, 5887, 5650, 5658, 5645, 5715, 5646, 5778, 5643, 5662, 5643, 5659, 5722, 5650, 5648, 5985, 5645, 5637, 5649, 6162, 5642, 5825, 5929, 6317, 5642, 5662, 5666, 5659, 5639, 5651, 5651, 5657, 5648, 5647, 5737, 5673, 5985, 5831, 5660, 5684, 5675, 5686, 5644, 5647, 5656, 5659, 5638, 6148, 5637, 5648, 5866, 5677, 5715, 5646, 5649, 5646, 6039, 5652, 5642, 5645, 5759, 5649, 5782, 5658, 5788, 5650, 5836, 5835, 5638, 5644, 5655, 5657, 5639, 5729, 5637, 5644, 5778, 5771, 5664, 5683, 5639, 5643, 5713, 5948, 5646, 5647, 5662, 5789, 5781, 5771, 6045, 6048, 5642, 5648, 5639, 5649, 5646, 5659, 5940, 5647, 5674, 5685, 5644, 5647, 5652, 5835, 5996, 5926, 5672, 5646, 6153, 5878, 6196, 5644, 5639, 5642, 5648, 5659, 5642, 5646, 5642, 5665, 5652, 5642, 5663, 5656, 5820, 5643, 5651, 5662, 5659, 5663, 5660, 5667, 5657, 5647, 5783, 5654, 5645, 5651, 5931, 5643, 5645, 5645, 5652, 5653, 5646, 5647, 5643, 5640, 5645, 5661, 5644, 5670, 5659, 5660, 5780, 5644, 5663, 5769, 5644, 5652, 5830, 5644, 5849, 5713, 5643, 5678, 5661, 5639, 5643, 5653, 5662, 5647, 5646, 5640, 5643, 5720, 5646, 5641, 5718, 5667, 5678, 5656, 6113, 5640, 5655, 5657, 5794, 5643, 5982, 5664, 5642, 5652, 5665, 5641, 5659, 5640, 5827, 5636, 5647, 5646, 5645, 5639, 5653, 5644, 5646, 5652, 5781, 5649, 5658, 5644, 5660, 5658, 5660, 5644, 5887, 5648, 5644, 6050, 5673, 5656, 5647, 5636, 6200, 6256, 5649, 5650, 5647, 5655, 5828, 5654, 5665, 5651, 5672, 5989, 5660, 5815, 5665, 5642, 5642, 5657, 5645, 5639, 5826, 5833, 5645, 5647, 6103, 5654, 5649, 5636, 5846, 5637, 5717, 5797, 5653, 5646, 5676, 5636, 5787, 5637, 5664, 5719, 5656, 5644, 5645, 5891, 5651, 5639, 6007, 5638, 5720, 5876, 5670, 5661, 5643, 5638, 5667, 5665, 5647, 5639, 5646, 5642, 5821, 5763, 5654, 5767, 5646, 5641, 5724, 5640, 5647, 5648, 5642, 5679, 5643, 5822, 5645, 5644, 5777, 5646, 5644, 5641, 5668, 5652, 5651, 5641, 5784, 5641, 5649, 5779, 5645, 5641, 5658, 5840, 5647, 5680, 5649, 5639, 5645, 5914, 5645, 5639, 5656, 5656, 5689, 5742, 5657, 5644, 5645, 5641, 5644, 5658, 5643, 5649, 5650, 5640, 5648, 5648, 5661, 5641, 5642, 5653, 6051, 5691, 5779, 5637, 5647, 5636, 5887, 5931, 5664, 5730, 5646, 5654, 5654, 5654, 5643, 5642, 5645, 5672, 6144, 5654, 5643, 5638, 5774, 5825, 5657, 5639, 5767, 5642, 5716, 5637, 5645, 5657, 5651, 5641, 5932, 5680, 5835, 5928, 5989, 5675, 5644, 5641, 5647, 5637, 5648, 5666, 5664, 5653, 5649, 5656, 5858, 5661, 5647, 5663, 6006, 5640, 5762, 5643, 5643, 5639, 5994, 5639, 5643, 5640, 5661, 5646, 5648, 5718, 5734, 5642, 5777, 5656, 5881, 5653, 5658, 5817, 5647, 5642, 5879, 5643, 5649, 5656, 5648, 5638, 5679, 5649, 5716, 5647, 5645, 5641, 5772, 5648, 5646, 5873, 5717, 5671, 5643, 5727, 5669, 5715, 5774, 5642, 5646, 5677, 5657, 5979, 5649, 5641, 5674, 5674, 5642, 5660, 5672, 5663, 5767, 5648, 5645, 5648, 5645, 5648, 5658, 5643, 5654, 5640, 5644, 5654, 5641, 5641, 5643, 5644, 5646, 5642, 5743, 5644, 5775, 5653, 5644, 5792, 5883, 5847, 5779, 5664, 5872, 5643, 6056, 5663, 5651, 5770, 5835, 5716, 5658, 5709, 5645, 5644, 5990, 5642, 5654, 5641, 5643, 5719, 5650, 5666, 6102, 5644, 5779, 5838, 5647, 5648, 5948, 5666, 5647, 5665, 5643, 5641, 5660, 5888, 5645, 5639, 5659, 5822, 5647, 5639, 5646, 5657, 5656, 5642, 5885, 5639, 5653, 5763, 5652, 5824, 5656, 5636, 5649, 5775, 6155, 5645, 5652, 6055, 5655, 5840, 5650, 5756, 5655, 5658, 5973, 5640, 5635, 5763, 5659, 5637, 5634, 5665, 5634, 5661, 6035, 6095, 5637, 5714, 5642, 5641, 5651, 5831, 5634, 5778, 5855, 5652, 5672, 5875, 5641, 5654, 5645, 5767, 5635, 5631, 5662, 5712, 5635, 5633, 5651, 5630, 5635, 5632, 5639, 5772, 5635, 5631, 5635, 5658, 5638, 5634, 5741, 5626, 5635, 5769, 6047, 5633, 5636, 5651, 5674, 5810, 5676, 5635, 5637, 5644, 5669, 5829, 5708, 5634, 5772, 5820, 5733, 5644, 5942, 5634, 5660, 5635, 5636, 5638, 5661, 5636, 5810, 5634, 5631, 5634, 6197, 5634, 5650, 5648, 6037, 5638, 
Mejor solucion obtenida: 8, 11, 9, 10, 6, 7, 5, 30, 29, 28, 27, 2, 3, 1, 36, 37, 38, 39, 42, 40, 41, 26, 25, 24, 21, 23, 22, 35, 0, 4, 16, 18, 20, 19, 15, 17, 14, 12, 13, 34, 33, 32, 31, || Fitness: 5620;