Archivo Usado: p43.atsp
Tamaño de la Poblacion: 100
Reemplazo por Generacion: 5
Tamaño de los Torneos: 5
Cantidad de ciudades: 43
Probabilidad de cruce: 80000
Probabilidad mutacion simple: 3000
Probabilidad mutacion compleja: 30000
Cruces minimos de la mutacion compleja: 4
Iteraciones ejecutadas: 10000
Largo del cruce PMX: 6
Operador de Cruce: 0
Metodo seleccion de Padres: 0
Operador de Mutacion: 0
Metodo seleccion de Supervivientes: 1
Cantidad de threads a usar: 16
21, 23, 22, 35, 0, 4, 17, 15, 20, 18, 19, 16, 34, 33, 13, 12, 14, 31, 32, 11, 9, 10, 8, 5, 6, 7, 30, 29, 27, 28, 1, 2, 3, 36, 37, 39, 38, 42, 41, 40, 26, 25, 24, 
30, 29, 27, 28, 1, 2, 3, 36, 37, 39, 38, 42, 41, 40, 26, 25, 24, 21, 23, 22, 35, 0, 4, 17, 15, 20, 18, 19, 16, 34, 33, 13, 12, 14, 31, 32, 11, 9, 10, 8, 7, 6, 5, 
30, 29, 27, 28, 1, 2, 3, 36, 37, 39, 38, 42, 41, 40, 26, 25, 24, 21, 23, 22, 35, 0, 4, 17, 15, 20, 18, 19, 16, 34, 33, 13, 12, 14, 31, 32, 11, 9, 10, 8, 5, 6, 7, 
11, 9, 10, 8, 7, 6, 5, 30, 29, 27, 28, 1, 2, 3, 36, 37, 39, 38, 42, 41, 40, 26, 25, 24, 21, 23, 22, 35, 0, 4, 17, 15, 20, 18, 19, 16, 34, 33, 13, 12, 14, 31, 32, 
6, 5, 30, 29, 27, 28, 1, 2, 3, 36, 37, 39, 38, 42, 41, 40, 26, 25, 24, 21, 23, 22, 35, 0, 4, 17, 15, 20, 18, 19, 16, 34, 33, 13, 12, 14, 31, 32, 11, 9, 10, 8, 7, 
12, 13, 33, 34, 31, 32, 11, 9, 10, 8, 5, 6, 7, 30, 29, 27, 28, 1, 2, 3, 36, 37, 39, 38, 42, 41, 40, 26, 25, 24, 21, 23, 22, 35, 0, 4, 17, 15, 20, 18, 19, 16, 14, 
21, 23, 22, 35, 0, 4, 17, 15, 20, 18, 19, 16, 14, 12, 13, 33, 34, 31, 32, 11, 9, 10, 8, 5, 6, 7, 30, 29, 27, 28, 1, 2, 3, 36, 37, 39, 38, 42, 41, 40, 26, 25, 24, 
22, 35, 0, 4, 17, 15, 20, 18, 19, 16, 34, 33, 13, 12, 14, 31, 32, 11, 9, 10, 8, 7, 6, 5, 30, 29, 27, 28, 1, 2, 3, 36, 37, 39, 38, 42, 41, 40, 26, 25, 24, 21, 23, 
17, 15, 20, 18, 19, 16, 34, 33, 13, 12, 14, 31, 32, 11, 9, 10, 8, 5, 6, 7, 30, 29, 27, 28, 1, 2, 3, 36, 37, 39, 38, 42, 41, 40, 26, 25, 24, 21, 23, 22, 35, 0, 4, 
30, 29, 27, 28, 1, 2, 3, 36, 37, 39, 38, 42, 41, 40, 26, 25, 24, 21, 23, 22, 35, 0, 4, 17, 15, 20, 18, 19, 16, 34, 33, 13, 12, 14, 11, 32, 31, 9, 10, 8, 5, 6, 7, 
29, 27, 28, 1, 2, 3, 36, 37, 39, 38, 42, 41, 40, 26, 25, 24, 21, 23, 22, 35, 0, 4, 17, 15, 20, 18, 19, 16, 34, 33, 13, 12, 14, 31, 32, 11, 9, 10, 8, 5, 6, 7, 30, 
36, 37, 39, 38, 42, 41, 40, 26, 25, 24, 21, 23, 22, 35, 0, 4, 17, 15, 20, 18, 19, 16, 34, 33, 13, 12, 14, 31, 32, 11, 9, 10, 8, 7, 6, 5, 30, 29, 27, 28, 1, 2, 3, 
41, 40, 26, 25, 24, 21, 23, 22, 35, 0, 4, 17, 15, 20, 18, 19, 16, 34, 33, 13, 12, 14, 11, 9, 31, 32, 10, 8, 5, 6, 7, 30, 29, 27, 28, 1, 2, 3, 36, 37, 39, 38, 42, 
16, 34, 33, 13, 12, 14, 31, 32, 11, 9, 10, 8, 5, 6, 7, 30, 29, 27, 28, 1, 2, 3, 36, 37, 39, 38, 42, 41, 40, 26, 25, 24, 21, 23, 22, 35, 0, 4, 17, 15, 20, 18, 19, 
18, 19, 16, 34, 33, 13, 12, 14, 31, 32, 11, 9, 10, 8, 5, 6, 7, 30, 29, 27, 28, 1, 2, 3, 36, 37, 39, 38, 42, 41, 40, 26, 25, 24, 21, 23, 22, 35, 0, 4, 17, 15, 20, 
0, 35, 22, 23, 21, 24, 25, 26, 40, 41, 42, 38, 39, 37, 36, 3, 2, 1, 28, 27, 29, 30, 7, 6, 5, 8, 10, 9, 11, 32, 31, 34, 33, 13, 12, 14, 16, 19, 18, 20, 15, 17, 4, 
3, 2, 1, 28, 27, 29, 30, 7, 6, 5, 8, 10, 9, 11, 32, 31, 14, 12, 13, 33, 34, 16, 19, 18, 20, 15, 17, 4, 0, 35, 22, 23, 21, 24, 25, 26, 40, 41, 42, 38, 39, 37, 36, 
16, 19, 18, 20, 15, 17, 4, 0, 35, 22, 23, 21, 24, 25, 26, 40, 41, 42, 38, 39, 37, 36, 3, 2, 1, 28, 27, 29, 30, 5, 6, 7, 8, 10, 9, 11, 32, 31, 14, 12, 13, 33, 34, 
40, 41, 42, 38, 39, 37, 36, 3, 2, 1, 28, 27, 29, 30, 7, 6, 5, 8, 10, 9, 11, 32, 31, 14, 12, 13, 33, 34, 16, 19, 18, 20, 15, 17, 4, 0, 35, 22, 23, 21, 24, 25, 26, 
5, 8, 10, 9, 11, 32, 31, 14, 12, 13, 33, 34, 16, 19, 18, 20, 15, 17, 4, 0, 35, 22, 23, 21, 24, 25, 26, 40, 41, 42, 38, 39, 37, 36, 3, 2, 1, 28, 27, 29, 30, 7, 6, 
16, 19, 18, 20, 15, 17, 4, 0, 35, 22, 23, 21, 24, 25, 26, 40, 41, 42, 38, 39, 37, 36, 3, 2, 1, 28, 27, 29, 30, 7, 6, 5, 8, 10, 9, 11, 32, 31, 14, 12, 13, 33, 34, 
31, 14, 12, 13, 33, 34, 16, 19, 18, 20, 15, 17, 4, 0, 35, 22, 23, 21, 24, 25, 26, 40, 41, 42, 38, 39, 37, 36, 3, 2, 1, 28, 27, 29, 30, 5, 6, 7, 8, 10, 9, 11, 32, 
3, 2, 1, 28, 27, 29, 30, 7, 6, 5, 8, 10, 9, 11, 32, 31, 14, 12, 13, 33, 34, 16, 19, 18, 20, 15, 17, 4, 0, 35, 22, 23, 21, 24, 25, 26, 40, 41, 42, 38, 39, 37, 36, 
15, 17, 4, 0, 35, 22, 23, 21, 24, 25, 26, 40, 41, 42, 38, 39, 37, 36, 3, 2, 1, 28, 27, 29, 30, 7, 6, 5, 8, 10, 9, 11, 32, 31, 14, 12, 13, 33, 34, 16, 19, 18, 20, 
6, 5, 8, 10, 9, 11, 32, 31, 14, 12, 13, 33, 34, 16, 19, 18, 20, 15, 17, 4, 0, 35, 22, 23, 21, 24, 25, 26, 40, 41, 42, 38, 39, 37, 36, 3, 2, 1, 28, 27, 29, 30, 7, 
12, 13, 33, 34, 16, 19, 18, 20, 15, 17, 4, 0, 35, 22, 23, 21, 24, 25, 26, 40, 41, 42, 38, 39, 37, 36, 3, 2, 1, 28, 27, 29, 30, 7, 6, 5, 8, 10, 9, 11, 32, 31, 14, 
35, 22, 23, 21, 24, 25, 26, 40, 41, 42, 38, 39, 37, 36, 3, 2, 1, 28, 27, 29, 30, 7, 6, 5, 8, 10, 9, 11, 32, 31, 14, 12, 13, 33, 34, 16, 19, 18, 20, 15, 17, 4, 0, 
7, 5, 8, 10, 9, 31, 32, 11, 14, 12, 13, 33, 34, 16, 19, 18, 20, 15, 17, 4, 0, 35, 22, 23, 21, 24, 25, 26, 40, 41, 42, 38, 39, 37, 36, 3, 2, 1, 28, 27, 29, 30, 6, 
19, 18, 20, 15, 17, 4, 0, 35, 22, 23, 21, 24, 25, 26, 40, 41, 42, 38, 39, 37, 36, 3, 2, 1, 28, 27, 29, 30, 7, 6, 5, 8, 10, 9, 11, 32, 31, 14, 12, 13, 33, 34, 16, 
3, 2, 1, 28, 27, 29, 30, 7, 6, 5, 8, 10, 9, 11, 32, 31, 14, 12, 13, 33, 34, 16, 19, 18, 20, 15, 17, 4, 0, 35, 22, 23, 21, 24, 25, 26, 40, 41, 42, 38, 39, 37, 36, 
3, 2, 1, 28, 27, 29, 30, 7, 6, 5, 8, 10, 9, 11, 32, 31, 14, 12, 13, 33, 34, 16, 19, 18, 20, 15, 17, 4, 0, 35, 22, 23, 21, 24, 25, 26, 40, 41, 42, 38, 39, 37, 36, 
37, 36, 3, 2, 1, 28, 27, 29, 30, 7, 6, 5, 8, 10, 9, 31, 32, 11, 14, 12, 13, 33, 34, 16, 19, 18, 20, 15, 17, 4, 0, 35, 22, 23, 21, 24, 25, 26, 40, 41, 42, 38, 39, 
42, 38, 39, 37, 36, 3, 2, 1, 28, 27, 29, 30, 7, 6, 5, 8, 10, 9, 31, 32, 11, 14, 12, 13, 33, 34, 16, 19, 18, 20, 15, 17, 4, 0, 35, 22, 23, 21, 24, 25, 26, 40, 41, 
13, 33, 34, 16, 19, 18, 20, 15, 17, 4, 0, 35, 22, 23, 21, 24, 25, 26, 40, 41, 42, 38, 39, 37, 36, 3, 2, 1, 28, 27, 29, 30, 7, 6, 5, 8, 10, 9, 31, 32, 11, 14, 12, 
11, 32, 31, 14, 12, 13, 33, 34, 16, 19, 18, 20, 15, 17, 4, 0, 35, 22, 23, 21, 24, 25, 26, 40, 41, 42, 38, 39, 37, 36, 3, 2, 1, 28, 27, 29, 30, 7, 6, 5, 8, 10, 9, 
17, 4, 0, 35, 22, 23, 21, 24, 25, 26, 40, 41, 42, 38, 39, 37, 36, 3, 2, 1, 28, 27, 29, 30, 7, 6, 5, 8, 10, 9, 31, 32, 11, 14, 12, 13, 33, 34, 16, 19, 18, 20, 15, 
15, 17, 4, 0, 35, 22, 23, 21, 24, 25, 26, 40, 41, 42, 38, 39, 37, 36, 3, 2, 1, 28, 27, 29, 30, 5, 6, 7, 8, 10, 9, 11, 32, 31, 14, 12, 13, 33, 34, 16, 19, 18, 20, 
3, 2, 1, 28, 27, 29, 30, 5, 6, 7, 8, 10, 9, 11, 32, 31, 14, 12, 13, 33, 34, 16, 19, 18, 20, 15, 17, 4, 0, 35, 22, 23, 21, 24, 25, 26, 40, 41, 42, 38, 39, 37, 36, 
17, 4, 0, 35, 22, 23, 21, 24, 25, 26, 40, 41, 42, 38, 39, 37, 36, 3, 2, 1, 28, 27, 29, 30, 5, 6, 7, 8, 10, 9, 11, 32, 31, 14, 12, 13, 33, 34, 16, 19, 18, 20, 15, 
16, 19, 18, 20, 15, 17, 4, 0, 35, 22, 23, 21, 24, 25, 26, 40, 41, 42, 38, 39, 37, 36, 3, 2, 1, 28, 27, 29, 30, 7, 6, 5, 8, 10, 9, 11, 32, 31, 14, 12, 13, 33, 34, 
12, 13, 33, 34, 16, 19, 18, 20, 15, 17, 4, 0, 35, 22, 23, 21, 24, 25, 26, 40, 41, 42, 38, 39, 37, 36, 3, 2, 1, 28, 27, 29, 30, 7, 6, 5, 8, 10, 9, 11, 32, 31, 14, 
16, 19, 18, 20, 15, 17, 4, 0, 35, 22, 23, 21, 24, 25, 26, 40, 41, 42, 38, 39, 37, 36, 3, 2, 1, 28, 27, 29, 30, 7, 6, 5, 8, 10, 9, 11, 32, 31, 14, 12, 13, 33, 34, 
24, 25, 26, 40, 41, 42, 38, 39, 37, 36, 3, 2, 1, 28, 27, 29, 30, 5, 6, 7, 8, 10, 9, 11, 32, 31, 14, 12, 13, 33, 34, 16, 19, 18, 20, 15, 17, 4, 0, 35, 22, 23, 21, 
16, 19, 18, 20, 15, 17, 4, 0, 35, 22, 23, 21, 24, 25, 26, 40, 41, 42, 38, 39, 37, 36, 3, 2, 1, 28, 27, 29, 30, 7, 6, 5, 8, 10, 9, 11, 32, 31, 14, 12, 13, 33, 34, 
32, 31, 14, 12, 13, 33, 34, 16, 19, 18, 20, 15, 17, 4, 0, 35, 22, 23, 21, 24, 25, 26, 40, 41, 42, 38, 39, 37, 36, 3, 2, 1, 28, 27, 29, 30, 7, 6, 5, 8, 10, 9, 11, 
21, 24, 25, 26, 40, 41, 42, 38, 39, 37, 36, 3, 2, 1, 28, 27, 29, 30, 7, 6, 5, 8, 10, 9, 31, 32, 11, 14, 12, 13, 33, 34, 16, 19, 18, 20, 15, 17, 4, 0, 35, 22, 23, 
17, 4, 0, 35, 22, 23, 21, 24, 25, 26, 40, 41, 42, 38, 39, 37, 36, 3, 2, 1, 28, 27, 29, 30, 7, 6, 5, 8, 10, 9, 11, 32, 31, 14, 12, 13, 33, 34, 16, 19, 18, 20, 15, 
1, 28, 27, 29, 30, 5, 6, 7, 8, 10, 9, 11, 32, 31, 14, 12, 13, 33, 34, 16, 19, 18, 20, 15, 17, 4, 0, 35, 22, 23, 21, 24, 25, 26, 40, 41, 42, 38, 39, 37, 36, 3, 2, 
7, 6, 5, 8, 10, 9, 31, 32, 11, 14, 12, 13, 33, 34, 16, 19, 18, 20, 15, 17, 4, 0, 35, 22, 23, 21, 24, 25, 26, 40, 41, 42, 38, 39, 37, 36, 3, 2, 1, 28, 27, 29, 30, 
15, 17, 4, 0, 35, 22, 23, 21, 24, 25, 26, 40, 41, 42, 38, 39, 37, 36, 3, 2, 1, 28, 27, 29, 30, 5, 6, 7, 8, 10, 9, 11, 32, 31, 14, 12, 13, 33, 34, 16, 19, 18, 20, 
6, 7, 8, 10, 9, 11, 32, 31, 14, 12, 13, 33, 34, 16, 19, 18, 20, 15, 17, 4, 0, 35, 22, 23, 21, 24, 25, 26, 40, 41, 42, 38, 39, 37, 36, 3, 2, 1, 28, 27, 29, 30, 5, 
7, 6, 5, 8, 10, 9, 31, 32, 11, 14, 12, 13, 33, 34, 16, 19, 18, 20, 15, 17, 4, 0, 35, 22, 23, 21, 24, 25, 26, 40, 41, 42, 38, 39, 37, 36, 3, 2, 1, 28, 27, 29, 30, 
2, 3, 36, 37, 39, 38, 42, 41, 40, 26, 25, 24, 21, 23, 22, 35, 0, 4, 17, 15, 20, 18, 19, 16, 34, 33, 13, 12, 14, 31, 32, 11, 9, 10, 8, 5, 6, 7, 28, 1, 30, 29, 27, 
32, 11, 9, 31, 14, 12, 13, 33, 34, 16, 19, 18, 20, 15, 17, 4, 0, 35, 22, 23, 21, 24, 25, 26, 40, 41, 42, 38, 39, 37, 36, 3, 2, 1, 28, 27, 29, 30, 7, 6, 5, 8, 10, 
31, 14, 12, 13, 33, 34, 16, 19, 18, 20, 15, 17, 4, 0, 35, 22, 23, 21, 24, 25, 26, 40, 41, 42, 38, 39, 37, 36, 3, 2, 1, 28, 27, 29, 30, 5, 6, 7, 8, 9, 11, 32, 10, 
8, 7, 6, 5, 10, 29, 27, 28, 1, 2, 3, 36, 37, 39, 38, 42, 41, 40, 26, 25, 24, 21, 23, 22, 35, 0, 4, 17, 15, 20, 18, 19, 16, 34, 33, 13, 12, 14, 31, 32, 11, 9, 30, 
8, 7, 6, 5, 1, 29, 27, 28, 30, 2, 3, 36, 37, 39, 38, 42, 41, 40, 26, 25, 24, 21, 23, 22, 35, 0, 4, 17, 15, 20, 18, 19, 16, 34, 33, 13, 12, 14, 31, 32, 11, 9, 10, 
2, 1, 28, 27, 29, 30, 7, 8, 10, 9, 11, 32, 31, 14, 12, 13, 33, 34, 16, 19, 18, 20, 15, 17, 4, 0, 35, 22, 23, 21, 24, 25, 26, 40, 41, 42, 38, 39, 37, 36, 3, 6, 5, 
15, 20, 18, 19, 16, 34, 31, 32, 11, 9, 10, 8, 5, 6, 7, 30, 29, 27, 28, 1, 2, 3, 36, 37, 39, 38, 42, 41, 40, 26, 25, 24, 21, 23, 22, 35, 0, 4, 17, 12, 13, 33, 14, 
39, 38, 42, 41, 40, 26, 25, 24, 21, 23, 22, 35, 0, 4, 7, 15, 20, 18, 19, 16, 34, 33, 13, 12, 14, 11, 32, 31, 9, 10, 8, 5, 6, 17, 30, 29, 27, 28, 1, 2, 3, 36, 37, 
7, 30, 29, 34, 28, 1, 2, 3, 36, 37, 39, 38, 42, 41, 40, 26, 25, 24, 21, 23, 22, 35, 0, 4, 17, 15, 20, 18, 19, 16, 27, 33, 13, 12, 14, 31, 32, 11, 9, 10, 8, 5, 6, 
33, 34, 16, 19, 18, 20, 15, 17, 4, 0, 35, 22, 23, 21, 24, 25, 26, 40, 41, 42, 38, 39, 37, 36, 3, 2, 1, 28, 27, 29, 30, 5, 6, 7, 8, 14, 12, 13, 32, 31, 9, 11, 10, 
25, 24, 21, 23, 22, 35, 0, 4, 17, 15, 20, 18, 19, 16, 34, 33, 13, 12, 14, 31, 32, 11, 9, 10, 3, 7, 6, 5, 30, 29, 27, 28, 1, 2, 8, 36, 37, 39, 38, 42, 41, 40, 26, 
3, 2, 1, 28, 27, 29, 30, 7, 6, 5, 8, 10, 9, 31, 14, 12, 13, 33, 34, 16, 19, 18, 20, 15, 17, 4, 0, 35, 22, 23, 21, 24, 25, 26, 40, 41, 42, 38, 39, 37, 36, 11, 32, 
39, 38, 42, 41, 40, 26, 25, 24, 21, 23, 22, 35, 0, 4, 17, 15, 20, 18, 19, 16, 34, 33, 30, 12, 14, 31, 32, 11, 9, 10, 8, 7, 13, 29, 27, 28, 1, 2, 3, 36, 37, 6, 5, 
19, 18, 20, 15, 17, 4, 0, 35, 22, 23, 21, 24, 25, 26, 40, 41, 42, 38, 39, 37, 36, 3, 2, 1, 28, 27, 29, 30, 7, 6, 5, 8, 10, 9, 31, 32, 11, 14, 16, 34, 12, 13, 33, 
40, 41, 42, 38, 39, 37, 36, 3, 2, 1, 28, 27, 29, 30, 7, 8, 10, 9, 11, 32, 31, 14, 12, 13, 33, 34, 16, 19, 18, 20, 15, 17, 4, 0, 35, 22, 23, 21, 24, 25, 26, 5, 6, 
25, 24, 21, 23, 22, 35, 0, 4, 17, 12, 20, 18, 19, 16, 34, 33, 13, 15, 14, 31, 32, 11, 9, 10, 8, 7, 6, 5, 30, 29, 27, 28, 1, 2, 3, 36, 37, 39, 38, 42, 41, 40, 26, 
35, 22, 23, 21, 24, 25, 26, 40, 41, 42, 38, 39, 37, 36, 17, 2, 1, 28, 27, 29, 30, 7, 6, 5, 8, 10, 9, 31, 32, 11, 14, 12, 13, 33, 34, 16, 19, 18, 20, 15, 3, 4, 0, 
24, 25, 26, 40, 41, 42, 38, 39, 37, 36, 3, 2, 1, 28, 27, 29, 30, 7, 8, 10, 9, 11, 32, 31, 14, 12, 13, 33, 34, 16, 19, 18, 20, 15, 17, 4, 0, 35, 22, 23, 21, 5, 6, 
39, 38, 42, 41, 40, 26, 25, 1, 21, 23, 22, 35, 0, 4, 17, 15, 20, 18, 19, 16, 34, 33, 13, 12, 14, 31, 32, 11, 9, 10, 8, 5, 6, 7, 30, 29, 27, 28, 24, 2, 3, 36, 37, 
8, 7, 6, 5, 30, 29, 27, 28, 1, 2, 3, 21, 37, 39, 38, 42, 41, 40, 26, 25, 24, 36, 23, 22, 35, 0, 4, 17, 15, 20, 18, 19, 16, 34, 33, 13, 12, 14, 31, 32, 11, 9, 10, 
7, 30, 29, 27, 28, 1, 2, 3, 36, 37, 39, 38, 42, 41, 40, 26, 25, 24, 21, 23, 22, 35, 0, 4, 17, 15, 11, 18, 19, 16, 34, 33, 13, 12, 14, 31, 32, 20, 9, 10, 8, 5, 6, 
36, 37, 39, 38, 42, 41, 40, 11, 25, 24, 21, 23, 22, 35, 0, 4, 17, 15, 20, 18, 19, 16, 34, 33, 13, 12, 14, 31, 32, 26, 9, 10, 8, 7, 6, 5, 30, 29, 27, 28, 1, 2, 3, 
20, 18, 19, 16, 8, 33, 13, 12, 14, 11, 37, 31, 9, 10, 34, 5, 6, 7, 30, 29, 27, 28, 1, 2, 3, 36, 32, 39, 38, 42, 41, 40, 26, 25, 24, 21, 23, 22, 35, 0, 4, 17, 15, 
9, 11, 32, 31, 14, 12, 13, 33, 34, 16, 6, 18, 20, 15, 17, 4, 0, 35, 22, 23, 21, 24, 25, 26, 40, 41, 42, 38, 39, 37, 36, 3, 2, 1, 28, 27, 29, 30, 7, 19, 5, 8, 10, 
11, 9, 10, 8, 7, 6, 5, 30, 29, 27, 28, 1, 2, 3, 36, 37, 39, 38, 42, 41, 40, 26, 25, 24, 21, 23, 22, 35, 4, 0, 17, 15, 20, 18, 19, 16, 34, 33, 13, 12, 14, 31, 32, 
35, 22, 23, 21, 24, 25, 26, 40, 41, 42, 38, 39, 37, 36, 3, 2, 1, 28, 27, 29, 30, 7, 8, 10, 9, 11, 32, 31, 14, 12, 13, 33, 34, 16, 19, 18, 20, 15, 17, 4, 0, 6, 5, 
7, 30, 29, 27, 28, 1, 2, 3, 36, 37, 39, 38, 42, 41, 40, 26, 25, 24, 21, 23, 22, 35, 0, 9, 17, 15, 20, 18, 19, 16, 34, 33, 13, 12, 14, 31, 32, 11, 4, 10, 8, 5, 6, 
18, 20, 15, 17, 4, 0, 35, 22, 23, 21, 24, 25, 12, 13, 33, 34, 16, 19, 32, 31, 14, 2, 1, 28, 27, 29, 30, 5, 6, 7, 8, 10, 9, 11, 3, 36, 37, 39, 38, 42, 41, 40, 26, 
35, 22, 23, 21, 33, 25, 26, 40, 41, 42, 38, 39, 37, 36, 3, 2, 1, 28, 27, 29, 30, 7, 6, 5, 8, 10, 9, 31, 32, 11, 14, 12, 13, 24, 34, 16, 19, 18, 20, 15, 17, 4, 0, 
36, 37, 39, 38, 42, 41, 40, 26, 25, 24, 21, 23, 22, 35, 29, 4, 17, 15, 20, 18, 19, 16, 34, 33, 13, 12, 14, 31, 32, 11, 9, 10, 8, 7, 6, 5, 30, 0, 27, 28, 1, 2, 3, 
23, 24, 21, 25, 22, 35, 0, 4, 15, 17, 20, 18, 19, 16, 34, 33, 13, 12, 14, 31, 32, 11, 9, 10, 3, 7, 1, 5, 30, 29, 27, 28, 6, 2, 8, 36, 37, 39, 38, 42, 41, 40, 26, 
11, 9, 10, 8, 7, 6, 5, 30, 29, 27, 28, 1, 2, 3, 36, 37, 39, 38, 42, 41, 40, 20, 25, 24, 21, 23, 22, 35, 0, 4, 17, 15, 26, 18, 19, 16, 34, 33, 13, 12, 14, 31, 32, 
39, 38, 42, 41, 40, 26, 2, 24, 21, 23, 22, 29, 0, 4, 17, 15, 20, 18, 19, 16, 34, 33, 13, 12, 14, 11, 32, 31, 9, 10, 8, 5, 6, 7, 30, 35, 27, 28, 1, 25, 3, 36, 37, 
2, 32, 31, 9, 11, 14, 12, 13, 33, 34, 16, 19, 18, 20, 15, 17, 24, 0, 35, 22, 23, 21, 4, 25, 1, 40, 41, 42, 38, 39, 37, 36, 3, 28, 26, 10, 27, 29, 30, 7, 6, 5, 8, 
27, 29, 30, 7, 6, 5, 8, 10, 32, 31, 9, 35, 14, 12, 13, 33, 34, 16, 19, 18, 20, 15, 17, 4, 0, 11, 22, 23, 21, 24, 25, 26, 40, 41, 42, 38, 39, 37, 36, 3, 2, 1, 28, 
39, 38, 42, 41, 40, 26, 25, 24, 21, 23, 9, 35, 0, 4, 17, 15, 20, 18, 19, 16, 34, 33, 13, 12, 14, 11, 32, 31, 22, 10, 8, 5, 6, 7, 30, 29, 27, 28, 1, 2, 3, 36, 37, 
38, 42, 41, 40, 11, 29, 24, 21, 23, 22, 35, 0, 4, 17, 15, 20, 18, 25, 16, 34, 33, 13, 12, 14, 26, 32, 31, 9, 10, 8, 5, 6, 7, 30, 19, 27, 28, 1, 2, 3, 36, 37, 39, 
20, 18, 19, 16, 22, 33, 13, 12, 14, 11, 32, 31, 9, 10, 8, 5, 6, 7, 30, 29, 27, 28, 1, 2, 3, 36, 37, 39, 38, 42, 41, 40, 26, 25, 24, 21, 23, 34, 35, 0, 4, 17, 15, 
16, 3, 36, 37, 39, 38, 42, 41, 40, 26, 0, 24, 21, 23, 22, 35, 14, 4, 17, 15, 20, 18, 19, 2, 34, 33, 13, 12, 25, 31, 32, 11, 9, 10, 8, 5, 6, 7, 30, 29, 27, 28, 1, 
16, 34, 33, 13, 12, 14, 8, 32, 31, 9, 10, 11, 5, 6, 7, 35, 18, 27, 28, 1, 2, 3, 36, 37, 39, 38, 42, 41, 40, 26, 25, 24, 21, 23, 22, 30, 0, 4, 17, 15, 20, 29, 19, 
9, 11, 32, 31, 14, 12, 13, 33, 34, 16, 19, 18, 20, 22, 17, 4, 0, 35, 15, 23, 21, 24, 25, 26, 40, 41, 42, 38, 39, 37, 36, 3, 2, 1, 28, 27, 29, 30, 7, 6, 5, 8, 10, 
6, 5, 30, 29, 27, 28, 1, 25, 3, 2, 37, 39, 38, 42, 41, 40, 26, 36, 19, 21, 23, 22, 35, 0, 4, 17, 15, 11, 18, 24, 16, 34, 33, 13, 12, 14, 31, 32, 20, 9, 10, 8, 7, 
41, 42, 38, 39, 37, 36, 3, 2, 28, 27, 29, 30, 7, 6, 5, 8, 10, 9, 11, 32, 31, 14, 12, 13, 33, 34, 16, 19, 18, 20, 15, 17, 4, 0, 35, 22, 23, 21, 24, 25, 26, 40, 1, 
35, 0, 4, 17, 15, 20, 18, 19, 16, 34, 33, 13, 12, 14, 11, 32, 31, 9, 10, 8, 5, 6, 7, 30, 29, 27, 28, 40, 2, 3, 36, 37, 39, 38, 42, 41, 1, 26, 25, 24, 21, 23, 22, 
13, 33, 34, 16, 14, 12, 23, 22, 35, 0, 4, 17, 15, 20, 18, 19, 40, 26, 25, 24, 21, 37, 39, 38, 42, 41, 31, 32, 11, 9, 10, 8, 5, 6, 7, 30, 29, 27, 28, 1, 2, 3, 36, 
15, 24, 21, 23, 22, 35, 0, 4, 17, 39, 20, 13, 19, 16, 34, 33, 18, 12, 14, 31, 32, 11, 9, 10, 8, 7, 6, 5, 30, 37, 27, 28, 1, 2, 3, 36, 29, 25, 38, 42, 41, 40, 26, 
4, 17, 15, 20, 18, 19, 16, 34, 33, 13, 12, 14, 31, 32, 11, 9, 10, 8, 7, 6, 5, 30, 29, 27, 28, 1, 2, 3, 36, 37, 39, 38, 42, 41, 35, 26, 25, 24, 21, 23, 22, 40, 0, 
25, 26, 40, 34, 42, 38, 39, 37, 36, 3, 2, 1, 28, 27, 29, 30, 5, 6, 7, 8, 10, 9, 11, 32, 31, 14, 12, 13, 33, 41, 16, 19, 18, 20, 15, 17, 4, 0, 35, 22, 23, 21, 24, 
Tiempo de ejecucion (total): 13.834
Best fitness a lo largo del tiempo: 
16961, 11789, 11679, 6588, 6339, 6196, 6196, 6163, 6046, 6046, 6030, 5985, 5985, 5947, 5934, 5885, 5885, 5885, 5885, 5885, 5875, 5855, 5855, 5855, 5829, 5829, 5829, 5829, 5810, 5810, 5802, 5795, 5769, 5769, 5769, 5761, 5755, 5755, 5733, 5733, 5733, 5733, 5729, 5719, 5719, 5719, 5713, 5713, 5705, 5695, 5695, 5662, 5662, 5662, 5662, 5662, 5662, 5662, 5662, 5658, 5658, 5658, 5658, 5658, 5658, 5657, 5656, 5656, 5656, 5654, 5652, 5652, 5652, 5650, 5650, 5650, 5650, 5650, 5650, 5650, 5650, 5650, 5650, 5650, 5650, 5650, 5648, 5648, 5648, 5648, 5648, 5648, 5648, 5648, 5648, 5648, 5648, 5648, 5648, 5648, 5648, 5648, 5648, 5648, 5648, 5648, 5648, 5648, 5648, 5648, 5648, 5648, 5648, 5646, 5646, 5646, 5646, 5644, 5644, 5644, 5644, 5644, 5644, 5644, 5644, 5644, 5644, 5644, 5644, 5644, 5644, 5644, 5644, 5638, 5638, 5638, 5638, 5636, 5636, 5636, 5636, 5636, 5636, 5636, 5636, 5636, 5636, 5636, 5636, 5636, 5636, 5636, 5636, 5636, 5636, 5636, 5636, 5636, 5636, 5636, 5636, 5636, 5636, 5636, 5636, 5636, 5636, 5636, 5636, 5636, 5636, 5636, 5636, 5636, 5636, 5636, 5636, 5636, 5636, 5636, 5636, 5636, 5636, 5636, 5636, 5636, 5636, 5636, 5636, 5636, 5636, 5636, 5636, 5636, 5636, 5636, 5636, 5636, 5636, 5636, 5636, 5636, 5636, 5636, 5636, 5636, 5636, 5636, 5636, 5636, 5636, 5636, 5636, 5636, 5636, 5636, 5636, 5636, 5636, 5636, 5636, 5636, 5636, 5636, 5636, 5636, 5636, 5636, 5636, 5636, 5636, 5636, 5636, 5636, 5636, 5636, 5636, 5636, 5636, 5636, 5636, 5636, 5636, 5636, 5636, 5636, 5636, 5636, 5636, 5636, 5636, 5636, 5636, 5636, 5634, 5634, 5634, 5628, 5628, 5628, 5628, 5628, 5628, 5628, 5628, 5628, 5628, 5628, 5628, 5628, 5628, 5628, 5628, 5628, 5628, 5628, 5628, 5628, 5628, 5628, 5628, 5628, 5628, 5628, 5628, 5628, 5628, 5628, 5628, 5628, 5628, 5628, 5628, 5628, 5628, 5628, 5628, 5628, 5628, 5628, 5628, 5628, 5628, 5628, 5628, 5628, 5628, 5628, 5628, 5628, 5628, 5628, 5628, 5628, 5628, 5628, 5628, 5628, 5628, 5628, 5628, 5628, 5628, 5628, 5628, 5628, 5628, 5628, 5628, 5628, 5628, 5628, 5628, 5628, 5628, 5628, 5628, 5628, 5628, 5628, 5628, 5628, 5628, 5628, 5628, 5628, 5628, 5628, 5628, 5628, 5628, 5628, 5628, 5628, 5628, 5628, 5628, 5628, 5628, 5628, 5628, 5628, 5628, 5628, 5628, 5628, 5628, 5628, 5628, 5628, 5628, 5628, 5628, 5628, 5628, 5628, 5628, 5628, 5628, 5628, 5628, 5628, 5628, 5628, 5628, 5628, 5628, 5628, 5628, 5628, 5628, 5628, 5628, 5628, 5628, 5628, 5628, 5628, 5628, 5628, 5628, 5628, 5628, 5628, 5628, 5628, 5628, 5628, 5628, 5628, 5628, 5628, 5628, 5628, 5628, 5628, 5628, 5628, 5628, 5628, 5628, 5628, 5628, 5628, 5628, 5628, 5628, 5628, 5628, 5628, 5628, 5628, 5628, 5628, 5628, 5628, 5628, 5628, 5628, 5628, 5628, 5628, 5628, 5628, 5628, 5628, 5628, 5628, 5628, 5628, 5628, 5628, 5628, 5628, 5628, 5628, 5628, 5628, 5628, 5628, 5628, 5628, 5628, 5628, 5628, 5628, 5628, 5628, 5628, 5628, 5628, 5628, 5628, 5628, 5628, 5628, 5628, 5628, 5628, 5628, 5628, 5628, 5628, 5628, 5628, 5628, 5628, 5628, 5628, 5628, 5628, 5628, 5628, 5628, 5628, 5628, 5628, 5628, 5628, 5628, 5628, 5628, 5628, 5628, 5628, 5628, 5628, 5628, 5628, 5628, 5628, 5628, 5628, 5628, 5628, 5628, 5628, 5628, 5628, 5628, 5628, 5628, 5628, 5628, 5628, 5628, 5628, 5628, 5628, 5628, 5628, 5628, 5628, 5628, 5628, 5628, 5628, 5628, 5628, 5628, 5628, 5628, 5628, 5628, 5628, 5628, 5628, 5628, 5628, 5628, 5628, 5628, 5628, 5628, 5628, 5628, 5628, 5628, 5628, 5628, 5628, 5628, 5628, 5628, 5628, 5628, 5628, 5628, 5628, 5628, 5628, 5628, 5628, 5628, 5628, 5628, 5628, 5628, 5628, 5628, 5628, 5628, 5628, 5628, 5628, 5628, 5628, 5628, 5628, 5628, 5628, 5628, 5628, 5628, 5628, 5628, 5628, 5628, 5628, 5628, 5628, 5628, 5628, 5628, 5628, 5628, 5628, 5628, 5628, 5628, 5628, 5628, 5628, 5628, 5628, 5628, 5628, 5628, 5628, 5628, 5628, 5628, 5628, 5628, 5628, 5628, 5628, 5628, 5628, 5628, 5628, 5628, 5628, 5628, 5628, 5628, 5628, 5628, 5628, 5628, 5628, 5628, 5628, 5628, 5628, 5628, 5628, 5628, 5628, 5628, 5628, 5628, 5628, 5628, 5628, 5628, 5628, 5628, 5628, 5628, 5628, 5628, 5628, 5628, 5628, 5628, 5628, 5628, 5628, 5628, 5628, 5628, 5628, 5628, 5628, 5628, 5628, 5628, 5628, 5628, 5628, 5628, 5628, 5628, 5628, 5628, 5628, 5628, 5628, 5628, 5628, 5628, 5628, 5628, 5628, 5628, 5628, 5628, 5628, 5628, 5628, 5628, 5628, 5628, 5628, 5628, 5628, 5628, 5628, 5628, 5628, 5628, 5628, 5628, 5628, 5628, 5628, 5628, 5628, 5628, 5628, 5628, 5628, 5628, 5628, 5628, 5628, 5628, 5628, 5628, 5628, 5628, 5628, 5628, 5628, 5628, 5628, 5628, 5628, 5628, 5628, 5628, 5628, 5628, 5628, 5628, 5628, 5628, 5628, 5628, 5628, 5628, 5628, 5628, 5628, 5628, 5628, 5628, 5628, 5628, 5628, 5628, 5628, 5628, 5628, 5628, 5628, 5628, 5628, 5628, 5628, 5628, 5628, 5628, 5628, 5628, 5628, 5628, 5628, 5628, 5628, 5628, 5628, 5628, 5628, 5628, 5628, 5628, 5628, 5628, 5628, 5628, 5628, 5628, 5628, 5628, 5628, 5628, 5628, 5628, 5628, 5628, 5628, 5628, 5628, 5628, 5628, 5628, 5628, 5628, 5628, 5628, 5628, 5628, 5628, 5628, 5628, 5628, 5628, 5628, 5628, 5628, 5628, 5628, 5628, 5628, 5628, 5628, 5628, 5628, 5628, 5628, 5628, 5628, 5628, 5628, 5628, 5628, 5628, 5628, 5628, 5628, 5628, 5628, 5628, 5628, 5628, 5628, 5628, 5628, 5628, 5628, 5628, 5628, 5628, 5628, 5628, 5628, 5628, 5628, 5628, 5628, 5628, 5628, 5628, 5628, 5628, 5628, 5628, 5628, 5628, 5628, 5628, 5628, 5628, 5628, 5628, 5628, 5628, 5628, 5628, 5628, 5628, 5628, 5628, 5628, 5628, 5628, 5628, 5628, 5628, 5628, 5628, 5628, 5628, 5628, 5628, 5628, 5628, 5628, 5628, 5628, 5628, 5628, 5628, 5628, 5628, 5628, 5628, 5628, 5628, 5628, 5628, 5628, 5628, 5628, 5628, 5628, 5628, 5628, 5628, 5628, 5628, 5628, 5628, 5628, 5628, 5628, 5628, 5628, 5628, 5628, 5628, 5628, 5628, 5628, 5628, 5628, 5628, 5628, 5628, 5628, 5628, 5628, 5628, 5628, 5628, 5628, 5628, 5628, 5628, 5628, 5628, 5628, 5628, 5628, 5628, 5628, 5628, 5628, 5628, 5628, 5628, 5628, 5628, 5628, 5628, 5628, 5628, 5628, 5628, 5628, 5628, 5628, 5628, 5628, 5628, 5628, 5628, 5628, 5628, 5628, 5628, 5628, 5628, 5628, 5628, 5628, 5628, 5628, 5628, 5628, 5628, 5628, 5628, 5628, 5628, 5628, 5628, 5628, 5628, 5628, 5628, 5628, 5628, 5628, 5628, 5628, 5628, 5628, 5628, 5628, 5628, 5628, 5628, 5628, 5628, 5628, 5628, 5628, 5628, 5628, 5628, 5628, 5628, 5628, 5628, 5628, 5628, 5628, 5628, 5628, 5628, 5628, 5628, 5628, 5628, 5628, 5628, 5628, 5628, 5628, 5628, 5628, 5628, 5628, 5628, 5628, 5628, 5628, 5628, 5628, 5628, 5628, 5628, 5628, 5628, 5628, 5628, 5628, 5628, 5628, 5628, 5628, 5628, 5628, 5628, 5628, 5628, 5628, 5628, 5628, 5628, 5628, 5628, 5628, 5628, 5628, 5628, 5628, 5628, 5628, 5628, 5628, 5628, 5628, 5628, 5628, 5628, 5628, 5628, 5628, 5628, 5628, 5628, 5628, 5628, 5628, 5628, 5628, 5628, 5628, 5628, 5628, 5628, 5628, 5628, 5628, 5628, 5628, 5628, 5628, 5628, 5628, 5628, 5628, 5628, 5628, 5628, 5628, 5628, 5628, 5628, 5628, 5628, 5628, 5628, 5628, 5628, 5628, 5628, 5628, 5628, 5628, 5628, 5628, 5628, 5628, 5628, 5628, 5628, 5628, 5628, 5628, 5628, 5628, 5628, 5628, 5628, 5628, 5628, 5628, 5628, 5628, 5628, 5628, 5628, 5628, 5628, 5628, 5628, 5628, 5628, 5628, 5628, 5628, 5628, 5628, 5628, 5628, 5628, 5628, 5628, 5628, 5628, 5628, 5628, 5628, 5628, 5628, 5628, 5628, 5628, 5628, 5628, 5628, 5628, 5628, 5628, 5628, 5628, 5628, 5628, 5628, 5628, 5628, 5628, 5628, 5628, 5628, 5627, 5627, 5627, 5627, 5627, 5627, 5627, 5627, 5627, 5627, 5627, 5627, 5627, 5627, 5627, 5627, 5627, 5627, 5627, 5627, 5627, 5627, 5627, 5627, 5627, 5627, 5627, 5627, 5627, 5627, 5627, 5627, 5627, 5627, 5627, 5627, 5627, 5627, 5627, 5627, 5627, 5627, 5627, 5627, 5627, 5627, 5627, 5627, 5627, 5627, 5627, 5627, 5627, 5627, 5627, 5627, 5627, 5627, 5627, 5627, 5627, 5627, 5627, 5627, 5627, 5627, 5627, 5627, 5627, 5627, 5627, 5627, 5627, 5627, 5627, 5627, 5627, 5627, 5627, 5627, 5627, 5627, 5627, 5627, 5627, 5627, 5627, 5627, 5627, 5627, 5627, 5627, 5627, 5627, 5627, 5627, 5627, 5627, 5627, 5627, 5627, 5627, 5627, 5627, 5627, 5627, 5627, 5627, 5627, 5627, 5627, 5627, 5627, 5627, 5627, 5627, 5627, 5627, 5627, 5627, 5627, 5627, 5627, 5627, 5627, 5627, 5627, 5627, 5627, 5627, 5627, 5627, 5627, 5627, 5627, 5627, 5627, 5627, 5627, 5627, 5627, 5627, 5627, 5627, 5627, 5627, 5627, 5627, 5627, 5627, 5627, 5627, 5627, 5627, 5627, 5627, 5627, 5627, 5627, 5627, 5627, 5627, 5627, 5627, 5627, 5627, 5627, 5627, 5627, 5627, 5627, 5627, 5627, 5627, 5627, 5627, 5627, 5627, 5627, 5627, 5627, 5627, 5627, 5627, 5627, 5627, 5627, 5627, 5627, 5627, 5627, 5627, 5627, 5627, 5627, 5627, 5627, 5627, 5627, 5627, 5627, 5627, 5627, 5627, 5627, 5627, 5627, 5627, 5627, 5627, 5627, 5627, 5627, 5627, 5627, 5627, 5627, 5627, 5627, 5627, 5627, 5627, 5627, 5627, 5627, 5627, 5627, 5627, 5627, 5627, 5627, 5627, 5627, 5627, 5627, 5627, 5627, 5627, 5627, 5627, 5627, 5627, 5627, 5627, 5627, 5627, 5627, 5627, 5627, 5627, 5627, 5627, 5627, 5627, 5627, 5627, 5627, 5627, 5627, 5627, 5627, 5627, 5627, 5627, 5627, 5627, 5627, 5627, 5627, 5627, 5627, 5627, 5627, 5627, 5627, 5627, 5627, 5627, 5627, 5627, 5627, 5627, 5627, 5627, 5627, 5627, 5627, 5627, 5627, 5627, 5627, 5627, 5627, 5627, 5627, 5627, 5627, 5627, 5627, 5627, 5627, 5627, 5627, 5627, 5627, 5627, 5627, 5627, 5627, 5627, 5627, 5627, 5627, 5627, 5627, 5627, 5627, 5627, 5627, 5627, 5627, 5627, 5627, 5627, 5627, 5627, 5627, 5627, 5627, 5627, 5627, 5627, 5627, 5627, 5627, 5627, 5627, 5627, 5627, 5627, 5627, 5627, 5627, 5627, 5627, 5627, 5627, 5627, 5627, 5627, 5627, 5627, 5627, 5627, 5627, 5627, 5627, 5627, 5627, 5627, 5627, 5627, 5627, 5627, 5627, 5627, 5627, 5627, 5627, 5627, 5627, 5627, 5627, 5627, 5627, 5627, 5627, 5627, 5627, 5627, 5627, 5627, 5627, 5627, 5627, 5627, 5627, 5627, 5627, 5627, 5627, 5627, 5627, 5627, 5627, 5627, 5627, 5627, 5627, 5627, 5627, 5627, 5627, 5627, 5627, 5627, 5627, 5627, 5627, 5627, 5627, 5627, 5627, 5627, 5627, 5627, 5627, 5627, 5627, 5627, 5627, 5627, 5627, 5627, 5627, 5627, 5627, 5627, 5627, 5627, 5627, 5627, 5627, 5627, 5627, 5627, 5627, 5627, 5627, 5627, 5627, 5627, 5627, 5627, 5627, 5627, 5627, 5627, 5627, 5627, 5627, 5627, 5627, 5627, 5627, 5627, 5627, 5627, 5627, 5627, 5627, 5627, 5627, 5627, 5627, 5627, 5627, 5627, 5627, 5627, 5627, 5627, 5627, 5627, 5627, 5627, 5627, 5627, 5627, 5627, 5627, 5627, 5627, 5627, 5627, 5627, 5627, 5627, 5627, 5627, 5627, 5627, 5627, 5627, 5627, 5627, 5627, 5627, 5627, 5627, 5627, 5627, 5627, 5627, 5627, 5627, 5627, 5627, 5627, 5627, 5627, 5627, 5627, 5627, 5627, 5627, 5627, 5627, 5627, 5627, 5627, 5627, 5627, 5627, 5627, 5627, 5627, 5627, 5627, 5627, 5627, 5627, 5627, 5627, 5627, 5627, 5627, 5627, 5627, 5627, 5627, 5627, 5627, 5627, 5627, 5627, 5627, 5627, 5627, 5627, 5627, 5627, 5627, 5627, 5627, 5627, 5627, 5627, 5627, 5627, 5627, 5627, 5627, 5627, 5627, 5627, 5627, 5627, 5627, 5627, 5627, 5627, 5627, 5627, 5627, 5627, 5627, 5627, 5627, 5627, 5627, 5627, 5627, 5627, 5627, 5627, 5627, 5627, 5627, 5627, 5627, 5627, 5627, 5627, 5627, 5627, 5627, 5627, 5627, 5627, 5627, 5627, 5627, 5627, 5627, 5627, 5627, 5627, 5627, 5627, 5627, 5627, 5627, 5627, 5627, 5627, 5627, 5627, 5627, 5627, 5627, 5627, 5627, 5627, 5627, 5627, 5627, 5627, 5627, 5627, 5627, 5627, 5627, 5627, 5627, 5627, 5627, 5627, 5627, 5627, 5627, 5627, 5627, 5627, 5627, 5627, 5627, 5627, 5627, 5627, 5627, 5627, 5627, 5627, 5627, 5627, 5627, 5627, 5627, 5627, 5627, 5627, 5627, 5627, 5627, 5627, 5627, 5627, 5627, 5627, 5627, 5627, 5627, 5627, 5627, 5627, 5627, 5627, 5627, 5627, 5627, 5627, 5627, 5627, 5627, 5627, 5627, 5627, 5627, 5627, 5627, 5627, 5627, 5627, 5627, 5627, 5627, 5627, 5627, 5627, 5627, 5627, 5627, 5627, 5627, 5627, 5627, 5627, 5627, 5627, 5627, 5627, 5627, 5627, 5627, 5627, 5627, 5627, 5627, 5627, 5627, 5627, 5627, 5627, 5627, 5627, 5627, 5627, 5627, 5627, 5627, 5627, 5627, 5627, 5627, 5627, 5627, 5627, 5627, 5627, 5627, 5627, 5627, 5627, 5627, 5627, 5627, 5627, 5627, 5627, 5627, 5627, 5627, 5627, 5627, 5627, 5627, 5627, 5627, 5627, 5627, 5627, 5627, 5627, 5627, 5627, 5627, 5627, 5627, 5627, 5627, 5627, 5627, 5627, 5627, 5627, 5627, 5627, 5627, 5627, 5627, 5627, 5627, 5627, 5627, 5627, 5627, 5627, 5627, 5627, 5627, 5627, 5627, 5627, 5627, 5627, 5627, 5627, 5627, 5627, 5627, 5627, 5627, 5627, 5627, 5627, 5627, 5627, 5627, 5627, 5627, 5627, 5627, 5627, 5627, 5627, 5626, 5626, 5626, 5626, 5626, 5626, 5626, 5626, 5626, 5626, 5626, 5626, 5626, 5626, 5626, 5626, 5626, 5626, 5626, 5626, 5626, 5626, 5626, 5626, 5626, 5626, 5626, 5626, 5626, 5626, 5626, 5626, 5626, 5626, 5626, 5626, 5626, 5626, 5626, 5626, 5626, 5626, 5626, 5626, 5626, 5626, 5626, 5626, 5626, 5626, 5626, 5626, 5626, 5626, 5626, 5626, 5626, 5626, 5626, 5626, 5626, 5626, 5626, 5626, 5626, 5626, 5626, 5626, 5626, 5626, 5626, 5626, 5626, 5626, 5626, 5626, 5626, 5626, 5626, 5626, 5626, 5626, 5626, 5626, 5626, 5626, 5626, 5626, 5626, 5626, 5626, 5626, 5626, 5626, 5626, 5626, 5626, 5626, 5626, 5626, 5626, 5626, 5626, 5626, 5626, 5626, 5626, 5626, 5626, 5626, 5626, 5626, 5626, 5626, 5626, 5626, 5626, 5626, 5626, 5626, 5626, 5626, 5626, 5626, 5626, 5626, 5626, 5626, 5626, 5626, 5626, 5626, 5626, 5626, 5626, 5626, 5626, 5626, 5626, 5626, 5626, 5626, 5626, 5626, 5626, 5626, 5626, 5626, 5626, 5626, 5626, 5626, 5626, 5626, 5626, 5626, 5626, 5626, 5626, 5626, 5626, 5626, 5626, 5626, 5626, 5626, 5626, 5626, 5626, 5626, 5626, 5626, 5626, 5626, 5626, 5626, 5626, 5626, 5626, 5626, 5626, 5626, 5626, 5626, 5626, 5626, 5626, 5626, 5626, 5626, 5626, 5626, 5626, 5626, 5626, 5626, 5626, 5626, 5626, 5626, 5626, 5626, 5626, 5626, 5626, 5626, 5626, 5626, 5626, 5626, 5626, 5626, 5626, 5626, 5626, 5626, 5626, 5626, 5626, 5626, 5626, 5626, 5626, 5626, 5626, 5626, 5626, 5626, 5626, 5626, 5626, 5626, 5626, 5626, 5626, 5626, 5626, 5626, 5626, 5626, 5626, 5626, 5626, 5626, 5626, 5626, 5626, 5626, 5626, 5626, 5626, 5626, 5626, 5626, 5626, 5626, 5626, 5626, 5626, 5626, 5626, 5626, 5626, 5626, 5626, 5626, 5626, 5626, 5626, 5626, 5626, 5626, 5626, 5626, 5626, 5626, 5626, 5626, 5626, 5626, 5626, 5626, 5626, 5626, 5626, 5626, 5626, 5626, 5626, 5626, 5626, 5626, 5626, 5626, 5626, 5626, 5626, 5626, 5626, 5626, 5626, 5626, 5626, 5626, 5626, 5626, 5626, 5626, 5626, 5626, 5626, 5626, 5626, 5626, 5626, 5626, 5626, 5626, 5626, 5626, 5626, 5626, 5626, 5626, 5626, 5626, 5626, 5626, 5626, 5626, 5626, 5626, 5626, 5626, 5626, 5626, 5626, 5626, 5626, 5626, 5626, 5626, 5626, 5626, 5626, 5626, 5626, 5626, 5626, 5626, 5626, 5626, 5626, 5626, 5626, 5626, 5626, 5626, 5626, 5626, 5626, 5626, 5626, 5626, 5626, 5626, 5626, 5626, 5626, 5626, 5626, 5626, 5626, 5626, 5626, 5626, 5626, 5626, 5626, 5626, 5626, 5626, 5626, 5626, 5626, 5626, 5626, 5626, 5626, 5626, 5626, 5626, 5626, 5626, 5626, 5626, 5626, 5626, 5626, 5626, 5624, 5624, 5624, 5624, 5624, 5624, 5624, 5624, 5624, 5624, 5624, 5624, 5624, 5624, 5624, 5624, 5624, 5624, 5624, 5624, 5624, 5624, 5624, 5624, 5622, 5622, 5622, 5622, 5622, 5622, 5622, 5622, 5622, 5622, 5622, 5622, 5622, 5622, 5622, 5622, 5622, 5622, 5622, 5622, 5622, 5622, 5622, 5622, 5622, 5622, 5622, 5622, 5622, 5622, 5622, 5622, 5622, 5622, 5622, 5622, 5622, 5622, 5622, 5622, 5622, 5622, 5622, 5622, 5622, 5622, 5622, 5622, 5622, 5622, 5622, 5622, 5622, 5622, 5622, 5622, 5622, 5622, 5622, 5622, 5622, 5622, 5622, 5622, 5622, 5622, 5622, 5622, 5622, 5622, 5622, 5622, 5622, 5622, 5622, 5622, 5622, 5622, 5622, 5622, 5622, 5622, 5622, 5622, 5622, 5622, 5622, 5622, 5622, 5622, 5622, 5622, 5622, 5622, 5622, 5622, 5622, 5622, 5622, 5622, 5622, 5622, 5622, 5622, 5622, 5622, 5622, 5622, 5622, 5622, 5622, 5622, 5622, 5622, 5622, 5622, 5622, 5622, 5622, 5622, 5622, 5622, 5622, 5622, 5622, 5620, 
Fitness promedio a lo largo del tiempo: 
20283, 17046, 15151, 12798, 11378, 9629, 7867, 7467, 7966, 6855, 7009, 6882, 7288, 7967, 7527, 6975, 7126, 7274, 6733, 6378, 7116, 7205, 6559, 7269, 6499, 7021, 6663, 6146, 6768, 6780, 6047, 5983, 7124, 6858, 6597, 6929, 6788, 6449, 6434, 6913, 6104, 6939, 7132, 6858, 6838, 7006, 6902, 6398, 6762, 7509, 6617, 6579, 6703, 6901, 6782, 6781, 6993, 6285, 6282, 5971, 5758, 6361, 5983, 5966, 5927, 5684, 6268, 5816, 6569, 6613, 5705, 5944, 6081, 6293, 5704, 6093, 5671, 5653, 6074, 5665, 5662, 5661, 6165, 5800, 5665, 5743, 5684, 5660, 6483, 5855, 5965, 5657, 5655, 5853, 5858, 6345, 6376, 5664, 5980, 5686, 6230, 6344, 5677, 5918, 5659, 6183, 6135, 5666, 5696, 5671, 5930, 5687, 5667, 5664, 5671, 5968, 6509, 5722, 6128, 5783, 5953, 5852, 5815, 5659, 5668, 5893, 5658, 5892, 6067, 6013, 5669, 5859, 5915, 6026, 5669, 5799, 5833, 6389, 5676, 5661, 5895, 5896, 5652, 5660, 6694, 6055, 6612, 5677, 5849, 5868, 6057, 5680, 5657, 5803, 5659, 5949, 5654, 6214, 5670, 5665, 6802, 5685, 5656, 6790, 5655, 6557, 5955, 5796, 6121, 6254, 5900, 5670, 5650, 5657, 6066, 5946, 5656, 5949, 5718, 5955, 5652, 5843, 5650, 5674, 6703, 5851, 5766, 6014, 6778, 5903, 5780, 5668, 6380, 5653, 6170, 5947, 6260, 6015, 5793, 5849, 6051, 5666, 6382, 6721, 5659, 5892, 5845, 5655, 6061, 5824, 5661, 5801, 6174, 5682, 5656, 6112, 5656, 5664, 6280, 5745, 5650, 5667, 5661, 5665, 5994, 6116, 5657, 5795, 5664, 6057, 5662, 6062, 5717, 5854, 5663, 6050, 6008, 6430, 5657, 6970, 5658, 5835, 5894, 5843, 5848, 5678, 5850, 5784, 6011, 5652, 5886, 5898, 6269, 5670, 5766, 6157, 5856, 6435, 5847, 5962, 5842, 5829, 5645, 6469, 5643, 5683, 5902, 5778, 6107, 6002, 5640, 6110, 6090, 5648, 5779, 5645, 5884, 5672, 6401, 5948, 5850, 5686, 5642, 5653, 5892, 5639, 5645, 5638, 6311, 5785, 5727, 5722, 5672, 5878, 5648, 5944, 5734, 6323, 5974, 5644, 5724, 5739, 5642, 5658, 5824, 5704, 6262, 5853, 5643, 5697, 5906, 5656, 5667, 6258, 5897, 5644, 5948, 5998, 5788, 5651, 5755, 5998, 5643, 5780, 5643, 5664, 5835, 5734, 6159, 6180, 5650, 5795, 5940, 5640, 6005, 5756, 5811, 5742, 5790, 5999, 5834, 5660, 5726, 6051, 5642, 5674, 5649, 5650, 5643, 6216, 6488, 6107, 5666, 7180, 5661, 5733, 5843, 5648, 5880, 5837, 5997, 5676, 6153, 6158, 5640, 6166, 5776, 5653, 5644, 5712, 5837, 5950, 5640, 5674, 5638, 5651, 5666, 5652, 6383, 5640, 5651, 5762, 6271, 6050, 5648, 5654, 5877, 5913, 5747, 5847, 6254, 5987, 6155, 6436, 5676, 6364, 5721, 5641, 6326, 5756, 5645, 6267, 5725, 5840, 5947, 5668, 5677, 6187, 6063, 6224, 5940, 5783, 5999, 6162, 5947, 5662, 5655, 5877, 5655, 6316, 5660, 5889, 5668, 5682, 5735, 5686, 5943, 5715, 5638, 5999, 6159, 5842, 5646, 6414, 5886, 5725, 5808, 5720, 5640, 5905, 5645, 5652, 6226, 5640, 5654, 5642, 6010, 5933, 5953, 5669, 5802, 5668, 5933, 5650, 6318, 6408, 5832, 5981, 5852, 6844, 6228, 5645, 5654, 5675, 5879, 5650, 5637, 5729, 5654, 5823, 6040, 5664, 5657, 6168, 5644, 5956, 5649, 5687, 5999, 5879, 5662, 6113, 6225, 5639, 5654, 6258, 5950, 5846, 6106, 5645, 5949, 6390, 5817, 5654, 5780, 5646, 5664, 5644, 5728, 5797, 5775, 6482, 6117, 5800, 5655, 5664, 5645, 5648, 6094, 6272, 6007, 5642, 6160, 5648, 5756, 5646, 6452, 5967, 5656, 6049, 6164, 5997, 5637, 5649, 5643, 5996, 5946, 5643, 5777, 5654, 6011, 5827, 5736, 5668, 5943, 5640, 5667, 5675, 5827, 6018, 5655, 5889, 6049, 5645, 6367, 5640, 5638, 5893, 5685, 5660, 5661, 5652, 5980, 6057, 6486, 5716, 5770, 5716, 5793, 6104, 5884, 5765, 5714, 5652, 5758, 6158, 5649, 6153, 5941, 6167, 5643, 5652, 5837, 5946, 5798, 5767, 6553, 5662, 5712, 5999, 5643, 5646, 5641, 5647, 5649, 5653, 5636, 5722, 5676, 5649, 5731, 6009, 5639, 5644, 6045, 5641, 6317, 5641, 5639, 5892, 5647, 5737, 5651, 5643, 5885, 5666, 5791, 5645, 6527, 6429, 5646, 5636, 5924, 5835, 5881, 5665, 5990, 6116, 5840, 5652, 6163, 6207, 5650, 5679, 5760, 5648, 5643, 6036, 5955, 5881, 5681, 5768, 5644, 5658, 5639, 6199, 5942, 5657, 5668, 6332, 5677, 5881, 6163, 6004, 5653, 6271, 5935, 5649, 5657, 5659, 5946, 5900, 5841, 5657, 6102, 5760, 5673, 5637, 5996, 6485, 5905, 5651, 5950, 5892, 6166, 6214, 5662, 6113, 5660, 5670, 5659, 5640, 5799, 5663, 5642, 5646, 5639, 5728, 5991, 5639, 5730, 5690, 5665, 6096, 5989, 5989, 5644, 5961, 6116, 5654, 5714, 6045, 6164, 6315, 6257, 6107, 5651, 5648, 5715, 6052, 5652, 6440, 5658, 5656, 6043, 6529, 5884, 5664, 5998, 5691, 5951, 5640, 6317, 5665, 6075, 6322, 5846, 5669, 5960, 5653, 5655, 5709, 5877, 5648, 5939, 5676, 5658, 6274, 5648, 5660, 6056, 5662, 5664, 6379, 5724, 6096, 5648, 5784, 6034, 5646, 5652, 5645, 5640, 5917, 6210, 5679, 5952, 5642, 6435, 6372, 5661, 5687, 6015, 5645, 5650, 6124, 6475, 6647, 5646, 5640, 5646, 5650, 5648, 5645, 5725, 5639, 5816, 5646, 6377, 6044, 5656, 5641, 6208, 5828, 5638, 5991, 5948, 5649, 5664, 5643, 5647, 5945, 6000, 6319, 6309, 5663, 5886, 5784, 5878, 5940, 5836, 5660, 5887, 6264, 5657, 5681, 6104, 6053, 6068, 6206, 5653, 5673, 5645, 5838, 6232, 5647, 5687, 6045, 5661, 5651, 5796, 6323, 6172, 5654, 5674, 6168, 5777, 5650, 6315, 5639, 5784, 5747, 6163, 5644, 5641, 6387, 5662, 5706, 5901, 6006, 5667, 5644, 6166, 5650, 5652, 6057, 5774, 5830, 5682, 5654, 5839, 5726, 6250, 5952, 5652, 6153, 6172, 5670, 6091, 6678, 5680, 5647, 5724, 6261, 5956, 5671, 5645, 5782, 5829, 5985, 5658, 5770, 5894, 6533, 5665, 5734, 5647, 5641, 5784, 6104, 5634, 5649, 5644, 5881, 5960, 5657, 5641, 6469, 5782, 5643, 6004, 5721, 5881, 6432, 5950, 5740, 6322, 5716, 5930, 5835, 5639, 5668, 5647, 6227, 6094, 5829, 5931, 5652, 6172, 5648, 5653, 5794, 5642, 5653, 6107, 5651, 5652, 5793, 5665, 5651, 5832, 5642, 5894, 5653, 5642, 6570, 6276, 5644, 5642, 6055, 5651, 6002, 5877, 5638, 6326, 5656, 5653, 6068, 5638, 6365, 5634, 5647, 6309, 5902, 5643, 6603, 5777, 5645, 5647, 5657, 5884, 5860, 5729, 6257, 5961, 5992, 5642, 5650, 5655, 5845, 5644, 6492, 5652, 5998, 5654, 6097, 5803, 5765, 5643, 5649, 5645, 5652, 5846, 6006, 5639, 6103, 6320, 5650, 5860, 5641, 5654, 5640, 5690, 5651, 5641, 5787, 6199, 5886, 5991, 5657, 6592, 5646, 5649, 6235, 6209, 5885, 5645, 5658, 5955, 5651, 5663, 5933, 5650, 5966, 6380, 5648, 6062, 5786, 5863, 5944, 5658, 5642, 5676, 5962, 6102, 5643, 5652, 6253, 5722, 5704, 5651, 6062, 5955, 6548, 5660, 5644, 5932, 5644, 6325, 6065, 6045, 5660, 5847, 5651, 5885, 5990, 5674, 5651, 5656, 5804, 6482, 6106, 5664, 5654, 5643, 6052, 5688, 5648, 6161, 6170, 6263, 5646, 5636, 5963, 5846, 5647, 5644, 5776, 5719, 5781, 5653, 6209, 5650, 6117, 6476, 5780, 6274, 5670, 5950, 5820, 5640, 6163, 6546, 5727, 5642, 5944, 5648, 7024, 5641, 5639, 6308, 5670, 5654, 6099, 6325, 6576, 6324, 6234, 5799, 5685, 5671, 5989, 5996, 6041, 5652, 5816, 6127, 5899, 5943, 5643, 5647, 6064, 5644, 5638, 5840, 5673, 6155, 6011, 5654, 5645, 5984, 5662, 5844, 6117, 5642, 5674, 6052, 6000, 5648, 6407, 6046, 5639, 5641, 5657, 5790, 6031, 5945, 6051, 5950, 5649, 5936, 6046, 5641, 5670, 5994, 5899, 6158, 5691, 5799, 5669, 5665, 5641, 6023, 5903, 5642, 5654, 5661, 6525, 5683, 5655, 5783, 5937, 5886, 6012, 6204, 5902, 6194, 5892, 5651, 5646, 6103, 5641, 6095, 6661, 6159, 6212, 5645, 5677, 5991, 5673, 5641, 5971, 5647, 5656, 5646, 5780, 5644, 6012, 6114, 5895, 6063, 5667, 5661, 6213, 6110, 5940, 5897, 5732, 6428, 5666, 5703, 5998, 5881, 5658, 6372, 5765, 5642, 5644, 5640, 6274, 6274, 5644, 5658, 6206, 5632, 5750, 6107, 5643, 5823, 5663, 5647, 5645, 6540, 5668, 6635, 6611, 6483, 5664, 5787, 6562, 5656, 5638, 5641, 6371, 5646, 5649, 5890, 5665, 6316, 6110, 5641, 5711, 5643, 6004, 5656, 6053, 6202, 6411, 5657, 5755, 5652, 5637, 5652, 5671, 5651, 5687, 6149, 5656, 5673, 5642, 5998, 5896, 5656, 5985, 6110, 6062, 5657, 5646, 5671, 5832, 6327, 5655, 6166, 5674, 6268, 5652, 6201, 6117, 5648, 6102, 5677, 5663, 5647, 6267, 5647, 6219, 6036, 5892, 5997, 5656, 5642, 5662, 6005, 5848, 5663, 5652, 5642, 5839, 5777, 5657, 5783, 5646, 5645, 5819, 5878, 5666, 6013, 5634, 6260, 5648, 6046, 5652, 5680, 6147, 5648, 5871, 5681, 6492, 6333, 6277, 5892, 6218, 6440, 5962, 6381, 6373, 6068, 5639, 5706, 6445, 5642, 5642, 6064, 5734, 5645, 5773, 5993, 6111, 5651, 6443, 5946, 5833, 5702, 6697, 5644, 5656, 5762, 5663, 6208, 6046, 5839, 6050, 5649, 5954, 6043, 6472, 6405, 6442, 5781, 6219, 5723, 5706, 5654, 6666, 5655, 6164, 6011, 5651, 5662, 5670, 6551, 5657, 6325, 6103, 6224, 5850, 6489, 5715, 5885, 5639, 5716, 5885, 6213, 5641, 6311, 5636, 5662, 5884, 5649, 5927, 5926, 5651, 5654, 6212, 5837, 6141, 6382, 5828, 5648, 6195, 6003, 5942, 5640, 5651, 6275, 5637, 5841, 5637, 5640, 6098, 5740, 5816, 5642, 5845, 5665, 5680, 6338, 5653, 6102, 5647, 5829, 5778, 6340, 5652, 5903, 6492, 6281, 5906, 6492, 6328, 6101, 5671, 5653, 5778, 6476, 5656, 5998, 6047, 5641, 6526, 5667, 5664, 5890, 6187, 6105, 6220, 6258, 5949, 6103, 5657, 6471, 5655, 5637, 5677, 6681, 6327, 5640, 6263, 5655, 5841, 5932, 5761, 6265, 5651, 5644, 6227, 6030, 5642, 5735, 5651, 5705, 5679, 5956, 5887, 5733, 5814, 5650, 5661, 5868, 6536, 5642, 6034, 5694, 5650, 6129, 6147, 6068, 5892, 5647, 5671, 6156, 6208, 6445, 5670, 6332, 5771, 5642, 5652, 5791, 5644, 5643, 6225, 5951, 6165, 6435, 6631, 5881, 6104, 5945, 5671, 6063, 5644, 5661, 6103, 6429, 5895, 5807, 6255, 5678, 6062, 5816, 5646, 6311, 5655, 5945, 5869, 5842, 5657, 5644, 6059, 6072, 6105, 5993, 5653, 5685, 5742, 6051, 5893, 5651, 5732, 6162, 6040, 5887, 5669, 6537, 5644, 5642, 5635, 6050, 5897, 5644, 5693, 5764, 6165, 5655, 5665, 5718, 6118, 5832, 5654, 5657, 5887, 5843, 5764, 6166, 6051, 5956, 5643, 5648, 5642, 5668, 5852, 5644, 5793, 6060, 6108, 5935, 5641, 5781, 6265, 5692, 5638, 5721, 5881, 5662, 5647, 6054, 5993, 5729, 5719, 5945, 6529, 6098, 5641, 5654, 6260, 6156, 5658, 5790, 6001, 5647, 5840, 6263, 5643, 5750, 6048, 5645, 5640, 5643, 5666, 6169, 6160, 5643, 5638, 5669, 5648, 6206, 5651, 5644, 6101, 6057, 5765, 5880, 6046, 6264, 5653, 5666, 6362, 5837, 6296, 5953, 5889, 5879, 5637, 5640, 5678, 5640, 5825, 5798, 6216, 5667, 5823, 5684, 5649, 5657, 5715, 5645, 5643, 5656, 5651, 5985, 5951, 5659, 5662, 5946, 5846, 6540, 6321, 5643, 5878, 6215, 5995, 5649, 6051, 5907, 5641, 5794, 6098, 5642, 6470, 5650, 5645, 5786, 5648, 5898, 5751, 5959, 5647, 5726, 6047, 5834, 6283, 5921, 6257, 6163, 5669, 6165, 5657, 5825, 6067, 5666, 6583, 5654, 6163, 6388, 5647, 5637, 6164, 5664, 5646, 5639, 5660, 5650, 5654, 5956, 5653, 5819, 5640, 5641, 6060, 5648, 6472, 5760, 6045, 5940, 5879, 6240, 6108, 6222, 5659, 5884, 5679, 5723, 5654, 6105, 5647, 5648, 5638, 6007, 5875, 5655, 5640, 6055, 5762, 5949, 6214, 5879, 6049, 5654, 6647, 6527, 6020, 6598, 5711, 5668, 5651, 5646, 5655, 5651, 6272, 5648, 5649, 6221, 6157, 5944, 5644, 5846, 6055, 5885, 5821, 5952, 5827, 5679, 5723, 6167, 5886, 5641, 5647, 5929, 5651, 5654, 6105, 5999, 6150, 5673, 5655, 5792, 5658, 5905, 6049, 6009, 6168, 5677, 6010, 5659, 5652, 5679, 6104, 6150, 5933, 5999, 5641, 5963, 6158, 5646, 6101, 6273, 5646, 6155, 5660, 5659, 5953, 6489, 6039, 5644, 5672, 5645, 6258, 6181, 5644, 5666, 5653, 5724, 5840, 6105, 5992, 5663, 5810, 5654, 5696, 5786, 5832, 5688, 6227, 5912, 6436, 5650, 6116, 5716, 5846, 5695, 5945, 5991, 5689, 5713, 5644, 5641, 5844, 5765, 6048, 6320, 5669, 5862, 6213, 5655, 5914, 5652, 5668, 5656, 6223, 6053, 5663, 6151, 5669, 5950, 5655, 5789, 5656, 6315, 5646, 6335, 6117, 5646, 5655, 5673, 5653, 5637, 5645, 5684, 5794, 5876, 6097, 5647, 5674, 5650, 5893, 5680, 6042, 5648, 5635, 6053, 5898, 5648, 5829, 5845, 5643, 5645, 5762, 6264, 5951, 5661, 6110, 5845, 5652, 6317, 6751, 6097, 5938, 5638, 5641, 6050, 6081, 5639, 5895, 6748, 5989, 5959, 5645, 6593, 5720, 5938, 6233, 5897, 5640, 5645, 6102, 5714, 5681, 5643, 6356, 5643, 6049, 6489, 6069, 6005, 6062, 5640, 5649, 5726, 5998, 5827, 5644, 5658, 5738, 6326, 5676, 5936, 5648, 5644, 6198, 5643, 6166, 6496, 5645, 5646, 5826, 5679, 5772, 5646, 5942, 6588, 5671, 6269, 5640, 5649, 6055, 5774, 5841, 5655, 5778, 5936, 5890, 5768, 6420, 6107, 6017, 5697, 6349, 5877, 6102, 5804, 5823, 5656, 5641, 5646, 6099, 5655, 5671, 5645, 6123, 6109, 6203, 6681, 6281, 5944, 6012, 5643, 5996, 5897, 5984, 5793, 5992, 5850, 5652, 6058, 6085, 6283, 5877, 6257, 6426, 5651, 5882, 5639, 5648, 6523, 5738, 5650, 6048, 5736, 5653, 6227, 5655, 5648, 5661, 5877, 6014, 5667, 6053, 6472, 5795, 5645, 5818, 5660, 5844, 5660, 5641, 5801, 6153, 5667, 5955, 5727, 5934, 5650, 5647, 5942, 6108, 6406, 5652, 5991, 5670, 5734, 5682, 5655, 5699, 6103, 5653, 6481, 6646, 5848, 5639, 5637, 5657, 5660, 6544, 5987, 6017, 5645, 5665, 6423, 5874, 5943, 5718, 5711, 5761, 6802, 6313, 5663, 5882, 5888, 5881, 5853, 6149, 5987, 6111, 6009, 5636, 6248, 5950, 6381, 6311, 5667, 5665, 5662, 5666, 5995, 5980, 5984, 5651, 5638, 5856, 5944, 5679, 6203, 5847, 5652, 5632, 5997, 5933, 5647, 6416, 5652, 6115, 5900, 5917, 6338, 5658, 6044, 5990, 6261, 5637, 5740, 6161, 5693, 5642, 5640, 5776, 6361, 5650, 6104, 5893, 5648, 5904, 5634, 5879, 6058, 6335, 6106, 5651, 5730, 5783, 6016, 5642, 6109, 6215, 5635, 5732, 5726, 5648, 6089, 6588, 5934, 5643, 6432, 6427, 6158, 6148, 6097, 5781, 6218, 5823, 5816, 5937, 5648, 5653, 6360, 5724, 5994, 5998, 5664, 5643, 5993, 5883, 6326, 5746, 5668, 6493, 6120, 5695, 6065, 5935, 6100, 6281, 5664, 5895, 6425, 6104, 5665, 6536, 6215, 5794, 5643, 6161, 5953, 5653, 6433, 6652, 6000, 5957, 5650, 6046, 5652, 5837, 5699, 5644, 6220, 6593, 5933, 6583, 5650, 5788, 5638, 5953, 5935, 5641, 5892, 5670, 5856, 5844, 5640, 5866, 5646, 5691, 5661, 5711, 5658, 5645, 5657, 6096, 5946, 7028, 5642, 5640, 5671, 6423, 5744, 5663, 5634, 5891, 5929, 5646, 5718, 5929, 5650, 5675, 6039, 5717, 5654, 5662, 5836, 6314, 5769, 6047, 5782, 5646, 5640, 5663, 5898, 5659, 6262, 5939, 5921, 6171, 6288, 6102, 6255, 5665, 5720, 5939, 6221, 5926, 6279, 5654, 5725, 6747, 6327, 5653, 5840, 6066, 5670, 5867, 5993, 6206, 5937, 6052, 5766, 5955, 6011, 6268, 5775, 5948, 5638, 6216, 6269, 5983, 5768, 5666, 5901, 5879, 6120, 6005, 5646, 5650, 5646, 5680, 6645, 5656, 5961, 6058, 5779, 5655, 6210, 6543, 5673, 5666, 5784, 5640, 5646, 5987, 5899, 5660, 6370, 6644, 5637, 5657, 5862, 5651, 5663, 6214, 6285, 5729, 5667, 5642, 6139, 5667, 5674, 6151, 5790, 5945, 6109, 5839, 5715, 6061, 5654, 6858, 6222, 6066, 5995, 5836, 5944, 6262, 6374, 5884, 6384, 5896, 6494, 5924, 5639, 5645, 5659, 5862, 6094, 6001, 5764, 5998, 5647, 6539, 6325, 5660, 5644, 5798, 6191, 5647, 6154, 5780, 5829, 5686, 5753, 5944, 6231, 6265, 5691, 5639, 6081, 6217, 5755, 5666, 6054, 5708, 5651, 6376, 5659, 6264, 5731, 6373, 5655, 5713, 5955, 5654, 5639, 5789, 6083, 5795, 6135, 5957, 6488, 5648, 6432, 5646, 5645, 5948, 5665, 6489, 5671, 5947, 5825, 6565, 6317, 6009, 5645, 5657, 6152, 5986, 5644, 6270, 5674, 5662, 5774, 5649, 5720, 5739, 5638, 5656, 5989, 5638, 5885, 5832, 5885, 5653, 5758, 6213, 5904, 6034, 5692, 5901, 5677, 6008, 5950, 5721, 6164, 6347, 5946, 5896, 6270, 6056, 6124, 5884, 6165, 5653, 6155, 5651, 5643, 5836, 6146, 6326, 6174, 5656, 6345, 6433, 6455, 6004, 5658, 5852, 5765, 6038, 5836, 6327, 6049, 5668, 6709, 6061, 6270, 6386, 5845, 5932, 5649, 5664, 5675, 5646, 5787, 6126, 6149, 5661, 6270, 6065, 5641, 5887, 5946, 6068, 6108, 6677, 6294, 5677, 5643, 5648, 5648, 6722, 5660, 5733, 5654, 5647, 5727, 5728, 5636, 6276, 5659, 6316, 5988, 6439, 5780, 5641, 5638, 5675, 5666, 6524, 5652, 6092, 6693, 5988, 5666, 5651, 6206, 5654, 6115, 5641, 6099, 6478, 6063, 6156, 5960, 5649, 6101, 5901, 5886, 5989, 6117, 6323, 6318, 5668, 5647, 5653, 5841, 5645, 6158, 5645, 6480, 6412, 6111, 6371, 5952, 5647, 6322, 5658, 5648, 5654, 6049, 5995, 5973, 6145, 5889, 5763, 5647, 5643, 6039, 5834, 5664, 6213, 5675, 5896, 5664, 5699, 5810, 5673, 5649, 5677, 5638, 5882, 5897, 6840, 6468, 5903, 6010, 6151, 5645, 5647, 6064, 
Mejor solucion obtenida: 21, 23, 22, 35, 0, 4, 17, 15, 20, 18, 19, 16, 14, 12, 13, 33, 34, 31, 32, 11, 9, 10, 8, 5, 6, 7, 30, 29, 27, 28, 1, 2, 3, 36, 37, 39, 38, 42, 41, 40, 26, 25, 24, || Fitness: 5620;