Archivo Usado: p43.atsp
Tamaño de la Poblacion: 100
Reemplazo por Generacion: 5
Tamaño de los Torneos: 9
Cantidad de ciudades: 43
Probabilidad de cruce: 85000
Probabilidad mutacion simple: 3000
Probabilidad mutacion compleja: 30000
Cruces minimos de la mutacion compleja: 4
Iteraciones ejecutadas: 10000
Largo del cruce PMX: 6
Operador de Cruce: 0
Metodo seleccion de Padres: 0
Operador de Mutacion: 0
Metodo seleccion de Supervivientes: 1
Cantidad de threads a usar: 16
10, 11, 5, 6, 7, 29, 30, 28, 27, 2, 3, 1, 36, 38, 39, 42, 41, 40, 26, 25, 24, 21, 22, 23, 35, 0, 4, 37, 15, 19, 20, 18, 16, 17, 13, 12, 14, 33, 34, 32, 31, 9, 8, 
8, 9, 11, 5, 6, 7, 29, 30, 28, 27, 2, 3, 1, 36, 38, 39, 42, 41, 40, 26, 25, 24, 21, 22, 23, 35, 0, 4, 37, 15, 19, 20, 18, 16, 17, 13, 12, 14, 33, 34, 32, 31, 10, 
8, 10, 11, 5, 6, 7, 29, 30, 28, 27, 2, 3, 1, 36, 38, 39, 42, 41, 40, 26, 25, 24, 21, 22, 23, 35, 0, 4, 37, 15, 19, 20, 18, 16, 17, 13, 12, 14, 33, 34, 32, 31, 9, 
8, 10, 11, 5, 6, 7, 29, 30, 28, 27, 2, 3, 1, 36, 38, 39, 42, 41, 40, 26, 25, 24, 21, 22, 23, 35, 0, 4, 37, 15, 19, 20, 18, 16, 17, 13, 12, 14, 33, 34, 32, 31, 9, 
0, 4, 37, 15, 19, 20, 18, 16, 17, 13, 12, 14, 33, 34, 32, 31, 9, 8, 10, 11, 5, 6, 7, 29, 30, 28, 27, 2, 3, 1, 36, 38, 39, 42, 41, 40, 26, 25, 24, 21, 22, 23, 35, 
37, 38, 39, 42, 41, 40, 26, 25, 24, 21, 22, 23, 35, 0, 4, 15, 19, 20, 18, 16, 17, 13, 12, 14, 33, 34, 32, 31, 9, 8, 10, 11, 5, 6, 7, 29, 30, 28, 27, 2, 3, 1, 36, 
41, 40, 26, 25, 24, 21, 22, 23, 35, 0, 4, 37, 15, 19, 20, 18, 16, 17, 13, 12, 14, 33, 34, 32, 31, 9, 8, 10, 11, 5, 6, 7, 29, 30, 28, 27, 2, 3, 1, 36, 38, 39, 42, 
5, 6, 7, 29, 30, 28, 27, 2, 3, 1, 36, 38, 39, 42, 41, 40, 26, 25, 24, 21, 22, 23, 35, 0, 4, 37, 15, 19, 20, 18, 16, 17, 13, 12, 14, 33, 34, 32, 31, 9, 8, 10, 11, 
0, 4, 37, 15, 19, 20, 18, 16, 17, 13, 12, 14, 33, 34, 32, 31, 9, 8, 10, 11, 5, 6, 7, 29, 30, 28, 27, 2, 3, 1, 36, 38, 39, 42, 41, 40, 26, 25, 24, 21, 22, 23, 35, 
42, 41, 40, 26, 25, 24, 21, 22, 23, 35, 0, 4, 37, 15, 19, 20, 18, 16, 17, 13, 12, 14, 33, 34, 32, 31, 10, 8, 9, 11, 5, 6, 7, 29, 30, 28, 27, 2, 3, 1, 36, 38, 39, 
31, 10, 8, 9, 11, 5, 6, 7, 29, 30, 28, 27, 2, 3, 1, 36, 38, 39, 42, 41, 40, 26, 25, 24, 21, 22, 23, 35, 0, 4, 37, 15, 19, 20, 18, 16, 17, 13, 12, 14, 33, 34, 32, 
10, 11, 5, 6, 7, 29, 30, 28, 27, 2, 3, 1, 36, 38, 39, 42, 41, 40, 26, 25, 24, 21, 22, 23, 35, 0, 4, 37, 15, 19, 20, 18, 16, 17, 13, 12, 14, 33, 34, 32, 31, 9, 8, 
8, 9, 11, 5, 6, 7, 29, 30, 28, 27, 2, 3, 1, 36, 38, 39, 42, 41, 40, 26, 25, 24, 21, 22, 23, 35, 0, 4, 37, 15, 19, 20, 18, 16, 17, 13, 12, 14, 33, 34, 32, 31, 10, 
8, 10, 11, 5, 6, 7, 29, 30, 28, 27, 2, 3, 1, 36, 38, 39, 42, 41, 40, 26, 25, 24, 21, 22, 23, 35, 0, 4, 37, 15, 19, 20, 18, 16, 17, 13, 12, 34, 33, 14, 32, 31, 9, 
8, 10, 32, 5, 6, 7, 29, 30, 28, 27, 2, 3, 1, 36, 38, 39, 42, 41, 40, 26, 25, 24, 21, 22, 23, 35, 0, 4, 37, 15, 19, 20, 18, 16, 17, 13, 12, 14, 33, 34, 11, 31, 9, 
38, 39, 42, 41, 40, 26, 25, 24, 21, 22, 23, 35, 0, 4, 37, 36, 1, 3, 2, 27, 28, 30, 29, 7, 6, 5, 11, 10, 8, 9, 31, 32, 34, 33, 14, 12, 13, 17, 16, 18, 20, 19, 15, 
11, 10, 8, 9, 31, 32, 34, 33, 14, 12, 13, 17, 16, 18, 20, 19, 15, 4, 0, 35, 23, 22, 21, 24, 25, 26, 40, 41, 42, 39, 38, 37, 36, 1, 3, 2, 27, 28, 30, 29, 7, 6, 5, 
8, 9, 31, 32, 34, 33, 14, 12, 13, 17, 16, 18, 20, 19, 15, 37, 4, 0, 35, 23, 22, 21, 24, 25, 26, 40, 41, 42, 39, 38, 36, 1, 3, 2, 27, 28, 30, 29, 7, 6, 5, 11, 10, 
34, 33, 14, 12, 13, 15, 16, 18, 20, 19, 17, 37, 4, 0, 35, 23, 22, 21, 24, 25, 26, 40, 41, 42, 39, 38, 36, 1, 3, 2, 27, 28, 30, 29, 7, 6, 5, 11, 9, 8, 10, 31, 32, 
41, 42, 39, 38, 36, 1, 3, 2, 27, 28, 30, 29, 7, 6, 5, 11, 10, 8, 9, 31, 32, 34, 33, 14, 12, 13, 17, 16, 18, 20, 19, 15, 37, 4, 0, 35, 23, 22, 21, 24, 25, 26, 40, 
38, 36, 1, 3, 2, 27, 28, 30, 29, 7, 6, 5, 11, 10, 8, 9, 31, 32, 34, 33, 14, 12, 13, 17, 16, 18, 20, 19, 15, 37, 4, 0, 35, 23, 22, 21, 24, 25, 26, 40, 41, 42, 39, 
16, 18, 20, 19, 15, 37, 4, 0, 35, 23, 22, 21, 24, 25, 26, 40, 41, 42, 39, 38, 36, 1, 3, 2, 27, 28, 30, 29, 7, 6, 5, 11, 10, 8, 9, 31, 32, 34, 33, 14, 12, 13, 17, 
2, 27, 28, 30, 29, 7, 6, 5, 11, 10, 8, 9, 31, 32, 34, 33, 14, 12, 13, 17, 16, 18, 20, 19, 15, 37, 4, 0, 35, 23, 22, 21, 24, 25, 26, 40, 41, 42, 39, 38, 36, 1, 3, 
26, 40, 41, 42, 39, 38, 36, 1, 3, 2, 27, 28, 30, 29, 7, 6, 5, 11, 10, 8, 9, 31, 32, 34, 33, 14, 12, 13, 17, 16, 18, 20, 19, 15, 37, 4, 0, 35, 23, 22, 21, 24, 25, 
29, 7, 6, 5, 11, 10, 8, 9, 31, 32, 34, 33, 14, 12, 13, 17, 16, 18, 20, 19, 15, 37, 4, 0, 35, 23, 22, 21, 24, 25, 26, 40, 41, 42, 39, 38, 36, 1, 3, 2, 27, 28, 30, 
19, 15, 37, 4, 0, 35, 23, 22, 21, 24, 25, 26, 40, 41, 42, 39, 38, 36, 1, 3, 2, 27, 28, 30, 29, 7, 6, 5, 11, 10, 8, 9, 31, 32, 34, 33, 14, 12, 13, 17, 16, 18, 20, 
13, 17, 16, 18, 20, 19, 15, 37, 4, 0, 35, 23, 22, 21, 24, 25, 26, 40, 41, 42, 39, 38, 36, 1, 3, 2, 27, 28, 30, 29, 7, 6, 5, 11, 10, 8, 9, 31, 32, 34, 33, 14, 12, 
19, 15, 37, 4, 0, 35, 23, 22, 21, 24, 25, 26, 40, 41, 42, 39, 38, 36, 1, 3, 2, 27, 28, 30, 29, 7, 6, 5, 11, 10, 8, 9, 31, 32, 34, 33, 14, 12, 13, 17, 16, 18, 20, 
39, 38, 36, 1, 3, 2, 27, 28, 30, 29, 7, 6, 5, 11, 10, 8, 9, 31, 32, 34, 33, 14, 12, 13, 17, 16, 18, 20, 19, 15, 37, 4, 0, 35, 23, 22, 21, 24, 25, 26, 40, 41, 42, 
28, 30, 29, 7, 6, 5, 11, 10, 8, 9, 31, 32, 34, 33, 14, 12, 13, 17, 16, 18, 20, 19, 15, 37, 4, 0, 35, 23, 22, 21, 24, 25, 26, 40, 41, 42, 39, 38, 36, 1, 3, 2, 27, 
1, 3, 2, 27, 28, 30, 29, 7, 6, 5, 11, 9, 8, 10, 31, 32, 34, 33, 14, 12, 13, 17, 16, 18, 20, 19, 15, 37, 4, 0, 35, 23, 22, 21, 24, 25, 26, 40, 41, 42, 39, 38, 36, 
38, 36, 1, 3, 2, 27, 28, 30, 29, 7, 6, 5, 11, 9, 8, 10, 31, 32, 34, 33, 14, 12, 13, 15, 16, 18, 20, 19, 17, 37, 4, 0, 35, 23, 22, 21, 24, 25, 26, 40, 41, 42, 39, 
38, 36, 1, 3, 2, 27, 28, 30, 29, 7, 6, 5, 11, 10, 8, 9, 31, 32, 34, 33, 14, 12, 13, 17, 16, 18, 20, 19, 15, 37, 4, 0, 35, 23, 22, 21, 24, 25, 26, 40, 41, 42, 39, 
23, 22, 21, 24, 25, 26, 40, 41, 42, 39, 38, 36, 1, 3, 2, 27, 28, 30, 29, 7, 6, 5, 11, 10, 8, 9, 31, 32, 34, 33, 14, 12, 13, 17, 16, 18, 20, 19, 15, 37, 4, 0, 35, 
33, 14, 12, 13, 17, 16, 18, 20, 19, 15, 37, 4, 0, 35, 23, 22, 21, 24, 25, 26, 40, 41, 42, 39, 38, 36, 1, 3, 2, 27, 28, 30, 29, 7, 6, 5, 11, 10, 8, 9, 31, 32, 34, 
33, 14, 12, 13, 17, 16, 18, 20, 19, 15, 37, 4, 0, 35, 23, 22, 21, 24, 25, 26, 40, 41, 42, 39, 38, 36, 1, 3, 2, 27, 28, 30, 29, 7, 6, 5, 11, 10, 8, 9, 31, 32, 34, 
41, 42, 39, 38, 36, 1, 3, 2, 27, 28, 30, 29, 7, 6, 5, 11, 9, 8, 10, 31, 32, 34, 33, 14, 12, 13, 17, 16, 18, 20, 19, 15, 37, 4, 0, 35, 23, 22, 21, 24, 25, 26, 40, 
37, 4, 0, 35, 23, 22, 21, 24, 25, 26, 40, 41, 42, 39, 38, 36, 1, 3, 2, 27, 28, 30, 29, 7, 6, 5, 11, 10, 8, 9, 31, 32, 34, 33, 14, 12, 13, 17, 16, 18, 20, 19, 15, 
9, 31, 32, 34, 33, 14, 12, 13, 17, 16, 18, 20, 19, 15, 37, 4, 0, 35, 23, 22, 21, 24, 25, 26, 40, 41, 42, 39, 38, 36, 1, 3, 2, 27, 28, 30, 29, 7, 6, 5, 11, 8, 10, 
5, 11, 10, 8, 9, 31, 32, 34, 33, 14, 12, 13, 17, 16, 18, 20, 19, 15, 37, 4, 0, 35, 23, 22, 21, 24, 25, 26, 40, 41, 42, 39, 38, 36, 1, 3, 2, 27, 28, 30, 29, 7, 6, 
5, 11, 9, 8, 10, 31, 32, 34, 33, 14, 12, 13, 17, 16, 18, 20, 19, 15, 37, 4, 0, 35, 23, 22, 21, 24, 25, 26, 40, 41, 42, 39, 38, 36, 1, 3, 2, 27, 28, 30, 29, 7, 6, 
31, 32, 34, 33, 14, 12, 13, 17, 16, 18, 20, 19, 15, 37, 4, 0, 35, 23, 22, 21, 24, 25, 26, 40, 41, 42, 39, 38, 36, 1, 3, 2, 27, 28, 30, 29, 7, 6, 5, 11, 10, 8, 9, 
2, 27, 28, 30, 29, 7, 6, 5, 11, 10, 8, 9, 31, 32, 34, 33, 14, 12, 13, 17, 16, 18, 20, 19, 15, 37, 4, 0, 35, 23, 22, 21, 24, 25, 26, 40, 41, 42, 39, 38, 36, 1, 3, 
26, 40, 41, 42, 39, 38, 36, 1, 3, 2, 27, 28, 30, 29, 7, 6, 5, 11, 10, 8, 9, 31, 32, 34, 33, 14, 12, 13, 17, 16, 18, 20, 19, 15, 37, 4, 0, 35, 23, 22, 21, 24, 25, 
18, 20, 19, 15, 37, 4, 0, 35, 23, 22, 21, 24, 25, 26, 40, 41, 42, 39, 38, 36, 1, 3, 2, 27, 28, 30, 29, 7, 6, 5, 11, 10, 8, 9, 31, 32, 34, 33, 14, 12, 13, 17, 16, 
31, 32, 34, 33, 14, 12, 13, 17, 16, 18, 20, 19, 15, 37, 4, 0, 35, 23, 22, 21, 24, 25, 26, 40, 41, 42, 39, 38, 36, 1, 3, 2, 27, 28, 30, 29, 7, 6, 5, 11, 10, 8, 9, 
19, 15, 37, 4, 0, 35, 23, 22, 21, 24, 25, 26, 40, 41, 42, 39, 38, 36, 1, 3, 2, 27, 28, 30, 29, 7, 6, 5, 11, 10, 8, 9, 31, 32, 34, 33, 14, 12, 13, 17, 16, 18, 20, 
42, 39, 38, 36, 1, 3, 2, 27, 28, 30, 29, 7, 6, 5, 11, 9, 8, 10, 31, 32, 34, 33, 14, 12, 13, 17, 16, 18, 20, 19, 15, 37, 4, 0, 35, 23, 22, 21, 24, 25, 26, 40, 41, 
42, 39, 38, 36, 1, 3, 2, 27, 28, 30, 29, 7, 6, 5, 11, 10, 8, 9, 31, 32, 34, 33, 14, 12, 13, 17, 16, 18, 20, 19, 15, 37, 4, 0, 35, 23, 22, 21, 24, 25, 26, 40, 41, 
12, 13, 17, 16, 18, 20, 19, 15, 37, 4, 0, 35, 23, 22, 21, 24, 25, 26, 40, 41, 42, 39, 38, 36, 1, 3, 2, 27, 28, 30, 29, 7, 6, 5, 11, 10, 8, 9, 31, 32, 34, 33, 14, 
8, 9, 31, 32, 34, 33, 14, 12, 13, 17, 16, 18, 20, 19, 15, 37, 4, 0, 35, 23, 22, 21, 24, 25, 26, 40, 41, 42, 39, 38, 36, 1, 3, 2, 27, 28, 30, 29, 7, 6, 5, 11, 10, 
4, 0, 35, 23, 22, 21, 24, 25, 26, 40, 41, 42, 39, 38, 36, 1, 3, 2, 27, 28, 30, 29, 7, 6, 5, 11, 10, 8, 9, 31, 32, 34, 33, 14, 12, 13, 17, 16, 18, 20, 19, 15, 37, 
27, 28, 30, 29, 7, 6, 5, 11, 10, 8, 9, 31, 32, 34, 33, 14, 12, 13, 17, 16, 18, 20, 19, 15, 37, 4, 0, 35, 23, 22, 21, 24, 25, 26, 40, 41, 42, 39, 38, 36, 1, 3, 2, 
39, 38, 36, 1, 3, 2, 27, 28, 30, 29, 7, 6, 5, 11, 10, 8, 9, 31, 32, 34, 33, 14, 12, 13, 17, 16, 18, 20, 19, 15, 37, 4, 0, 35, 23, 22, 21, 24, 25, 26, 40, 41, 42, 
4, 0, 35, 23, 22, 21, 24, 25, 26, 40, 41, 42, 39, 38, 36, 1, 3, 2, 27, 28, 30, 29, 7, 6, 5, 11, 10, 8, 9, 31, 32, 34, 33, 14, 12, 13, 17, 16, 18, 20, 19, 15, 37, 
30, 29, 7, 6, 5, 11, 10, 8, 9, 31, 32, 34, 33, 14, 12, 13, 17, 16, 18, 20, 19, 15, 37, 4, 0, 35, 23, 22, 21, 24, 25, 26, 40, 41, 42, 39, 38, 36, 1, 3, 2, 27, 28, 
27, 28, 30, 29, 7, 6, 5, 11, 10, 8, 9, 31, 32, 34, 33, 14, 12, 13, 17, 16, 18, 20, 19, 15, 37, 4, 0, 35, 23, 22, 21, 24, 25, 26, 40, 41, 42, 39, 38, 36, 1, 3, 2, 
9, 31, 32, 34, 33, 14, 12, 13, 17, 16, 18, 20, 19, 15, 37, 4, 0, 35, 23, 22, 21, 24, 25, 26, 40, 41, 42, 39, 38, 36, 1, 3, 2, 27, 28, 30, 29, 7, 6, 5, 11, 10, 8, 
10, 8, 9, 31, 32, 34, 33, 14, 12, 13, 17, 16, 18, 20, 19, 15, 37, 4, 0, 35, 23, 22, 21, 24, 25, 26, 40, 41, 42, 39, 38, 36, 1, 3, 2, 27, 28, 30, 29, 7, 6, 5, 11, 
8, 10, 31, 32, 34, 33, 14, 12, 13, 17, 16, 18, 20, 19, 15, 37, 4, 0, 35, 23, 22, 21, 24, 25, 26, 40, 41, 42, 39, 38, 36, 1, 3, 2, 27, 28, 30, 29, 7, 6, 5, 11, 9, 
8, 9, 31, 32, 34, 33, 14, 12, 13, 17, 16, 18, 20, 19, 15, 37, 4, 0, 35, 23, 22, 21, 24, 25, 26, 40, 41, 42, 39, 38, 36, 1, 3, 2, 27, 28, 30, 29, 7, 6, 5, 11, 10, 
17, 16, 18, 20, 19, 15, 37, 4, 0, 35, 23, 22, 21, 24, 25, 26, 40, 41, 42, 39, 38, 36, 1, 3, 2, 27, 28, 30, 29, 7, 6, 5, 11, 10, 8, 9, 31, 32, 34, 33, 14, 12, 13, 
8, 9, 31, 32, 34, 33, 14, 12, 13, 17, 16, 18, 20, 19, 15, 37, 4, 0, 35, 23, 22, 21, 24, 25, 26, 40, 41, 42, 39, 38, 36, 1, 3, 2, 27, 28, 30, 29, 7, 6, 5, 11, 10, 
36, 1, 3, 2, 27, 28, 30, 29, 7, 6, 5, 11, 10, 8, 9, 31, 32, 34, 33, 14, 12, 13, 17, 16, 18, 20, 19, 15, 37, 4, 0, 35, 23, 22, 21, 24, 25, 26, 40, 41, 42, 39, 38, 
24, 25, 26, 40, 41, 42, 39, 38, 36, 1, 3, 2, 27, 28, 30, 29, 7, 6, 5, 11, 10, 8, 9, 31, 32, 34, 33, 14, 12, 13, 17, 16, 18, 20, 19, 15, 37, 4, 0, 35, 23, 22, 21, 
9, 31, 32, 34, 33, 14, 12, 13, 17, 16, 18, 20, 19, 15, 37, 4, 0, 35, 23, 22, 21, 24, 25, 26, 40, 41, 42, 39, 38, 36, 1, 3, 2, 27, 28, 30, 29, 7, 6, 5, 11, 10, 8, 
12, 13, 17, 16, 18, 20, 19, 15, 37, 4, 0, 35, 23, 22, 21, 24, 25, 26, 40, 41, 42, 39, 38, 36, 1, 3, 2, 27, 28, 30, 29, 7, 6, 5, 11, 10, 8, 9, 31, 32, 34, 33, 14, 
41, 42, 39, 38, 36, 1, 3, 2, 27, 28, 30, 29, 7, 6, 5, 11, 9, 8, 10, 31, 32, 34, 33, 14, 12, 13, 17, 16, 18, 20, 19, 15, 37, 4, 0, 35, 23, 22, 21, 24, 25, 26, 40, 
36, 1, 3, 2, 27, 28, 30, 29, 7, 6, 5, 11, 9, 8, 10, 31, 32, 34, 33, 14, 12, 13, 17, 16, 18, 20, 19, 15, 37, 4, 0, 35, 23, 22, 21, 24, 25, 26, 40, 41, 42, 39, 38, 
25, 26, 40, 41, 42, 39, 38, 36, 1, 3, 2, 27, 28, 30, 29, 7, 6, 5, 11, 10, 8, 9, 31, 32, 34, 33, 14, 12, 13, 17, 16, 18, 20, 19, 15, 37, 4, 0, 35, 23, 22, 21, 24, 
27, 28, 30, 29, 7, 6, 5, 11, 10, 8, 9, 31, 32, 34, 33, 14, 12, 13, 17, 16, 18, 20, 19, 15, 37, 4, 0, 35, 23, 22, 21, 24, 25, 26, 40, 41, 42, 39, 38, 36, 1, 3, 2, 
32, 34, 33, 14, 12, 13, 17, 16, 18, 20, 19, 15, 37, 4, 0, 35, 23, 22, 21, 24, 25, 26, 40, 41, 42, 39, 38, 36, 1, 3, 2, 27, 28, 30, 29, 7, 6, 5, 11, 8, 9, 31, 10, 
0, 4, 37, 15, 19, 20, 18, 16, 17, 13, 12, 14, 33, 34, 32, 31, 30, 8, 10, 11, 5, 6, 7, 29, 9, 28, 27, 2, 3, 1, 36, 38, 39, 42, 41, 40, 26, 25, 24, 21, 22, 23, 35, 
6, 5, 11, 8, 10, 31, 32, 34, 33, 14, 12, 13, 17, 16, 18, 20, 19, 15, 37, 4, 0, 35, 23, 22, 21, 24, 25, 26, 40, 41, 42, 39, 38, 36, 1, 3, 2, 27, 28, 30, 29, 7, 9, 
29, 7, 6, 5, 11, 10, 31, 32, 34, 33, 14, 12, 13, 17, 16, 18, 20, 19, 15, 37, 4, 0, 35, 23, 22, 21, 24, 25, 26, 40, 41, 42, 39, 38, 36, 1, 3, 2, 27, 28, 30, 8, 9, 
37, 4, 0, 35, 23, 22, 21, 24, 25, 26, 40, 41, 42, 39, 38, 36, 1, 3, 2, 27, 28, 30, 29, 7, 6, 5, 11, 9, 31, 32, 34, 33, 14, 12, 13, 17, 16, 18, 20, 19, 15, 8, 10, 
5, 13, 12, 14, 33, 34, 32, 31, 9, 8, 10, 11, 17, 6, 7, 29, 30, 28, 27, 2, 3, 1, 36, 38, 39, 42, 41, 40, 26, 25, 24, 21, 22, 23, 35, 0, 4, 37, 15, 19, 20, 18, 16, 
27, 28, 30, 29, 7, 6, 5, 11, 9, 31, 32, 34, 33, 14, 12, 13, 17, 16, 18, 20, 19, 15, 37, 4, 0, 35, 23, 22, 21, 24, 25, 26, 40, 41, 42, 39, 38, 36, 1, 3, 2, 8, 10, 
2, 27, 28, 30, 29, 7, 6, 5, 11, 9, 31, 32, 34, 33, 14, 12, 13, 17, 16, 18, 20, 19, 15, 37, 4, 0, 35, 23, 22, 21, 24, 25, 26, 40, 41, 42, 39, 38, 36, 1, 3, 8, 10, 
3, 2, 27, 28, 30, 29, 7, 6, 5, 11, 9, 31, 32, 34, 33, 14, 12, 13, 17, 16, 18, 20, 19, 15, 37, 4, 0, 35, 23, 22, 21, 24, 25, 26, 40, 41, 42, 39, 38, 36, 1, 10, 8, 
0, 4, 37, 15, 19, 20, 18, 16, 17, 13, 12, 14, 33, 34, 32, 31, 9, 36, 10, 11, 5, 6, 7, 29, 30, 28, 27, 2, 3, 1, 8, 38, 39, 42, 41, 40, 26, 25, 24, 21, 22, 23, 35, 
30, 18, 20, 19, 15, 37, 4, 0, 35, 23, 22, 21, 24, 25, 26, 40, 41, 42, 39, 38, 36, 1, 3, 2, 27, 28, 17, 16, 34, 33, 14, 12, 13, 5, 11, 10, 8, 9, 31, 32, 29, 7, 6, 
25, 24, 21, 22, 23, 35, 0, 4, 37, 38, 39, 42, 41, 40, 26, 2, 27, 28, 30, 29, 7, 6, 5, 11, 10, 8, 9, 31, 32, 34, 33, 14, 12, 13, 17, 16, 18, 20, 19, 15, 3, 1, 36, 
30, 28, 27, 2, 3, 10, 36, 38, 39, 42, 41, 40, 26, 25, 24, 21, 22, 23, 35, 0, 4, 37, 15, 19, 20, 18, 16, 17, 13, 12, 14, 33, 34, 32, 31, 9, 8, 1, 11, 5, 6, 7, 29, 
18, 20, 19, 15, 37, 4, 0, 35, 23, 22, 21, 24, 25, 26, 40, 41, 42, 39, 38, 36, 1, 3, 2, 27, 28, 30, 29, 7, 6, 5, 11, 8, 10, 31, 32, 34, 33, 14, 12, 13, 17, 16, 9, 
18, 20, 19, 15, 37, 4, 0, 35, 23, 22, 21, 24, 25, 26, 40, 41, 42, 39, 38, 36, 1, 3, 2, 27, 28, 30, 29, 7, 6, 5, 11, 10, 8, 34, 33, 14, 12, 13, 17, 16, 32, 31, 9, 
16, 18, 20, 19, 15, 37, 4, 0, 35, 23, 22, 21, 24, 25, 26, 40, 41, 42, 39, 38, 36, 1, 3, 2, 27, 28, 30, 29, 7, 6, 5, 11, 9, 31, 32, 34, 33, 14, 12, 13, 17, 8, 10, 
40, 41, 42, 39, 38, 36, 1, 3, 2, 27, 28, 30, 9, 31, 32, 34, 33, 14, 12, 13, 17, 16, 18, 20, 19, 15, 37, 4, 0, 35, 23, 22, 21, 24, 25, 26, 5, 11, 10, 8, 6, 7, 29, 
26, 40, 41, 42, 39, 38, 36, 1, 3, 2, 27, 28, 30, 29, 7, 6, 5, 11, 9, 31, 32, 34, 33, 14, 12, 13, 17, 16, 18, 20, 19, 15, 37, 4, 0, 35, 23, 22, 21, 24, 25, 10, 8, 
20, 19, 15, 37, 4, 0, 35, 23, 22, 21, 24, 25, 26, 40, 41, 42, 39, 38, 36, 1, 3, 2, 27, 28, 30, 29, 7, 6, 5, 11, 9, 31, 32, 34, 33, 14, 12, 13, 17, 16, 18, 10, 8, 
24, 25, 26, 40, 41, 42, 39, 38, 36, 1, 3, 2, 27, 28, 30, 29, 7, 6, 5, 11, 9, 31, 32, 34, 33, 14, 12, 13, 17, 16, 18, 20, 19, 15, 37, 4, 0, 35, 23, 22, 21, 10, 8, 
24, 25, 26, 40, 41, 42, 39, 38, 36, 1, 3, 2, 27, 28, 30, 29, 7, 6, 5, 11, 9, 31, 32, 34, 33, 14, 12, 13, 17, 16, 18, 20, 19, 15, 37, 4, 0, 35, 23, 22, 21, 10, 8, 
24, 25, 26, 40, 41, 42, 39, 38, 36, 1, 3, 2, 27, 28, 30, 29, 7, 6, 5, 11, 9, 31, 32, 34, 33, 14, 12, 13, 17, 16, 18, 20, 19, 15, 37, 4, 0, 35, 23, 22, 21, 10, 8, 
24, 25, 26, 40, 41, 42, 39, 38, 36, 1, 3, 2, 27, 28, 30, 29, 7, 6, 5, 11, 9, 31, 32, 34, 33, 14, 12, 13, 17, 16, 18, 20, 19, 15, 37, 4, 0, 35, 23, 22, 21, 8, 10, 
30, 28, 27, 2, 3, 1, 36, 38, 39, 42, 41, 40, 26, 25, 24, 21, 22, 23, 35, 0, 4, 37, 15, 5, 20, 18, 16, 17, 13, 12, 14, 33, 34, 32, 31, 9, 8, 10, 11, 19, 6, 7, 29, 
6, 7, 29, 30, 28, 27, 26, 3, 1, 36, 38, 39, 42, 41, 40, 2, 25, 24, 21, 22, 23, 35, 0, 4, 37, 15, 19, 20, 18, 16, 17, 13, 12, 14, 33, 34, 32, 31, 10, 8, 11, 5, 9, 
22, 23, 35, 0, 7, 37, 15, 19, 20, 18, 16, 17, 13, 12, 14, 33, 34, 32, 31, 9, 8, 10, 11, 5, 6, 4, 29, 30, 28, 27, 2, 3, 1, 36, 38, 39, 42, 41, 40, 26, 25, 24, 21, 
3, 1, 36, 38, 39, 42, 41, 40, 26, 25, 30, 21, 22, 23, 35, 0, 4, 37, 17, 19, 20, 18, 16, 15, 13, 12, 14, 33, 34, 32, 31, 10, 8, 9, 11, 5, 6, 7, 29, 24, 28, 27, 2, 
35, 23, 22, 21, 24, 25, 26, 40, 41, 42, 39, 38, 36, 1, 3, 2, 27, 28, 30, 29, 7, 6, 5, 11, 9, 31, 32, 34, 33, 14, 12, 13, 17, 16, 18, 20, 19, 15, 37, 4, 0, 8, 10, 
35, 23, 22, 21, 24, 25, 26, 40, 41, 42, 39, 38, 36, 1, 3, 2, 27, 28, 30, 29, 7, 6, 5, 11, 9, 31, 32, 34, 33, 14, 12, 13, 17, 16, 18, 20, 19, 15, 37, 4, 0, 10, 8, 
Tiempo de ejecucion (total): 24.221
Best fitness a lo largo del tiempo: 
17371, 12110, 11643, 6683, 6421, 6246, 6188, 6180, 6114, 6113, 6040, 6037, 5984, 5972, 5949, 5909, 5895, 5859, 5859, 5851, 5847, 5842, 5801, 5795, 5795, 5779, 5779, 5754, 5751, 5732, 5732, 5729, 5723, 5700, 5700, 5700, 5700, 5697, 5697, 5680, 5680, 5680, 5678, 5672, 5670, 5670, 5665, 5659, 5659, 5657, 5657, 5657, 5657, 5657, 5657, 5657, 5657, 5655, 5649, 5649, 5649, 5649, 5649, 5649, 5649, 5639, 5639, 5639, 5639, 5639, 5639, 5639, 5639, 5639, 5639, 5639, 5639, 5639, 5639, 5639, 5639, 5639, 5639, 5639, 5639, 5639, 5639, 5639, 5639, 5639, 5639, 5639, 5639, 5639, 5639, 5638, 5638, 5638, 5638, 5637, 5636, 5636, 5636, 5636, 5636, 5636, 5636, 5636, 5636, 5636, 5636, 5636, 5636, 5636, 5636, 5636, 5636, 5636, 5636, 5636, 5636, 5636, 5636, 5636, 5636, 5636, 5636, 5636, 5636, 5636, 5636, 5636, 5636, 5636, 5636, 5636, 5636, 5636, 5636, 5636, 5636, 5636, 5636, 5636, 5636, 5636, 5636, 5636, 5636, 5636, 5636, 5636, 5636, 5636, 5636, 5636, 5636, 5636, 5636, 5636, 5636, 5636, 5636, 5636, 5636, 5636, 5636, 5636, 5636, 5636, 5636, 5636, 5636, 5636, 5636, 5636, 5636, 5636, 5636, 5636, 5636, 5636, 5636, 5636, 5636, 5636, 5636, 5636, 5636, 5636, 5636, 5636, 5636, 5636, 5636, 5636, 5636, 5636, 5636, 5636, 5636, 5636, 5636, 5636, 5636, 5636, 5636, 5636, 5636, 5636, 5636, 5636, 5636, 5636, 5636, 5636, 5636, 5636, 5636, 5636, 5636, 5636, 5636, 5636, 5636, 5636, 5636, 5636, 5636, 5636, 5636, 5636, 5636, 5636, 5636, 5636, 5636, 5636, 5636, 5636, 5636, 5636, 5636, 5636, 5636, 5636, 5636, 5636, 5636, 5636, 5636, 5636, 5636, 5636, 5636, 5636, 5636, 5636, 5636, 5636, 5636, 5636, 5636, 5636, 5636, 5636, 5636, 5636, 5636, 5636, 5636, 5636, 5636, 5636, 5636, 5636, 5636, 5636, 5636, 5636, 5636, 5636, 5636, 5636, 5636, 5636, 5636, 5636, 5636, 5636, 5636, 5636, 5636, 5636, 5636, 5636, 5636, 5636, 5636, 5636, 5636, 5636, 5636, 5636, 5636, 5636, 5636, 5636, 5636, 5636, 5636, 5636, 5636, 5636, 5636, 5636, 5636, 5636, 5636, 5636, 5636, 5636, 5636, 5636, 5636, 5636, 5636, 5636, 5636, 5636, 5636, 5636, 5636, 5636, 5636, 5636, 5636, 5636, 5636, 5636, 5636, 5636, 5636, 5636, 5636, 5636, 5636, 5636, 5636, 5636, 5636, 5636, 5636, 5636, 5636, 5636, 5636, 5636, 5636, 5636, 5636, 5636, 5636, 5636, 5636, 5636, 5636, 5636, 5636, 5636, 5636, 5636, 5636, 5636, 5636, 5636, 5636, 5636, 5636, 5636, 5636, 5636, 5636, 5636, 5636, 5636, 5636, 5636, 5636, 5636, 5636, 5636, 5636, 5636, 5636, 5636, 5636, 5636, 5636, 5636, 5636, 5636, 5636, 5636, 5636, 5636, 5636, 5636, 5636, 5636, 5636, 5636, 5636, 5636, 5636, 5636, 5636, 5636, 5636, 5636, 5636, 5636, 5636, 5636, 5636, 5636, 5636, 5636, 5636, 5636, 5636, 5636, 5636, 5636, 5636, 5636, 5636, 5636, 5636, 5636, 5636, 5636, 5636, 5636, 5636, 5636, 5636, 5636, 5636, 5636, 5636, 5636, 5636, 5636, 5636, 5636, 5636, 5636, 5636, 5636, 5636, 5636, 5636, 5636, 5636, 5636, 5636, 5636, 5636, 5636, 5636, 5636, 5636, 5636, 5636, 5636, 5636, 5636, 5636, 5636, 5636, 5636, 5636, 5636, 5636, 5636, 5636, 5636, 5636, 5636, 5636, 5636, 5636, 5636, 5636, 5636, 5636, 5636, 5636, 5636, 5636, 5636, 5636, 5636, 5636, 5636, 5636, 5636, 5636, 5636, 5636, 5636, 5636, 5636, 5636, 5636, 5636, 5636, 5636, 5636, 5636, 5636, 5636, 5636, 5636, 5636, 5636, 5636, 5636, 5636, 5636, 5636, 5636, 5636, 5636, 5636, 5636, 5636, 5636, 5636, 5636, 5636, 5636, 5636, 5636, 5636, 5636, 5636, 5636, 5636, 5636, 5636, 5636, 5636, 5636, 5636, 5636, 5636, 5636, 5636, 5636, 5636, 5636, 5636, 5636, 5636, 5636, 5636, 5636, 5636, 5636, 5636, 5636, 5636, 5636, 5636, 5636, 5636, 5636, 5636, 5636, 5636, 5636, 5636, 5636, 5636, 5636, 5636, 5636, 5636, 5636, 5636, 5636, 5636, 5636, 5636, 5636, 5636, 5636, 5636, 5636, 5636, 5636, 5636, 5636, 5636, 5636, 5636, 5636, 5636, 5636, 5636, 5636, 5636, 5636, 5636, 5636, 5636, 5636, 5636, 5636, 5636, 5636, 5636, 5636, 5636, 5636, 5636, 5636, 5633, 5633, 5633, 5633, 5632, 5632, 5632, 5632, 5632, 5632, 5632, 5630, 5630, 5630, 5630, 5630, 5630, 5630, 5630, 5630, 5630, 5630, 5630, 5630, 5630, 5630, 5630, 5630, 5630, 5630, 5630, 5630, 5630, 5630, 5630, 5630, 5630, 5630, 5630, 5630, 5630, 5630, 5630, 5630, 5630, 5630, 5630, 5630, 5630, 5630, 5630, 5630, 5630, 5630, 5630, 5630, 5630, 5630, 5630, 5630, 5630, 5630, 5630, 5630, 5630, 5630, 5630, 5630, 5630, 5630, 5630, 5630, 5630, 5630, 5630, 5630, 5630, 5630, 5630, 5630, 5630, 5630, 5630, 5630, 5630, 5630, 5630, 5630, 5630, 5630, 5630, 5630, 5630, 5630, 5630, 5630, 5630, 5630, 5630, 5630, 5630, 5630, 5630, 5630, 5630, 5630, 5630, 5630, 5630, 5630, 5630, 5630, 5630, 5630, 5630, 5630, 5630, 5630, 5630, 5630, 5630, 5630, 5630, 5630, 5630, 5630, 5630, 5630, 5630, 5630, 5630, 5630, 5630, 5630, 5630, 5630, 5630, 5630, 5630, 5630, 5630, 5630, 5630, 5630, 5630, 5630, 5630, 5630, 5630, 5630, 5630, 5630, 5630, 5630, 5630, 5630, 5630, 5630, 5630, 5630, 5630, 5630, 5630, 5630, 5630, 5630, 5630, 5630, 5630, 5630, 5630, 5630, 5630, 5630, 5630, 5630, 5630, 5630, 5630, 5630, 5630, 5630, 5630, 5630, 5630, 5630, 5630, 5630, 5630, 5630, 5630, 5630, 5630, 5630, 5630, 5630, 5630, 5630, 5630, 5630, 5630, 5630, 5630, 5630, 5630, 5630, 5630, 5630, 5630, 5630, 5630, 5630, 5630, 5630, 5630, 5630, 5630, 5630, 5630, 5630, 5630, 5630, 5630, 5630, 5630, 5630, 5630, 5630, 5630, 5630, 5630, 5630, 5630, 5630, 5630, 5630, 5630, 5630, 5630, 5630, 5630, 5630, 5630, 5630, 5630, 5630, 5630, 5630, 5630, 5630, 5630, 5630, 5630, 5630, 5630, 5630, 5630, 5630, 5630, 5630, 5630, 5630, 5630, 5630, 5630, 5630, 5630, 5630, 5630, 5630, 5630, 5630, 5630, 5630, 5630, 5630, 5630, 5630, 5630, 5630, 5630, 5630, 5630, 5630, 5630, 5630, 5630, 5630, 5630, 5630, 5630, 5630, 5630, 5630, 5630, 5630, 5630, 5630, 5630, 5630, 5630, 5630, 5630, 5630, 5630, 5630, 5630, 5630, 5630, 5630, 5630, 5630, 5630, 5630, 5630, 5630, 5630, 5630, 5630, 5630, 5630, 5630, 5630, 5630, 5630, 5630, 5630, 5630, 5630, 5630, 5630, 5630, 5630, 5630, 5630, 5630, 5630, 5630, 5630, 5630, 5630, 5630, 5630, 5630, 5630, 5630, 5630, 5630, 5630, 5630, 5630, 5630, 5630, 5630, 5630, 5630, 5630, 5630, 5630, 5630, 5630, 5630, 5630, 5630, 5630, 5630, 5630, 5630, 5630, 5630, 5630, 5630, 5630, 5630, 5630, 5630, 5630, 5630, 5630, 5630, 5630, 5630, 5630, 5630, 5630, 5630, 5630, 5630, 5630, 5630, 5630, 5630, 5630, 5630, 5630, 5630, 5630, 5630, 5630, 5630, 5630, 5630, 5630, 5630, 5630, 5630, 5630, 5630, 5630, 5630, 5630, 5630, 5630, 5630, 5630, 5630, 5630, 5630, 5630, 5630, 5630, 5630, 5630, 5630, 5630, 5630, 5630, 5630, 5630, 5630, 5630, 5630, 5630, 5630, 5630, 5630, 5630, 5630, 5630, 5630, 5630, 5630, 5630, 5630, 5630, 5630, 5630, 5630, 5630, 5630, 5630, 5630, 5630, 5630, 5630, 5630, 5630, 5630, 5630, 5630, 5630, 5630, 5630, 5630, 5630, 5630, 5630, 5630, 5630, 5630, 5630, 5630, 5630, 5630, 5630, 5630, 5630, 5630, 5630, 5630, 5630, 5630, 5630, 5630, 5630, 5630, 5630, 5630, 5630, 5630, 5630, 5630, 5630, 5630, 5630, 5630, 5630, 5630, 5630, 5624, 5624, 5624, 5624, 5624, 5624, 5624, 5624, 5624, 5624, 5624, 5624, 5624, 5624, 5624, 5624, 5624, 5624, 5624, 5624, 5624, 5624, 5624, 5624, 5624, 5624, 5624, 5624, 5624, 5624, 5624, 5624, 5624, 5624, 5624, 5624, 5624, 5624, 5624, 5624, 5624, 5624, 5624, 5624, 5624, 5624, 5624, 5624, 5624, 5624, 5624, 5624, 5624, 5624, 5624, 5624, 5624, 5624, 5624, 5624, 5624, 5624, 5624, 5624, 5624, 5624, 5624, 5624, 5624, 5624, 5624, 5624, 5624, 5624, 5624, 5624, 5624, 5624, 5624, 5624, 5624, 5624, 5624, 5624, 5624, 5624, 5624, 5624, 5624, 5624, 5624, 5624, 5624, 5624, 5624, 5624, 5624, 5624, 5624, 5624, 5624, 5624, 5624, 5624, 5624, 5624, 5624, 5624, 5624, 5624, 5624, 5624, 5624, 5624, 5624, 5624, 5624, 5624, 5624, 5624, 5624, 5624, 5624, 5624, 5624, 5624, 5624, 5624, 5624, 5624, 5624, 5624, 5624, 5624, 5624, 5624, 5624, 5624, 5624, 5624, 5624, 5624, 5624, 5624, 5624, 5624, 5624, 5624, 5624, 5624, 5624, 5624, 5624, 5624, 5624, 5624, 5624, 5624, 5624, 5624, 5624, 5624, 5624, 5624, 5624, 5624, 5624, 5624, 5624, 5624, 5624, 5624, 5624, 5624, 5624, 5624, 5624, 5624, 5624, 5624, 5624, 5624, 5624, 5624, 5624, 5624, 5624, 5624, 5624, 5624, 5624, 5624, 5624, 5624, 5624, 5624, 5624, 5624, 5624, 5624, 5624, 5624, 5624, 5624, 5624, 5624, 5624, 5624, 5624, 5624, 5624, 5624, 5624, 5624, 5624, 5624, 5624, 5624, 5624, 5624, 5624, 5624, 5624, 5624, 5624, 5624, 5624, 5624, 5624, 5624, 5624, 5624, 5624, 5624, 5624, 5624, 5624, 5624, 5624, 5624, 5624, 5624, 5624, 5624, 5624, 5624, 5624, 5624, 5624, 5624, 5624, 5624, 5624, 5624, 5624, 5624, 5624, 5624, 5624, 5624, 5624, 5624, 5624, 5624, 5624, 5624, 5624, 5624, 5624, 5624, 5624, 5624, 5624, 5624, 5624, 5624, 5624, 5624, 5624, 5624, 5624, 5624, 5624, 5624, 5624, 5624, 5624, 5624, 5624, 5624, 5624, 5624, 5624, 5624, 5624, 5624, 5624, 5624, 5624, 5624, 5624, 5624, 5624, 5624, 5624, 5624, 5624, 5624, 5624, 5624, 5624, 5624, 5624, 5624, 5624, 5624, 5624, 5624, 5624, 5624, 5624, 5624, 5624, 5624, 5624, 5624, 5624, 5624, 5624, 5624, 5624, 5624, 5624, 5624, 5624, 5624, 5624, 5624, 5624, 5624, 5624, 5624, 5624, 5624, 5624, 5624, 5624, 5624, 5624, 5624, 5624, 5624, 5624, 5624, 5624, 5624, 5624, 5624, 5624, 5624, 5624, 5624, 5624, 5624, 5624, 5624, 5624, 5624, 5624, 5624, 5624, 5624, 5624, 5624, 5624, 5624, 5624, 5624, 5624, 5624, 5624, 5624, 5624, 5624, 5624, 5624, 5624, 5624, 5624, 5624, 5624, 5624, 5624, 5624, 5624, 5624, 5624, 5624, 5624, 5624, 5624, 5624, 5624, 5624, 5624, 5624, 5624, 5624, 5624, 5624, 5624, 5624, 5624, 5624, 5624, 5624, 5624, 5624, 5624, 5624, 5624, 5624, 5624, 5624, 5624, 5624, 5624, 5624, 5624, 5624, 5624, 5624, 5624, 5624, 5624, 5624, 5624, 5624, 5624, 5624, 5624, 5624, 5624, 5624, 5624, 5624, 5624, 5624, 5624, 5624, 5624, 5624, 5624, 5624, 5624, 5624, 5624, 5624, 5624, 5624, 5624, 5624, 5624, 5624, 5624, 5624, 5624, 5624, 5624, 5624, 5624, 5624, 5624, 5624, 5624, 5624, 5624, 5624, 5624, 5624, 5624, 5624, 5624, 5624, 5624, 5624, 5624, 5624, 5624, 5624, 5624, 5624, 5624, 5624, 5624, 5624, 5624, 5624, 5624, 5624, 5624, 5624, 5624, 5624, 5624, 5624, 5624, 5624, 5624, 5624, 5624, 5624, 5624, 5624, 5624, 5624, 5624, 5624, 5624, 5624, 5624, 5624, 5624, 5624, 5624, 5624, 5624, 5624, 5624, 5624, 5624, 5624, 5624, 5624, 5624, 5624, 5624, 5624, 5624, 5624, 5624, 5624, 5624, 5624, 5624, 5624, 5624, 5624, 5624, 5624, 5624, 5624, 5624, 5624, 5624, 5624, 5624, 5624, 5624, 5624, 5624, 5624, 5624, 5624, 5624, 5624, 5624, 5624, 5624, 5624, 5624, 5624, 5624, 5624, 5624, 5624, 5624, 5624, 5624, 5624, 5624, 5624, 5624, 5624, 5624, 5624, 5624, 5624, 5624, 5624, 5624, 5624, 5624, 5624, 5624, 5624, 5624, 5624, 5624, 5624, 5624, 5624, 5624, 5624, 5624, 5624, 5624, 5624, 5624, 5624, 5624, 5624, 5624, 5624, 5624, 5624, 5624, 5624, 5624, 5624, 5624, 5624, 5624, 5624, 5624, 5624, 5624, 5624, 5624, 5624, 5624, 5624, 5624, 5624, 5624, 5624, 5624, 5624, 5624, 5624, 5624, 5624, 5624, 5624, 5624, 5624, 5624, 5624, 5624, 5624, 5624, 5624, 5624, 5624, 5624, 5624, 5624, 5624, 5624, 5624, 5624, 5624, 5624, 5624, 5624, 5624, 5624, 5624, 5624, 5624, 5624, 5624, 5624, 5624, 5624, 5624, 5624, 5624, 5624, 5624, 5624, 5624, 5624, 5624, 5624, 5624, 5624, 5624, 5624, 5624, 5624, 5624, 5624, 5624, 5624, 5624, 5624, 5624, 5624, 5624, 5624, 5624, 5624, 5624, 5624, 5624, 5624, 5624, 5624, 5624, 5624, 5624, 5624, 5624, 5624, 5624, 5624, 5624, 5624, 5624, 5624, 5624, 5624, 5624, 5624, 5624, 5624, 5624, 5624, 5624, 5624, 5624, 5624, 5624, 5624, 5624, 5624, 5624, 5624, 5624, 5624, 5624, 5624, 5624, 5624, 5624, 5624, 5624, 5624, 5624, 5624, 5624, 5624, 5624, 5624, 5624, 5624, 5624, 5624, 5624, 5624, 5624, 5624, 5624, 5624, 5624, 5624, 5624, 5624, 5624, 5624, 5624, 5624, 5624, 5624, 5624, 5624, 5624, 5624, 5624, 5624, 5624, 5624, 5624, 5624, 5624, 5624, 5624, 5624, 5624, 5624, 5624, 5624, 5624, 5624, 5624, 5624, 5624, 5624, 5624, 5624, 5624, 5624, 5624, 5624, 5624, 5624, 5624, 5624, 5624, 5624, 5624, 5624, 5624, 5624, 5624, 5624, 5624, 5624, 5624, 5624, 5624, 5624, 5624, 5624, 5624, 5624, 5624, 5624, 5624, 5624, 5624, 5624, 5624, 5624, 5624, 5624, 5624, 5624, 5624, 5624, 5624, 5624, 5624, 5624, 5624, 5624, 5624, 5624, 5624, 5624, 5624, 5624, 5624, 5624, 5624, 5624, 5624, 5624, 5624, 5624, 5624, 5624, 5624, 5624, 5624, 5624, 5624, 5624, 5624, 5624, 5624, 5624, 5624, 5624, 5624, 5624, 5624, 5624, 5624, 5624, 5624, 5624, 5624, 5624, 5624, 5624, 5624, 5624, 5624, 5624, 5624, 5624, 5624, 5624, 5624, 5624, 5624, 5624, 5624, 5624, 5624, 5624, 5624, 5624, 5624, 5624, 5624, 5624, 5624, 5624, 5624, 5624, 5624, 5624, 5624, 5624, 5624, 5624, 5624, 5624, 5624, 5624, 5624, 5624, 5624, 5624, 5624, 5624, 5624, 5624, 5624, 5624, 5624, 5624, 5624, 5624, 5624, 5624, 5624, 5624, 5624, 5624, 5624, 5624, 5624, 5624, 5624, 5624, 5624, 5624, 5624, 5624, 5624, 5624, 5624, 5624, 5624, 5624, 5624, 5624, 5624, 5624, 5624, 5624, 5624, 5624, 5624, 5624, 5624, 5624, 5624, 5624, 5624, 5624, 5624, 5624, 5624, 5624, 5624, 5624, 5624, 5624, 5624, 5624, 5624, 5624, 5624, 5624, 5624, 5624, 5624, 5624, 5624, 5624, 5624, 5624, 5624, 5624, 5624, 5624, 5624, 5624, 5624, 5624, 5624, 5624, 5624, 5624, 5624, 5624, 5624, 5624, 5624, 5624, 5624, 5624, 5624, 5624, 5624, 5624, 5624, 5624, 5624, 5624, 5624, 5624, 5624, 5624, 5624, 5624, 5624, 5624, 5624, 5624, 5624, 5624, 5624, 5624, 5624, 5624, 5624, 5624, 5624, 5624, 5624, 5624, 5624, 5624, 5624, 5624, 5624, 5624, 5624, 5624, 5624, 5624, 5624, 5624, 5624, 5624, 5624, 5624, 5624, 5624, 5624, 5624, 5624, 5624, 5624, 5624, 5624, 5624, 5624, 5624, 5624, 5624, 5624, 5624, 5624, 5624, 5624, 5624, 5624, 5624, 5624, 5624, 5624, 5624, 5624, 5624, 5624, 5624, 5624, 5624, 5624, 5624, 5624, 5624, 5624, 5624, 5624, 5624, 5624, 5624, 5624, 5624, 5624, 5624, 5624, 5624, 5624, 5624, 5624, 5624, 5624, 5624, 5624, 5624, 5624, 5624, 5624, 5624, 5624, 5624, 5624, 5624, 5624, 5624, 5624, 5624, 5624, 5624, 5624, 5624, 5624, 5624, 5624, 5624, 5624, 5624, 5624, 5624, 5624, 5624, 5624, 5624, 5624, 5624, 5624, 5624, 5624, 5624, 5624, 5624, 5624, 5624, 5624, 5624, 5624, 5624, 5624, 5624, 5624, 5624, 5624, 5624, 5624, 5624, 5624, 5624, 5624, 5624, 5624, 5624, 5624, 5624, 5624, 5624, 5624, 5624, 5624, 5624, 5624, 5624, 5624, 5624, 5624, 5624, 5624, 5624, 5624, 5624, 5624, 5624, 5624, 5624, 5624, 5624, 5624, 5624, 5624, 5624, 5624, 5624, 5624, 5624, 5624, 5624, 5624, 5624, 5624, 5624, 5624, 5624, 5624, 5624, 5624, 5624, 5624, 5624, 5624, 5624, 5624, 5624, 5624, 5624, 5624, 5624, 5624, 5624, 5624, 5624, 5624, 5624, 5624, 5624, 5624, 5624, 5624, 5624, 5624, 5624, 5624, 5624, 5624, 5624, 5624, 5624, 5624, 5624, 5624, 5624, 5624, 5624, 5624, 5624, 5624, 5624, 5624, 5624, 5624, 5624, 5624, 5624, 5624, 5624, 5624, 5624, 5624, 5624, 5624, 5624, 5624, 5624, 5624, 5624, 5624, 5624, 5624, 5624, 5624, 5624, 5624, 5624, 5624, 5624, 5624, 5624, 5624, 5624, 5624, 5624, 5624, 5624, 5624, 5624, 5624, 5624, 5624, 5624, 5624, 5624, 5624, 5624, 5624, 5624, 5624, 5624, 5624, 5624, 5624, 5624, 5624, 5624, 5624, 5624, 5624, 5624, 5624, 5624, 5624, 5624, 5624, 5624, 5624, 5624, 5624, 5624, 5624, 5624, 5624, 5624, 5624, 5624, 5624, 5624, 5624, 5624, 5624, 5624, 5624, 5624, 5624, 5624, 5624, 5624, 5624, 5624, 5624, 5624, 5624, 5624, 5624, 5624, 5624, 5624, 5624, 5624, 5624, 5624, 5624, 5624, 5624, 5624, 5624, 5624, 5624, 5624, 5624, 5624, 5624, 5624, 5624, 5624, 5624, 5624, 5624, 5624, 5624, 5624, 5624, 5624, 5624, 5624, 5624, 5624, 5624, 5624, 5624, 5624, 5624, 5624, 5624, 5624, 5624, 5624, 5624, 5624, 5624, 5624, 5624, 5624, 5624, 5624, 5624, 5624, 5624, 5624, 5624, 5624, 5624, 5624, 5624, 5624, 5624, 5624, 5624, 5624, 5624, 5624, 5624, 5624, 5624, 5624, 5624, 5624, 5624, 5624, 5624, 5624, 5624, 5624, 5624, 5624, 5624, 5624, 5624, 5624, 5624, 5624, 5624, 5624, 5624, 5624, 5624, 5624, 5624, 5624, 5624, 5624, 5624, 5624, 5624, 5624, 5624, 5624, 5624, 5624, 5624, 5624, 5624, 5624, 5624, 5624, 5624, 5624, 5624, 5624, 5624, 5624, 5624, 5624, 5624, 5624, 5624, 5624, 5624, 5624, 5624, 5624, 5624, 5624, 5624, 5624, 5624, 5624, 5624, 5624, 5624, 5624, 5624, 5624, 5624, 5624, 5624, 5624, 5624, 5624, 5624, 5624, 5624, 5624, 5624, 5624, 5624, 5624, 5624, 5624, 5624, 5624, 5624, 5624, 5624, 5624, 5624, 5624, 5624, 5624, 5624, 5624, 5624, 5624, 5624, 5624, 5624, 5624, 5624, 5624, 5624, 5624, 5624, 5624, 5624, 5624, 5624, 5624, 5624, 5624, 5624, 5624, 5624, 5624, 5624, 5624, 5624, 5624, 5624, 5624, 5624, 5624, 5624, 5624, 5624, 5624, 5624, 5624, 5624, 5624, 5624, 5624, 5624, 5624, 5624, 5624, 5624, 5624, 5624, 5624, 5624, 5624, 5624, 5624, 5624, 5624, 5624, 5624, 5624, 5624, 5624, 5624, 5624, 5624, 5624, 5624, 5624, 5624, 5624, 5624, 5624, 5624, 5624, 5624, 5624, 5624, 5624, 5624, 5624, 5624, 5624, 5624, 5624, 5624, 5624, 5624, 5624, 5624, 5624, 5624, 5624, 5624, 5624, 5624, 5624, 5624, 5624, 5624, 5624, 5624, 5624, 5624, 5624, 5624, 5624, 5624, 5624, 5624, 5624, 5624, 5624, 5624, 5624, 5624, 5624, 5624, 5624, 5624, 5624, 5624, 5624, 5624, 5624, 5624, 5624, 5624, 5624, 5624, 5624, 5624, 5624, 5624, 5624, 5624, 5624, 5624, 5624, 5624, 5624, 5624, 5624, 5624, 5624, 5624, 5624, 5624, 5624, 5624, 5624, 5624, 5624, 5624, 5624, 5624, 5624, 5624, 5624, 5624, 5624, 5624, 5624, 5624, 5624, 5624, 5624, 5624, 5624, 5624, 5624, 5624, 5624, 5624, 5624, 5624, 5624, 5624, 5624, 5624, 5622, 5622, 5622, 5622, 5622, 5622, 5622, 5622, 5622, 5622, 5622, 5622, 5622, 5622, 5622, 5622, 5622, 5622, 5622, 5622, 5622, 5622, 5622, 5622, 5622, 5622, 5622, 5622, 5622, 5622, 5622, 5622, 5622, 5622, 5622, 5622, 5622, 5622, 5622, 5622, 5622, 5622, 5622, 5622, 5622, 5622, 5622, 5622, 5622, 5622, 5622, 5622, 5622, 5622, 5622, 5622, 5622, 5622, 5622, 5622, 5622, 5622, 5622, 5622, 5622, 5622, 5622, 5622, 5622, 5622, 5622, 5622, 5622, 5622, 5622, 5622, 5622, 5622, 5622, 5622, 5622, 5622, 5622, 5622, 5622, 5622, 5622, 5622, 5622, 5622, 5622, 5622, 5622, 5622, 5622, 5622, 5622, 5622, 5622, 5622, 5622, 5622, 5622, 5622, 5622, 5622, 5622, 5622, 5622, 5622, 5622, 5622, 5622, 5622, 5622, 5622, 5622, 5622, 5622, 5622, 5622, 5622, 5622, 5622, 5622, 5622, 5622, 5622, 5622, 5622, 5622, 5622, 5622, 5622, 5622, 5622, 5622, 5622, 5622, 5622, 5622, 5622, 5622, 5622, 5622, 5622, 5622, 5622, 5622, 5622, 5622, 5622, 5622, 5622, 5622, 5622, 5622, 5622, 5622, 5622, 5622, 5622, 5622, 5622, 5622, 5622, 5622, 5622, 5622, 5622, 5622, 5622, 5622, 5622, 5622, 5622, 5622, 5622, 5622, 5622, 5622, 5622, 5622, 5622, 5622, 5622, 5622, 5622, 5622, 5622, 5622, 5622, 5622, 5622, 5622, 5622, 5622, 5622, 5622, 5622, 5622, 5622, 5622, 5622, 5622, 5622, 5622, 5622, 5622, 5622, 5622, 5622, 5622, 5622, 5622, 5622, 5622, 5622, 5622, 5622, 5622, 5622, 5622, 5622, 5622, 5622, 5622, 5622, 5622, 5622, 5622, 5622, 5622, 5622, 5622, 5622, 5622, 5622, 5622, 5622, 5622, 5622, 5622, 5622, 5622, 5622, 5622, 5622, 5622, 5622, 5622, 5622, 5622, 5622, 5622, 5622, 5622, 5622, 5622, 5622, 5622, 5622, 5622, 5622, 5622, 5622, 5622, 5622, 5622, 5622, 5622, 5622, 5622, 5622, 5622, 5622, 5622, 5622, 5622, 5622, 5622, 5622, 5622, 5622, 5622, 5622, 5622, 5622, 5622, 5622, 5622, 5622, 5622, 5622, 5622, 5622, 5622, 5622, 5622, 5622, 5622, 5622, 5622, 5622, 5622, 5622, 5622, 5622, 5622, 5622, 5622, 5622, 5622, 5622, 5622, 5622, 5622, 5622, 5622, 5622, 5622, 5622, 5622, 5622, 5622, 5622, 5622, 5622, 5622, 5622, 5622, 5622, 5622, 5622, 5622, 5622, 5622, 5622, 5622, 5622, 5622, 5622, 5622, 5622, 5622, 5622, 5622, 5622, 5622, 5622, 5622, 5622, 5622, 5622, 5622, 5622, 5622, 5622, 5622, 5622, 5622, 5622, 5622, 5622, 5622, 5622, 5622, 5622, 5622, 5622, 5622, 5622, 5622, 5622, 5622, 5622, 5622, 5622, 5622, 5622, 5622, 5622, 5622, 5622, 5622, 5622, 5622, 5622, 5622, 5622, 5622, 5622, 5622, 5622, 5622, 5622, 5622, 5622, 5622, 5622, 5622, 5622, 5622, 5622, 5622, 5622, 5622, 5622, 5622, 5622, 5622, 5622, 5622, 5622, 5622, 5622, 5622, 5622, 5622, 5622, 5622, 5622, 5622, 5622, 5622, 5622, 5622, 5622, 5622, 5622, 5622, 5622, 5622, 5622, 5622, 5622, 5622, 5622, 5622, 5622, 5622, 5622, 5622, 5622, 5622, 5622, 5622, 5622, 5622, 5622, 5622, 5622, 5622, 5622, 5622, 5622, 5622, 5622, 5622, 5622, 5622, 5622, 5622, 5622, 5622, 5622, 5622, 5622, 5622, 5622, 5622, 5622, 5622, 5622, 5622, 5622, 5622, 5622, 5622, 5622, 5622, 5622, 5622, 5622, 5622, 5622, 5622, 5622, 5622, 5622, 5622, 5622, 5622, 5622, 5622, 5622, 5622, 5622, 5622, 5622, 5622, 5622, 5622, 5622, 5622, 5622, 5622, 5622, 5622, 5622, 5622, 5622, 5622, 5622, 5622, 5622, 5622, 5622, 5622, 5622, 5622, 5622, 5622, 5622, 5622, 5622, 5622, 5622, 5622, 5622, 5622, 5622, 5622, 5622, 5622, 5622, 5622, 5622, 5622, 5622, 5622, 5622, 5622, 5622, 5622, 5622, 5622, 5622, 5622, 5622, 5622, 5622, 5622, 5622, 5622, 5622, 5622, 5622, 5622, 5622, 5622, 5622, 5622, 5622, 5622, 5622, 5622, 5622, 5622, 5622, 5622, 5622, 5622, 5622, 5622, 5622, 5622, 5622, 5622, 5622, 5622, 5622, 5622, 5622, 5622, 5622, 5622, 5622, 5622, 5622, 5622, 5622, 5622, 5622, 5622, 5622, 5622, 5622, 5622, 5622, 5622, 5622, 5622, 5622, 5622, 5622, 5622, 5622, 5622, 5622, 5622, 5622, 5622, 5622, 5622, 5622, 5622, 5622, 5622, 5622, 5622, 5622, 5622, 5622, 5622, 5622, 5622, 5622, 5622, 5622, 5622, 5622, 5622, 5622, 5622, 5622, 5622, 5622, 5622, 5622, 5622, 5622, 5622, 5622, 5622, 5622, 5622, 5622, 5622, 5622, 5622, 5622, 5622, 5622, 5622, 5622, 5622, 5622, 5622, 5622, 5622, 5622, 5622, 5622, 5622, 5622, 5622, 5622, 5622, 5622, 5622, 5622, 5622, 5622, 5622, 5622, 5622, 5622, 5622, 5622, 5622, 5622, 5622, 5622, 5622, 5622, 5622, 5622, 5622, 5622, 5622, 5622, 5622, 5622, 5622, 5622, 5622, 5622, 5622, 5622, 5622, 5622, 5622, 5622, 5622, 5622, 5622, 5622, 5622, 5622, 5622, 5622, 5622, 5622, 5622, 5622, 5622, 5622, 5622, 5622, 5622, 5622, 5622, 5622, 5622, 5622, 5622, 5622, 5622, 5622, 5622, 5622, 5622, 5622, 5622, 5622, 5622, 5622, 5622, 5622, 5622, 5622, 5622, 5622, 5622, 5622, 5622, 5622, 5622, 5622, 5622, 5622, 5622, 5622, 5622, 5622, 5622, 5622, 5622, 5622, 5622, 5622, 5622, 5622, 5622, 5622, 5622, 5622, 5622, 5622, 5622, 5622, 5622, 5622, 5622, 5622, 5622, 5622, 5622, 5622, 5622, 5622, 5622, 5622, 5622, 5622, 5622, 5622, 5622, 5622, 5622, 5622, 5622, 5622, 5622, 5622, 5622, 5622, 5622, 5622, 5622, 5622, 5622, 5622, 5622, 5622, 5622, 5622, 5622, 5622, 5622, 5622, 5622, 5622, 5622, 5622, 5622, 5622, 5622, 5622, 5622, 5622, 5622, 5622, 5622, 5622, 5622, 5622, 5622, 5622, 5622, 5622, 5622, 5622, 5622, 5622, 5622, 5622, 5622, 5622, 5622, 5622, 5622, 5622, 5622, 5622, 5622, 5622, 5622, 5622, 5622, 5622, 5622, 5622, 5622, 5622, 5622, 5622, 5622, 5622, 5622, 5622, 5622, 5622, 5622, 5622, 5622, 5622, 5622, 5622, 5622, 5622, 5622, 5622, 5622, 5622, 5622, 5622, 5622, 5622, 5622, 5622, 5622, 5622, 5622, 5622, 5622, 5622, 5622, 5622, 5622, 5622, 5622, 5622, 5622, 5622, 5622, 5622, 5622, 5622, 5622, 5622, 5622, 5622, 5622, 5622, 5622, 5622, 5622, 5622, 5622, 5622, 5622, 5622, 5622, 5622, 5622, 5622, 5622, 5622, 5622, 5622, 5622, 5622, 5622, 5622, 5622, 5622, 5622, 5622, 5622, 5622, 5622, 5622, 5622, 5622, 5622, 5622, 5622, 5622, 5622, 5622, 5622, 5622, 5622, 5622, 5622, 5622, 5622, 5622, 5622, 5622, 5622, 5622, 5622, 5622, 5622, 5622, 5622, 5622, 5622, 5622, 5622, 5622, 5622, 5622, 5622, 5622, 5622, 5622, 5622, 5622, 5622, 5622, 5622, 5622, 5622, 5622, 5622, 5622, 5622, 5622, 5622, 5622, 5622, 5622, 5622, 5622, 5622, 5622, 5622, 5622, 5622, 5622, 5622, 5622, 5622, 5622, 5622, 5622, 5622, 5622, 5622, 5622, 5622, 5622, 5622, 5622, 5622, 5622, 5622, 5622, 5622, 5622, 5622, 5622, 5622, 5622, 5622, 5622, 5622, 5622, 5622, 5622, 5622, 5622, 5622, 5622, 5622, 5622, 5622, 5622, 5622, 5622, 5622, 5622, 5622, 5622, 5622, 5622, 5622, 5622, 5622, 5622, 5622, 5622, 5622, 5622, 5622, 5622, 5622, 5622, 5622, 5622, 5622, 5622, 5622, 5622, 5622, 5622, 5622, 5622, 5622, 5622, 5622, 5622, 5622, 5622, 5622, 5622, 5622, 5622, 5622, 5622, 5622, 5622, 5622, 5622, 5622, 5622, 5622, 5622, 5622, 5622, 5622, 5622, 5622, 5622, 5622, 5622, 5622, 5622, 5622, 5622, 5622, 5622, 5622, 5622, 5622, 5622, 5622, 5622, 5622, 5622, 5622, 5622, 5622, 5622, 5622, 5622, 5622, 5622, 5622, 5622, 5622, 5622, 5622, 5622, 5622, 5622, 5622, 5622, 5622, 5622, 5622, 5622, 5622, 5622, 5622, 5622, 5622, 5622, 5622, 5622, 5622, 5622, 5622, 5622, 5622, 5622, 5622, 5622, 5622, 5622, 5622, 5622, 5622, 5622, 5622, 5622, 5622, 5622, 5622, 5622, 5622, 5622, 5622, 5622, 5622, 5622, 5622, 5622, 5622, 5622, 5622, 5622, 5622, 5622, 5622, 5622, 5622, 5622, 5622, 5622, 5622, 5622, 5622, 5622, 5622, 5622, 5622, 5622, 5622, 5622, 5622, 5622, 5622, 5622, 5622, 5622, 5622, 5622, 5622, 5622, 5622, 5622, 5622, 5622, 5622, 5622, 5622, 5622, 5622, 5622, 5622, 5622, 5622, 5622, 5622, 5622, 5622, 5622, 5622, 5622, 5622, 5622, 5622, 5622, 5622, 5622, 5622, 5622, 5622, 5622, 5622, 5622, 5622, 5622, 5622, 5622, 5622, 5622, 5622, 5622, 5622, 5622, 5622, 5622, 5622, 5622, 5622, 5622, 5622, 5622, 5622, 5622, 5622, 5622, 5622, 5622, 5622, 5622, 5622, 5622, 5622, 5622, 5622, 5622, 5622, 5622, 5622, 5622, 5622, 5622, 5622, 5622, 5622, 5622, 5622, 5622, 5622, 5622, 5622, 5622, 5622, 5622, 5622, 5622, 5622, 5622, 5622, 5622, 5622, 5622, 5622, 5622, 5622, 5622, 5622, 5622, 5622, 5622, 5622, 5622, 5622, 5622, 5622, 5622, 5622, 5622, 5622, 5622, 5622, 5622, 5622, 5622, 5622, 5622, 5622, 5622, 5622, 5622, 5622, 5622, 5622, 5622, 5622, 5622, 5622, 5622, 5622, 5622, 5622, 5622, 5622, 5622, 5622, 5622, 5622, 5622, 5622, 5622, 5622, 5622, 5622, 5622, 5622, 5622, 5622, 5622, 5622, 5622, 5622, 5622, 5622, 5622, 5622, 5622, 5622, 5622, 5622, 5622, 5622, 5622, 5622, 5622, 5622, 5622, 5622, 5622, 5622, 5622, 5622, 5622, 5622, 5622, 5622, 5622, 5622, 5622, 5622, 5622, 5622, 5622, 5622, 5622, 5622, 5622, 5622, 5622, 5622, 5622, 5622, 5622, 5622, 5622, 5622, 5622, 5622, 5622, 5622, 5622, 5622, 5622, 5622, 5622, 5622, 5622, 5622, 5622, 5622, 5622, 5622, 5622, 5622, 5622, 5622, 5622, 5622, 5622, 5622, 5622, 5622, 5622, 5622, 5622, 5622, 5622, 5622, 5622, 5622, 5622, 5622, 5622, 5622, 5622, 5622, 5622, 5622, 5622, 5622, 5622, 5622, 5622, 5622, 5622, 5622, 5622, 5622, 5622, 5622, 5622, 5622, 5622, 5622, 5622, 5622, 5622, 5622, 5622, 5622, 5622, 5622, 5622, 5622, 5622, 5622, 5622, 5622, 5622, 5622, 5622, 5622, 5622, 5622, 5622, 5622, 5622, 5622, 5622, 5622, 5622, 5622, 5622, 5622, 5622, 5622, 5622, 5622, 5622, 5622, 5622, 5622, 5622, 5622, 5622, 5622, 5622, 5622, 5622, 5622, 5622, 5622, 5622, 5622, 5622, 5622, 5622, 5622, 5622, 5622, 5622, 5622, 5622, 5622, 5622, 5622, 5622, 5622, 5622, 5622, 5622, 5622, 5622, 5622, 5622, 5622, 5622, 5622, 5622, 5622, 5622, 5622, 5622, 5622, 5622, 5622, 5622, 5622, 5622, 5622, 5622, 5622, 5622, 5622, 5622, 5622, 5622, 5622, 5622, 5622, 5622, 5622, 5622, 5622, 5622, 5622, 5622, 5622, 5622, 5622, 5622, 5622, 5622, 5622, 5622, 5622, 5622, 5622, 5622, 5622, 5622, 5622, 5622, 5622, 5622, 5622, 5622, 5622, 5622, 5622, 5622, 5622, 5622, 5622, 5622, 5622, 5622, 5622, 5622, 5622, 5622, 5622, 5620, 
Fitness promedio a lo largo del tiempo: 
20938, 17416, 14349, 12478, 10304, 7518, 7368, 7188, 7322, 6535, 7118, 6654, 6952, 6950, 6627, 7369, 6930, 7226, 6564, 6716, 6590, 6669, 7152, 7023, 7120, 6643, 6733, 6556, 6335, 6730, 6208, 6881, 6925, 6594, 5900, 5944, 6861, 5992, 5985, 6301, 6566, 6201, 5876, 6040, 5780, 6199, 6149, 5819, 5690, 5861, 5687, 5902, 5815, 5678, 5739, 5677, 5691, 5737, 5682, 5673, 5723, 5666, 5674, 5690, 5685, 6227, 5671, 5667, 5773, 6074, 5661, 5730, 5677, 6323, 5836, 5652, 5654, 5673, 5780, 5655, 5648, 5896, 5658, 5646, 5821, 5834, 5645, 5883, 5652, 5646, 5737, 5771, 5721, 5887, 5652, 5671, 5646, 5653, 6270, 5659, 5653, 5888, 5679, 5665, 5835, 5644, 5824, 5663, 5670, 5675, 5954, 5641, 5887, 5656, 5655, 5668, 5651, 5774, 6231, 5990, 6055, 5836, 5730, 5731, 5669, 5675, 5653, 5981, 5656, 5653, 5671, 5658, 6179, 6131, 5652, 5900, 5682, 5846, 6164, 5779, 5686, 5992, 5657, 5769, 5654, 5663, 6156, 5662, 5677, 5666, 5663, 6273, 5658, 5873, 5667, 5658, 5663, 6059, 5953, 6267, 5671, 5659, 5792, 5660, 5674, 5663, 6044, 5650, 5645, 5817, 5665, 5770, 5652, 6107, 5743, 6164, 5673, 5655, 5682, 5657, 5825, 5984, 5681, 5952, 5673, 6818, 5664, 5665, 6071, 5898, 5651, 6215, 5661, 5668, 5658, 6293, 5800, 5671, 5650, 6314, 5881, 5889, 5653, 5658, 5671, 6103, 6288, 5651, 5650, 5994, 5774, 6054, 5937, 5645, 5686, 5649, 5774, 5780, 5673, 5870, 5667, 5844, 5668, 5662, 5652, 5681, 5674, 5657, 5672, 5664, 6179, 6117, 5653, 6037, 5830, 5943, 5885, 5651, 5657, 5829, 5828, 5666, 5935, 5722, 5651, 5656, 5665, 5664, 6126, 5880, 5653, 5658, 5880, 5657, 5665, 5646, 5645, 6090, 5679, 6044, 5672, 5964, 5656, 5659, 6152, 5776, 5719, 5665, 5682, 5717, 5658, 5941, 5953, 5655, 6003, 5649, 6471, 5656, 5655, 5721, 5656, 5734, 5661, 5781, 5669, 5657, 5651, 5658, 5656, 5766, 5660, 5652, 5665, 5668, 5829, 5672, 5665, 5659, 5660, 5654, 5650, 6011, 5879, 5642, 5657, 5662, 5659, 5831, 5670, 5660, 5995, 5671, 5962, 5665, 6157, 5661, 5684, 5787, 5645, 5878, 5641, 5665, 5659, 6204, 5665, 5646, 5822, 6559, 5886, 5882, 6051, 5645, 5662, 5670, 5674, 5660, 5893, 6275, 5827, 5659, 5651, 5652, 5654, 5682, 5658, 5666, 5673, 5953, 5671, 5659, 5660, 5661, 5674, 5774, 6279, 5895, 5659, 5943, 5668, 5644, 5654, 6171, 5660, 5906, 5737, 5662, 5661, 5686, 5650, 5722, 5663, 5826, 5670, 5721, 5952, 5669, 5830, 5655, 5729, 5940, 5661, 5660, 5667, 5645, 5653, 5661, 5793, 6030, 6542, 5645, 5656, 5733, 5650, 5666, 5659, 5665, 5790, 5886, 6059, 6115, 6114, 5779, 5666, 5666, 5667, 5664, 5652, 5880, 6045, 5779, 5842, 5731, 5774, 5677, 5783, 5661, 5777, 5781, 5898, 5674, 5654, 5653, 5640, 5668, 5663, 5670, 5683, 5656, 5657, 5936, 5893, 5651, 5661, 5934, 5724, 5693, 5669, 6045, 5880, 6282, 5824, 5768, 5665, 5673, 5659, 5676, 6332, 5776, 5709, 5658, 5642, 5648, 6221, 5658, 5769, 5655, 5652, 5726, 6307, 5665, 5669, 5658, 5682, 5665, 5656, 6046, 5659, 5990, 5789, 5646, 5680, 6278, 5651, 5650, 6555, 5676, 5729, 5666, 5674, 6014, 5642, 5666, 5658, 5652, 5670, 5673, 6322, 5651, 5784, 5663, 5658, 5782, 6128, 5658, 5657, 5649, 5794, 5729, 5663, 5729, 5654, 5654, 6057, 5662, 5773, 5723, 6216, 5658, 5643, 5666, 5664, 5657, 5889, 6225, 5649, 5667, 6002, 5936, 5650, 5658, 5681, 5667, 6172, 5673, 5651, 5784, 5647, 5671, 5788, 5671, 5651, 5719, 5799, 5783, 5658, 5649, 5824, 5654, 5652, 5676, 6432, 5721, 5651, 5689, 6197, 5659, 5674, 6545, 5834, 5649, 5653, 5652, 5658, 5666, 5657, 5681, 5658, 5669, 5642, 5662, 5649, 6004, 5831, 5661, 5653, 5655, 5659, 5725, 5830, 5663, 5674, 6144, 5677, 6179, 6008, 5655, 5658, 5655, 5933, 5649, 5670, 5948, 5652, 5939, 5655, 5686, 5668, 5684, 5666, 5767, 6109, 5655, 5728, 5671, 5667, 5653, 5802, 5665, 5666, 5891, 5657, 5674, 5657, 5665, 5924, 5658, 5728, 5653, 5656, 6054, 5661, 5663, 5991, 5655, 5650, 5820, 5984, 5669, 5761, 5946, 5643, 5992, 5661, 5781, 5662, 5644, 5777, 5860, 5989, 6109, 5837, 5918, 5659, 5657, 6209, 5724, 5764, 5641, 5762, 5912, 5861, 5823, 5645, 5652, 5652, 5646, 5714, 5826, 5644, 5655, 5659, 5709, 5637, 5652, 5640, 5643, 6034, 5637, 6042, 5778, 5763, 5659, 5631, 5642, 5653, 5637, 5638, 6197, 5851, 5835, 6148, 5648, 5655, 5646, 5754, 5650, 5664, 5636, 5632, 5645, 5665, 5894, 5644, 5649, 6032, 5752, 5648, 5638, 5650, 5656, 5991, 5819, 5731, 5659, 5637, 5640, 5761, 5647, 5631, 5644, 5631, 5643, 5655, 5647, 5655, 5644, 5645, 5648, 5708, 5635, 5642, 5647, 5631, 5654, 5642, 5975, 5647, 5638, 5921, 5716, 6566, 5630, 5630, 5663, 5644, 5809, 5643, 5643, 5716, 5656, 5642, 5643, 5647, 5649, 5650, 5648, 5632, 5643, 5642, 5763, 5643, 5639, 5650, 5646, 5826, 5770, 5650, 5649, 5630, 5642, 5652, 5641, 5641, 5859, 5653, 5816, 5964, 5638, 5646, 5864, 5711, 5640, 6056, 5988, 5639, 5654, 5714, 6376, 5662, 5657, 5638, 5651, 5649, 5650, 5633, 5644, 5643, 5638, 5753, 5630, 5704, 5646, 5651, 5645, 5649, 5647, 5655, 5650, 6035, 5709, 5646, 5646, 5715, 5651, 5656, 5648, 5641, 5646, 5630, 5630, 5656, 5639, 5645, 5867, 5650, 5655, 5639, 5631, 5654, 5650, 6038, 5649, 5941, 5643, 5637, 5675, 5713, 5641, 5872, 5660, 5665, 5656, 5630, 5640, 5643, 5711, 5636, 5661, 5644, 5764, 5639, 5644, 5639, 5650, 5659, 5645, 5652, 5642, 5647, 5711, 5646, 6100, 5660, 5712, 5643, 5641, 5894, 6108, 5640, 5646, 5651, 5948, 5640, 5647, 5997, 6237, 5642, 5653, 5710, 5846, 5636, 5646, 5640, 5643, 5654, 5664, 6110, 5631, 5657, 5642, 5657, 5639, 5654, 5649, 6001, 5815, 5640, 5639, 5665, 5641, 5640, 5650, 5642, 5637, 5728, 6277, 5777, 6151, 5789, 5810, 5645, 5642, 5644, 6031, 5665, 5816, 5758, 5714, 5646, 5641, 5947, 5640, 5656, 5655, 5643, 5655, 5824, 5652, 5711, 5859, 5770, 5648, 5652, 5657, 5715, 5648, 5867, 5643, 5833, 5644, 5645, 5724, 5732, 5638, 5646, 5650, 5763, 5642, 5630, 5651, 5643, 5905, 5646, 5791, 5640, 5631, 5648, 5862, 5642, 5835, 5758, 5753, 5630, 5649, 5635, 5656, 5822, 5656, 5657, 5653, 5934, 5988, 5646, 6424, 5647, 5648, 5901, 5919, 5645, 5665, 5767, 5641, 5635, 5993, 5645, 5653, 5643, 5651, 5833, 5642, 5763, 5717, 5653, 5646, 5708, 5631, 5814, 5654, 5642, 5953, 5652, 5640, 5650, 5821, 5649, 5648, 5653, 5631, 5806, 5640, 5766, 5655, 6091, 5650, 5652, 5664, 5630, 5659, 5640, 5939, 5646, 5646, 5638, 5644, 5657, 5662, 5648, 5655, 5641, 5952, 5636, 5648, 5712, 5723, 5647, 5640, 5633, 5644, 5643, 5637, 5630, 5653, 5656, 5655, 5932, 5654, 5641, 5630, 5815, 5647, 5934, 5642, 5679, 5817, 5641, 5651, 5647, 5830, 5654, 5648, 5630, 5648, 5637, 5715, 6216, 6047, 6009, 5653, 5665, 5646, 5651, 5640, 5641, 5766, 5641, 5655, 5644, 5649, 5758, 5815, 5672, 5651, 5643, 5646, 5822, 5641, 6037, 5702, 5652, 6264, 5632, 5814, 5645, 5651, 5642, 6111, 5650, 5644, 5645, 5652, 5653, 5631, 5645, 5640, 5643, 6151, 5916, 5642, 5779, 5761, 5646, 5652, 6542, 5644, 5642, 5650, 5634, 5641, 5640, 5811, 5655, 5643, 5653, 5737, 5649, 5636, 5655, 5658, 5656, 6083, 5652, 6322, 5654, 5640, 6378, 5732, 5640, 5651, 5659, 5643, 5643, 5651, 5639, 5641, 5756, 5941, 5882, 5639, 5659, 5824, 5636, 5715, 5826, 6001, 6054, 5842, 5663, 6172, 5662, 5809, 5678, 6160, 6219, 5668, 5672, 5655, 6116, 5671, 5662, 5774, 5646, 5954, 5724, 5649, 5655, 5648, 5676, 5654, 5721, 5655, 6140, 5649, 5644, 5642, 5758, 5769, 5779, 6330, 5676, 5712, 5842, 5700, 5871, 5916, 5798, 5886, 5992, 5917, 5635, 5650, 5824, 6031, 5709, 5689, 5726, 5703, 5656, 5669, 5638, 5646, 5652, 5810, 5881, 5647, 5763, 5651, 5652, 5766, 5645, 5642, 6087, 5756, 5713, 6000, 5662, 6410, 5933, 5649, 5650, 5643, 5702, 5674, 5889, 5636, 5709, 5875, 5771, 5711, 6048, 6226, 5976, 5871, 5822, 5663, 5769, 5659, 5885, 5717, 5723, 6084, 5652, 6411, 5644, 5653, 6038, 6373, 5659, 5643, 6375, 5762, 6038, 5645, 5671, 5841, 5772, 5648, 5825, 5649, 5647, 6136, 5638, 5661, 6034, 5643, 5652, 5724, 5654, 5644, 5878, 5652, 6083, 5663, 5654, 5661, 5653, 6098, 5939, 5658, 5703, 5652, 5644, 5646, 5812, 5664, 5763, 5658, 6376, 6051, 5656, 5654, 6107, 5651, 5798, 6232, 5928, 6055, 5655, 5652, 5648, 6048, 5630, 5647, 5644, 5649, 5635, 5653, 5647, 5700, 5655, 5651, 5652, 6188, 5891, 5830, 5668, 5953, 5651, 5722, 5646, 6333, 5675, 6464, 6045, 5718, 5928, 6370, 5647, 5649, 5655, 5650, 5650, 5655, 6154, 6108, 5877, 6030, 5794, 5641, 5880, 5639, 5639, 5644, 5654, 5652, 5629, 5765, 5645, 5652, 5643, 5738, 5660, 5641, 5807, 5663, 5650, 5768, 5651, 6648, 6050, 5723, 5662, 5672, 5650, 6592, 5832, 5656, 5719, 5654, 5651, 5926, 6378, 5682, 5644, 5637, 5634, 5898, 6267, 5975, 5782, 5648, 5943, 6165, 5644, 6205, 6089, 5896, 6415, 5660, 5659, 5661, 5696, 5652, 5663, 5635, 5660, 6086, 5841, 6032, 5919, 5665, 5654, 6279, 6036, 5637, 5658, 5840, 5645, 5984, 5654, 5647, 5840, 6426, 6217, 5786, 5668, 5719, 5658, 6249, 5869, 6325, 5642, 5812, 5644, 5636, 6098, 6209, 5830, 5636, 5663, 5728, 6218, 5929, 5929, 5862, 6015, 5772, 5903, 5653, 5666, 6108, 5634, 5653, 5643, 5929, 5993, 5880, 5658, 5711, 5885, 5681, 5634, 5840, 5640, 5815, 5637, 5666, 6160, 5879, 5651, 5983, 5671, 5994, 5640, 5663, 5835, 5928, 5712, 5780, 5659, 5677, 5670, 5707, 5649, 5650, 6257, 5723, 5764, 6036, 5662, 5966, 5836, 6147, 5938, 5982, 5812, 5658, 5659, 5820, 5661, 5665, 5784, 5824, 5837, 5656, 5655, 5674, 5649, 6047, 6206, 5710, 5636, 6264, 5711, 5937, 5655, 6239, 5660, 5659, 5638, 5891, 6038, 5646, 5879, 5650, 5818, 5635, 5644, 5722, 5650, 5650, 5730, 5666, 5762, 5641, 5640, 6023, 5778, 5875, 6047, 5879, 5648, 5667, 6032, 5978, 5666, 5655, 5872, 5657, 5927, 5645, 5864, 5711, 5766, 5644, 5650, 5671, 5665, 5943, 6361, 5723, 5646, 5815, 5645, 5945, 5655, 5781, 5829, 5660, 5637, 6312, 6248, 5675, 5998, 5643, 5663, 5657, 5643, 5656, 5661, 5642, 5683, 6013, 5652, 5930, 5981, 6035, 5654, 5996, 5649, 5872, 5655, 6142, 5702, 5657, 6539, 5650, 5773, 5746, 5829, 6185, 5658, 5756, 5646, 5931, 5656, 6176, 5879, 5827, 5880, 5655, 5770, 6038, 5642, 5651, 5659, 5960, 5661, 5646, 5642, 5655, 5643, 5659, 5676, 5939, 5646, 5773, 5999, 6163, 5654, 5860, 5766, 5674, 5734, 5839, 6158, 5675, 5642, 6062, 5834, 6379, 5656, 5653, 5645, 5652, 6147, 6122, 5655, 5666, 5643, 5666, 6112, 5721, 5652, 5856, 5832, 5653, 5885, 5648, 5637, 6107, 5927, 5829, 5772, 5649, 6477, 5650, 5973, 5657, 5647, 5715, 5992, 5653, 6050, 6573, 5974, 5662, 5672, 5673, 5662, 6101, 5767, 5645, 6076, 5714, 5737, 6111, 6322, 5654, 5658, 5642, 5655, 5666, 6143, 5651, 6163, 5960, 6211, 5656, 5886, 5701, 5658, 5892, 5705, 5932, 5668, 5651, 5958, 5651, 5935, 5650, 5663, 5651, 5998, 5639, 6046, 5655, 5994, 5667, 5649, 5643, 5877, 5704, 5658, 5767, 5882, 5634, 5649, 5823, 5827, 5668, 5934, 5865, 5637, 5661, 5655, 5649, 5644, 5658, 5647, 5767, 6151, 6262, 5874, 5657, 5953, 5653, 5657, 5666, 5650, 5646, 5648, 5997, 5877, 5942, 5776, 5647, 5655, 5663, 5642, 5644, 5646, 5641, 5653, 5647, 6100, 5924, 5637, 5706, 6046, 5661, 5657, 6307, 5667, 5663, 6197, 5820, 5929, 5819, 5652, 5649, 5930, 5725, 5806, 5644, 5644, 5650, 6614, 5836, 5649, 5636, 5644, 5777, 6039, 6156, 5637, 5653, 5713, 5664, 5990, 5727, 5914, 6138, 5644, 5896, 5644, 5654, 5637, 5663, 5632, 5945, 5650, 5639, 5658, 5872, 5813, 5655, 5698, 5661, 5630, 6734, 5643, 5648, 5646, 5648, 5882, 5876, 6473, 5670, 5715, 5661, 5645, 5659, 5925, 6061, 6410, 5662, 5935, 5654, 5723, 5875, 5817, 5813, 5971, 5759, 5682, 5653, 5658, 5650, 5654, 5673, 5643, 5683, 5842, 5637, 5653, 6095, 6037, 5978, 5648, 5823, 5639, 5667, 5648, 6047, 5658, 5666, 5664, 5651, 5661, 5951, 5941, 5645, 5640, 5644, 5665, 5658, 6617, 5656, 5649, 5655, 6046, 5904, 5643, 5782, 5640, 5897, 5929, 6034, 5662, 5649, 5726, 5763, 5647, 5809, 6139, 6116, 5668, 5638, 5712, 6173, 5932, 6528, 5777, 5642, 6272, 5675, 5681, 5660, 5647, 6089, 5647, 5768, 5718, 5652, 5645, 5653, 5885, 5879, 5872, 5657, 6136, 5818, 6176, 5661, 5657, 5669, 5660, 6232, 5718, 5663, 5714, 5655, 6240, 5817, 5719, 5721, 5637, 5876, 5659, 5712, 6713, 5635, 5660, 6056, 5654, 6171, 5943, 5669, 6130, 5889, 5996, 5822, 5642, 5933, 5668, 5652, 5994, 5658, 5667, 5643, 5661, 5882, 5994, 6048, 6209, 5769, 5656, 5706, 5722, 5667, 5999, 5650, 5645, 5647, 5933, 5640, 5639, 5709, 6537, 5671, 5688, 6101, 6198, 5650, 5635, 5771, 5936, 5654, 5830, 5654, 5633, 5658, 5662, 6480, 5776, 5931, 5832, 5650, 5987, 6246, 5987, 5987, 5644, 5657, 5664, 5813, 6425, 5652, 5663, 5660, 6061, 5662, 5645, 5976, 5674, 5658, 5711, 5723, 5749, 5656, 5659, 5653, 5649, 5649, 5713, 5649, 5655, 5940, 5824, 5680, 5662, 6114, 5710, 5651, 5649, 5642, 5641, 5641, 5640, 6159, 5777, 5656, 5654, 5660, 5666, 5953, 5837, 5674, 5657, 6254, 5829, 6068, 5653, 5677, 5661, 5660, 5997, 6202, 5641, 6265, 5825, 5662, 6119, 5668, 5982, 5952, 6258, 5645, 5878, 5818, 6251, 6256, 5681, 5662, 5640, 5949, 6096, 6354, 5982, 5653, 5975, 6107, 5638, 5665, 5637, 5872, 5787, 5657, 5914, 6145, 6081, 5666, 5787, 5839, 5972, 5641, 5674, 5669, 5667, 5635, 5721, 5727, 5652, 6100, 5652, 5711, 5654, 5652, 5645, 5786, 5873, 5837, 5655, 5665, 5812, 5905, 5660, 5884, 5668, 5952, 5641, 5974, 5652, 5793, 5648, 6330, 5828, 5656, 5642, 5645, 5846, 5773, 6368, 5640, 5648, 6300, 5930, 5639, 6047, 5725, 5984, 5892, 5645, 5879, 6090, 6361, 5641, 5663, 5818, 5656, 5646, 5641, 5641, 5650, 5815, 5660, 5670, 6538, 6591, 5647, 5658, 5651, 5976, 5649, 5642, 5751, 5991, 5949, 5659, 6152, 6031, 5648, 5651, 5648, 5652, 5976, 5668, 5774, 5642, 5643, 5827, 5642, 5932, 5786, 5711, 5645, 6363, 6156, 5765, 5776, 5704, 5652, 6049, 5645, 5881, 5637, 5649, 5860, 5667, 5664, 5726, 6019, 6066, 5768, 6198, 5678, 6100, 5660, 6064, 5666, 6041, 5649, 5637, 5769, 5781, 5816, 5655, 5722, 5811, 5646, 5677, 5717, 5660, 5645, 5661, 5638, 5655, 5666, 5653, 5642, 5629, 5649, 5718, 6010, 5886, 5667, 6101, 5644, 5826, 5644, 6594, 6086, 5650, 5885, 5917, 6372, 5661, 5655, 5648, 5660, 5723, 5912, 5660, 5636, 5659, 5648, 5646, 5653, 5660, 5649, 5716, 5890, 6581, 5933, 5657, 6097, 5662, 5659, 5817, 5673, 6110, 5842, 5660, 5730, 5632, 5667, 5658, 5697, 5872, 5875, 5633, 5648, 6415, 5674, 6023, 5931, 6047, 5654, 5672, 6092, 6309, 5652, 5650, 5665, 6192, 5987, 5976, 5635, 5662, 5707, 5937, 5661, 6691, 6045, 5647, 5668, 5669, 6044, 5769, 6044, 5660, 5979, 6037, 5639, 6299, 5864, 5639, 6461, 5714, 5928, 6235, 5643, 5818, 5817, 5817, 5645, 5868, 6364, 5653, 5669, 5643, 5665, 5879, 5652, 5648, 5650, 5662, 5721, 5653, 5647, 5651, 5772, 5950, 6276, 5936, 6091, 5802, 5811, 5647, 5936, 5651, 5657, 6111, 5774, 5652, 5657, 5704, 5644, 5870, 5799, 5921, 5642, 5711, 5833, 5648, 6119, 6067, 5655, 5641, 5637, 5674, 5829, 5642, 5652, 5870, 5660, 5649, 5648, 6168, 5718, 5769, 6748, 5639, 6122, 5862, 5662, 5654, 5644, 5653, 5758, 5660, 5655, 5663, 5667, 5845, 6146, 6061, 6162, 6025, 5750, 5664, 5827, 6000, 6264, 6052, 6222, 5836, 6095, 5765, 5665, 6583, 5666, 6033, 6109, 5979, 5781, 5986, 5635, 6015, 5776, 5654, 5728, 5669, 5651, 5647, 6149, 6000, 6137, 5652, 5984, 5644, 5827, 5785, 5644, 5876, 5738, 6010, 5650, 5642, 5646, 5650, 5811, 5655, 5839, 5930, 6085, 5934, 6118, 5663, 6164, 6257, 5668, 6092, 5654, 6254, 5640, 5894, 6229, 5991, 5759, 5794, 5660, 5954, 5771, 6172, 5665, 5879, 5665, 5721, 5820, 5771, 5770, 5657, 5659, 5639, 5659, 5713, 5669, 5663, 5644, 6535, 5884, 5654, 5647, 5656, 5653, 6196, 5711, 5647, 5642, 5651, 5641, 5675, 5658, 5869, 5650, 6251, 6013, 5673, 5822, 5818, 5648, 5642, 5645, 5643, 5832, 5639, 5634, 6433, 5646, 5653, 5937, 6227, 5633, 5925, 5671, 5928, 5653, 6480, 5659, 5928, 5736, 5680, 5646, 5639, 5648, 5653, 5652, 5788, 5668, 5658, 6425, 5719, 5769, 5827, 5640, 5820, 5635, 5667, 6098, 5659, 6072, 6037, 5641, 5819, 5884, 5872, 5634, 5876, 5778, 5661, 5769, 6115, 5663, 5662, 5949, 5647, 5722, 5730, 5665, 5724, 5642, 5795, 5883, 6256, 6056, 5643, 6141, 5646, 5669, 5667, 5658, 6157, 5660, 6177, 5662, 6199, 5657, 6682, 5760, 5711, 5661, 5779, 5650, 5652, 6110, 5656, 6223, 5668, 5667, 6430, 5647, 6268, 5659, 5659, 5652, 5641, 5883, 5781, 5725, 5643, 5764, 5666, 6188, 5880, 5833, 6055, 6143, 5877, 5663, 5656, 6346, 5730, 5654, 5644, 5636, 5663, 5766, 5929, 5765, 5672, 5652, 5650, 5647, 5726, 6267, 5653, 5641, 5677, 6591, 5646, 6202, 5880, 5656, 5661, 5661, 5649, 5641, 5770, 5665, 5633, 6533, 5647, 6907, 5637, 5662, 5783, 5650, 5667, 5640, 5878, 5837, 6028, 5887, 5634, 6036, 5637, 5651, 5889, 5655, 5652, 5656, 5928, 5867, 5640, 6576, 5641, 5636, 5648, 6457, 5670, 5663, 5718, 5874, 5635, 5656, 5651, 5666, 6033, 5649, 5980, 5667, 5655, 5637, 5859, 5637, 5987, 5771, 5729, 5777, 6261, 5654, 6069, 5657, 5817, 6103, 6030, 6281, 5647, 6145, 5711, 5822, 5655, 6019, 5700, 5837, 5714, 5643, 5648, 6144, 5635, 5971, 5834, 5656, 5656, 5649, 5661, 6291, 5652, 5928, 6144, 5652, 5686, 5722, 6088, 5788, 5989, 5909, 6143, 5765, 5655, 5653, 6103, 6381, 6157, 5659, 5873, 6207, 5664, 5650, 5928, 5840, 5681, 5671, 5767, 5984, 5870, 5660, 5823, 5655, 5818, 5645, 5639, 5652, 5643, 5636, 5651, 5682, 5649, 5644, 5880, 5674, 5776, 5660, 5652, 5982, 5920, 5669, 6471, 5771, 5983, 5775, 6120, 5717, 5655, 5650, 5672, 5669, 6222, 5664, 5649, 5670, 5667, 6097, 5992, 6417, 6043, 5658, 5724, 5643, 5949, 5660, 5932, 6055, 5638, 5646, 5647, 5648, 5938, 5660, 6102, 5649, 5642, 5875, 5713, 5949, 5658, 5664, 5643, 5730, 5716, 5636, 5928, 5878, 5651, 5927, 5641, 5705, 5682, 6108, 6117, 5925, 5652, 5939, 5711, 5641, 6002, 6194, 5636, 5653, 5643, 5643, 5657, 5664, 5646, 5650, 5644, 5659, 5659, 5678, 5663, 5921, 6528, 6569, 5767, 6479, 5669, 6380, 5951, 5674, 5888, 5651, 6900, 6048, 5659, 5653, 6356, 5828, 5637, 5665, 5640, 5823, 6147, 5663, 5760, 5669, 5814, 5654, 5661, 6035, 5646, 5652, 5646, 6310, 5669, 5705, 5715, 5656, 5651, 5782, 5986, 5762, 5648, 5764, 5849, 5822, 5653, 5830, 5642, 5644, 5663, 5634, 5650, 5647, 5655, 5654, 5972, 5761, 5682, 6033, 5860, 5765, 5661, 5658, 5664, 5950, 5707, 5879, 5655, 5778, 5648, 5721, 6265, 5633, 5650, 5662, 5653, 5650, 6026, 5658, 5644, 5653, 5658, 5769, 5881, 5654, 5668, 5865, 5640, 5715, 5643, 5650, 5671, 5653, 5772, 5643, 5641, 5634, 5660, 5643, 5706, 5712, 5666, 5985, 6298, 5671, 5933, 5824, 5650, 5640, 5647, 5642, 6175, 5646, 5676, 5712, 5663, 5720, 5768, 5985, 5640, 5632, 5636, 5870, 5661, 5661, 5681, 5663, 5645, 5652, 5653, 5654, 5999, 6289, 5653, 5650, 5654, 5649, 5653, 6066, 5649, 5646, 5641, 5648, 5678, 5655, 5656, 5721, 5658, 5774, 5652, 5650, 5635, 6054, 5658, 5657, 5682, 5829, 5834, 5764, 5645, 5656, 5654, 5652, 6046, 5651, 5667, 5654, 5976, 5645, 5663, 5685, 5634, 5646, 5718, 5928, 5657, 5713, 5660, 5773, 5818, 5885, 5779, 5645, 5651, 5876, 5998, 5870, 5644, 5656, 5810, 5646, 5641, 5650, 5648, 5661, 5629, 5723, 5655, 5778, 5713, 5655, 6002, 5644, 5813, 5648, 5649, 6079, 5644, 5885, 5946, 5670, 5651, 6027, 5646, 5638, 5645, 5644, 5664, 5669, 5649, 5651, 5658, 5655, 5655, 5824, 5632, 5715, 5628, 5644, 5649, 6159, 5901, 5649, 5639, 5985, 6582, 5648, 5662, 5665, 5650, 5657, 5910, 5650, 5646, 5711, 5665, 5809, 5669, 5647, 5646, 5944, 5663, 5671, 5646, 6321, 5719, 5869, 5723, 5666, 5652, 5929, 5768, 5649, 5642, 5679, 6053, 5644, 5887, 5659, 5650, 5645, 5767, 5931, 5649, 5660, 5636, 5707, 5647, 5770, 5648, 5727, 5661, 5668, 5647, 5648, 6004, 5660, 5632, 5704, 5640, 5821, 5634, 5649, 5640, 5895, 5677, 5647, 5656, 5668, 5869, 5645, 5885, 6272, 5658, 5670, 6154, 5664, 5641, 5646, 5639, 5651, 5660, 5652, 5648, 5649, 6119, 5968, 5872, 5875, 5666, 5820, 6097, 5985, 5656, 5645, 5645, 5654, 5731, 5655, 6218, 5841, 5656, 5660, 5642, 5922, 5652, 5650, 5761, 5638, 5660, 5703, 5874, 5786, 5644, 6480, 5652, 5643, 5658, 5674, 5651, 5657, 5811, 5648, 5637, 6326, 5673, 5664, 5947, 5634, 5860, 5953, 5650, 5810, 5668, 5665, 5770, 5641, 5650, 5664, 5648, 5650, 5653, 5651, 5766, 5935, 5861, 5636, 5660, 5769, 5642, 5648, 5641, 5641, 6033, 5672, 5857, 5928, 5707, 5635, 5992, 5641, 5630, 5652, 5647, 5640, 5659, 5664, 5648, 5641, 5874, 5818, 5634, 5648, 6528, 5677, 5663, 5710, 5775, 5933, 5864, 5649, 5967, 5715, 5653, 5822, 5655, 5640, 5677, 5648, 5640, 5646, 5656, 5655, 5660, 5642, 5829, 5659, 5652, 5642, 5757, 5655, 6091, 6061, 5648, 6222, 5660, 5647, 5828, 6155, 5670, 5813, 5644, 5649, 5653, 5650, 5644, 6323, 5888, 5668, 5672, 5926, 5646, 5700, 5715, 5660, 6041, 5658, 6109, 6062, 5755, 5891, 6155, 6103, 5659, 5883, 5677, 5661, 5657, 5655, 5647, 5634, 5826, 5646, 5651, 5651, 5771, 5641, 5656, 5660, 5774, 5790, 5635, 5663, 5647, 5669, 5887, 5651, 5760, 5644, 6122, 5660, 5661, 5650, 5778, 6213, 5769, 5656, 5651, 5649, 5825, 5653, 5642, 5676, 5640, 5662, 5643, 5668, 5644, 5928, 5733, 5669, 5664, 5644, 5635, 5791, 5646, 5645, 5679, 5654, 5880, 5650, 5648, 5651, 5657, 5641, 5660, 5641, 5676, 5667, 5649, 5649, 5638, 5771, 5812, 5676, 5650, 5650, 5718, 5925, 5788, 5634, 6961, 5653, 6005, 5718, 5652, 5653, 5642, 6468, 5679, 5639, 5675, 5654, 6045, 5644, 5819, 5642, 5648, 5643, 5647, 5708, 5643, 5661, 5824, 5668, 5652, 5727, 5642, 5771, 5656, 5646, 5635, 6041, 5717, 5673, 5763, 5648, 5647, 5644, 6052, 5648, 5933, 5642, 5643, 5644, 5643, 5717, 5654, 6223, 5949, 5656, 5731, 5662, 5653, 5653, 5718, 5659, 5668, 5704, 5841, 5656, 5652, 5656, 5645, 5822, 5665, 5993, 5654, 5653, 5640, 5658, 6295, 5680, 5634, 6004, 5656, 5722, 5649, 5651, 5654, 6153, 6111, 6003, 5858, 5713, 5819, 5647, 5652, 5654, 5644, 5839, 5765, 5713, 5651, 5641, 5997, 5670, 5654, 6175, 5999, 5719, 5821, 5659, 5658, 5637, 5647, 5669, 5870, 5983, 5654, 5773, 5750, 6222, 6188, 5663, 5761, 5817, 5645, 5635, 5655, 5637, 5826, 5651, 5656, 5855, 5657, 5759, 5659, 5634, 5647, 5645, 5665, 5649, 5656, 5654, 5769, 5788, 6260, 5646, 6413, 5666, 5651, 5778, 5639, 5657, 5650, 5642, 5679, 5640, 6047, 5675, 5655, 5646, 5941, 5934, 5634, 6107, 5644, 5715, 5677, 6194, 5676, 5666, 5651, 5649, 5866, 5659, 5647, 6006, 5645, 5648, 5639, 5655, 5821, 5758, 5936, 5711, 5761, 5654, 5650, 6216, 5654, 5765, 5651, 5635, 5645, 5914, 5639, 5647, 5649, 5646, 5704, 5818, 5776, 6052, 5645, 5706, 5915, 5648, 5642, 5639, 5713, 5649, 5654, 5649, 5634, 5760, 5845, 5646, 5916, 5894, 5667, 5649, 5653, 5841, 5650, 5645, 5666, 5650, 6163, 6164, 5636, 5928, 5932, 5957, 5715, 6165, 6126, 5660, 5655, 5654, 5649, 6058, 5642, 5710, 6100, 5660, 5765, 5650, 5821, 5869, 5668, 5718, 5644, 5830, 5732, 5966, 5769, 5664, 5657, 5655, 5648, 5716, 5669, 5645, 5661, 5867, 5769, 5963, 5655, 5706, 5648, 5707, 5634, 5810, 5708, 5973, 5650, 5934, 5668, 5652, 5645, 6219, 5669, 5635, 5788, 5650, 5646, 5642, 5944, 5723, 5770, 5879, 5878, 5653, 5829, 5788, 5657, 5656, 5765, 5634, 5663, 5925, 5648, 5632, 5645, 5644, 5636, 5639, 5634, 5647, 5765, 5880, 5975, 5632, 5649, 5638, 5714, 5653, 5647, 5648, 5720, 5649, 6035, 5666, 5654, 5648, 5817, 6285, 5656, 5654, 5659, 6155, 6712, 5896, 5878, 5643, 5655, 5953, 5644, 5667, 5716, 5636, 5640, 5760, 5827, 5638, 5646, 5700, 5639, 5652, 5826, 5640, 5636, 5639, 5982, 5709, 5872, 5716, 6064, 6360, 5655, 5783, 5656, 5649, 5653, 5645, 6336, 5646, 5711, 6143, 5655, 5910, 5822, 5661, 5650, 5649, 5899, 5970, 5995, 5635, 5654, 5670, 5658, 6726, 5645, 5648, 5658, 5730, 5652, 6036, 5656, 5655, 5732, 5640, 5865, 5667, 5634, 5660, 5659, 5649, 5651, 5652, 5661, 5645, 6073, 5640, 5830, 5725, 5652, 5650, 5649, 5654, 6109, 5659, 5702, 5828, 5641, 5819, 5653, 5674, 5653, 5657, 5648, 5649, 5875, 5652, 5884, 5655, 5652, 5648, 5651, 5656, 6041, 5650, 5657, 5773, 5633, 5989, 5642, 5646, 6376, 5644, 5637, 5642, 5714, 5951, 6000, 5770, 5646, 5883, 5648, 5635, 5895, 5652, 5656, 5819, 5814, 5701, 5654, 5815, 5890, 5667, 5683, 5756, 5771, 5759, 5658, 6267, 5638, 5650, 5648, 5672, 5662, 5877, 5657, 5775, 5772, 5670, 5652, 6242, 5710, 5654, 5669, 5642, 5655, 5631, 5650, 5727, 5651, 5631, 5662, 5647, 5661, 5954, 5652, 5644, 5656, 5789, 6281, 5777, 5640, 5642, 6379, 5640, 5932, 5818, 5652, 5661, 5833, 5758, 5675, 5648, 5820, 5661, 5648, 5818, 5649, 5648, 5658, 5644, 5989, 5676, 5648, 5638, 5648, 5653, 5648, 5667, 5656, 6287, 5654, 5868, 5656, 5648, 5652, 5652, 5664, 6162, 5665, 5640, 5650, 5776, 5824, 5886, 5645, 5889, 6262, 5641, 6153, 5635, 5649, 5654, 5646, 5652, 6214, 5928, 5656, 5664, 5641, 5704, 5768, 5655, 5772, 5661, 5665, 5647, 5658, 5635, 6213, 5770, 5651, 5780, 6033, 5647, 5636, 5636, 5653, 5877, 5652, 5654, 5644, 6163, 5717, 5638, 5638, 5659, 5637, 5652, 6258, 5635, 5645, 6107, 5659, 5647, 5638, 5707, 6144, 6004, 6102, 5827, 5889, 5768, 5656, 5644, 5655, 5672, 5660, 5651, 5657, 5922, 5654, 5876, 5642, 5862, 5737, 5979, 6058, 5631, 5874, 5650, 5649, 5662, 5652, 5674, 5642, 5651, 5787, 5655, 5650, 5865, 5652, 5632, 5871, 5652, 5663, 6072, 5696, 6027, 5658, 5645, 5658, 5657, 5647, 5644, 5669, 5671, 5647, 5667, 5746, 5652, 5847, 5646, 5650, 5643, 5639, 5670, 5648, 5767, 5934, 5640, 5869, 5721, 5666, 5868, 5818, 6145, 5643, 5917, 5661, 5925, 5644, 5885, 5643, 5666, 5646, 5825, 5648, 5658, 5654, 5652, 5911, 5645, 5647, 5650, 5656, 5659, 5669, 5704, 5988, 5638, 6101, 5978, 5661, 5646, 5662, 5946, 5822, 5647, 5715, 5647, 5719, 5647, 5823, 5717, 5651, 5651, 5657, 5671, 5825, 6171, 5821, 6083, 5647, 5932, 5649, 5660, 5720, 5643, 5787, 5640, 5874, 5651, 5647, 5654, 5818, 5633, 5659, 5646, 5809, 5922, 5642, 5646, 6107, 5814, 6054, 5648, 5866, 5640, 5646, 5655, 5672, 6105, 5873, 5670, 5653, 5650, 6195, 5650, 5666, 5667, 5662, 5824, 6051, 5754, 5649, 5647, 5657, 5645, 5642, 5660, 5661, 5666, 5654, 5719, 6287, 5656, 5770, 5653, 5638, 5647, 5902, 5657, 5756, 5639, 5836, 5660, 5644, 5774, 5651, 5727, 5641, 5634, 5644, 5669, 5661, 5757, 5726, 5947, 5636, 5643, 5834, 5656, 5995, 5815, 5648, 5656, 5641, 5818, 5641, 5769, 5649, 5960, 5774, 5920, 5646, 5717, 5664, 5651, 5653, 5639, 5641, 5637, 5640, 5643, 5643, 5632, 5642, 5758, 5830, 5655, 5648, 5651, 6004, 5983, 5692, 5638, 6088, 5645, 5924, 5933, 5645, 5657, 5818, 5851, 5720, 6158, 5662, 5658, 5644, 5710, 6062, 6266, 5679, 5719, 5647, 5651, 5876, 5652, 5656, 6050, 5646, 5952, 5824, 5938, 5707, 5764, 5643, 5668, 5650, 5882, 5654, 6112, 5651, 6246, 5654, 5644, 5645, 5647, 5821, 5649, 5643, 5818, 6103, 5719, 5627, 5650, 5666, 5823, 6201, 5761, 5648, 5819, 5663, 5654, 5645, 5662, 5646, 5771, 5704, 5710, 5629, 5642, 5712, 5760, 5660, 5641, 5661, 5668, 5643, 5930, 5952, 5867, 5640, 5876, 5657, 5655, 5641, 5649, 5654, 5777, 5647, 5825, 5646, 5727, 5641, 6215, 5718, 5776, 5683, 5647, 5977, 5638, 5657, 5656, 6062, 5653, 5670, 5669, 5720, 5651, 5649, 5920, 5640, 5657, 5632, 5646, 5647, 5713, 6209, 5652, 5986, 5891, 5643, 5685, 5677, 5672, 5659, 5644, 5649, 5654, 6276, 5726, 5659, 6224, 5808, 5647, 5651, 5646, 5642, 5756, 5634, 5706, 5830, 5651, 5660, 6012, 5713, 5933, 5638, 5652, 5642, 5664, 5866, 5636, 5671, 5651, 5974, 5752, 6574, 5829, 5645, 5663, 5662, 5718, 5649, 6074, 6115, 5713, 5964, 5939, 6409, 5659, 5926, 5654, 5725, 5648, 5641, 5645, 5660, 5944, 5993, 5877, 5648, 5639, 5671, 6154, 6149, 5893, 5661, 5654, 5633, 5782, 5648, 5662, 5725, 5655, 6103, 6094, 5812, 5654, 5988, 5644, 5642, 5644, 5647, 5653, 5765, 5652, 5648, 5634, 5649, 5639, 5657, 5657, 5746, 5654, 6215, 5655, 5656, 5648, 5760, 5655, 5886, 5655, 6360, 5660, 5655, 5726, 5645, 5645, 5645, 5667, 5865, 5992, 5659, 5643, 
Mejor solucion obtenida: 37, 38, 39, 42, 41, 40, 26, 25, 24, 21, 22, 23, 35, 0, 4, 15, 19, 20, 18, 16, 17, 13, 12, 14, 33, 34, 32, 31, 9, 8, 10, 11, 5, 6, 7, 29, 30, 28, 27, 2, 3, 1, 36, || Fitness: 5620;