Archivo Usado: p43.atsp
Tamaño de la Poblacion: 100
Reemplazo por Generacion: 5
Tamaño de los Torneos: 8
Cantidad de ciudades: 43
Probabilidad de cruce: 75000
Probabilidad mutacion simple: 13000
Probabilidad mutacion compleja: 15000
Cruces minimos de la mutacion compleja: 4
Iteraciones ejecutadas: 10000
Largo del cruce PMX: 6
Operador de Cruce: 0
Metodo seleccion de Padres: 0
Operador de Mutacion: 0
Metodo seleccion de Supervivientes: 1
Cantidad de threads a usar: 16
2, 1, 36, 35, 37, 39, 38, 42, 40, 41, 26, 24, 25, 21, 23, 22, 0, 4, 15, 20, 18, 19, 16, 17, 14, 12, 13, 34, 33, 32, 31, 9, 11, 8, 10, 7, 6, 5, 29, 30, 28, 27, 3, 
21, 23, 22, 0, 4, 15, 20, 18, 19, 16, 17, 14, 12, 13, 34, 33, 32, 31, 9, 11, 8, 10, 7, 6, 5, 29, 30, 28, 27, 3, 2, 1, 36, 35, 37, 39, 38, 42, 40, 41, 26, 24, 25, 
5, 29, 30, 28, 27, 3, 1, 2, 36, 35, 37, 39, 38, 42, 40, 41, 26, 24, 25, 21, 23, 22, 0, 4, 15, 20, 18, 19, 16, 17, 14, 12, 13, 34, 33, 32, 31, 9, 11, 8, 10, 7, 6, 
9, 11, 8, 10, 7, 6, 5, 30, 29, 28, 27, 3, 1, 2, 36, 35, 37, 39, 38, 42, 40, 41, 26, 24, 25, 21, 23, 22, 0, 4, 15, 20, 18, 19, 16, 17, 14, 12, 13, 34, 33, 32, 31, 
23, 22, 0, 4, 15, 20, 18, 19, 16, 17, 14, 12, 13, 34, 33, 32, 31, 9, 11, 8, 10, 7, 6, 5, 30, 29, 28, 27, 3, 1, 2, 36, 35, 37, 39, 38, 42, 40, 41, 26, 24, 25, 21, 
19, 16, 17, 14, 12, 13, 34, 33, 32, 31, 9, 11, 8, 10, 7, 6, 5, 29, 30, 28, 27, 3, 1, 2, 36, 37, 39, 38, 42, 40, 41, 26, 24, 25, 21, 23, 22, 35, 0, 4, 15, 20, 18, 
25, 21, 23, 22, 0, 4, 15, 20, 18, 19, 16, 17, 14, 12, 13, 34, 33, 32, 31, 11, 9, 8, 10, 7, 6, 5, 29, 30, 28, 27, 3, 2, 1, 36, 35, 37, 39, 38, 42, 40, 41, 26, 24, 
41, 26, 24, 25, 21, 23, 22, 0, 4, 15, 20, 18, 19, 16, 17, 14, 12, 13, 34, 33, 32, 31, 9, 11, 8, 10, 7, 6, 5, 30, 29, 28, 27, 3, 1, 2, 36, 35, 37, 39, 38, 42, 40, 
10, 7, 6, 5, 29, 30, 28, 27, 3, 2, 1, 36, 35, 37, 39, 38, 42, 40, 41, 26, 24, 25, 21, 23, 22, 0, 4, 15, 20, 18, 19, 16, 17, 14, 12, 13, 34, 33, 32, 31, 9, 11, 8, 
23, 22, 0, 4, 15, 20, 18, 19, 16, 17, 14, 12, 13, 34, 33, 32, 31, 9, 11, 8, 10, 7, 6, 5, 29, 30, 28, 27, 3, 2, 1, 36, 35, 37, 39, 38, 42, 40, 41, 26, 24, 25, 21, 
2, 36, 35, 37, 39, 38, 42, 40, 41, 26, 24, 25, 21, 23, 22, 0, 4, 15, 20, 19, 18, 16, 17, 14, 12, 13, 34, 33, 32, 31, 9, 11, 8, 10, 7, 6, 5, 30, 29, 28, 27, 3, 1, 
23, 22, 0, 4, 15, 20, 18, 19, 16, 17, 14, 12, 13, 34, 33, 32, 31, 9, 11, 8, 10, 7, 6, 5, 30, 29, 28, 27, 3, 2, 1, 36, 35, 37, 39, 38, 42, 40, 41, 26, 24, 25, 21, 
2, 1, 36, 35, 37, 39, 38, 42, 40, 41, 26, 24, 25, 21, 23, 22, 0, 4, 15, 20, 18, 19, 16, 17, 14, 12, 13, 34, 33, 32, 31, 9, 11, 8, 10, 7, 6, 30, 29, 5, 28, 27, 3, 
38, 42, 40, 41, 26, 24, 25, 21, 23, 22, 0, 4, 15, 20, 18, 19, 16, 17, 14, 12, 13, 34, 33, 32, 31, 9, 11, 8, 10, 7, 6, 5, 29, 30, 28, 27, 3, 1, 2, 35, 36, 37, 39, 
21, 23, 22, 0, 4, 15, 20, 18, 19, 16, 17, 14, 12, 13, 34, 33, 32, 31, 9, 11, 8, 10, 7, 6, 5, 29, 30, 28, 27, 3, 36, 1, 2, 35, 37, 39, 38, 42, 40, 41, 26, 24, 25, 
13, 12, 14, 17, 16, 19, 18, 20, 15, 4, 0, 35, 22, 23, 21, 25, 24, 26, 41, 40, 42, 38, 39, 37, 36, 2, 1, 3, 27, 28, 29, 30, 5, 6, 7, 10, 8, 11, 9, 31, 32, 33, 34, 
28, 29, 30, 5, 7, 6, 10, 8, 11, 9, 31, 32, 14, 34, 13, 12, 33, 17, 16, 19, 18, 20, 15, 4, 0, 35, 22, 23, 21, 25, 24, 26, 41, 40, 42, 38, 39, 37, 36, 2, 1, 3, 27, 
5, 29, 30, 28, 27, 3, 1, 2, 36, 35, 37, 39, 38, 42, 40, 41, 26, 24, 21, 25, 23, 22, 0, 4, 15, 20, 18, 19, 16, 17, 14, 12, 13, 34, 33, 32, 31, 9, 11, 8, 10, 7, 6, 
33, 34, 13, 12, 14, 17, 16, 19, 18, 20, 15, 4, 0, 22, 23, 21, 25, 24, 26, 41, 40, 42, 38, 39, 37, 35, 36, 1, 2, 3, 27, 28, 30, 29, 5, 6, 7, 10, 8, 11, 9, 31, 32, 
11, 9, 31, 32, 33, 34, 13, 12, 14, 17, 16, 19, 18, 20, 15, 4, 0, 22, 23, 21, 25, 24, 26, 41, 40, 42, 38, 39, 37, 35, 36, 2, 1, 3, 27, 28, 29, 30, 5, 6, 7, 10, 8, 
21, 25, 24, 26, 41, 40, 42, 38, 39, 37, 35, 36, 2, 1, 3, 27, 28, 30, 29, 5, 6, 7, 10, 8, 11, 9, 31, 32, 33, 34, 13, 12, 14, 17, 16, 19, 18, 20, 15, 4, 0, 22, 23, 
23, 21, 25, 24, 26, 41, 40, 42, 38, 39, 37, 35, 36, 2, 1, 3, 27, 28, 30, 29, 5, 6, 7, 10, 8, 11, 9, 31, 32, 33, 34, 13, 12, 14, 17, 16, 19, 18, 20, 15, 4, 0, 22, 
28, 30, 29, 5, 6, 7, 10, 8, 11, 9, 31, 32, 33, 34, 13, 12, 14, 17, 16, 19, 18, 20, 15, 4, 0, 22, 23, 21, 25, 24, 26, 41, 40, 42, 38, 39, 37, 35, 36, 2, 1, 3, 27, 
26, 41, 40, 42, 38, 39, 37, 35, 36, 1, 2, 3, 27, 28, 30, 29, 5, 6, 7, 10, 8, 11, 9, 31, 32, 33, 34, 13, 12, 14, 17, 16, 19, 18, 20, 15, 4, 0, 22, 23, 21, 25, 24, 
15, 4, 0, 22, 23, 21, 25, 24, 26, 41, 40, 42, 38, 39, 37, 35, 36, 2, 1, 3, 27, 28, 30, 29, 5, 6, 7, 10, 8, 11, 9, 31, 32, 33, 34, 13, 12, 14, 17, 16, 19, 18, 20, 
31, 32, 33, 34, 13, 12, 14, 17, 16, 19, 18, 20, 15, 4, 0, 22, 23, 21, 25, 24, 26, 41, 40, 42, 38, 39, 37, 35, 36, 2, 1, 3, 27, 28, 30, 29, 5, 6, 7, 10, 8, 11, 9, 
41, 40, 42, 38, 39, 37, 35, 36, 2, 1, 3, 27, 28, 30, 29, 5, 6, 7, 10, 8, 11, 9, 31, 32, 33, 34, 13, 12, 14, 17, 16, 19, 18, 20, 15, 4, 0, 22, 23, 21, 25, 24, 26, 
38, 39, 37, 35, 36, 1, 2, 3, 27, 28, 30, 29, 5, 6, 7, 10, 8, 11, 9, 31, 32, 33, 34, 13, 12, 14, 17, 16, 19, 18, 20, 15, 4, 0, 22, 23, 21, 25, 24, 26, 41, 40, 42, 
4, 0, 22, 23, 21, 25, 24, 26, 41, 40, 42, 38, 39, 37, 35, 36, 2, 1, 3, 27, 28, 29, 30, 5, 6, 7, 10, 8, 11, 9, 31, 32, 33, 34, 13, 12, 14, 17, 16, 19, 18, 20, 15, 
36, 2, 1, 3, 27, 28, 30, 29, 5, 6, 7, 10, 8, 11, 9, 31, 32, 33, 34, 13, 12, 14, 17, 16, 19, 18, 20, 15, 4, 0, 22, 23, 21, 25, 24, 26, 41, 40, 42, 38, 39, 37, 35, 
12, 14, 17, 16, 19, 18, 20, 15, 4, 0, 22, 23, 21, 25, 24, 26, 41, 40, 42, 38, 39, 37, 35, 36, 2, 1, 3, 27, 28, 30, 29, 5, 6, 7, 10, 8, 11, 9, 31, 32, 33, 34, 13, 
15, 4, 0, 22, 23, 21, 25, 24, 26, 41, 40, 42, 38, 39, 37, 35, 36, 2, 1, 3, 27, 28, 30, 29, 5, 6, 7, 10, 8, 11, 9, 31, 32, 33, 34, 13, 12, 14, 17, 16, 19, 18, 20, 
25, 24, 26, 41, 40, 42, 38, 39, 37, 35, 36, 1, 2, 3, 27, 28, 30, 29, 5, 6, 7, 10, 8, 11, 9, 31, 32, 33, 34, 13, 12, 14, 17, 16, 19, 18, 20, 15, 4, 0, 22, 23, 21, 
9, 31, 32, 33, 34, 13, 12, 14, 17, 16, 19, 18, 20, 15, 4, 0, 22, 23, 21, 25, 24, 26, 41, 40, 42, 38, 39, 37, 35, 36, 1, 2, 3, 27, 28, 30, 29, 5, 6, 7, 10, 8, 11, 
12, 14, 17, 16, 19, 18, 20, 15, 4, 0, 22, 23, 21, 25, 24, 26, 41, 40, 42, 38, 39, 37, 35, 36, 2, 1, 3, 27, 28, 30, 29, 5, 6, 7, 10, 8, 11, 9, 31, 32, 33, 34, 13, 
14, 17, 16, 19, 18, 20, 15, 4, 0, 22, 23, 21, 25, 24, 26, 41, 40, 42, 38, 39, 37, 35, 36, 2, 1, 3, 27, 28, 30, 29, 5, 6, 7, 10, 8, 11, 9, 31, 32, 33, 34, 13, 12, 
37, 35, 36, 1, 2, 3, 27, 28, 30, 29, 5, 6, 7, 10, 8, 11, 9, 31, 32, 33, 34, 13, 12, 14, 17, 16, 19, 18, 20, 15, 4, 0, 22, 23, 21, 25, 24, 26, 41, 40, 42, 38, 39, 
40, 42, 38, 39, 37, 35, 36, 2, 1, 3, 27, 28, 29, 30, 5, 6, 7, 10, 8, 11, 9, 31, 32, 33, 34, 13, 12, 14, 17, 16, 19, 18, 20, 15, 4, 0, 22, 23, 21, 25, 24, 26, 41, 
32, 33, 34, 13, 12, 14, 17, 16, 19, 18, 20, 15, 4, 0, 22, 23, 21, 25, 24, 26, 41, 40, 42, 38, 39, 37, 35, 36, 2, 1, 3, 27, 28, 29, 30, 5, 6, 7, 10, 8, 11, 9, 31, 
27, 28, 30, 29, 5, 6, 7, 10, 8, 11, 9, 31, 32, 33, 34, 13, 12, 14, 17, 16, 19, 18, 20, 15, 4, 0, 22, 23, 21, 25, 24, 26, 41, 40, 42, 38, 39, 37, 35, 36, 2, 1, 3, 
21, 25, 24, 26, 41, 40, 42, 38, 39, 37, 35, 36, 1, 2, 3, 27, 28, 30, 29, 5, 6, 7, 10, 8, 11, 9, 31, 32, 33, 34, 13, 12, 14, 17, 16, 19, 18, 20, 15, 4, 0, 22, 23, 
5, 6, 7, 10, 8, 11, 9, 31, 32, 33, 34, 13, 12, 14, 17, 16, 19, 18, 20, 15, 4, 0, 22, 23, 21, 25, 24, 26, 41, 40, 42, 38, 39, 37, 35, 36, 1, 2, 3, 27, 28, 30, 29, 
5, 6, 7, 10, 8, 11, 9, 31, 32, 33, 34, 13, 12, 14, 17, 16, 19, 18, 20, 15, 4, 0, 22, 23, 21, 25, 24, 26, 41, 40, 42, 38, 39, 37, 35, 36, 2, 1, 3, 27, 28, 29, 30, 
4, 0, 22, 23, 21, 25, 24, 26, 41, 40, 42, 38, 39, 37, 35, 36, 1, 2, 3, 27, 28, 30, 29, 5, 6, 7, 10, 8, 11, 9, 31, 32, 33, 34, 13, 12, 14, 17, 16, 19, 18, 20, 15, 
2, 1, 3, 27, 28, 30, 29, 5, 6, 7, 10, 8, 11, 9, 31, 32, 33, 34, 13, 12, 14, 17, 16, 19, 18, 20, 15, 4, 0, 22, 23, 21, 25, 24, 26, 41, 40, 42, 38, 39, 37, 35, 36, 
31, 32, 33, 34, 13, 12, 14, 17, 16, 19, 18, 20, 15, 4, 0, 22, 23, 21, 25, 24, 26, 41, 40, 42, 38, 39, 37, 35, 36, 2, 1, 3, 27, 28, 30, 29, 5, 6, 7, 10, 8, 11, 9, 
12, 14, 17, 16, 19, 18, 20, 15, 4, 0, 22, 23, 21, 25, 24, 26, 41, 40, 42, 38, 39, 37, 35, 36, 1, 2, 3, 27, 28, 30, 29, 5, 6, 7, 10, 8, 11, 9, 31, 32, 33, 34, 13, 
41, 40, 42, 38, 39, 37, 35, 36, 2, 1, 3, 27, 28, 30, 29, 5, 6, 7, 10, 8, 11, 9, 31, 32, 33, 34, 13, 12, 14, 17, 16, 19, 18, 20, 15, 4, 0, 22, 23, 21, 25, 24, 26, 
34, 13, 12, 14, 17, 16, 19, 18, 20, 15, 4, 0, 22, 23, 21, 25, 24, 26, 41, 40, 42, 38, 39, 37, 35, 36, 1, 2, 3, 27, 28, 30, 29, 5, 6, 7, 10, 8, 11, 9, 31, 32, 33, 
27, 28, 30, 29, 5, 6, 7, 10, 8, 11, 9, 31, 32, 33, 34, 13, 12, 14, 17, 16, 19, 18, 20, 15, 4, 0, 22, 23, 21, 25, 24, 26, 41, 40, 42, 38, 39, 37, 35, 36, 1, 3, 2, 
5, 32, 30, 28, 27, 3, 1, 2, 36, 35, 37, 39, 38, 42, 40, 41, 26, 24, 25, 21, 23, 22, 0, 4, 15, 20, 18, 19, 16, 17, 14, 12, 13, 34, 33, 29, 31, 9, 11, 8, 10, 7, 6, 
27, 28, 30, 29, 5, 6, 7, 10, 8, 11, 9, 31, 32, 33, 34, 13, 12, 14, 17, 16, 19, 18, 20, 15, 4, 0, 22, 23, 21, 25, 24, 26, 41, 40, 42, 39, 38, 37, 35, 36, 1, 2, 3, 
31, 32, 33, 34, 13, 12, 14, 17, 16, 19, 18, 20, 15, 4, 0, 22, 23, 21, 25, 24, 26, 41, 40, 42, 38, 39, 37, 35, 36, 1, 2, 3, 27, 28, 30, 29, 5, 6, 7, 10, 8, 11, 9, 
21, 25, 24, 26, 41, 40, 42, 38, 39, 37, 35, 36, 2, 1, 3, 27, 28, 30, 29, 5, 6, 7, 10, 8, 11, 9, 31, 32, 33, 34, 13, 12, 14, 17, 16, 19, 18, 20, 15, 4, 0, 22, 23, 
14, 17, 16, 19, 18, 20, 15, 4, 0, 22, 23, 21, 25, 24, 26, 41, 40, 42, 38, 39, 37, 35, 36, 2, 1, 3, 27, 28, 30, 29, 5, 6, 7, 10, 8, 11, 9, 31, 32, 33, 34, 13, 12, 
6, 7, 10, 8, 11, 9, 31, 32, 33, 34, 13, 12, 14, 17, 16, 19, 18, 20, 15, 4, 0, 22, 23, 21, 25, 24, 26, 41, 40, 42, 38, 39, 37, 35, 36, 2, 1, 3, 27, 28, 29, 30, 5, 
9, 31, 32, 33, 34, 13, 12, 14, 17, 16, 19, 18, 20, 15, 4, 0, 22, 23, 21, 25, 24, 26, 41, 40, 42, 38, 39, 37, 35, 36, 2, 1, 3, 27, 28, 30, 29, 5, 6, 7, 10, 8, 11, 
27, 28, 30, 29, 5, 6, 7, 10, 8, 11, 9, 31, 32, 33, 34, 13, 12, 14, 17, 16, 19, 18, 20, 15, 4, 0, 22, 23, 21, 25, 24, 26, 41, 40, 42, 38, 39, 37, 35, 36, 1, 3, 2, 
27, 28, 30, 29, 5, 6, 7, 10, 8, 11, 9, 31, 32, 33, 34, 13, 12, 14, 17, 16, 19, 18, 20, 15, 4, 0, 22, 23, 21, 25, 24, 26, 41, 40, 42, 38, 39, 37, 35, 36, 2, 1, 3, 
15, 4, 0, 22, 23, 21, 25, 24, 26, 41, 40, 42, 38, 39, 37, 35, 36, 2, 1, 3, 27, 28, 30, 29, 5, 6, 7, 10, 8, 11, 9, 31, 32, 33, 34, 13, 12, 14, 17, 16, 19, 18, 20, 
15, 4, 0, 22, 23, 21, 25, 24, 26, 41, 40, 42, 38, 39, 37, 35, 36, 2, 1, 3, 27, 28, 30, 29, 5, 6, 7, 10, 31, 11, 9, 8, 32, 33, 34, 13, 12, 14, 17, 16, 19, 18, 20, 
11, 9, 8, 32, 33, 34, 13, 12, 14, 17, 16, 19, 18, 20, 15, 4, 0, 22, 23, 21, 25, 24, 26, 41, 40, 42, 38, 39, 37, 35, 36, 2, 1, 3, 27, 28, 29, 30, 5, 6, 7, 10, 31, 
14, 12, 13, 34, 33, 32, 31, 9, 11, 8, 10, 7, 6, 5, 29, 30, 28, 27, 3, 2, 36, 35, 37, 39, 38, 42, 40, 41, 26, 24, 25, 21, 23, 22, 0, 4, 15, 20, 18, 19, 16, 17, 1, 
4, 0, 22, 23, 21, 25, 24, 26, 41, 40, 42, 38, 39, 37, 35, 36, 1, 3, 27, 28, 29, 30, 5, 6, 7, 10, 8, 11, 9, 31, 32, 33, 34, 13, 12, 14, 17, 16, 19, 18, 20, 15, 2, 
4, 15, 20, 18, 19, 16, 17, 14, 12, 13, 34, 10, 32, 31, 9, 11, 8, 33, 7, 6, 5, 30, 29, 28, 27, 3, 1, 2, 36, 35, 37, 39, 38, 42, 40, 41, 26, 24, 25, 21, 23, 22, 0, 
23, 22, 0, 4, 15, 20, 18, 19, 16, 17, 29, 12, 13, 34, 33, 32, 31, 9, 11, 8, 10, 7, 6, 5, 14, 30, 28, 27, 3, 1, 2, 36, 35, 37, 39, 38, 42, 40, 41, 26, 24, 25, 21, 
23, 22, 0, 4, 15, 20, 18, 19, 16, 17, 14, 12, 13, 34, 9, 32, 31, 33, 11, 8, 10, 7, 6, 5, 30, 29, 28, 27, 3, 1, 2, 36, 35, 37, 39, 38, 42, 40, 41, 26, 24, 25, 21, 
2, 36, 35, 37, 39, 38, 42, 40, 41, 26, 24, 25, 21, 23, 22, 0, 4, 15, 20, 18, 19, 16, 17, 7, 12, 13, 34, 33, 32, 31, 9, 11, 8, 10, 14, 6, 5, 30, 29, 28, 27, 3, 1, 
33, 34, 13, 12, 14, 17, 16, 19, 18, 20, 15, 4, 0, 22, 23, 21, 25, 24, 26, 41, 40, 42, 38, 39, 37, 35, 36, 1, 3, 27, 28, 29, 30, 5, 6, 7, 10, 8, 11, 9, 31, 32, 2, 
33, 34, 13, 12, 14, 17, 16, 19, 18, 20, 15, 4, 0, 22, 23, 21, 25, 24, 26, 41, 40, 42, 38, 39, 37, 35, 36, 1, 2, 27, 28, 30, 29, 5, 6, 7, 10, 8, 11, 9, 31, 32, 3, 
23, 22, 0, 4, 15, 20, 18, 19, 16, 17, 14, 30, 13, 34, 33, 32, 31, 8, 11, 9, 10, 7, 6, 5, 12, 29, 28, 27, 3, 1, 2, 36, 35, 37, 39, 38, 42, 40, 41, 26, 24, 25, 21, 
28, 11, 8, 10, 7, 6, 5, 30, 29, 9, 27, 3, 1, 2, 36, 35, 37, 39, 38, 42, 40, 41, 26, 24, 25, 21, 23, 22, 0, 4, 15, 20, 18, 19, 16, 17, 14, 12, 13, 34, 33, 32, 31, 
15, 20, 18, 19, 16, 17, 14, 12, 13, 33, 34, 32, 31, 11, 8, 9, 10, 7, 6, 5, 29, 30, 28, 27, 3, 1, 2, 22, 35, 37, 39, 38, 42, 40, 41, 26, 24, 25, 21, 23, 36, 0, 4, 
23, 22, 0, 4, 15, 20, 18, 19, 16, 1, 14, 12, 13, 34, 33, 32, 31, 9, 11, 8, 10, 7, 6, 5, 29, 30, 28, 27, 3, 17, 2, 36, 35, 37, 39, 38, 42, 40, 41, 26, 24, 25, 21, 
21, 23, 22, 36, 4, 15, 20, 18, 19, 16, 17, 14, 12, 13, 34, 33, 32, 31, 9, 11, 8, 10, 7, 6, 5, 29, 30, 28, 27, 3, 2, 1, 0, 35, 37, 39, 38, 42, 40, 41, 26, 24, 25, 
4, 15, 20, 18, 19, 16, 17, 14, 12, 13, 34, 33, 32, 31, 9, 11, 8, 10, 7, 6, 5, 30, 29, 28, 27, 3, 1, 36, 2, 0, 22, 23, 21, 25, 24, 26, 41, 40, 42, 38, 39, 37, 35, 
12, 26, 17, 16, 19, 18, 20, 15, 4, 0, 22, 23, 21, 25, 24, 14, 41, 40, 42, 38, 39, 37, 35, 36, 2, 1, 3, 27, 28, 30, 29, 5, 6, 7, 10, 8, 11, 9, 31, 32, 33, 34, 13, 
35, 37, 39, 38, 42, 40, 41, 26, 24, 25, 21, 23, 22, 0, 4, 15, 20, 18, 19, 16, 17, 14, 12, 13, 34, 33, 32, 31, 9, 11, 8, 10, 7, 6, 5, 29, 28, 27, 3, 1, 2, 36, 30, 
24, 36, 21, 23, 22, 0, 4, 15, 20, 18, 19, 16, 17, 14, 12, 13, 34, 33, 32, 31, 9, 11, 8, 10, 7, 6, 5, 29, 30, 28, 27, 3, 1, 2, 25, 35, 37, 39, 38, 42, 40, 41, 26, 
29, 30, 5, 6, 7, 10, 31, 11, 9, 8, 32, 33, 34, 13, 12, 14, 17, 16, 19, 18, 20, 15, 4, 0, 2, 23, 21, 25, 24, 26, 41, 40, 42, 38, 39, 37, 35, 36, 22, 1, 3, 27, 28, 
23, 22, 0, 4, 15, 20, 18, 19, 16, 17, 14, 12, 13, 33, 34, 32, 31, 9, 11, 8, 10, 7, 6, 5, 30, 35, 28, 27, 3, 1, 2, 36, 29, 37, 39, 38, 42, 40, 41, 26, 24, 25, 21, 
23, 22, 0, 4, 15, 20, 18, 6, 16, 17, 14, 12, 13, 34, 33, 32, 31, 9, 11, 8, 10, 7, 19, 5, 29, 30, 28, 27, 3, 1, 2, 36, 35, 37, 39, 38, 42, 40, 41, 26, 24, 25, 21, 
5, 29, 30, 28, 27, 3, 1, 2, 36, 35, 37, 39, 38, 42, 40, 41, 26, 24, 25, 21, 23, 22, 0, 4, 15, 10, 18, 19, 16, 17, 14, 12, 13, 34, 33, 32, 31, 9, 11, 8, 20, 7, 6, 
9, 31, 32, 33, 34, 13, 12, 14, 17, 16, 19, 18, 20, 15, 4, 0, 35, 36, 37, 39, 38, 42, 40, 41, 26, 24, 25, 21, 23, 22, 7, 1, 2, 5, 6, 3, 10, 8, 11, 30, 29, 28, 27, 
2, 1, 36, 35, 37, 39, 38, 42, 40, 41, 26, 32, 25, 21, 23, 22, 0, 4, 15, 20, 18, 19, 16, 17, 14, 12, 13, 34, 33, 24, 31, 9, 11, 8, 10, 7, 6, 5, 29, 30, 28, 27, 3, 
15, 20, 18, 19, 16, 17, 14, 12, 13, 33, 34, 32, 31, 11, 8, 9, 10, 35, 6, 5, 29, 30, 28, 27, 3, 1, 2, 36, 7, 37, 39, 38, 42, 40, 41, 26, 24, 25, 21, 23, 22, 0, 4, 
35, 36, 2, 19, 18, 20, 15, 4, 0, 22, 23, 21, 25, 24, 26, 41, 40, 42, 38, 39, 37, 16, 17, 14, 12, 13, 34, 33, 32, 31, 9, 11, 8, 10, 7, 6, 5, 29, 30, 28, 27, 3, 1, 
21, 23, 22, 0, 4, 2, 20, 18, 19, 16, 17, 14, 12, 13, 34, 33, 32, 31, 9, 11, 8, 10, 7, 6, 5, 29, 30, 28, 27, 3, 15, 1, 36, 35, 37, 39, 38, 42, 40, 41, 26, 24, 25, 
34, 13, 12, 14, 17, 16, 19, 18, 20, 15, 4, 0, 22, 23, 21, 9, 24, 26, 41, 40, 42, 38, 39, 37, 35, 36, 1, 2, 3, 27, 28, 30, 29, 5, 6, 7, 10, 8, 11, 25, 31, 32, 33, 
28, 29, 30, 5, 6, 7, 10, 8, 11, 9, 31, 32, 34, 33, 13, 12, 14, 17, 16, 19, 18, 20, 15, 4, 0, 22, 23, 26, 41, 40, 42, 38, 39, 37, 35, 36, 2, 1, 3, 27, 21, 25, 24, 
21, 23, 22, 0, 4, 15, 20, 18, 19, 16, 17, 14, 12, 13, 34, 33, 32, 31, 9, 11, 8, 10, 7, 6, 5, 29, 25, 28, 27, 3, 2, 1, 36, 35, 37, 39, 38, 42, 40, 41, 26, 24, 30, 
28, 22, 0, 4, 15, 20, 18, 19, 16, 17, 14, 12, 13, 34, 33, 32, 31, 9, 11, 8, 10, 7, 6, 5, 29, 30, 23, 27, 3, 1, 2, 36, 35, 37, 39, 38, 42, 40, 41, 26, 24, 25, 21, 
35, 37, 39, 38, 42, 40, 41, 26, 24, 25, 21, 23, 22, 0, 4, 15, 20, 18, 19, 16, 17, 14, 12, 13, 34, 36, 32, 31, 9, 11, 8, 10, 7, 6, 5, 30, 29, 28, 27, 3, 1, 2, 33, 
2, 36, 35, 37, 39, 38, 42, 40, 41, 26, 24, 25, 21, 23, 22, 0, 17, 15, 20, 18, 19, 16, 4, 14, 12, 13, 34, 33, 32, 31, 9, 11, 8, 10, 7, 6, 5, 29, 30, 28, 27, 3, 1, 
25, 21, 23, 22, 0, 4, 15, 20, 26, 19, 16, 17, 14, 12, 13, 34, 33, 32, 31, 9, 11, 8, 10, 7, 6, 5, 29, 30, 28, 27, 3, 2, 1, 36, 35, 37, 39, 38, 42, 40, 41, 18, 24, 
35, 37, 39, 38, 42, 40, 41, 26, 24, 25, 21, 10, 22, 0, 4, 15, 20, 18, 19, 16, 17, 14, 12, 13, 34, 33, 32, 31, 9, 11, 8, 23, 7, 6, 5, 30, 29, 28, 27, 3, 1, 2, 36, 
16, 19, 18, 20, 15, 4, 0, 22, 33, 21, 25, 24, 26, 41, 40, 42, 38, 39, 37, 35, 36, 1, 2, 3, 27, 28, 30, 29, 5, 6, 7, 10, 8, 11, 9, 31, 32, 23, 34, 13, 12, 14, 17, 
29, 25, 21, 23, 22, 0, 12, 15, 5, 18, 19, 7, 17, 14, 4, 13, 34, 33, 32, 31, 9, 11, 8, 10, 16, 6, 20, 24, 30, 28, 27, 3, 2, 1, 36, 35, 37, 39, 38, 42, 40, 41, 26, 
18, 37, 39, 38, 42, 40, 41, 26, 24, 25, 21, 23, 22, 0, 4, 15, 20, 35, 19, 16, 17, 14, 12, 13, 34, 33, 32, 31, 9, 11, 8, 10, 7, 6, 5, 30, 29, 28, 27, 3, 1, 2, 36, 
35, 37, 39, 38, 42, 40, 41, 26, 24, 20, 21, 23, 22, 0, 4, 15, 25, 18, 19, 16, 17, 14, 12, 13, 34, 33, 32, 31, 9, 11, 8, 10, 7, 6, 5, 30, 29, 28, 27, 3, 1, 2, 36, 
Tiempo de ejecucion (total): 22.085
Best fitness a lo largo del tiempo: 
11961, 11874, 6462, 6359, 6308, 6254, 6175, 6080, 6036, 6026, 5991, 5980, 5942, 5919, 5908, 5862, 5850, 5828, 5828, 5828, 5812, 5804, 5804, 5781, 5781, 5769, 5769, 5766, 5756, 5749, 5749, 5743, 5743, 5736, 5736, 5736, 5723, 5723, 5718, 5705, 5705, 5705, 5705, 5699, 5699, 5692, 5692, 5692, 5692, 5692, 5692, 5692, 5684, 5684, 5684, 5678, 5678, 5678, 5676, 5676, 5676, 5674, 5674, 5670, 5670, 5664, 5652, 5650, 5650, 5650, 5648, 5648, 5644, 5644, 5644, 5644, 5644, 5644, 5644, 5644, 5644, 5644, 5644, 5642, 5642, 5642, 5642, 5642, 5642, 5642, 5642, 5642, 5642, 5638, 5638, 5638, 5638, 5638, 5638, 5638, 5638, 5638, 5638, 5638, 5638, 5638, 5636, 5636, 5636, 5636, 5636, 5636, 5636, 5636, 5636, 5636, 5636, 5636, 5636, 5636, 5636, 5636, 5636, 5636, 5636, 5636, 5636, 5636, 5636, 5636, 5636, 5636, 5636, 5636, 5636, 5636, 5636, 5636, 5636, 5636, 5636, 5636, 5636, 5636, 5636, 5636, 5636, 5636, 5636, 5636, 5636, 5636, 5636, 5636, 5636, 5636, 5636, 5636, 5636, 5636, 5636, 5636, 5636, 5636, 5636, 5636, 5636, 5636, 5636, 5636, 5636, 5636, 5636, 5636, 5636, 5636, 5636, 5636, 5636, 5636, 5636, 5636, 5636, 5636, 5636, 5636, 5636, 5636, 5636, 5636, 5636, 5636, 5636, 5636, 5636, 5636, 5636, 5636, 5636, 5636, 5636, 5636, 5636, 5636, 5636, 5636, 5636, 5636, 5636, 5636, 5636, 5636, 5636, 5636, 5636, 5636, 5636, 5636, 5636, 5636, 5636, 5636, 5636, 5636, 5636, 5636, 5636, 5636, 5636, 5636, 5636, 5636, 5636, 5636, 5636, 5636, 5636, 5631, 5631, 5631, 5631, 5631, 5631, 5631, 5631, 5631, 5631, 5631, 5631, 5631, 5631, 5631, 5631, 5631, 5631, 5631, 5631, 5631, 5631, 5631, 5631, 5631, 5631, 5631, 5631, 5631, 5631, 5631, 5631, 5631, 5631, 5631, 5631, 5631, 5631, 5631, 5631, 5631, 5631, 5631, 5631, 5631, 5631, 5631, 5631, 5631, 5631, 5631, 5631, 5631, 5631, 5631, 5631, 5631, 5631, 5631, 5631, 5631, 5631, 5631, 5631, 5631, 5631, 5631, 5631, 5631, 5631, 5631, 5631, 5631, 5631, 5631, 5631, 5631, 5631, 5631, 5631, 5631, 5631, 5631, 5631, 5631, 5631, 5631, 5631, 5631, 5631, 5631, 5631, 5631, 5631, 5631, 5631, 5631, 5631, 5631, 5631, 5631, 5631, 5631, 5631, 5631, 5631, 5631, 5631, 5631, 5631, 5631, 5631, 5631, 5631, 5631, 5631, 5631, 5631, 5631, 5631, 5631, 5631, 5631, 5631, 5631, 5631, 5631, 5631, 5631, 5631, 5631, 5631, 5631, 5631, 5631, 5631, 5631, 5631, 5631, 5631, 5631, 5631, 5631, 5631, 5631, 5631, 5631, 5631, 5631, 5631, 5631, 5631, 5631, 5631, 5631, 5631, 5631, 5631, 5631, 5631, 5631, 5631, 5631, 5631, 5631, 5631, 5631, 5631, 5631, 5631, 5631, 5631, 5631, 5631, 5631, 5631, 5631, 5631, 5631, 5631, 5631, 5631, 5631, 5631, 5631, 5631, 5631, 5631, 5631, 5631, 5631, 5631, 5631, 5631, 5631, 5631, 5631, 5631, 5631, 5631, 5631, 5631, 5631, 5631, 5631, 5631, 5631, 5631, 5631, 5631, 5631, 5631, 5631, 5631, 5631, 5631, 5631, 5631, 5631, 5631, 5631, 5631, 5631, 5631, 5631, 5631, 5631, 5631, 5631, 5631, 5631, 5631, 5631, 5631, 5631, 5631, 5631, 5631, 5631, 5631, 5631, 5631, 5631, 5631, 5631, 5631, 5631, 5631, 5631, 5631, 5631, 5631, 5631, 5631, 5631, 5631, 5631, 5631, 5631, 5631, 5631, 5631, 5631, 5631, 5631, 5631, 5631, 5631, 5631, 5631, 5631, 5631, 5631, 5631, 5631, 5631, 5631, 5631, 5631, 5631, 5631, 5631, 5631, 5631, 5631, 5631, 5631, 5631, 5631, 5631, 5631, 5631, 5631, 5631, 5631, 5631, 5631, 5631, 5631, 5631, 5631, 5631, 5631, 5631, 5631, 5631, 5631, 5631, 5631, 5631, 5631, 5631, 5631, 5631, 5631, 5631, 5631, 5631, 5631, 5631, 5631, 5631, 5631, 5631, 5631, 5631, 5631, 5631, 5631, 5631, 5631, 5631, 5631, 5631, 5631, 5631, 5631, 5631, 5631, 5631, 5631, 5631, 5631, 5631, 5631, 5631, 5631, 5631, 5631, 5631, 5631, 5631, 5631, 5631, 5631, 5631, 5631, 5631, 5631, 5631, 5631, 5631, 5631, 5631, 5631, 5631, 5631, 5631, 5631, 5631, 5631, 5631, 5631, 5631, 5631, 5631, 5631, 5631, 5631, 5631, 5631, 5631, 5631, 5631, 5631, 5631, 5631, 5631, 5631, 5631, 5631, 5631, 5631, 5631, 5631, 5631, 5631, 5631, 5631, 5631, 5631, 5631, 5631, 5631, 5631, 5631, 5631, 5631, 5631, 5631, 5631, 5631, 5631, 5631, 5631, 5631, 5631, 5631, 5631, 5631, 5631, 5631, 5631, 5631, 5631, 5631, 5631, 5631, 5631, 5631, 5631, 5631, 5631, 5631, 5631, 5631, 5631, 5631, 5631, 5631, 5631, 5631, 5631, 5631, 5631, 5631, 5631, 5631, 5631, 5631, 5631, 5631, 5631, 5631, 5631, 5631, 5631, 5631, 5631, 5631, 5631, 5631, 5631, 5631, 5631, 5631, 5631, 5631, 5631, 5631, 5631, 5631, 5631, 5631, 5631, 5631, 5631, 5631, 5631, 5631, 5631, 5631, 5631, 5631, 5631, 5631, 5631, 5631, 5631, 5631, 5631, 5631, 5631, 5631, 5631, 5631, 5631, 5631, 5631, 5631, 5631, 5631, 5631, 5631, 5631, 5631, 5631, 5631, 5631, 5631, 5631, 5631, 5631, 5631, 5631, 5631, 5631, 5631, 5631, 5631, 5631, 5631, 5631, 5631, 5631, 5631, 5631, 5631, 5631, 5631, 5631, 5631, 5631, 5631, 5631, 5631, 5631, 5631, 5631, 5631, 5631, 5631, 5631, 5631, 5631, 5631, 5631, 5631, 5631, 5631, 5631, 5631, 5631, 5631, 5631, 5631, 5631, 5631, 5631, 5631, 5631, 5631, 5631, 5631, 5631, 5631, 5631, 5631, 5631, 5631, 5631, 5631, 5631, 5631, 5631, 5631, 5631, 5631, 5631, 5631, 5631, 5631, 5631, 5631, 5631, 5631, 5631, 5631, 5631, 5631, 5631, 5631, 5631, 5631, 5631, 5631, 5631, 5631, 5631, 5631, 5631, 5631, 5631, 5631, 5631, 5631, 5631, 5631, 5631, 5631, 5631, 5631, 5631, 5631, 5631, 5631, 5631, 5631, 5631, 5631, 5631, 5631, 5631, 5631, 5631, 5631, 5631, 5631, 5631, 5631, 5631, 5631, 5631, 5631, 5631, 5631, 5631, 5631, 5631, 5631, 5631, 5631, 5631, 5631, 5631, 5631, 5631, 5631, 5631, 5631, 5631, 5631, 5631, 5631, 5631, 5631, 5631, 5631, 5631, 5631, 5631, 5631, 5631, 5631, 5631, 5631, 5631, 5631, 5631, 5631, 5631, 5631, 5631, 5631, 5631, 5631, 5631, 5631, 5631, 5631, 5631, 5631, 5631, 5631, 5631, 5631, 5631, 5631, 5631, 5631, 5631, 5631, 5631, 5631, 5631, 5631, 5631, 5631, 5631, 5631, 5631, 5631, 5631, 5631, 5631, 5631, 5631, 5631, 5631, 5631, 5631, 5631, 5631, 5631, 5631, 5631, 5631, 5631, 5631, 5631, 5631, 5631, 5631, 5631, 5631, 5631, 5631, 5631, 5631, 5631, 5631, 5631, 5631, 5631, 5631, 5631, 5631, 5631, 5631, 5631, 5631, 5631, 5631, 5631, 5631, 5631, 5631, 5631, 5631, 5631, 5631, 5631, 5631, 5631, 5631, 5631, 5631, 5631, 5631, 5631, 5631, 5631, 5631, 5631, 5631, 5631, 5631, 5631, 5631, 5631, 5631, 5631, 5631, 5631, 5631, 5631, 5631, 5631, 5631, 5631, 5631, 5631, 5631, 5631, 5631, 5631, 5631, 5631, 5631, 5631, 5631, 5631, 5631, 5631, 5631, 5631, 5631, 5631, 5631, 5631, 5631, 5631, 5631, 5631, 5631, 5631, 5631, 5631, 5631, 5631, 5631, 5631, 5631, 5631, 5631, 5631, 5631, 5631, 5631, 5631, 5631, 5631, 5631, 5631, 5631, 5631, 5631, 5631, 5631, 5631, 5631, 5631, 5631, 5631, 5631, 5631, 5631, 5631, 5631, 5631, 5631, 5631, 5631, 5631, 5631, 5631, 5631, 5631, 5631, 5631, 5631, 5631, 5631, 5631, 5631, 5631, 5631, 5631, 5631, 5631, 5631, 5631, 5631, 5631, 5631, 5631, 5631, 5631, 5631, 5631, 5631, 5631, 5631, 5631, 5631, 5631, 5631, 5631, 5631, 5631, 5631, 5631, 5631, 5631, 5631, 5631, 5631, 5631, 5631, 5631, 5631, 5631, 5631, 5631, 5631, 5631, 5631, 5631, 5631, 5631, 5631, 5631, 5631, 5631, 5631, 5631, 5631, 5631, 5631, 5631, 5631, 5631, 5631, 5631, 5631, 5631, 5631, 5631, 5631, 5631, 5631, 5631, 5631, 5631, 5631, 5631, 5631, 5631, 5631, 5631, 5631, 5631, 5631, 5631, 5631, 5631, 5631, 5631, 5631, 5631, 5631, 5631, 5631, 5631, 5631, 5631, 5631, 5631, 5631, 5631, 5631, 5631, 5631, 5631, 5631, 5631, 5631, 5631, 5631, 5631, 5631, 5631, 5631, 5631, 5631, 5631, 5631, 5631, 5631, 5631, 5631, 5631, 5631, 5631, 5631, 5631, 5631, 5631, 5631, 5631, 5631, 5631, 5631, 5631, 5631, 5631, 5631, 5631, 5631, 5631, 5631, 5631, 5631, 5631, 5631, 5631, 5631, 5631, 5631, 5631, 5631, 5631, 5631, 5631, 5631, 5631, 5631, 5631, 5631, 5631, 5631, 5631, 5631, 5631, 5631, 5631, 5631, 5631, 5631, 5631, 5631, 5631, 5631, 5631, 5631, 5631, 5631, 5631, 5631, 5631, 5631, 5631, 5631, 5631, 5631, 5631, 5631, 5631, 5631, 5631, 5631, 5631, 5631, 5631, 5631, 5631, 5631, 5631, 5631, 5631, 5631, 5631, 5631, 5631, 5631, 5631, 5631, 5631, 5631, 5631, 5631, 5631, 5631, 5631, 5631, 5631, 5631, 5631, 5631, 5631, 5631, 5631, 5631, 5631, 5631, 5631, 5631, 5631, 5631, 5631, 5631, 5631, 5631, 5631, 5631, 5631, 5631, 5631, 5631, 5631, 5631, 5631, 5631, 5631, 5631, 5631, 5631, 5631, 5631, 5631, 5631, 5631, 5631, 5631, 5631, 5631, 5631, 5631, 5631, 5631, 5631, 5631, 5631, 5631, 5631, 5631, 5631, 5631, 5631, 5631, 5631, 5631, 5631, 5631, 5631, 5631, 5631, 5631, 5631, 5631, 5631, 5631, 5631, 5631, 5631, 5631, 5631, 5631, 5631, 5631, 5631, 5631, 5631, 5631, 5631, 5631, 5631, 5631, 5631, 5631, 5631, 5631, 5631, 5631, 5631, 5631, 5631, 5631, 5631, 5631, 5631, 5631, 5631, 5631, 5631, 5631, 5631, 5631, 5631, 5631, 5631, 5631, 5631, 5631, 5631, 5631, 5631, 5631, 5631, 5631, 5631, 5631, 5631, 5631, 5631, 5631, 5631, 5631, 5631, 5631, 5631, 5631, 5631, 5631, 5631, 5631, 5631, 5631, 5631, 5631, 5631, 5631, 5631, 5631, 5631, 5631, 5631, 5631, 5631, 5631, 5631, 5631, 5631, 5631, 5631, 5631, 5631, 5631, 5631, 5631, 5631, 5631, 5631, 5631, 5631, 5631, 5631, 5631, 5631, 5631, 5631, 5631, 5631, 5631, 5631, 5631, 5631, 5631, 5631, 5631, 5631, 5631, 5631, 5631, 5631, 5631, 5631, 5631, 5631, 5631, 5631, 5631, 5631, 5631, 5631, 5631, 5631, 5631, 5631, 5631, 5631, 5631, 5631, 5631, 5631, 5631, 5631, 5631, 5631, 5631, 5631, 5631, 5631, 5631, 5631, 5631, 5631, 5631, 5631, 5631, 5631, 5631, 5631, 5631, 5631, 5631, 5631, 5631, 5631, 5631, 5631, 5631, 5631, 5631, 5631, 5631, 5631, 5631, 5631, 5631, 5631, 5631, 5631, 5631, 5631, 5631, 5631, 5631, 5631, 5631, 5631, 5631, 5631, 5631, 5631, 5631, 5631, 5631, 5631, 5631, 5631, 5631, 5631, 5631, 5631, 5631, 5631, 5631, 5631, 5631, 5631, 5631, 5631, 5631, 5631, 5631, 5631, 5631, 5631, 5631, 5631, 5631, 5631, 5631, 5631, 5631, 5631, 5631, 5631, 5631, 5631, 5631, 5631, 5631, 5631, 5631, 5631, 5631, 5631, 5631, 5631, 5631, 5631, 5631, 5631, 5631, 5631, 5631, 5631, 5631, 5631, 5631, 5631, 5631, 5631, 5631, 5631, 5631, 5631, 5631, 5631, 5631, 5631, 5631, 5631, 5631, 5631, 5631, 5631, 5631, 5631, 5631, 5631, 5631, 5631, 5631, 5631, 5631, 5631, 5631, 5631, 5631, 5631, 5631, 5631, 5631, 5631, 5631, 5631, 5631, 5631, 5631, 5631, 5631, 5631, 5631, 5631, 5631, 5631, 5631, 5631, 5631, 5631, 5631, 5631, 5631, 5631, 5631, 5631, 5631, 5631, 5631, 5631, 5631, 5631, 5631, 5631, 5631, 5631, 5631, 5631, 5631, 5631, 5631, 5631, 5631, 5631, 5631, 5631, 5631, 5631, 5631, 5631, 5631, 5631, 5631, 5631, 5631, 5631, 5631, 5631, 5631, 5631, 5631, 5631, 5631, 5631, 5631, 5631, 5631, 5631, 5631, 5631, 5631, 5631, 5631, 5631, 5631, 5631, 5631, 5631, 5631, 5631, 5631, 5631, 5631, 5631, 5631, 5631, 5631, 5631, 5631, 5631, 5631, 5631, 5631, 5631, 5631, 5631, 5631, 5631, 5631, 5631, 5631, 5631, 5631, 5631, 5631, 5631, 5631, 5631, 5631, 5631, 5631, 5631, 5631, 5631, 5631, 5631, 5631, 5631, 5631, 5631, 5631, 5631, 5631, 5631, 5631, 5631, 5631, 5631, 5631, 5631, 5631, 5631, 5631, 5631, 5631, 5631, 5631, 5631, 5631, 5631, 5631, 5631, 5631, 5631, 5631, 5631, 5631, 5631, 5631, 5631, 5631, 5631, 5631, 5631, 5631, 5631, 5631, 5631, 5631, 5631, 5631, 5631, 5631, 5631, 5631, 5631, 5631, 5631, 5631, 5631, 5631, 5631, 5631, 5631, 5631, 5631, 5631, 5631, 5631, 5631, 5631, 5631, 5631, 5631, 5631, 5631, 5631, 5631, 5631, 5631, 5631, 5631, 5631, 5631, 5631, 5631, 5631, 5631, 5631, 5631, 5631, 5631, 5631, 5631, 5631, 5631, 5631, 5631, 5631, 5631, 5631, 5631, 5631, 5631, 5631, 5631, 5631, 5631, 5631, 5631, 5631, 5631, 5631, 5631, 5631, 5631, 5631, 5631, 5631, 5631, 5631, 5631, 5631, 5631, 5631, 5631, 5631, 5631, 5631, 5631, 5631, 5631, 5631, 5631, 5631, 5631, 5631, 5631, 5631, 5631, 5631, 5631, 5631, 5631, 5631, 5631, 5631, 5631, 5631, 5631, 5631, 5631, 5631, 5631, 5631, 5631, 5631, 5631, 5631, 5631, 5631, 5631, 5631, 5631, 5631, 5631, 5631, 5631, 5631, 5631, 5631, 5631, 5631, 5631, 5631, 5631, 5631, 5631, 5631, 5631, 5631, 5631, 5631, 5631, 5631, 5631, 5631, 5631, 5631, 5631, 5631, 5631, 5631, 5631, 5631, 5631, 5631, 5631, 5631, 5631, 5631, 5631, 5631, 5631, 5631, 5631, 5631, 5631, 5631, 5631, 5631, 5631, 5631, 5631, 5631, 5631, 5631, 5631, 5631, 5631, 5631, 5631, 5631, 5631, 5631, 5631, 5631, 5631, 5631, 5631, 5631, 5631, 5631, 5631, 5631, 5631, 5631, 5631, 5631, 5631, 5631, 5631, 5631, 5631, 5631, 5631, 5631, 5631, 5631, 5631, 5631, 5631, 5631, 5631, 5631, 5631, 5631, 5631, 5631, 5631, 5631, 5631, 5631, 5631, 5631, 5631, 5631, 5631, 5631, 5631, 5631, 5631, 5631, 5631, 5631, 5631, 5631, 5631, 5631, 5631, 5631, 5631, 5631, 5631, 5631, 5631, 5631, 5631, 5631, 5631, 5631, 5631, 5631, 5631, 5631, 5631, 5631, 5631, 5631, 5631, 5631, 5631, 5631, 5631, 5631, 5631, 5631, 5631, 5631, 5631, 5631, 5631, 5631, 5631, 5631, 5631, 5631, 5631, 5631, 5631, 5631, 5631, 5631, 5631, 5631, 5631, 5631, 5631, 5631, 5631, 5631, 5631, 5631, 5631, 5631, 5631, 5631, 5631, 5631, 5631, 5631, 5631, 5631, 5631, 5631, 5631, 5631, 5631, 5631, 5631, 5631, 5631, 5631, 5631, 5631, 5631, 5631, 5631, 5631, 5631, 5631, 5631, 5631, 5631, 5631, 5631, 5631, 5631, 5631, 5631, 5631, 5631, 5631, 5631, 5631, 5631, 5631, 5631, 5631, 5631, 5631, 5631, 5631, 5631, 5631, 5631, 5631, 5631, 5631, 5631, 5631, 5631, 5631, 5631, 5631, 5631, 5631, 5631, 5631, 5631, 5631, 5631, 5631, 5631, 5631, 5631, 5631, 5631, 5631, 5631, 5631, 5631, 5631, 5631, 5631, 5631, 5631, 5631, 5631, 5631, 5631, 5631, 5631, 5631, 5631, 5631, 5631, 5631, 5631, 5631, 5631, 5631, 5631, 5631, 5631, 5631, 5631, 5631, 5631, 5631, 5631, 5631, 5631, 5631, 5631, 5631, 5631, 5631, 5631, 5631, 5631, 5631, 5631, 5631, 5631, 5631, 5631, 5631, 5631, 5631, 5631, 5631, 5631, 5631, 5631, 5631, 5631, 5631, 5631, 5631, 5631, 5631, 5631, 5631, 5631, 5631, 5631, 5631, 5631, 5631, 5631, 5631, 5631, 5631, 5631, 5631, 5631, 5631, 5631, 5631, 5631, 5631, 5631, 5631, 5631, 5631, 5631, 5631, 5631, 5631, 5631, 5631, 5631, 5631, 5631, 5631, 5631, 5631, 5631, 5631, 5631, 5631, 5631, 5631, 5631, 5631, 5631, 5631, 5631, 5631, 5631, 5631, 5631, 5631, 5631, 5631, 5631, 5631, 5631, 5631, 5631, 5631, 5631, 5631, 5631, 5631, 5631, 5631, 5631, 5631, 5631, 5631, 5631, 5631, 5631, 5631, 5631, 5631, 5631, 5631, 5631, 5631, 5631, 5631, 5631, 5631, 5631, 5631, 5631, 5631, 5631, 5631, 5631, 5631, 5631, 5631, 5631, 5631, 5631, 5631, 5631, 5631, 5631, 5631, 5631, 5631, 5631, 5631, 5631, 5631, 5631, 5631, 5631, 5631, 5631, 5631, 5631, 5631, 5631, 5631, 5631, 5631, 5631, 5631, 5631, 5631, 5631, 5631, 5631, 5631, 5631, 5631, 5631, 5631, 5631, 5631, 5631, 5631, 5631, 5631, 5631, 5631, 5631, 5631, 5631, 5631, 5631, 5631, 5631, 5631, 5631, 5631, 5631, 5631, 5631, 5631, 5631, 5631, 5631, 5631, 5631, 5631, 5631, 5631, 5631, 5631, 5631, 5631, 5631, 5631, 5631, 5631, 5631, 5631, 5631, 5631, 5631, 5631, 5631, 5631, 5631, 5631, 5631, 5631, 5631, 5631, 5631, 5631, 5631, 5631, 5631, 5631, 5631, 5631, 5631, 5631, 5631, 5631, 5631, 5631, 5631, 5631, 5631, 5631, 5631, 5631, 5631, 5631, 5631, 5631, 5631, 5631, 5631, 5631, 5631, 5631, 5631, 5631, 5631, 5631, 5631, 5631, 5631, 5631, 5631, 5631, 5631, 5631, 5631, 5631, 5631, 5631, 5631, 5631, 5631, 5631, 5631, 5631, 5631, 5631, 5631, 5631, 5631, 5631, 5631, 5631, 5631, 5631, 5631, 5631, 5631, 5631, 5631, 5631, 5631, 5631, 5631, 5631, 5631, 5631, 5631, 5631, 5631, 5631, 5631, 5631, 5631, 5631, 5631, 5631, 5631, 5631, 5631, 5631, 5631, 5631, 5631, 5631, 5631, 5631, 5631, 5631, 5631, 5631, 5631, 5631, 5631, 5631, 5631, 5631, 5631, 5631, 5631, 5631, 5631, 5631, 5631, 5631, 5631, 5631, 5631, 5631, 5631, 5631, 5631, 5631, 5631, 5631, 5631, 5631, 5631, 5631, 5631, 5631, 5631, 5631, 5631, 5631, 5631, 5631, 5631, 5631, 5631, 5631, 5631, 5631, 5631, 5631, 5631, 5631, 5631, 5631, 5631, 5631, 5631, 5631, 5631, 5631, 5631, 5631, 5631, 5631, 5631, 5631, 5631, 5631, 5631, 5631, 5631, 5631, 5631, 5631, 5631, 5631, 5631, 5631, 5631, 5631, 5631, 5631, 5631, 5631, 5631, 5631, 5631, 5631, 5631, 5631, 5631, 5631, 5631, 5631, 5631, 5631, 5631, 5631, 5631, 5631, 5631, 5631, 5631, 5631, 5631, 5631, 5631, 5631, 5631, 5631, 5631, 5631, 5631, 5631, 5631, 5631, 5631, 5631, 5631, 5631, 5631, 5631, 5631, 5631, 5631, 5631, 5631, 5631, 5631, 5631, 5631, 5631, 5631, 5631, 5631, 5631, 5631, 5631, 5631, 5631, 5631, 5631, 5631, 5631, 5631, 5631, 5631, 5631, 5631, 5631, 5631, 5631, 5631, 5631, 5631, 5631, 5631, 5631, 5631, 5631, 5631, 5631, 5631, 5631, 5631, 5631, 5631, 5631, 5631, 5631, 5631, 5631, 5631, 5631, 5631, 5631, 5631, 5631, 5631, 5631, 5631, 5631, 5631, 5631, 5631, 5631, 5631, 5631, 5631, 5631, 5631, 5631, 5631, 5631, 5631, 5631, 5631, 5631, 5631, 5631, 5631, 5631, 5631, 5631, 5631, 5631, 5631, 5631, 5631, 5631, 5631, 5631, 5631, 5631, 5631, 5631, 5631, 5631, 5631, 5631, 5631, 5631, 5631, 5631, 5631, 5631, 5631, 5631, 5631, 5631, 5631, 5631, 5631, 5631, 5631, 5631, 5631, 5631, 5631, 5631, 5631, 5631, 5631, 5631, 5631, 5631, 5631, 5631, 5631, 5631, 5631, 5631, 5631, 5631, 5631, 5631, 5631, 5631, 5631, 5631, 5631, 5631, 5631, 5631, 5631, 5631, 5631, 5631, 5631, 5631, 5631, 5631, 5631, 5631, 5631, 5631, 5631, 5631, 5631, 5631, 5631, 5631, 5631, 5631, 5631, 5631, 5631, 5631, 5631, 5631, 5631, 5631, 5631, 5631, 5631, 5631, 5631, 5631, 5631, 5631, 5631, 5631, 5631, 5631, 5631, 5631, 5631, 5631, 5631, 5631, 5631, 5631, 5631, 5631, 5631, 5631, 5631, 5631, 5631, 5631, 5631, 5631, 5631, 5631, 5631, 5631, 5631, 5631, 5631, 5631, 5631, 5631, 5631, 5631, 5631, 5631, 5631, 5631, 5631, 5631, 5631, 5631, 5631, 5631, 5631, 5631, 5631, 5631, 5631, 5631, 5631, 5631, 5631, 5631, 5631, 5631, 5631, 5631, 5631, 5631, 5631, 5631, 5631, 5631, 5631, 5631, 5631, 5631, 5631, 5631, 5631, 5631, 5631, 5631, 5631, 5631, 5631, 5631, 5631, 5631, 5631, 5631, 5631, 5631, 5631, 5631, 5631, 5631, 5631, 5631, 5631, 5631, 5631, 5631, 5631, 5631, 5631, 5631, 5631, 5631, 5631, 5631, 5631, 5631, 5631, 5631, 5631, 5631, 5631, 5631, 5631, 5631, 5631, 5631, 5631, 5631, 5631, 5631, 5631, 5631, 5631, 5631, 5631, 5631, 5631, 5631, 5631, 5631, 5631, 5631, 5631, 5631, 5631, 5631, 5631, 5631, 5631, 5631, 5631, 5631, 5631, 5631, 5631, 5631, 5631, 5631, 5631, 5631, 5631, 5631, 5631, 5631, 5631, 5631, 5631, 5631, 5631, 5631, 5631, 5631, 5631, 5631, 5631, 5631, 5631, 5631, 5631, 5631, 5631, 5631, 5631, 5631, 5631, 5631, 5631, 5631, 5631, 5631, 5631, 5631, 5631, 5631, 5631, 5631, 5631, 5631, 5631, 5631, 5631, 5631, 5631, 5631, 5631, 5631, 5631, 5631, 5631, 5631, 5631, 5631, 5631, 5631, 5631, 5631, 5631, 5631, 5631, 5631, 5631, 5631, 5631, 5631, 5631, 5631, 5631, 5631, 5631, 5631, 5631, 5631, 5631, 5631, 5631, 5631, 5631, 5631, 5631, 5631, 5631, 5631, 5631, 5631, 5631, 5631, 5631, 5631, 5631, 5631, 5631, 5631, 5631, 5631, 5631, 5631, 5631, 5631, 5631, 5631, 5631, 5631, 5631, 5631, 5631, 5631, 5631, 5631, 5631, 5631, 5631, 5631, 5631, 5631, 5631, 5631, 5631, 5631, 5631, 5631, 5631, 5631, 5631, 5631, 5631, 5631, 5631, 5631, 5631, 5631, 5631, 5631, 5631, 5631, 5631, 5631, 5631, 5631, 5631, 5631, 5631, 5631, 5631, 5631, 5631, 5631, 5631, 5631, 5631, 5631, 5629, 5629, 5629, 5629, 5629, 5629, 5629, 5629, 5629, 5629, 5629, 5629, 5629, 5629, 5629, 5629, 5629, 5629, 5629, 5629, 5629, 5629, 5629, 5629, 5629, 5629, 5629, 5629, 5629, 5629, 5629, 5629, 5629, 5629, 5629, 5629, 5629, 5629, 5629, 5629, 5629, 5629, 5629, 5629, 5629, 5629, 5629, 5629, 5629, 5629, 5629, 5629, 5629, 5629, 5629, 5629, 5629, 5629, 5629, 5629, 5629, 5629, 5629, 5629, 5629, 5629, 5629, 5629, 5629, 5629, 5629, 5629, 5629, 5629, 5629, 5629, 5629, 5629, 5629, 5629, 5629, 5629, 5629, 5629, 5629, 5629, 5629, 5629, 5629, 5629, 5629, 5629, 5629, 5629, 5629, 5629, 5629, 5629, 5629, 5629, 5629, 5629, 5629, 5629, 5629, 5629, 5629, 5629, 5629, 5629, 5629, 5629, 5629, 5629, 5629, 5629, 5629, 5629, 5629, 5629, 5629, 5629, 5629, 5629, 5629, 5629, 5629, 5629, 5629, 5629, 5629, 5629, 5629, 5629, 5629, 5629, 5629, 5629, 5629, 5629, 5629, 5629, 5629, 5629, 5629, 5629, 5629, 5629, 5629, 5629, 5629, 5629, 5629, 5629, 5629, 5629, 5629, 5629, 5629, 5629, 5629, 5629, 5629, 5629, 5629, 5629, 5629, 5629, 5629, 5629, 5629, 5629, 5629, 5629, 5629, 5629, 5629, 5629, 5629, 5629, 5629, 5629, 5629, 5629, 5629, 5629, 5629, 5629, 5629, 5629, 5629, 5629, 5629, 5629, 5629, 5629, 5629, 5629, 5629, 5629, 5629, 5629, 5629, 5629, 5629, 5629, 5629, 5629, 5629, 5629, 5629, 5629, 5629, 5629, 5629, 5629, 5629, 5629, 5629, 5629, 5629, 5629, 5629, 5629, 5629, 5629, 5629, 5629, 5629, 5629, 5629, 5629, 5629, 5629, 5629, 5629, 5629, 5629, 5629, 5629, 5629, 5629, 5629, 5629, 5629, 5629, 5629, 5629, 5629, 5629, 5629, 5629, 5629, 5629, 5629, 5629, 5629, 5629, 5629, 5629, 5629, 5629, 5629, 5629, 5629, 5629, 5629, 5629, 5629, 5629, 5629, 5629, 5629, 5629, 5629, 5629, 5629, 5629, 5629, 5629, 5629, 5629, 5629, 5629, 5629, 5629, 5629, 5629, 5629, 5629, 5629, 5629, 5629, 5629, 5629, 5629, 5629, 5629, 5629, 5629, 5629, 5629, 5629, 5629, 5629, 5629, 5629, 5629, 5629, 5629, 5629, 5629, 5629, 5629, 5629, 5629, 5629, 5629, 5629, 5629, 5629, 5629, 5629, 5629, 5629, 5629, 5629, 5629, 5629, 5629, 5629, 5629, 5629, 5629, 5629, 5629, 5629, 5629, 5629, 5629, 5629, 5629, 5629, 5629, 5629, 5629, 5629, 5629, 5629, 5629, 5629, 5629, 5629, 5629, 5629, 5629, 5629, 5629, 5629, 5629, 5629, 5629, 5629, 5629, 5629, 5629, 5629, 5629, 5629, 5629, 5629, 5629, 5629, 5629, 5629, 5629, 5629, 5629, 5629, 5629, 5629, 5629, 5629, 5629, 5629, 5629, 5629, 5629, 5629, 5629, 5629, 5629, 5629, 5629, 5629, 5629, 5629, 5629, 5629, 5629, 5629, 5629, 5629, 5629, 5629, 5629, 5629, 5629, 5629, 5629, 5629, 5629, 5629, 5629, 5629, 5629, 5629, 5629, 5629, 5629, 5629, 5629, 5629, 5629, 5629, 5629, 5629, 5629, 5629, 5629, 5629, 5629, 5629, 5629, 5629, 5629, 5629, 5629, 5629, 5629, 5629, 5629, 5629, 5629, 5629, 5629, 5629, 5629, 5629, 5629, 5629, 5629, 5629, 5629, 5629, 5629, 5629, 5629, 5629, 5629, 5629, 5629, 5629, 5629, 5629, 5629, 5629, 5629, 5629, 5629, 5629, 5629, 5629, 5629, 5629, 5629, 5629, 5629, 5629, 5629, 5629, 5629, 5629, 5629, 5629, 5629, 5629, 5629, 5629, 5629, 5629, 5629, 5629, 5629, 5629, 5629, 5629, 5629, 5629, 5629, 5629, 5629, 5629, 5629, 5629, 5629, 5629, 5629, 5629, 5629, 5629, 5629, 5629, 5629, 5629, 5629, 5629, 5629, 5629, 5629, 5629, 5629, 5629, 5629, 5629, 5629, 5629, 5629, 5629, 5629, 5629, 5629, 5629, 5629, 5629, 5629, 5629, 5629, 5629, 5629, 5629, 5629, 5629, 5629, 5629, 5629, 5629, 5629, 5629, 5629, 5629, 5629, 5629, 5629, 5629, 5629, 5629, 5629, 5629, 5629, 5629, 5629, 5629, 5629, 5629, 5629, 5629, 5629, 5629, 5629, 5629, 5629, 5629, 5629, 5629, 5629, 5629, 5629, 5629, 5629, 5629, 5629, 5629, 5629, 5629, 5629, 5629, 5629, 5629, 5629, 5629, 5629, 5629, 5629, 5629, 5629, 5629, 5629, 5629, 5629, 5629, 5629, 5629, 5629, 5629, 5629, 5629, 5629, 5629, 5629, 5629, 5629, 5629, 5629, 5629, 5629, 5629, 5629, 5629, 5629, 5629, 5629, 5629, 5629, 5629, 5629, 5629, 5629, 5629, 5629, 5629, 5629, 5629, 5629, 5629, 5629, 5629, 5629, 5629, 5629, 5629, 5629, 5629, 5629, 5629, 5629, 5629, 5629, 5629, 5629, 5629, 5629, 5629, 5629, 5629, 5629, 5629, 5629, 5629, 5629, 5629, 5629, 5629, 5629, 5629, 5629, 5629, 5629, 5629, 5629, 5629, 5629, 5629, 5629, 5629, 5629, 5629, 5629, 5629, 5629, 5629, 5629, 5629, 5629, 5629, 5629, 5629, 5629, 5629, 5629, 5629, 5629, 5629, 5629, 5629, 5629, 5629, 5629, 5629, 5629, 5629, 5629, 5629, 5629, 5629, 5629, 5629, 5629, 5629, 5629, 5629, 5629, 5629, 5629, 5629, 5629, 5629, 5629, 5629, 5629, 5629, 5629, 5629, 5629, 5629, 5629, 5629, 5629, 5629, 5629, 5629, 5629, 5629, 5629, 5629, 5629, 5629, 5629, 5629, 5629, 5629, 5629, 5629, 5629, 5629, 5629, 5629, 5629, 5629, 5629, 5629, 5629, 5629, 5629, 5629, 5629, 5629, 5629, 5629, 5629, 5629, 5629, 5629, 5629, 5629, 5629, 5629, 5629, 5629, 5629, 5629, 5629, 5629, 5629, 5629, 5629, 5629, 5629, 5629, 5629, 5629, 5629, 5629, 5629, 5629, 5629, 5629, 5629, 5629, 5629, 5629, 5629, 5629, 5629, 5629, 5629, 5629, 5629, 5629, 5629, 5629, 5629, 5629, 5629, 5629, 5629, 5629, 5629, 5629, 5629, 5629, 5629, 5629, 5629, 5629, 5629, 5629, 5629, 5629, 5629, 5629, 5629, 5629, 5629, 5629, 5629, 5629, 5629, 5629, 5629, 5629, 5629, 5629, 5629, 5629, 5629, 5629, 5629, 5629, 5629, 5629, 5629, 5629, 5629, 5629, 5629, 5629, 5629, 5629, 5629, 5629, 5629, 5629, 5629, 5629, 5629, 5629, 5629, 5629, 5629, 5629, 5629, 5629, 5629, 5629, 5629, 5629, 5629, 5629, 5629, 5629, 5629, 5629, 5629, 5629, 5629, 5629, 5629, 5629, 5629, 5629, 5629, 5629, 5629, 5629, 5629, 5629, 5629, 5629, 5629, 5629, 5629, 5629, 5629, 5629, 5629, 5629, 5629, 5629, 5629, 5629, 5629, 5629, 5629, 5629, 5629, 5629, 5629, 5629, 5629, 5629, 5629, 5629, 5629, 5629, 5629, 5629, 5629, 5629, 5629, 5629, 5629, 5629, 5629, 5629, 5629, 5629, 5629, 5629, 5629, 5629, 5629, 5629, 5629, 5629, 5629, 5629, 5629, 5629, 5629, 5629, 5629, 5629, 5629, 5629, 5629, 5629, 5629, 5629, 5629, 5629, 5629, 5629, 5629, 5629, 5629, 5629, 5629, 5629, 5629, 5629, 5629, 5629, 5629, 5629, 5629, 5629, 5629, 5629, 5629, 5629, 5629, 5629, 5629, 5629, 5629, 5629, 5629, 5629, 5629, 5629, 5629, 5629, 5629, 5629, 5629, 5629, 5629, 5629, 5629, 5629, 5629, 5629, 5629, 5629, 5629, 5629, 5629, 5629, 5629, 5629, 5629, 5629, 5629, 5629, 5629, 5629, 5629, 5629, 5629, 5629, 5629, 5629, 5629, 5629, 5629, 5629, 5629, 5629, 5629, 5629, 5629, 5629, 5629, 5629, 5629, 5629, 5629, 5629, 5629, 5629, 5629, 5629, 5629, 5629, 5629, 5629, 5629, 5629, 5629, 5629, 5629, 5629, 5629, 5629, 5629, 5629, 5629, 5629, 5629, 5629, 5629, 5629, 5629, 5629, 5629, 5629, 5629, 5629, 5629, 5629, 5629, 5629, 5629, 5629, 5629, 5629, 5629, 5629, 5629, 5629, 5629, 5629, 5629, 5629, 5629, 5629, 5629, 5629, 5629, 5629, 5629, 5629, 5629, 5629, 5629, 5629, 5629, 5629, 5629, 5629, 5629, 5629, 5629, 5629, 5629, 5629, 5629, 5629, 5629, 5629, 5629, 5629, 5629, 5629, 5629, 5629, 5629, 5629, 5629, 5629, 5629, 5629, 5629, 5629, 5629, 5629, 5629, 5629, 5629, 5629, 5629, 5629, 5629, 5629, 5629, 5629, 5629, 5629, 5629, 5629, 5629, 5629, 5629, 5629, 5629, 5629, 5629, 5629, 5629, 5629, 5629, 5629, 5629, 5629, 5629, 5629, 5629, 5629, 5629, 5629, 5629, 5629, 5629, 5629, 5629, 5629, 5629, 5629, 5629, 5629, 5629, 5629, 5629, 5629, 5629, 5629, 5629, 5629, 5629, 5629, 5629, 5629, 5629, 5629, 5629, 5629, 5629, 5629, 5629, 5629, 5629, 5629, 5629, 5629, 5629, 5629, 5629, 5629, 5629, 5629, 5629, 5629, 5629, 5629, 5629, 5629, 5629, 5629, 5629, 5629, 5629, 5629, 5629, 5629, 5629, 5629, 5629, 5629, 5629, 5629, 5629, 5629, 5629, 5629, 5629, 5629, 5629, 5629, 5629, 5629, 5629, 5629, 5629, 5629, 5629, 5629, 5629, 5629, 5629, 5629, 5629, 5629, 5629, 5629, 5629, 5629, 5629, 5629, 5629, 5629, 5629, 5629, 5629, 5629, 5629, 5629, 5629, 5629, 5629, 5629, 5629, 5629, 5629, 5629, 5629, 5629, 5629, 5629, 5629, 5629, 5629, 5629, 5629, 5629, 5629, 5629, 5629, 5629, 5629, 5629, 5629, 5629, 5629, 5629, 5629, 5629, 5629, 5629, 5629, 5629, 5629, 5629, 5629, 5629, 5629, 5629, 5629, 5629, 5629, 5629, 5629, 5629, 5629, 5629, 5629, 5629, 5629, 5629, 5629, 5629, 5629, 5629, 5629, 5629, 5629, 5629, 5629, 5629, 5629, 5629, 5629, 5629, 5629, 5629, 5629, 5629, 5629, 5629, 5629, 5629, 5629, 5629, 5629, 5629, 5629, 5629, 5629, 5629, 5629, 5629, 5629, 5629, 5629, 5629, 5629, 5629, 5629, 5629, 5629, 5629, 5629, 5629, 5629, 5629, 5629, 5629, 5629, 5629, 5629, 5629, 5629, 5629, 5629, 5629, 5629, 5629, 5629, 5629, 5629, 5629, 5629, 5629, 5629, 5629, 5629, 5629, 5629, 5629, 5629, 5629, 5629, 5629, 5629, 5629, 5629, 5629, 5629, 5629, 5629, 5629, 5629, 5629, 5629, 5629, 5629, 5629, 5629, 5629, 5629, 5629, 5629, 5629, 5629, 5629, 5629, 5629, 5629, 5629, 5629, 5629, 5629, 5629, 5629, 5629, 5629, 5629, 5629, 5629, 5629, 5629, 5629, 5629, 5629, 5629, 5629, 5629, 5629, 5629, 5629, 5629, 5629, 5629, 5629, 5629, 5629, 5629, 5629, 5629, 5629, 5629, 5629, 5629, 5629, 5629, 5629, 5629, 5629, 5629, 5629, 5629, 5629, 5629, 5629, 5629, 5629, 5629, 5629, 5629, 5629, 5629, 5629, 5629, 5629, 5629, 5629, 5629, 5629, 5629, 5629, 5629, 5629, 5629, 5629, 5629, 5629, 5629, 5629, 5629, 5629, 5629, 5629, 5629, 5629, 5629, 5629, 5629, 5629, 5629, 5629, 5629, 5629, 5629, 5629, 5629, 5629, 5629, 5629, 5629, 5629, 5629, 5629, 5629, 5629, 5629, 5629, 5629, 5629, 5629, 5629, 5629, 5629, 5629, 5629, 5629, 5629, 5629, 5629, 5629, 5629, 5629, 5629, 5629, 5629, 5629, 5629, 5629, 5629, 5629, 5629, 5629, 5629, 5629, 5629, 5629, 5629, 5629, 5629, 5629, 5629, 5629, 5629, 5629, 5629, 5629, 5629, 5629, 5629, 5629, 5629, 5629, 5629, 5629, 5629, 5629, 5629, 5629, 5629, 5629, 5629, 5629, 5629, 5629, 5629, 5629, 5629, 5629, 5629, 5629, 5629, 5629, 5629, 5629, 5629, 5629, 5629, 5629, 5629, 5629, 5629, 5629, 5629, 5629, 5629, 5629, 5629, 5629, 5629, 5629, 5629, 5629, 5629, 5629, 5629, 5629, 5629, 5629, 5629, 5629, 5629, 5629, 5629, 5629, 5629, 5629, 5629, 5629, 5629, 5629, 5629, 5629, 5629, 5629, 5629, 5629, 5629, 5629, 5629, 5629, 5629, 5629, 5629, 5629, 5629, 5629, 5629, 5629, 5629, 5629, 5629, 5629, 5629, 5629, 5629, 5629, 5629, 5629, 5629, 5629, 5629, 5629, 5629, 5629, 5629, 5629, 5629, 5629, 5629, 5629, 5629, 5629, 5629, 5629, 5629, 5629, 5629, 5629, 5629, 5629, 5629, 5629, 5629, 5629, 5629, 5629, 5629, 5629, 5629, 5629, 5629, 5629, 5629, 5629, 5629, 5629, 5629, 5629, 5629, 5629, 5629, 5620, 
Fitness promedio a lo largo del tiempo: 
19656, 14005, 11916, 7875, 6693, 7259, 7403, 6719, 6819, 6802, 6579, 6979, 6573, 6512, 6432, 6936, 7230, 6726, 6610, 6382, 6228, 6007, 6616, 6416, 6829, 6995, 6664, 6123, 5902, 7330, 6684, 6733, 6666, 6287, 6114, 6023, 6724, 6397, 6105, 6554, 6434, 5959, 6001, 6005, 6115, 6485, 6269, 5782, 6008, 6821, 6475, 6085, 5941, 6091, 6504, 6282, 5978, 6249, 6441, 6766, 6824, 6180, 6664, 6721, 7031, 6833, 6095, 5746, 6256, 6180, 6362, 5712, 5745, 5917, 5734, 5863, 6767, 6087, 5977, 6386, 5708, 5906, 5866, 6498, 5687, 5762, 5680, 5682, 6238, 5684, 5671, 6129, 5742, 6599, 6397, 6459, 6381, 6029, 6808, 5816, 6116, 5792, 5689, 6170, 5678, 5895, 5663, 6221, 6005, 6123, 5674, 6282, 5670, 5893, 5645, 6288, 5949, 6186, 6118, 6291, 5947, 5670, 5787, 5785, 6219, 5958, 6076, 5648, 5902, 5649, 5996, 5802, 5849, 5666, 5891, 6167, 6455, 5996, 5655, 5788, 5743, 5970, 6277, 6330, 5673, 6242, 5911, 5728, 6132, 5650, 6897, 6006, 5668, 5666, 5661, 6323, 5700, 5663, 5675, 5687, 6067, 6270, 5668, 5683, 5658, 5702, 5998, 5676, 5802, 5669, 6276, 5844, 5685, 6260, 5729, 5948, 6540, 6292, 5814, 5886, 5653, 5693, 5899, 6270, 5978, 6333, 5706, 5670, 6160, 5851, 5655, 5673, 5659, 5680, 5849, 6014, 5675, 6609, 5667, 5749, 6278, 5668, 5802, 6139, 5684, 6107, 5726, 5664, 5900, 5675, 5668, 6649, 6396, 6017, 6010, 6555, 5655, 5695, 5662, 6001, 5681, 5675, 5723, 5674, 5961, 5691, 5826, 6322, 6004, 6247, 6028, 6014, 6001, 5667, 5798, 5979, 5850, 6129, 5858, 6811, 6890, 5754, 6189, 7037, 5704, 6390, 6226, 6227, 6679, 5962, 6334, 6081, 5865, 6196, 6035, 6073, 6165, 6082, 6022, 5796, 5671, 5810, 6581, 6028, 6081, 6230, 5664, 5889, 6122, 5854, 5675, 5972, 5684, 5668, 5870, 5749, 6133, 5894, 6353, 5766, 5845, 5758, 6455, 6606, 5683, 6331, 6385, 5787, 5688, 5907, 5955, 6016, 5865, 5970, 5743, 5679, 6493, 5889, 5694, 6450, 5671, 6711, 6051, 6112, 5798, 5904, 6409, 6204, 6758, 6234, 5684, 5798, 6119, 6129, 6385, 5744, 5799, 6225, 5693, 6013, 5966, 5800, 5745, 5666, 5666, 6072, 6018, 5838, 6699, 6433, 5675, 5672, 6004, 6228, 6172, 6123, 6083, 6071, 6343, 6672, 6015, 5964, 6818, 6223, 5850, 6248, 5909, 6134, 6707, 6104, 5676, 6437, 6055, 6236, 6646, 5952, 6326, 5653, 5692, 5678, 5741, 6298, 6604, 6619, 6011, 5692, 5890, 6178, 5678, 5865, 6225, 5800, 6153, 5692, 5686, 6232, 5857, 6760, 6275, 6074, 6538, 6137, 6361, 6004, 6154, 6283, 5677, 5739, 5659, 6077, 5666, 5727, 6066, 6356, 5681, 5682, 5700, 6008, 5846, 5701, 5685, 5805, 5819, 5800, 5668, 5679, 5861, 6226, 6554, 5752, 5680, 6023, 5673, 5682, 5922, 6824, 5872, 6266, 5677, 5689, 5693, 6324, 5674, 6571, 5709, 5797, 6178, 6780, 5850, 6432, 5809, 5683, 6237, 5888, 5946, 6120, 5682, 5894, 6245, 6429, 5909, 7090, 5964, 5665, 6437, 6661, 6304, 6190, 5791, 6157, 5812, 6116, 5820, 6436, 5673, 6478, 5680, 5998, 5835, 5854, 5889, 5671, 5679, 5880, 6494, 6006, 5680, 6325, 6339, 5688, 6076, 5682, 6077, 6177, 5669, 6497, 5705, 6709, 5898, 5947, 5673, 5672, 6705, 6076, 6174, 5989, 6222, 6035, 5901, 6618, 6669, 6964, 6387, 6550, 6081, 5961, 5911, 5683, 6296, 5675, 5686, 5960, 6133, 5694, 5678, 5662, 6159, 6174, 5897, 6052, 5674, 6109, 6010, 6604, 6711, 5951, 5687, 5679, 5813, 6032, 5692, 6484, 6076, 5766, 5677, 5695, 5667, 5904, 6229, 6080, 5687, 6116, 6059, 5958, 5750, 5701, 5672, 5670, 5854, 5909, 5844, 5682, 5901, 5907, 5687, 5921, 5938, 5738, 5665, 5675, 6344, 5667, 5757, 6019, 5679, 5871, 5675, 6225, 6107, 5680, 5672, 6004, 6449, 5680, 6660, 6094, 5677, 5672, 5896, 5690, 5707, 5663, 5711, 5800, 6050, 5958, 6078, 5961, 5692, 5680, 5691, 5862, 5652, 6315, 6549, 6019, 5688, 6271, 6012, 5689, 5673, 5669, 5679, 5792, 6008, 5741, 6187, 5684, 6126, 5854, 5948, 5689, 5855, 6229, 6007, 6337, 6663, 6841, 5998, 5661, 5918, 6241, 6063, 5860, 5960, 5693, 5662, 5856, 6388, 5666, 5799, 6384, 5952, 5693, 5853, 6073, 5693, 5686, 6127, 6393, 5674, 5963, 6177, 6185, 6012, 6292, 6010, 6143, 5675, 5931, 5842, 6185, 6889, 6344, 5674, 5742, 5802, 5687, 5911, 6679, 5671, 6325, 5676, 5673, 6610, 6446, 5909, 5686, 6516, 5753, 6168, 6587, 5668, 6078, 6578, 6614, 5661, 6334, 5691, 5950, 6600, 5974, 5668, 6518, 5747, 5714, 6133, 6053, 5957, 6617, 6444, 5675, 5864, 6011, 7298, 5901, 5667, 6234, 6437, 5697, 5791, 6051, 5843, 6453, 6300, 5689, 5739, 5942, 5964, 5956, 5747, 6712, 6022, 5696, 6083, 5793, 6391, 6384, 5695, 6336, 6113, 5664, 6287, 5698, 5690, 6133, 5667, 5681, 6328, 6347, 6550, 6170, 6983, 6113, 6340, 5840, 5844, 5680, 6125, 5660, 6100, 5689, 6223, 6673, 5690, 6073, 5797, 5756, 5675, 5915, 5910, 6110, 5952, 6831, 6226, 5680, 6075, 5672, 6277, 5690, 6131, 6286, 5903, 6087, 5680, 5847, 6033, 5948, 6341, 6559, 6399, 6217, 6029, 5659, 6109, 6436, 5988, 6409, 5681, 5696, 5861, 5962, 6171, 5683, 6382, 6451, 6388, 5909, 6057, 5685, 6157, 5751, 5678, 5683, 5893, 5670, 5668, 5689, 5688, 6009, 5794, 5855, 5910, 6767, 6436, 5860, 5792, 5701, 6131, 5694, 6020, 5684, 5908, 5958, 5942, 6173, 6151, 6534, 6286, 5686, 5677, 6602, 5961, 6072, 5681, 5850, 5802, 5808, 6134, 5676, 6132, 5740, 5809, 5677, 5784, 5846, 5677, 5677, 6091, 6878, 6176, 6118, 5812, 5661, 6397, 5668, 5680, 6116, 6376, 5819, 6291, 6088, 6012, 5748, 6014, 6173, 5852, 5955, 5963, 5695, 6081, 6013, 5795, 6232, 5858, 5707, 5694, 6169, 5705, 6778, 5956, 6128, 5671, 5857, 6021, 6064, 5702, 5688, 5680, 6063, 6012, 5889, 5965, 6230, 5797, 5905, 5658, 5672, 5804, 6191, 6373, 5756, 6381, 6426, 5681, 6656, 5951, 6404, 6111, 5689, 6073, 5858, 6574, 6818, 5674, 6002, 5676, 6118, 6596, 6337, 5662, 5692, 5673, 5703, 6231, 6141, 6248, 6016, 6128, 6440, 5806, 5852, 5751, 6229, 6199, 5661, 5741, 5952, 6181, 5792, 6127, 5859, 6391, 5863, 5671, 5708, 5674, 5689, 5672, 5675, 6060, 6033, 5706, 5911, 6288, 5678, 6394, 5683, 6121, 6027, 5665, 5688, 5859, 6408, 5957, 5814, 5693, 5690, 6111, 5692, 6067, 6178, 5662, 6134, 5882, 5850, 5700, 5965, 5665, 6398, 5846, 6017, 5664, 6167, 6234, 5687, 5669, 5690, 6399, 5676, 5686, 5673, 5672, 6186, 5667, 6135, 5672, 6019, 5900, 5672, 5788, 5704, 5701, 5702, 5690, 5766, 6405, 6090, 5691, 5860, 6072, 6219, 5682, 5680, 5668, 5658, 5681, 5747, 6170, 6078, 5782, 6233, 6109, 6110, 5921, 5760, 5976, 6753, 5718, 6106, 5909, 5685, 5972, 6234, 6701, 5699, 6361, 5844, 6014, 6151, 5682, 5891, 6599, 6013, 6125, 6610, 6648, 5697, 5693, 5961, 5899, 6062, 5965, 5688, 6677, 6054, 5855, 6356, 6386, 5702, 6124, 6008, 6235, 6008, 6714, 6024, 6007, 5665, 6287, 6032, 5972, 6017, 6561, 6061, 6021, 5767, 6126, 5674, 5981, 6236, 5758, 5742, 5666, 5962, 6817, 5692, 5803, 6128, 5958, 6176, 5888, 6178, 5741, 5699, 6410, 6858, 6233, 5853, 5947, 6170, 5659, 5671, 6072, 5682, 6015, 5746, 7034, 5667, 6187, 6173, 6178, 5676, 6183, 6014, 6385, 5797, 6493, 6239, 6056, 5682, 6180, 6013, 5925, 6148, 5861, 5658, 5672, 6114, 6340, 5684, 6175, 5682, 6180, 5804, 6663, 6078, 5991, 5751, 5690, 5668, 6105, 5910, 6412, 5836, 5678, 5753, 6081, 6066, 6132, 5687, 5673, 5676, 5911, 5804, 6377, 5659, 5739, 5992, 6766, 7047, 6382, 6113, 5687, 6600, 5676, 5682, 6166, 5844, 6065, 5688, 5691, 6306, 5687, 5837, 6237, 5668, 5909, 6072, 5953, 6467, 5915, 5898, 6284, 5684, 5955, 6169, 6057, 5731, 6110, 5681, 6555, 6063, 5864, 5667, 5856, 6251, 5807, 6116, 6286, 5714, 5666, 6167, 5677, 6264, 6107, 5663, 5692, 5945, 5798, 6189, 6071, 6108, 5747, 5840, 6123, 6137, 6652, 6359, 5663, 6174, 5752, 5675, 6013, 5839, 6013, 5704, 5831, 5672, 5664, 6062, 5830, 6033, 5954, 5704, 5791, 5676, 5672, 5975, 5963, 5863, 5711, 5949, 6452, 7004, 5793, 5954, 5844, 6087, 6138, 5748, 6995, 5679, 5807, 6446, 6435, 6152, 6156, 6121, 5697, 5952, 5970, 5792, 5789, 5674, 5680, 6214, 5733, 5860, 5670, 5692, 5675, 5949, 6450, 5747, 5948, 6352, 6182, 7036, 6049, 5854, 5691, 5962, 5678, 5724, 6380, 6232, 5952, 5955, 5740, 5682, 5678, 5691, 6509, 5913, 6314, 5863, 6557, 6060, 5701, 5791, 6342, 5671, 5689, 6079, 6168, 5687, 6234, 6456, 5692, 6084, 6350, 5702, 5909, 6278, 5810, 5689, 6227, 5792, 6420, 6182, 6084, 5682, 6379, 6072, 6226, 5691, 6134, 6339, 5690, 5948, 5683, 5789, 5647, 5814, 5920, 5953, 5665, 5678, 6387, 5666, 6103, 5680, 6080, 5667, 6489, 5688, 5685, 6320, 6031, 7196, 5696, 6009, 5672, 5731, 5677, 5669, 5674, 6030, 5789, 5678, 5687, 6553, 6511, 5676, 5998, 5750, 5734, 6372, 6538, 5955, 6168, 6071, 6973, 5741, 5853, 5802, 6246, 5746, 5685, 5669, 5662, 5847, 5812, 5955, 5705, 5856, 5944, 5967, 5679, 5678, 5675, 6023, 5780, 5793, 6496, 6072, 6673, 5967, 6070, 6167, 5813, 5683, 6761, 5815, 5695, 5690, 5672, 6327, 5965, 5852, 5835, 5688, 5866, 6228, 6598, 6538, 6127, 5667, 6240, 5690, 6130, 6066, 5802, 6696, 5689, 6691, 6116, 5729, 5657, 5969, 6221, 5746, 5686, 6066, 5699, 6887, 5684, 6024, 6216, 5891, 6169, 6351, 5949, 5909, 6123, 6130, 5693, 5805, 6123, 6290, 6094, 5678, 6072, 5909, 5917, 5915, 5802, 6024, 6019, 6443, 5708, 5968, 5963, 6179, 5733, 5673, 5969, 6004, 5679, 5955, 5749, 5873, 5685, 5673, 5675, 6006, 5811, 5963, 6057, 6659, 6347, 5701, 5687, 5963, 5798, 5666, 6017, 6506, 5685, 5678, 6123, 5689, 5894, 6223, 6017, 6175, 5701, 5845, 5899, 5652, 5698, 5769, 6019, 5848, 5962, 5662, 6352, 5662, 6447, 5654, 5689, 5783, 6707, 5808, 5682, 5834, 5860, 6756, 5830, 5656, 6177, 5908, 6386, 5961, 6117, 5679, 6123, 6342, 5913, 6252, 5679, 5669, 5913, 5695, 5953, 5968, 6342, 5674, 5663, 6441, 5672, 5945, 5978, 5849, 5673, 5756, 6200, 6003, 5701, 5951, 5957, 5950, 5667, 5672, 5664, 6031, 5660, 6569, 5667, 5804, 5653, 6393, 5700, 5679, 5850, 6286, 5673, 5754, 5734, 5902, 6154, 5668, 5681, 6275, 6499, 6064, 5980, 6076, 5661, 5708, 5674, 6265, 5888, 6925, 5675, 6353, 6532, 5897, 6067, 5699, 5846, 5691, 5662, 6223, 5960, 5686, 5848, 5896, 5667, 5800, 5744, 6106, 5852, 5740, 5691, 6059, 6117, 6197, 5677, 6172, 5686, 6331, 5663, 5677, 6117, 5672, 5665, 5707, 5685, 6285, 6008, 6312, 6065, 6062, 6168, 6299, 5697, 6295, 5688, 5682, 6247, 5973, 5913, 6443, 5666, 5676, 5954, 6500, 5664, 6110, 5673, 5894, 5783, 5791, 6464, 6380, 6604, 5907, 6016, 5839, 5671, 5984, 6281, 6277, 6304, 6162, 5684, 6047, 6176, 5842, 5691, 5968, 6290, 5754, 6066, 5897, 5954, 5688, 6122, 5751, 5759, 6277, 5904, 6671, 6111, 5995, 6172, 5668, 6159, 6126, 5864, 6117, 6289, 6506, 6117, 6432, 6189, 5794, 6392, 6940, 5786, 6116, 5814, 6182, 6062, 6407, 5947, 5662, 5683, 6015, 5700, 6660, 5955, 5698, 6064, 5965, 6280, 5795, 5673, 6060, 5663, 5969, 5675, 5688, 5901, 6170, 6276, 5688, 5907, 6319, 6128, 6186, 5691, 5914, 6443, 6419, 5696, 6056, 6226, 6034, 6652, 5885, 5730, 6192, 6110, 5735, 5660, 5818, 6115, 5977, 5666, 6016, 5682, 5683, 5694, 5949, 6332, 5692, 5749, 5667, 6398, 5670, 6394, 6065, 5690, 5774, 5996, 5842, 6498, 5681, 5850, 6271, 6341, 5744, 5864, 5687, 6013, 6126, 6069, 5875, 5683, 6665, 6125, 6658, 6272, 5795, 5648, 5670, 6054, 5682, 5867, 5848, 5653, 5791, 5672, 5742, 6271, 5690, 6060, 5755, 6459, 5957, 6179, 6024, 5686, 5977, 6475, 5851, 5952, 5812, 5705, 5685, 6498, 6132, 5802, 6029, 6439, 6003, 5685, 5845, 5960, 5683, 5717, 6057, 6108, 5674, 6015, 5898, 5924, 6000, 5693, 5686, 6614, 6291, 5685, 6380, 5704, 5686, 6506, 6123, 5658, 6187, 6022, 6999, 6498, 5671, 5797, 5652, 6032, 5679, 5851, 5852, 6428, 5658, 6024, 6220, 5685, 6020, 6162, 6225, 5863, 5672, 6218, 5897, 6613, 5868, 5697, 5664, 5690, 5753, 5666, 6211, 5734, 6022, 5670, 5658, 5675, 6353, 5678, 5858, 6083, 6263, 6671, 5696, 5964, 5683, 5676, 6405, 6231, 5690, 5753, 5967, 6592, 6837, 6281, 6108, 5848, 6505, 6384, 7006, 5666, 6008, 5753, 6647, 6109, 6328, 5678, 5676, 5664, 5653, 6179, 5673, 6237, 6367, 5867, 6035, 6542, 5856, 5910, 5663, 6225, 6283, 5674, 6296, 5693, 5741, 5686, 5910, 5792, 6392, 5968, 5899, 5677, 5689, 5702, 6225, 5982, 6232, 5675, 6342, 5912, 5927, 5690, 6063, 7264, 5752, 5809, 5787, 5687, 5800, 6005, 5654, 5848, 6015, 6178, 5788, 5753, 6065, 6568, 5665, 6501, 6004, 6107, 5678, 5701, 6179, 5669, 5956, 6283, 5789, 6290, 5742, 6283, 5698, 6165, 5834, 6173, 6068, 5672, 5868, 6251, 6027, 6022, 6352, 6122, 6087, 6287, 6121, 6250, 5671, 5967, 5957, 6121, 5843, 6053, 5852, 5666, 6391, 6055, 5651, 6505, 6451, 5698, 6566, 5756, 5684, 5664, 5948, 5661, 6062, 5890, 5677, 5677, 5744, 5957, 5674, 5704, 5678, 5900, 6559, 6178, 5663, 6496, 6271, 5962, 6130, 6303, 6025, 5666, 5831, 6716, 6105, 6118, 6006, 6025, 5677, 6097, 6082, 5751, 5674, 6111, 6711, 5677, 6015, 6125, 6076, 6666, 5672, 5952, 5665, 6298, 6337, 5692, 5745, 6229, 6013, 6285, 5696, 5690, 6140, 6707, 6173, 6000, 5870, 5901, 5674, 5836, 5738, 6140, 6203, 5791, 5673, 6380, 6287, 5800, 5688, 5684, 6245, 5952, 7094, 5686, 6170, 6124, 5932, 5688, 6016, 5677, 6322, 6275, 5904, 5777, 6177, 6883, 6110, 5687, 5670, 6091, 5691, 5771, 5670, 5788, 6009, 5732, 5893, 5715, 6501, 6214, 5822, 5662, 5675, 6028, 5997, 6011, 5655, 5667, 5955, 5696, 5833, 5801, 5681, 6112, 6381, 5963, 6155, 7353, 6219, 5958, 5693, 6437, 5958, 5954, 6004, 5813, 5680, 6101, 5675, 5673, 5808, 6012, 6225, 5901, 5949, 6233, 5715, 5655, 5675, 6001, 6621, 6706, 5686, 5672, 5729, 5794, 6725, 5698, 6443, 5743, 6126, 6328, 6046, 6001, 5776, 5668, 5802, 6563, 5969, 6211, 6247, 6340, 5743, 5679, 6227, 5992, 5663, 6168, 5750, 5695, 5739, 6167, 5857, 6560, 6166, 5740, 6500, 6668, 6350, 6185, 6002, 6113, 6088, 6241, 5675, 5924, 5758, 5672, 5892, 6059, 5693, 5905, 5683, 5791, 6013, 5758, 5974, 6224, 5912, 5668, 6167, 5676, 5959, 5694, 6498, 5675, 6229, 5703, 5865, 6005, 5852, 5692, 6058, 6120, 5662, 6018, 6079, 5685, 6763, 5997, 6166, 6443, 5704, 5668, 6044, 5687, 6112, 5680, 5683, 5788, 5657, 5690, 5666, 5905, 5907, 6833, 6107, 6191, 5902, 6342, 5682, 6440, 6112, 6192, 5739, 5693, 6126, 5946, 6340, 6440, 5704, 6014, 6448, 6577, 5679, 6431, 5906, 6436, 5664, 5679, 6010, 5745, 6293, 5919, 5768, 6281, 5687, 5802, 5974, 5739, 6160, 6822, 6368, 5685, 6547, 5848, 5672, 5839, 6488, 6399, 5918, 5765, 6143, 6393, 5729, 5737, 6874, 6658, 5691, 6083, 6003, 5902, 6296, 5695, 5665, 5696, 6166, 6132, 6299, 6000, 6354, 5687, 5800, 5695, 6647, 6623, 5958, 6009, 6016, 5899, 6421, 6395, 6003, 6003, 5757, 5678, 6609, 5672, 6022, 6566, 5735, 5966, 6063, 5853, 6340, 6027, 5673, 6375, 5746, 6181, 6179, 5684, 6339, 5898, 5948, 6005, 5980, 6119, 6004, 5750, 5679, 5671, 6165, 6056, 6888, 5906, 5951, 6139, 6665, 5796, 5949, 5962, 6174, 5966, 6515, 6061, 5848, 5681, 6134, 5709, 6069, 6122, 5881, 5707, 6553, 5814, 5868, 5760, 5683, 5797, 6155, 5919, 6009, 6043, 6101, 5692, 5696, 6449, 5911, 5812, 5734, 5806, 5844, 6068, 6433, 5914, 5743, 5965, 5683, 5808, 5678, 5944, 6021, 5680, 5819, 5979, 5678, 6760, 6762, 5790, 6503, 6618, 6183, 6218, 6017, 6380, 5683, 6075, 5749, 6066, 6008, 5910, 6071, 5954, 5694, 5691, 6005, 5725, 5729, 6399, 5855, 5675, 6179, 5727, 6112, 5680, 5677, 6088, 5727, 5688, 5961, 5674, 5737, 5859, 5816, 5701, 5669, 6072, 5690, 5682, 5673, 6092, 6387, 6540, 6486, 5803, 5861, 6010, 5748, 6009, 6254, 5804, 6106, 5921, 5751, 5949, 5804, 6825, 6229, 5665, 5739, 6007, 6673, 5698, 6531, 5851, 5675, 6303, 6017, 5698, 6068, 6063, 6300, 6239, 5863, 5958, 6118, 6113, 6193, 6283, 6468, 6072, 5804, 5740, 5675, 5670, 6267, 5860, 5684, 5687, 5672, 6027, 5742, 6347, 6233, 6066, 5657, 5687, 5694, 5907, 6279, 5686, 5854, 6072, 6534, 6278, 6066, 6463, 6062, 5674, 6178, 5682, 5677, 6561, 6055, 6144, 5809, 5793, 6095, 5826, 5669, 5695, 6015, 6129, 6866, 5667, 5660, 6606, 5975, 6141, 5960, 6353, 5803, 5744, 5676, 6071, 5967, 5797, 6114, 6006, 5685, 5967, 6072, 5659, 6075, 6257, 6431, 5709, 5785, 6188, 5896, 5897, 6114, 5675, 5689, 5695, 6071, 5963, 5850, 6138, 5905, 5664, 5940, 6515, 6156, 6003, 5968, 5846, 6227, 6125, 5967, 5794, 6281, 5682, 6387, 5850, 6013, 6500, 6650, 5674, 6242, 6767, 6441, 6395, 5656, 5676, 6072, 5905, 6066, 5687, 5664, 5955, 5893, 6163, 6495, 6281, 6140, 5678, 5838, 6293, 5677, 5876, 5694, 6138, 5672, 6489, 6115, 5683, 5657, 5681, 5752, 5692, 6343, 5673, 5790, 6823, 5781, 5900, 5962, 6002, 5964, 5965, 6181, 6060, 5894, 6121, 5660, 5699, 6261, 5755, 5680, 6201, 5683, 5680, 6526, 5684, 5925, 5692, 6119, 5673, 5682, 6547, 6019, 5778, 5672, 5718, 5688, 6292, 5809, 5670, 6001, 6446, 6662, 6604, 6218, 5906, 5686, 5845, 6226, 6059, 6296, 5955, 5951, 5706, 5673, 5677, 6739, 5710, 5923, 5676, 5696, 6143, 6325, 5917, 6021, 5680, 5671, 6130, 5673, 6016, 7202, 6111, 6301, 5651, 6499, 5681, 5680, 5787, 6067, 5907, 6610, 5953, 6118, 5951, 5690, 5849, 5688, 6065, 6455, 5759, 5658, 5953, 6075, 6218, 6506, 5662, 5805, 5914, 5841, 6304, 5665, 5803, 6063, 6338, 5673, 6355, 6869, 5661, 5671, 5806, 5958, 5663, 5931, 5852, 5797, 5686, 6077, 6220, 6107, 6225, 5852, 6229, 6182, 6003, 5671, 5671, 6395, 6128, 6112, 6399, 5924, 5795, 6006, 6937, 6010, 6199, 6230, 5784, 6061, 6026, 5874, 5679, 6956, 5756, 5842, 5753, 5909, 5919, 5805, 6124, 6016, 6120, 5825, 6020, 5705, 6088, 5962, 5978, 6528, 5965, 5701, 6211, 6153, 5656, 5809, 6282, 5749, 5655, 6188, 6087, 5683, 5688, 5908, 5676, 5678, 6442, 5957, 6729, 5699, 5750, 6117, 5857, 5896, 5708, 5852, 6068, 5958, 6037, 6378, 6165, 6335, 5951, 6006, 6229, 6162, 6346, 6178, 5659, 5839, 5657, 6173, 5678, 5669, 6452, 5663, 6237, 5801, 6079, 5660, 5679, 5903, 5671, 5662, 6245, 5949, 6672, 5677, 6007, 6776, 5811, 5681, 5662, 6327, 5676, 6128, 5853, 5679, 6013, 5683, 6514, 6276, 5731, 6125, 5903, 6256, 6602, 6879, 6018, 6058, 7151, 5782, 6234, 5684, 6518, 5964, 5694, 5678, 6305, 6074, 6562, 5684, 5897, 5772, 5673, 6569, 5692, 6184, 6010, 5958, 5879, 7010, 5956, 5956, 5845, 6216, 5879, 5799, 5718, 6008, 5687, 6101, 5694, 5668, 6435, 6026, 5751, 5896, 6137, 6656, 6143, 6106, 5667, 5719, 6621, 5865, 5648, 6298, 5721, 6073, 6117, 5746, 5997, 5800, 6122, 6006, 6176, 5670, 6285, 5657, 6231, 6894, 5677, 5701, 5951, 6011, 6013, 6011, 6411, 5861, 6383, 6080, 6513, 5678, 5953, 6347, 6336, 6060, 6174, 5701, 6516, 5759, 5779, 6068, 5812, 5846, 6120, 6079, 6170, 5649, 6317, 6054, 6331, 5669, 5962, 5687, 5670, 5694, 6190, 5814, 5889, 5916, 5847, 6501, 5948, 5857, 6186, 6549, 5684, 5804, 5681, 6152, 6011, 5956, 5880, 5792, 6515, 5960, 6010, 6039, 5671, 5668, 6042, 5684, 6339, 6062, 6396, 6013, 6271, 6088, 6057, 5676, 6016, 5923, 6126, 6250, 5684, 6069, 5988, 6233, 5683, 5842, 6236, 6077, 6627, 6397, 6112, 5689, 6256, 6078, 5748, 5679, 5680, 5860, 5680, 6027, 6618, 5914, 5664, 6167, 6035, 5864, 5852, 6188, 5684, 6092, 6301, 5851, 6004, 6060, 5690, 6237, 5677, 5920, 5802, 6300, 6110, 6141, 5668, 5694, 6118, 5677, 5678, 6133, 6273, 6552, 5851, 6530, 5960, 6118, 6270, 6271, 5853, 5792, 6429, 5695, 6022, 5682, 7038, 5802, 5665, 6149, 5758, 6403, 5962, 5666, 5909, 5679, 5946, 5672, 6191, 6325, 6507, 5982, 5742, 6039, 5956, 6077, 5814, 5671, 5663, 6622, 6458, 6056, 5666, 6373, 6345, 5676, 5680, 6488, 6081, 6385, 6098, 6511, 5901, 5802, 6125, 5854, 6237, 6406, 6453, 5909, 5848, 5997, 5681, 6669, 5848, 6120, 5750, 5855, 6069, 5972, 5970, 6502, 5898, 5698, 6624, 5959, 5749, 5690, 6236, 5952, 6242, 5891, 5695, 5688, 6055, 6282, 5802, 5699, 5739, 6774, 6015, 6443, 6333, 5685, 6446, 5693, 6539, 5858, 6023, 6240, 6507, 6835, 5695, 6015, 6071, 5901, 5750, 6170, 5848, 6103, 6059, 5811, 6015, 5665, 6163, 5737, 5835, 5851, 6112, 5870, 6238, 5903, 6183, 6525, 6320, 5838, 5946, 5655, 5671, 5957, 6066, 6262, 5686, 6529, 5904, 5895, 5674, 5995, 6212, 5786, 5849, 5956, 6543, 5774, 6663, 6270, 5751, 5733, 5658, 5834, 6931, 5842, 6876, 6323, 5670, 6173, 6379, 6056, 6224, 5701, 6373, 5752, 5838, 6275, 5686, 5739, 5839, 5679, 6073, 5735, 5679, 6380, 6043, 5658, 5667, 6133, 6028, 6070, 6102, 5892, 6458, 5975, 6348, 5669, 6109, 6181, 5685, 6430, 6275, 6564, 6445, 5675, 6025, 5650, 5898, 5854, 5787, 5649, 6165, 5740, 5738, 6065, 6374, 6823, 6765, 6059, 5650, 6298, 6135, 6052, 6125, 6011, 5674, 6221, 6074, 5962, 5679, 6476, 5741, 5660, 6057, 5743, 5965, 5692, 6479, 6009, 5815, 6380, 5833, 5981, 5796, 6246, 6265, 6378, 5963, 5961, 5798, 5679, 6025, 5884, 5685, 6025, 6347, 6189, 5907, 5659, 6060, 6023, 5659, 5852, 6441, 5792, 6184, 5666, 6181, 5902, 6136, 5668, 6431, 6288, 6124, 5859, 5837, 5706, 5676, 6015, 6331, 5964, 5662, 6165, 5680, 5951, 6720, 5688, 5661, 6392, 5999, 5755, 5676, 6876, 6023, 5804, 6395, 5791, 5788, 6488, 6167, 5848, 6111, 6597, 5693, 5679, 6006, 5862, 6399, 6216, 5804, 5908, 6039, 5735, 6560, 5897, 6078, 6560, 5669, 5695, 6173, 6390, 6327, 5897, 5677, 6223, 5668, 6071, 6050, 5685, 5753, 6103, 6167, 6274, 6722, 6327, 6397, 5678, 5686, 6140, 5900, 5680, 6049, 5652, 5679, 6584, 6383, 5840, 6045, 6338, 5670, 5741, 5673, 6603, 5675, 5678, 5947, 6129, 5694, 6179, 6122, 5805, 6461, 5667, 6172, 5705, 6695, 6831, 6055, 5946, 5668, 5790, 5781, 5789, 5661, 5697, 6281, 5906, 5856, 5904, 5672, 5665, 5706, 6491, 5687, 6424, 5793, 5795, 5906, 6119, 6014, 6112, 5664, 6493, 5786, 5688, 6014, 6654, 7192, 5864, 5702, 5678, 5658, 5680, 5996, 6423, 5680, 5862, 5982, 5811, 5675, 5687, 6113, 6494, 6020, 6441, 5950, 5895, 6103, 6070, 5807, 6053, 6433, 6072, 5665, 5858, 5680, 6307, 5729, 6138, 5801, 6498, 5676, 5691, 5845, 5694, 5965, 5782, 6010, 6148, 5912, 5745, 6007, 5655, 5894, 5803, 6051, 5854, 5661, 6105, 5668, 5681, 6449, 5690, 6617, 5681, 5910, 5848, 7066, 6014, 5668, 5732, 6446, 6514, 5752, 6497, 5666, 5687, 6397, 6170, 5686, 5840, 5731, 5677, 6180, 6169, 5688, 6080, 5951, 5665, 6269, 6421, 5857, 6063, 5845, 6013, 5663, 5750, 6094, 5658, 5756, 5892, 5677, 6011, 5742, 5689, 6215, 5673, 5793, 5737, 6125, 6068, 6178, 5792, 6322, 6377, 5965, 6049, 6149, 6173, 5799, 5678, 5676, 5676, 5752, 5664, 6124, 5955, 6241, 5846, 5834, 5784, 5662, 5698, 5656, 5676, 5683, 5682, 5808, 6063, 6751, 6331, 6270, 6045, 6072, 5692, 6109, 7098, 6620, 5853, 6556, 5655, 7124, 6332, 6088, 6164, 6078, 6102, 6214, 5898, 5951, 5855, 5809, 5726, 5697, 5678, 6133, 5796, 6175, 6327, 5679, 6080, 5692, 6701, 6241, 5830, 6371, 6604, 6018, 6450, 5899, 6334, 5675, 6013, 6136, 5799, 6052, 6000, 6191, 5974, 5755, 6223, 5670, 5661, 5660, 5937, 6106, 5670, 6053, 6269, 6109, 5692, 6212, 5894, 6118, 5914, 6110, 6188, 5775, 5969, 5686, 5694, 5729, 5945, 5749, 6611, 5706, 6068, 5672, 5942, 5684, 6075, 5656, 5917, 6548, 5799, 5958, 5838, 5736, 6006, 6662, 6839, 6490, 6002, 6057, 5682, 5680, 6260, 5818, 6003, 6210, 6063, 5685, 5907, 5669, 6171, 6130, 5784, 5675, 5682, 5999, 5796, 5926, 5838, 5944, 5682, 5664, 5791, 5678, 6227, 6059, 6285, 5664, 6164, 5801, 6130, 5689, 6015, 5675, 6495, 6107, 5702, 5690, 5857, 5952, 6065, 6228, 5796, 5662, 6835, 5899, 5698, 6277, 5861, 6273, 5899, 6283, 5852, 5652, 5678, 6008, 5684, 5660, 6448, 5996, 6165, 5912, 6280, 6439, 6272, 5659, 6047, 5691, 5832, 5669, 5951, 5831, 6142, 5914, 6283, 5733, 5677, 6452, 6333, 6223, 5884, 5678, 5673, 5845, 6226, 5685, 6607, 5704, 6032, 6732, 6220, 5918, 6548, 5699, 6157, 5893, 5919, 5688, 5670, 6187, 6057, 5746, 5844, 6299, 5669, 5734, 6329, 5664, 5672, 6549, 5791, 6597, 5692, 5886, 6239, 5672, 6102, 5696, 6452, 6317, 6491, 5677, 5900, 6167, 5672, 5778, 5664, 5898, 5896, 5799, 6098, 5689, 6009, 5887, 6273, 6226, 5945, 5802, 5667, 6573, 5653, 5667, 5693, 6052, 6386, 5893, 6117, 6274, 5655, 5736, 5867, 5689, 6075, 6346, 5671, 5996, 5672, 5686, 5776, 5654, 6203, 5952, 6004, 5944, 5728, 5842, 5662, 5688, 6217, 5886, 6239, 5844, 5841, 5910, 6265, 5727, 5731, 6540, 5785, 5848, 6227, 5896, 5889, 5847, 5674, 5667, 5701, 6819, 5694, 5685, 6003, 5657, 5966, 5674, 6396, 5743, 5681, 5666, 5740, 5849, 5897, 6097, 5743, 5786, 5648, 5900, 6276, 6654, 5799, 6210, 6492, 6067, 5674, 6216, 6664, 5844, 5682, 5676, 5985, 6446, 5660, 5901, 5967, 5678, 6171, 5674, 5952, 5667, 5656, 5962, 5914, 5742, 5665, 5786, 5794, 5674, 5854, 5693, 5653, 6165, 6549, 5687, 5729, 6315, 5785, 5690, 5897, 5746, 5679, 5674, 5662, 5680, 5668, 5888, 5779, 5671, 5686, 6002, 6433, 6250, 6012, 5855, 5863, 6882, 5894, 6777, 6039, 5668, 5667, 6243, 6017, 5744, 6179, 5805, 5675, 5694, 5649, 6047, 5865, 6317, 5665, 5861, 6112, 6059, 5900, 5753, 5904, 5725, 5856, 6391, 6182, 6113, 5790, 6070, 5691, 5682, 6421, 6010, 5956, 5697, 5675, 5733, 6109, 6833, 5684, 5740, 5902, 5701, 5666, 5685, 6154, 5896, 5665, 5975, 5748, 5782, 6011, 6173, 6162, 5866, 6162, 5676, 5845, 5670, 5691, 6429, 6004, 5828, 6062, 6263, 5663, 6259, 6353, 5694, 6126, 6109, 6291, 6023, 5681, 7032, 5662, 6050, 6229, 6119, 5894, 5671, 5653, 6132, 5798, 6060, 5665, 5783, 6438, 5889, 6437, 6011, 5687, 6168, 5679, 6117, 6018, 6823, 6233, 6771, 6911, 5801, 5769, 6508, 5666, 6332, 5664, 6004, 5698, 5704, 5957, 5745, 5655, 5952, 5660, 5735, 6671, 6062, 6163, 5890, 5700, 5663, 6115, 7026, 5754, 5727, 5681, 5691, 6147, 6114, 6210, 5695, 5950, 5846, 5796, 6440, 5678, 6082, 5655, 5799, 6406, 6372, 5740, 6227, 6063, 6501, 5962, 6010, 6495, 6245, 5909, 6066, 5645, 5677, 5842, 5797, 7036, 6028, 5898, 5676, 5835, 6279, 5679, 5824, 5680, 5786, 6287, 5705, 5960, 6014, 5684, 5949, 5963, 5841, 6059, 6334, 6113, 6341, 5832, 5847, 5781, 5668, 5678, 6534, 6711, 6020, 5781, 6553, 5850, 6060, 5745, 5999, 6445, 5664, 5651, 6648, 5956, 5668, 5652, 6076, 5743, 5883, 6224, 5664, 5891, 5682, 5678, 5735, 5649, 5832, 5812, 6615, 6612, 6979, 6067, 5658, 5997, 5652, 5660, 5960, 5679, 6056, 5787, 6379, 6365, 5672, 5680, 5893, 6217, 5846, 5681, 6462, 5692, 5663, 6511, 6441, 6203, 5941, 6521, 6017, 5733, 5671, 5679, 5993, 6183, 5669, 6477, 6386, 5763, 5901, 6449, 5733, 7235, 6171, 6278, 6076, 5691, 6647, 5803, 6172, 6424, 6063, 6332, 6682, 5741, 5857, 5666, 6885, 6648, 5849, 5666, 5863, 6000, 6171, 5669, 6276, 5697, 5712, 5906, 5679, 5797, 5746, 6642, 5932, 5683, 5664, 5954, 6313, 6108, 5850, 5676, 5843, 5953, 6051, 5799, 5681, 5961, 5947, 5697, 5963, 5797, 5653, 5675, 5912, 5944, 6323, 6127, 6322, 5659, 5691, 6072, 5722, 5741, 5675, 6285, 5731, 5868, 5680, 5675, 5899, 5893, 6200, 6162, 6176, 5917, 6440, 5787, 5918, 5942, 5917, 5687, 5669, 5966, 5701, 6165, 6434, 5677, 5672, 6337, 5790, 6011, 5666, 6334, 5937, 6112, 5748, 5675, 6316, 5702, 5682, 6153, 5680, 5787, 5736, 6230, 5802, 5855, 6102, 6217, 6319, 6175, 5675, 5678, 6066, 5652, 5901, 5693, 6640, 5851, 5959, 5837, 5853, 5684, 5686, 6224, 6177, 6053, 5647, 6514, 5794, 6178, 6160, 5701, 5955, 5728, 5866, 5674, 6409, 5683, 5676, 5897, 5660, 5685, 6401, 6598, 6063, 5738, 6595, 5964, 5957, 5693, 5669, 5960, 5956, 5672, 5852, 5677, 5947, 5751, 5674, 5908, 6357, 6014, 5691, 5951, 5946, 6568, 5664, 5740, 5679, 6004, 5728, 5692, 5997, 6540, 6235, 6230, 6619, 5913, 5675, 5900, 5696, 5740, 5664, 5941, 5850, 6128, 5679, 6289, 6241, 5668, 6003, 5667, 5671, 5948, 6281, 5838, 6779, 5845, 5667, 5667, 5671, 5676, 5668, 5684, 6543, 5677, 5671, 6015, 5750, 5925, 6001, 5870, 6115, 5912, 5680, 6319, 5901, 6161, 5805, 5670, 6648, 5688, 6116, 5751, 6006, 5743, 5907, 6012, 5798, 5702, 6551, 6115, 5958, 5700, 5803, 6122, 6011, 5674, 6227, 6595, 5948, 5740, 5647, 5722, 5922, 5957, 5676, 5669, 6054, 6111, 6329, 5679, 6395, 6019, 6085, 6066, 5745, 6014, 6121, 6259, 6015, 6296, 6233, 5668, 5894, 6234, 6074, 5859, 6237, 6083, 5974, 5696, 5957, 5661, 5667, 5836, 5680, 6372, 5862, 6393, 6067, 5676, 6178, 6111, 5943, 6411, 6011, 6223, 6261, 5746, 6865, 6212, 5785, 6540, 5778, 6709, 5960, 6022, 6215, 6213, 6019, 5679, 5747, 6076, 6270, 5898, 6114, 6757, 5669, 5682, 5908, 5795, 5702, 5911, 5668, 6487, 5924, 6603, 5965, 6342, 5882, 6703, 6449, 6171, 5677, 7025, 5850, 5663, 6656, 6200, 5692, 5929, 6117, 6538, 5737, 6343, 5691, 5697, 6123, 6001, 6003, 5681, 5681, 6225, 6266, 6139, 5672, 5850, 6122, 5674, 5674, 5685, 5669, 6042, 5735, 6302, 5953, 5653, 6006, 5659, 5997, 6053, 6598, 6706, 5670, 6176, 5964, 6084, 5670, 5682, 6098, 5888, 6515, 6011, 5740, 5954, 6128, 5674, 5686, 5862, 5958, 6257, 6234, 5856, 5667, 6377, 6005, 6754, 6219, 5999, 6077, 6013, 5856, 6443, 5688, 6330, 5670, 6068, 6567, 6015, 6436, 5676, 5840, 5662, 5971, 6163, 6120, 5669, 6276, 5677, 5961, 5742, 6153, 5655, 5962, 5809, 5662, 6001, 6003, 5680, 5693, 5768, 6595, 5683, 6985, 5682, 6226, 5681, 6117, 5693, 6007, 6646, 5894, 5658, 6367, 5793, 6291, 6366, 6008, 6195, 5695, 5731, 5951, 5734, 5670, 5895, 5991, 5670, 5677, 6552, 5670, 5669, 5661, 5780, 5677, 6472, 5659, 6261, 5663, 5956, 6286, 5741, 5802, 5699, 5951, 5689, 6675, 5662, 5670, 5668, 6021, 6071, 6341, 5807, 6525, 6129, 6120, 6017, 5837, 6109, 6873, 5786, 5667, 5838, 6608, 6542, 6697, 6169, 5748, 5836, 6198, 6061, 6244, 6383, 6574, 6167, 5945, 5907, 6569, 5884, 6006, 6592, 5950, 6217, 6447, 6178, 6024, 5697, 6847, 5680, 6326, 5814, 5773, 5683, 6169, 5671, 5655, 5996, 5689, 5836, 5684, 5807, 5678, 5929, 6317, 5674, 6046, 5796, 6446, 5684, 5912, 5689, 6135, 5793, 5903, 5667, 6181, 5666, 5659, 6383, 5841, 6071, 5796, 6151, 5981, 6011, 6217, 6267, 5665, 5958, 5673, 5686, 6802, 6008, 5796, 6241, 5687, 5687, 5954, 5833, 5806, 6066, 5841, 5669, 5951, 5697, 5938, 5954, 6163, 5839, 5711, 5903, 6003, 5673, 5683, 5773, 5794, 6024, 6230, 6492, 5660, 5840, 6317, 5978, 6383, 5688, 6809, 6108, 5675, 5685, 5854, 6658, 5688, 5783, 5674, 6716, 5964, 6435, 6282, 6208, 6046, 5798, 6173, 6062, 6517, 5676, 6062, 6282, 5911, 6334, 5676, 6074, 5746, 5696, 6491, 5733, 6706, 5948, 5664, 5688, 5908, 6331, 6270, 6173, 5685, 5808, 5958, 6445, 5670, 6070, 6044, 5676, 
Mejor solucion obtenida: 19, 16, 17, 14, 12, 13, 34, 33, 32, 31, 9, 11, 8, 10, 7, 6, 5, 29, 30, 28, 27, 3, 1, 2, 36, 37, 39, 38, 42, 40, 41, 26, 24, 25, 21, 23, 22, 35, 0, 4, 15, 20, 18, || Fitness: 5620;