Archivo Usado: p43.atsp
Tamaño de la Poblacion: 100
Reemplazo por Generacion: 5
Tamaño de los Torneos: 5
Cantidad de ciudades: 43
Probabilidad de cruce: 75000
Probabilidad mutacion simple: 13000
Probabilidad mutacion compleja: 20000
Cruces minimos de la mutacion compleja: 4
Iteraciones ejecutadas: 10000
Largo del cruce PMX: 6
Operador de Cruce: 0
Metodo seleccion de Padres: 0
Operador de Mutacion: 0
Metodo seleccion de Supervivientes: 1
Cantidad de threads a usar: 16
25, 39, 38, 41, 42, 40, 26, 16, 17, 18, 20, 19, 15, 13, 12, 14, 34, 33, 32, 31, 11, 10, 9, 8, 6, 5, 7, 29, 30, 28, 27, 3, 2, 1, 36, 35, 0, 4, 37, 21, 22, 23, 24, 
31, 11, 10, 9, 8, 6, 5, 7, 29, 30, 28, 27, 3, 2, 1, 36, 35, 0, 4, 37, 21, 22, 23, 24, 25, 39, 38, 41, 42, 40, 26, 16, 17, 18, 20, 19, 15, 13, 12, 14, 34, 33, 32, 
2, 1, 36, 35, 0, 4, 37, 21, 23, 22, 24, 25, 39, 38, 41, 42, 40, 26, 16, 17, 18, 20, 19, 15, 13, 12, 14, 34, 33, 32, 31, 11, 10, 9, 8, 6, 5, 7, 29, 30, 28, 27, 3, 
2, 1, 36, 35, 0, 4, 37, 21, 23, 22, 24, 25, 39, 38, 41, 42, 40, 26, 17, 16, 18, 20, 19, 15, 13, 12, 14, 34, 33, 32, 31, 11, 10, 9, 8, 6, 5, 7, 29, 30, 28, 27, 3, 
10, 9, 8, 6, 5, 7, 29, 30, 28, 27, 3, 2, 1, 36, 37, 4, 0, 35, 21, 23, 22, 24, 25, 39, 38, 41, 42, 40, 26, 16, 17, 18, 20, 19, 15, 13, 12, 14, 34, 33, 32, 31, 11, 
25, 24, 21, 23, 22, 35, 0, 4, 16, 17, 18, 20, 19, 15, 13, 12, 14, 34, 33, 32, 31, 11, 10, 9, 8, 6, 5, 7, 29, 30, 28, 27, 3, 2, 1, 36, 37, 39, 38, 40, 42, 41, 26, 
9, 8, 6, 5, 7, 29, 30, 28, 27, 3, 2, 1, 36, 37, 4, 0, 35, 21, 23, 22, 24, 25, 39, 38, 40, 42, 41, 26, 16, 17, 18, 20, 19, 15, 13, 14, 12, 34, 33, 32, 31, 11, 10, 
41, 42, 40, 26, 16, 17, 18, 20, 19, 15, 13, 12, 14, 34, 33, 32, 31, 11, 10, 9, 8, 6, 5, 7, 29, 30, 28, 27, 3, 2, 1, 36, 37, 4, 0, 35, 21, 23, 22, 24, 25, 39, 38, 
34, 33, 32, 31, 11, 10, 9, 8, 6, 5, 7, 29, 30, 28, 27, 3, 2, 1, 36, 37, 4, 0, 35, 21, 22, 23, 24, 25, 39, 38, 40, 42, 41, 26, 16, 17, 18, 20, 19, 15, 13, 12, 14, 
23, 22, 24, 25, 39, 38, 41, 42, 40, 26, 16, 17, 18, 20, 19, 15, 13, 12, 14, 34, 33, 32, 31, 11, 10, 9, 8, 6, 5, 7, 29, 30, 28, 27, 3, 2, 1, 36, 37, 4, 0, 35, 21, 
27, 3, 2, 1, 36, 35, 0, 4, 37, 21, 23, 22, 24, 25, 39, 38, 41, 42, 40, 26, 16, 17, 18, 20, 19, 15, 13, 12, 14, 34, 33, 32, 31, 11, 10, 9, 8, 6, 5, 7, 29, 30, 28, 
9, 8, 6, 5, 7, 29, 30, 28, 27, 3, 2, 1, 36, 35, 0, 4, 37, 21, 22, 23, 24, 25, 39, 38, 40, 42, 41, 26, 16, 17, 18, 20, 19, 15, 13, 12, 14, 34, 33, 32, 31, 11, 10, 
5, 7, 29, 30, 28, 27, 3, 2, 1, 36, 37, 4, 0, 35, 22, 23, 21, 24, 25, 39, 38, 40, 42, 41, 26, 17, 16, 18, 20, 19, 15, 13, 12, 14, 34, 33, 32, 31, 11, 10, 9, 8, 6, 
33, 32, 31, 11, 10, 9, 8, 6, 5, 7, 29, 30, 28, 27, 3, 2, 1, 36, 37, 4, 0, 35, 22, 23, 21, 24, 25, 39, 38, 41, 42, 40, 26, 16, 17, 18, 20, 19, 15, 13, 12, 14, 34, 
6, 7, 29, 30, 28, 27, 3, 2, 1, 36, 37, 4, 0, 35, 22, 23, 21, 24, 25, 39, 38, 40, 42, 41, 26, 16, 17, 18, 20, 19, 15, 13, 12, 14, 34, 33, 32, 31, 11, 10, 9, 8, 5, 
13, 12, 14, 34, 33, 32, 31, 11, 10, 9, 8, 6, 5, 7, 29, 30, 2, 27, 3, 28, 1, 36, 37, 4, 0, 35, 22, 23, 21, 24, 25, 39, 38, 40, 42, 41, 26, 16, 17, 18, 20, 19, 15, 
0, 4, 37, 36, 1, 2, 3, 27, 28, 30, 29, 6, 5, 7, 8, 9, 10, 11, 31, 32, 33, 34, 14, 12, 13, 15, 19, 20, 18, 16, 17, 26, 41, 42, 40, 38, 39, 25, 24, 21, 23, 22, 35, 
0, 4, 37, 36, 1, 2, 3, 27, 28, 30, 29, 7, 5, 6, 8, 9, 10, 11, 31, 32, 33, 34, 14, 12, 13, 15, 19, 20, 18, 17, 16, 26, 40, 42, 41, 38, 39, 25, 24, 21, 23, 22, 35, 
18, 17, 16, 26, 40, 42, 41, 38, 39, 25, 24, 21, 23, 22, 35, 0, 4, 37, 36, 1, 2, 3, 27, 28, 30, 29, 7, 5, 6, 8, 9, 10, 11, 31, 32, 33, 34, 14, 12, 13, 15, 19, 20, 
25, 24, 21, 23, 22, 35, 0, 4, 37, 36, 1, 2, 3, 27, 28, 30, 29, 7, 5, 6, 8, 9, 10, 11, 31, 32, 33, 34, 14, 12, 13, 15, 19, 20, 18, 17, 16, 26, 41, 42, 40, 38, 39, 
38, 39, 25, 24, 21, 23, 22, 35, 0, 4, 37, 36, 1, 2, 3, 27, 28, 30, 29, 7, 5, 6, 8, 9, 10, 11, 31, 32, 33, 34, 14, 12, 13, 15, 19, 20, 18, 17, 16, 26, 41, 42, 40, 
39, 25, 24, 21, 23, 22, 35, 0, 4, 37, 36, 1, 2, 3, 27, 28, 30, 29, 7, 5, 6, 8, 9, 10, 11, 31, 32, 33, 34, 14, 12, 13, 15, 19, 20, 18, 17, 16, 26, 41, 42, 40, 38, 
28, 30, 29, 7, 5, 6, 8, 9, 10, 11, 31, 32, 33, 34, 14, 12, 13, 15, 19, 20, 18, 17, 16, 26, 40, 42, 41, 38, 39, 25, 24, 21, 23, 22, 35, 0, 4, 37, 36, 1, 2, 3, 27, 
6, 8, 9, 10, 11, 31, 32, 33, 34, 14, 12, 13, 15, 19, 20, 18, 17, 16, 26, 40, 42, 41, 38, 39, 25, 24, 21, 23, 22, 35, 0, 4, 37, 36, 1, 2, 3, 27, 28, 30, 29, 7, 5, 
23, 22, 35, 0, 4, 37, 1, 36, 2, 3, 27, 28, 30, 29, 7, 5, 6, 8, 9, 10, 11, 31, 32, 33, 34, 14, 12, 13, 15, 19, 20, 18, 17, 16, 26, 40, 42, 41, 38, 39, 25, 24, 21, 
15, 19, 18, 20, 17, 16, 26, 40, 42, 41, 38, 39, 25, 24, 21, 23, 22, 35, 0, 4, 37, 36, 1, 2, 3, 27, 28, 30, 6, 5, 7, 29, 8, 9, 10, 11, 31, 32, 33, 34, 14, 12, 13, 
21, 35, 0, 4, 37, 36, 1, 2, 3, 27, 28, 30, 29, 7, 5, 6, 8, 9, 10, 11, 31, 32, 33, 34, 14, 12, 13, 15, 19, 20, 18, 17, 16, 26, 41, 42, 40, 38, 39, 25, 24, 22, 23, 
7, 5, 6, 8, 9, 10, 11, 31, 32, 33, 34, 14, 12, 13, 15, 19, 20, 18, 17, 16, 26, 40, 42, 41, 38, 39, 25, 24, 22, 23, 21, 35, 0, 4, 37, 36, 1, 2, 3, 27, 28, 30, 29, 
21, 35, 0, 4, 37, 36, 1, 2, 3, 27, 28, 30, 29, 7, 5, 6, 8, 9, 10, 11, 31, 32, 33, 34, 14, 12, 13, 15, 19, 20, 18, 17, 16, 26, 40, 42, 41, 38, 39, 25, 24, 22, 23, 
32, 33, 34, 14, 12, 13, 15, 19, 20, 18, 17, 16, 26, 40, 42, 41, 38, 39, 25, 24, 22, 23, 21, 35, 0, 4, 37, 36, 1, 2, 3, 27, 28, 30, 29, 7, 5, 6, 8, 9, 10, 11, 31, 
5, 31, 32, 33, 34, 14, 12, 13, 18, 19, 20, 15, 16, 17, 26, 41, 42, 40, 38, 39, 25, 24, 21, 23, 22, 35, 0, 4, 37, 36, 1, 2, 3, 27, 28, 30, 29, 7, 6, 8, 9, 10, 11, 
39, 25, 24, 22, 23, 21, 35, 0, 4, 37, 36, 1, 2, 3, 27, 28, 30, 6, 7, 5, 29, 8, 9, 10, 11, 31, 32, 33, 34, 14, 12, 13, 15, 19, 18, 20, 17, 16, 26, 40, 42, 41, 38, 
38, 39, 25, 24, 22, 23, 21, 35, 0, 4, 37, 36, 1, 2, 3, 27, 28, 6, 29, 7, 5, 30, 8, 9, 10, 11, 31, 32, 33, 34, 14, 12, 13, 15, 19, 20, 18, 17, 16, 26, 40, 42, 41, 
42, 41, 38, 39, 25, 24, 23, 22, 21, 37, 4, 0, 35, 36, 1, 2, 3, 27, 28, 30, 29, 7, 5, 6, 8, 9, 10, 11, 31, 32, 33, 34, 14, 12, 13, 15, 19, 20, 18, 17, 16, 26, 40, 
20, 18, 17, 16, 26, 40, 42, 41, 38, 39, 25, 24, 23, 22, 21, 37, 4, 0, 35, 36, 1, 2, 3, 27, 28, 30, 29, 7, 5, 6, 8, 9, 10, 11, 31, 32, 33, 34, 14, 12, 13, 15, 19, 
24, 23, 22, 21, 37, 4, 0, 35, 36, 1, 2, 3, 27, 28, 30, 29, 7, 5, 6, 8, 9, 10, 11, 31, 32, 33, 34, 14, 12, 13, 15, 19, 20, 18, 17, 16, 26, 40, 42, 41, 38, 39, 25, 
15, 19, 20, 18, 17, 16, 26, 40, 42, 41, 38, 39, 25, 24, 23, 22, 21, 37, 4, 0, 35, 36, 1, 2, 3, 27, 28, 30, 29, 7, 5, 6, 8, 9, 10, 11, 31, 32, 33, 34, 14, 12, 13, 
18, 17, 16, 26, 40, 42, 41, 38, 39, 25, 24, 23, 22, 21, 37, 4, 0, 35, 36, 1, 2, 3, 27, 28, 30, 29, 7, 5, 6, 8, 9, 10, 11, 31, 32, 33, 34, 14, 12, 13, 15, 19, 20, 
28, 30, 29, 7, 5, 6, 8, 9, 10, 11, 31, 32, 33, 34, 14, 12, 13, 15, 19, 20, 18, 17, 16, 26, 41, 42, 40, 38, 39, 25, 24, 23, 22, 21, 37, 4, 0, 35, 36, 1, 2, 3, 27, 
20, 18, 17, 16, 26, 40, 42, 41, 38, 39, 25, 24, 23, 22, 21, 37, 4, 0, 35, 36, 1, 2, 3, 27, 28, 30, 29, 7, 5, 6, 8, 9, 10, 11, 31, 32, 33, 34, 14, 12, 13, 15, 19, 
23, 22, 21, 37, 4, 0, 35, 36, 1, 2, 3, 27, 28, 30, 29, 7, 5, 6, 8, 9, 10, 11, 31, 32, 33, 34, 14, 12, 13, 15, 19, 20, 18, 17, 16, 26, 40, 42, 41, 38, 39, 25, 24, 
41, 38, 39, 25, 24, 23, 22, 21, 37, 4, 0, 35, 36, 1, 2, 3, 27, 28, 30, 29, 7, 5, 6, 8, 9, 10, 11, 31, 32, 33, 34, 14, 12, 13, 15, 19, 20, 18, 17, 16, 26, 40, 42, 
39, 38, 41, 42, 40, 26, 16, 17, 18, 20, 19, 15, 13, 12, 14, 34, 33, 32, 31, 11, 10, 9, 8, 29, 5, 7, 6, 30, 28, 27, 3, 2, 1, 36, 35, 21, 23, 22, 24, 25, 0, 4, 37, 
15, 19, 18, 20, 17, 16, 26, 40, 42, 41, 38, 39, 25, 24, 23, 22, 21, 37, 4, 0, 35, 36, 1, 2, 3, 27, 28, 30, 6, 7, 5, 29, 8, 9, 10, 11, 31, 32, 33, 34, 14, 12, 13, 
37, 4, 0, 35, 36, 1, 2, 3, 27, 28, 30, 6, 7, 5, 29, 8, 9, 10, 11, 31, 32, 33, 34, 14, 12, 13, 15, 19, 18, 20, 17, 16, 26, 40, 42, 41, 38, 39, 25, 24, 23, 22, 21, 
12, 13, 15, 19, 20, 18, 17, 16, 26, 40, 42, 41, 38, 39, 25, 24, 23, 22, 21, 37, 4, 0, 35, 36, 1, 2, 3, 27, 28, 30, 6, 7, 5, 29, 8, 9, 10, 11, 31, 32, 33, 34, 14, 
18, 17, 16, 26, 41, 42, 40, 38, 39, 25, 24, 23, 22, 21, 37, 4, 0, 35, 36, 1, 2, 3, 27, 28, 30, 6, 7, 5, 29, 8, 9, 10, 11, 31, 32, 33, 34, 14, 12, 13, 15, 19, 20, 
9, 8, 6, 5, 7, 29, 30, 28, 27, 3, 2, 1, 36, 35, 0, 4, 37, 21, 22, 23, 24, 25, 39, 38, 40, 42, 41, 26, 16, 17, 18, 20, 19, 15, 13, 12, 14, 34, 10, 32, 31, 11, 33, 
25, 39, 38, 41, 42, 40, 26, 16, 17, 18, 20, 19, 15, 13, 12, 5, 34, 33, 32, 31, 11, 10, 9, 8, 6, 14, 7, 29, 30, 28, 27, 3, 2, 1, 36, 35, 0, 4, 37, 21, 22, 23, 24, 
37, 4, 0, 35, 36, 1, 2, 3, 27, 28, 30, 6, 7, 5, 29, 8, 9, 10, 11, 31, 32, 33, 34, 14, 12, 13, 15, 19, 18, 20, 17, 16, 26, 40, 42, 41, 38, 39, 25, 24, 22, 21, 23, 
0, 35, 21, 23, 22, 24, 25, 39, 41, 38, 42, 40, 26, 16, 17, 18, 20, 19, 15, 13, 12, 14, 34, 33, 32, 31, 11, 10, 9, 8, 6, 5, 7, 29, 30, 28, 27, 3, 2, 1, 36, 37, 4, 
26, 17, 16, 18, 20, 19, 15, 13, 12, 14, 34, 33, 32, 31, 11, 10, 9, 8, 6, 7, 29, 30, 28, 27, 3, 2, 1, 36, 37, 4, 0, 35, 22, 23, 21, 24, 25, 39, 38, 40, 42, 41, 5, 
31, 11, 10, 9, 8, 6, 5, 15, 29, 30, 28, 27, 3, 2, 1, 36, 35, 0, 4, 37, 21, 22, 23, 24, 25, 39, 38, 41, 42, 40, 26, 16, 17, 18, 20, 19, 7, 13, 12, 14, 34, 33, 32, 
29, 8, 9, 10, 11, 31, 32, 33, 34, 14, 12, 13, 15, 19, 20, 18, 17, 16, 26, 40, 42, 41, 38, 39, 25, 24, 21, 23, 22, 35, 36, 37, 4, 0, 2, 1, 28, 30, 6, 7, 5, 3, 27, 
33, 34, 14, 12, 13, 15, 19, 20, 18, 17, 16, 26, 40, 42, 41, 38, 39, 25, 24, 22, 23, 21, 35, 0, 4, 37, 7, 29, 30, 28, 27, 3, 2, 1, 36, 9, 8, 6, 5, 31, 11, 10, 32, 
40, 42, 41, 38, 39, 25, 24, 21, 23, 22, 35, 0, 4, 37, 36, 1, 2, 3, 27, 28, 30, 29, 7, 5, 6, 8, 9, 10, 11, 31, 26, 16, 17, 18, 20, 19, 15, 13, 12, 14, 34, 33, 32, 
41, 38, 39, 25, 24, 21, 23, 22, 35, 0, 4, 37, 36, 1, 2, 3, 27, 28, 30, 29, 7, 5, 6, 8, 9, 10, 11, 31, 26, 16, 17, 18, 20, 19, 15, 13, 12, 14, 34, 33, 32, 40, 42, 
24, 25, 39, 38, 41, 42, 40, 26, 16, 17, 18, 20, 19, 15, 13, 12, 14, 34, 33, 32, 31, 11, 10, 9, 8, 6, 5, 7, 29, 30, 28, 27, 3, 2, 1, 36, 35, 21, 23, 22, 0, 4, 37, 
9, 12, 6, 5, 7, 29, 30, 28, 27, 3, 2, 1, 36, 37, 4, 0, 35, 21, 23, 22, 24, 25, 39, 38, 40, 42, 41, 26, 16, 17, 18, 20, 19, 15, 13, 8, 14, 34, 33, 32, 31, 11, 10, 
26, 41, 42, 40, 38, 39, 25, 24, 22, 23, 21, 35, 4, 0, 37, 36, 1, 2, 3, 27, 28, 30, 29, 7, 5, 6, 8, 9, 10, 11, 31, 32, 33, 34, 14, 12, 13, 15, 19, 20, 18, 17, 16, 
31, 12, 14, 34, 33, 32, 13, 11, 10, 9, 8, 6, 5, 7, 29, 30, 28, 27, 3, 2, 1, 36, 37, 4, 0, 35, 22, 23, 21, 24, 25, 39, 38, 40, 42, 41, 26, 16, 17, 18, 20, 19, 15, 
37, 36, 1, 2, 3, 27, 28, 30, 29, 7, 5, 6, 8, 9, 10, 11, 31, 32, 33, 34, 14, 12, 13, 15, 19, 20, 18, 26, 16, 17, 40, 42, 41, 38, 39, 25, 24, 22, 23, 21, 35, 0, 4, 
4, 0, 35, 21, 23, 22, 24, 25, 39, 38, 41, 42, 40, 26, 16, 17, 18, 20, 19, 15, 13, 12, 14, 34, 33, 32, 31, 3, 10, 9, 8, 6, 5, 7, 29, 30, 28, 27, 11, 2, 1, 36, 37, 
0, 35, 36, 1, 2, 29, 27, 28, 30, 3, 7, 5, 6, 8, 9, 10, 11, 31, 32, 33, 34, 14, 12, 13, 15, 19, 20, 18, 17, 16, 26, 40, 42, 41, 38, 39, 25, 24, 23, 22, 21, 37, 4, 
0, 35, 21, 23, 22, 24, 25, 39, 38, 41, 42, 40, 30, 16, 17, 18, 20, 19, 15, 13, 12, 14, 34, 33, 32, 31, 11, 10, 9, 8, 6, 5, 7, 29, 26, 28, 27, 3, 2, 1, 36, 37, 4, 
23, 22, 25, 0, 4, 37, 36, 1, 2, 3, 27, 28, 30, 29, 7, 5, 6, 8, 9, 10, 11, 31, 32, 33, 34, 14, 12, 13, 15, 19, 20, 18, 17, 16, 26, 40, 42, 41, 38, 39, 35, 24, 21, 
2, 1, 36, 35, 0, 4, 37, 21, 23, 22, 24, 25, 39, 38, 41, 42, 40, 29, 17, 16, 18, 20, 19, 15, 13, 12, 14, 34, 33, 32, 31, 11, 10, 9, 8, 6, 5, 7, 26, 30, 28, 27, 3, 
2, 1, 36, 35, 0, 4, 37, 21, 23, 22, 24, 25, 39, 38, 41, 42, 40, 29, 16, 17, 20, 18, 19, 15, 13, 12, 14, 34, 33, 32, 31, 11, 10, 9, 8, 6, 5, 7, 26, 30, 28, 27, 3, 
37, 36, 1, 2, 3, 27, 10, 30, 29, 7, 5, 6, 8, 9, 28, 11, 31, 32, 33, 34, 14, 12, 13, 15, 19, 20, 18, 17, 16, 26, 41, 42, 40, 38, 39, 25, 24, 22, 23, 21, 35, 0, 4, 
9, 8, 6, 5, 7, 29, 30, 28, 27, 3, 2, 21, 36, 35, 0, 4, 37, 1, 22, 23, 24, 25, 39, 38, 40, 42, 41, 26, 16, 17, 18, 20, 19, 15, 13, 12, 14, 34, 33, 32, 31, 11, 10, 
19, 20, 18, 17, 16, 26, 41, 42, 40, 38, 39, 25, 24, 22, 23, 21, 35, 0, 4, 37, 36, 9, 2, 3, 27, 28, 30, 29, 7, 5, 6, 8, 1, 10, 11, 31, 32, 33, 34, 14, 12, 13, 15, 
16, 18, 20, 19, 15, 13, 12, 14, 11, 33, 32, 31, 34, 10, 9, 8, 6, 5, 7, 29, 2, 28, 27, 3, 30, 1, 36, 37, 4, 0, 35, 22, 23, 21, 24, 25, 39, 38, 40, 42, 41, 26, 17, 
0, 35, 21, 23, 22, 24, 25, 39, 38, 41, 42, 40, 26, 16, 17, 18, 20, 19, 15, 13, 12, 14, 34, 33, 32, 31, 11, 10, 9, 8, 6, 5, 7, 29, 30, 28, 27, 3, 36, 37, 4, 1, 2, 
31, 11, 10, 9, 8, 6, 5, 7, 29, 30, 28, 27, 3, 2, 1, 36, 35, 0, 4, 37, 21, 22, 23, 24, 25, 39, 38, 41, 42, 40, 26, 20, 17, 18, 16, 19, 15, 13, 12, 14, 34, 33, 32, 
19, 20, 18, 17, 16, 26, 40, 42, 41, 38, 39, 25, 24, 22, 23, 1, 35, 0, 4, 37, 36, 21, 2, 3, 27, 28, 30, 29, 7, 5, 6, 8, 9, 10, 11, 31, 32, 33, 34, 14, 12, 13, 15, 
10, 9, 8, 6, 5, 7, 29, 30, 28, 27, 3, 2, 0, 36, 37, 4, 1, 35, 21, 23, 22, 24, 25, 39, 38, 41, 42, 40, 26, 16, 17, 18, 20, 19, 15, 13, 12, 14, 34, 33, 32, 31, 11, 
31, 11, 10, 9, 8, 6, 5, 29, 7, 30, 28, 27, 3, 2, 4, 36, 35, 0, 1, 37, 21, 22, 23, 24, 25, 39, 38, 41, 42, 40, 26, 16, 17, 18, 20, 19, 15, 13, 12, 14, 34, 33, 32, 
32, 16, 17, 18, 20, 19, 15, 13, 12, 14, 34, 33, 26, 28, 11, 10, 9, 8, 6, 5, 7, 29, 30, 31, 27, 3, 2, 1, 36, 37, 4, 0, 35, 22, 23, 21, 24, 25, 39, 38, 41, 42, 40, 
23, 22, 35, 0, 4, 37, 36, 1, 2, 24, 27, 28, 30, 29, 7, 5, 6, 8, 9, 10, 11, 31, 32, 33, 34, 14, 12, 13, 15, 19, 20, 18, 17, 16, 26, 40, 42, 41, 38, 39, 25, 3, 21, 
2, 17, 36, 35, 0, 4, 37, 21, 23, 22, 24, 25, 39, 38, 41, 42, 40, 26, 1, 16, 18, 20, 19, 15, 13, 12, 14, 34, 33, 32, 31, 11, 10, 9, 8, 6, 5, 7, 29, 3, 28, 27, 30, 
28, 30, 26, 7, 5, 6, 8, 9, 10, 11, 31, 32, 33, 34, 14, 12, 13, 15, 19, 20, 18, 17, 16, 29, 40, 42, 41, 38, 39, 25, 24, 22, 23, 21, 37, 36, 1, 2, 3, 27, 35, 0, 4, 
34, 33, 32, 31, 11, 19, 9, 8, 6, 5, 7, 29, 30, 28, 27, 3, 2, 1, 36, 37, 4, 0, 35, 21, 23, 22, 24, 25, 39, 38, 41, 42, 40, 26, 16, 17, 18, 20, 10, 15, 13, 12, 14, 
23, 22, 35, 0, 4, 16, 26, 41, 42, 40, 38, 39, 25, 24, 21, 36, 1, 2, 3, 27, 28, 30, 29, 7, 5, 6, 8, 9, 10, 11, 31, 32, 33, 34, 14, 12, 13, 15, 19, 20, 18, 17, 37, 
2, 1, 36, 35, 0, 4, 37, 21, 23, 22, 24, 25, 39, 38, 41, 42, 40, 26, 17, 16, 18, 20, 11, 15, 13, 12, 14, 34, 33, 32, 31, 19, 10, 9, 8, 6, 5, 7, 29, 3, 28, 27, 30, 
10, 9, 20, 6, 5, 7, 29, 30, 28, 27, 3, 2, 1, 36, 37, 4, 0, 35, 21, 23, 22, 24, 25, 39, 38, 41, 42, 40, 26, 16, 17, 18, 8, 19, 15, 13, 12, 14, 34, 33, 32, 31, 11, 
0, 35, 36, 1, 2, 3, 27, 28, 30, 19, 7, 5, 6, 8, 9, 10, 11, 31, 32, 33, 34, 14, 12, 13, 15, 29, 20, 18, 17, 16, 26, 40, 42, 41, 38, 39, 25, 24, 23, 22, 21, 37, 4, 
13, 15, 19, 20, 18, 17, 16, 26, 40, 42, 41, 38, 39, 21, 3, 22, 23, 25, 35, 0, 4, 37, 36, 1, 2, 24, 27, 28, 30, 29, 7, 5, 6, 8, 9, 31, 11, 10, 32, 33, 34, 14, 12, 
28, 15, 3, 2, 1, 36, 35, 0, 4, 37, 21, 22, 23, 24, 25, 39, 38, 41, 42, 40, 26, 16, 17, 18, 20, 19, 27, 13, 12, 14, 34, 33, 32, 31, 11, 10, 9, 8, 6, 5, 7, 29, 30, 
22, 21, 27, 36, 1, 2, 3, 37, 28, 30, 29, 7, 5, 6, 8, 9, 10, 11, 31, 32, 33, 34, 14, 12, 13, 15, 19, 20, 18, 17, 16, 26, 40, 42, 41, 38, 39, 25, 24, 23, 0, 35, 4, 
0, 35, 21, 23, 22, 24, 25, 39, 38, 41, 42, 40, 26, 16, 17, 18, 20, 19, 15, 13, 12, 14, 34, 4, 32, 31, 11, 10, 9, 8, 6, 5, 7, 29, 30, 28, 27, 3, 2, 1, 36, 37, 33, 
8, 9, 10, 21, 31, 32, 33, 34, 14, 12, 13, 15, 19, 20, 18, 17, 16, 26, 40, 42, 41, 38, 39, 25, 24, 11, 23, 22, 35, 0, 4, 37, 36, 1, 2, 3, 27, 28, 30, 29, 7, 5, 6, 
31, 11, 10, 9, 8, 6, 5, 7, 29, 30, 28, 27, 3, 2, 1, 15, 35, 0, 4, 37, 21, 22, 23, 24, 25, 39, 38, 41, 42, 40, 26, 16, 17, 18, 20, 19, 36, 13, 12, 14, 34, 33, 32, 
15, 19, 18, 20, 17, 16, 26, 40, 42, 41, 38, 39, 25, 24, 22, 21, 37, 4, 0, 35, 36, 1, 2, 3, 27, 28, 30, 6, 7, 5, 29, 8, 9, 10, 11, 31, 32, 33, 34, 14, 12, 13, 23, 
9, 8, 6, 5, 7, 29, 30, 28, 27, 3, 2, 1, 36, 37, 4, 0, 32, 21, 23, 22, 24, 25, 39, 38, 40, 42, 41, 26, 16, 17, 18, 20, 19, 15, 13, 12, 14, 34, 33, 35, 31, 11, 10, 
31, 32, 33, 34, 14, 12, 13, 15, 19, 20, 18, 17, 2, 22, 40, 42, 41, 38, 39, 25, 24, 21, 23, 5, 35, 0, 4, 37, 36, 1, 16, 3, 27, 28, 30, 29, 7, 26, 6, 8, 9, 10, 11, 
32, 23, 34, 14, 12, 13, 15, 19, 20, 18, 16, 17, 26, 41, 42, 40, 38, 39, 25, 24, 21, 33, 22, 35, 0, 4, 37, 36, 1, 2, 3, 27, 28, 30, 29, 7, 5, 6, 8, 9, 10, 11, 31, 
35, 36, 24, 2, 3, 27, 28, 30, 29, 7, 34, 6, 8, 9, 10, 11, 31, 32, 33, 5, 21, 12, 13, 15, 19, 20, 18, 17, 16, 26, 41, 42, 40, 38, 39, 25, 1, 23, 22, 14, 37, 4, 0, 
19, 20, 18, 17, 16, 26, 40, 42, 41, 38, 39, 25, 24, 14, 23, 21, 35, 0, 4, 37, 36, 1, 2, 3, 27, 28, 30, 29, 7, 5, 6, 8, 9, 10, 11, 31, 32, 33, 34, 22, 12, 13, 15, 
0, 35, 36, 1, 2, 19, 27, 28, 30, 29, 7, 5, 6, 8, 9, 10, 11, 31, 32, 33, 34, 14, 12, 13, 15, 3, 20, 18, 17, 16, 26, 40, 42, 41, 38, 39, 25, 24, 23, 22, 21, 37, 4, 
10, 9, 8, 6, 5, 7, 29, 30, 20, 27, 3, 2, 1, 36, 37, 4, 0, 35, 21, 23, 22, 24, 25, 39, 38, 41, 42, 40, 26, 16, 17, 18, 28, 19, 15, 13, 12, 14, 34, 33, 32, 31, 11, 
Tiempo de ejecucion (total): 9.682
Best fitness a lo largo del tiempo: 
17274, 16865, 11580, 6450, 6250, 6246, 6176, 6166, 6121, 6063, 6061, 6006, 5929, 5929, 5910, 5902, 5890, 5883, 5823, 5813, 5813, 5813, 5813, 5812, 5812, 5812, 5811, 5797, 5781, 5781, 5781, 5781, 5772, 5772, 5772, 5770, 5769, 5766, 5755, 5751, 5741, 5741, 5741, 5741, 5741, 5739, 5739, 5731, 5719, 5719, 5719, 5719, 5719, 5719, 5707, 5707, 5699, 5699, 5699, 5697, 5697, 5697, 5697, 5688, 5688, 5680, 5680, 5668, 5664, 5664, 5664, 5664, 5664, 5664, 5664, 5664, 5660, 5660, 5660, 5660, 5656, 5655, 5644, 5644, 5644, 5635, 5635, 5635, 5635, 5635, 5635, 5635, 5635, 5635, 5635, 5635, 5635, 5635, 5635, 5635, 5635, 5635, 5635, 5635, 5635, 5635, 5635, 5635, 5635, 5635, 5635, 5635, 5635, 5635, 5635, 5635, 5635, 5635, 5635, 5635, 5635, 5635, 5635, 5635, 5635, 5635, 5635, 5633, 5633, 5633, 5633, 5633, 5633, 5633, 5633, 5633, 5633, 5633, 5633, 5633, 5633, 5633, 5633, 5633, 5633, 5633, 5633, 5633, 5633, 5633, 5633, 5633, 5633, 5633, 5633, 5633, 5633, 5633, 5633, 5633, 5633, 5633, 5633, 5633, 5633, 5633, 5633, 5633, 5633, 5633, 5633, 5633, 5633, 5633, 5633, 5633, 5633, 5633, 5633, 5633, 5633, 5633, 5633, 5633, 5633, 5633, 5633, 5633, 5633, 5633, 5633, 5633, 5633, 5633, 5633, 5633, 5633, 5633, 5633, 5633, 5633, 5633, 5633, 5633, 5633, 5633, 5633, 5633, 5633, 5633, 5633, 5633, 5633, 5633, 5633, 5633, 5633, 5633, 5633, 5633, 5633, 5633, 5633, 5633, 5633, 5633, 5633, 5633, 5633, 5633, 5633, 5633, 5633, 5633, 5633, 5633, 5633, 5633, 5633, 5633, 5633, 5633, 5633, 5633, 5631, 5631, 5631, 5631, 5631, 5631, 5631, 5631, 5631, 5631, 5631, 5631, 5631, 5631, 5631, 5631, 5631, 5631, 5631, 5631, 5631, 5631, 5631, 5631, 5631, 5631, 5631, 5631, 5631, 5631, 5631, 5631, 5631, 5631, 5631, 5631, 5631, 5631, 5631, 5631, 5631, 5631, 5631, 5631, 5631, 5631, 5631, 5631, 5631, 5631, 5631, 5631, 5631, 5631, 5631, 5631, 5631, 5631, 5631, 5631, 5631, 5631, 5631, 5631, 5631, 5631, 5631, 5631, 5631, 5631, 5631, 5631, 5631, 5631, 5631, 5631, 5631, 5631, 5631, 5631, 5631, 5631, 5631, 5631, 5631, 5631, 5631, 5631, 5631, 5631, 5631, 5631, 5631, 5631, 5631, 5631, 5631, 5631, 5631, 5631, 5631, 5631, 5631, 5631, 5631, 5631, 5631, 5631, 5631, 5631, 5631, 5631, 5631, 5631, 5631, 5631, 5631, 5631, 5631, 5631, 5631, 5631, 5631, 5631, 5631, 5631, 5631, 5631, 5631, 5631, 5631, 5631, 5631, 5631, 5631, 5631, 5631, 5631, 5631, 5631, 5631, 5631, 5631, 5631, 5631, 5631, 5631, 5631, 5631, 5631, 5631, 5631, 5631, 5631, 5631, 5631, 5631, 5631, 5631, 5631, 5631, 5631, 5631, 5631, 5631, 5631, 5631, 5631, 5631, 5631, 5631, 5627, 5627, 5627, 5627, 5627, 5627, 5627, 5627, 5627, 5627, 5627, 5627, 5627, 5627, 5627, 5627, 5627, 5627, 5627, 5627, 5627, 5627, 5627, 5627, 5627, 5627, 5627, 5627, 5627, 5627, 5627, 5627, 5627, 5627, 5627, 5627, 5627, 5627, 5627, 5627, 5627, 5627, 5627, 5627, 5627, 5627, 5627, 5627, 5627, 5627, 5627, 5627, 5627, 5627, 5627, 5627, 5627, 5627, 5627, 5627, 5627, 5627, 5627, 5627, 5627, 5627, 5627, 5627, 5627, 5627, 5627, 5627, 5627, 5627, 5627, 5627, 5627, 5627, 5627, 5627, 5627, 5627, 5627, 5627, 5627, 5627, 5627, 5627, 5627, 5627, 5627, 5627, 5627, 5627, 5627, 5627, 5627, 5627, 5627, 5627, 5627, 5627, 5627, 5627, 5627, 5627, 5627, 5627, 5627, 5627, 5627, 5627, 5627, 5627, 5627, 5627, 5627, 5627, 5627, 5627, 5627, 5627, 5627, 5627, 5627, 5627, 5627, 5627, 5627, 5627, 5627, 5627, 5627, 5627, 5627, 5627, 5627, 5627, 5627, 5627, 5627, 5627, 5627, 5627, 5627, 5627, 5627, 5627, 5627, 5627, 5627, 5627, 5627, 5627, 5627, 5627, 5627, 5627, 5627, 5627, 5627, 5627, 5627, 5627, 5627, 5627, 5627, 5627, 5627, 5627, 5627, 5627, 5627, 5627, 5627, 5627, 5627, 5627, 5627, 5627, 5627, 5627, 5627, 5627, 5627, 5627, 5627, 5627, 5627, 5627, 5627, 5627, 5627, 5627, 5627, 5627, 5627, 5627, 5627, 5627, 5627, 5627, 5627, 5627, 5627, 5627, 5627, 5627, 5627, 5627, 5627, 5627, 5627, 5627, 5627, 5627, 5627, 5627, 5627, 5627, 5627, 5627, 5627, 5627, 5627, 5627, 5627, 5627, 5627, 5627, 5627, 5627, 5627, 5627, 5627, 5627, 5627, 5627, 5627, 5627, 5627, 5627, 5627, 5627, 5627, 5627, 5627, 5627, 5627, 5627, 5627, 5627, 5627, 5627, 5627, 5627, 5627, 5627, 5627, 5627, 5627, 5627, 5627, 5627, 5627, 5627, 5627, 5627, 5627, 5627, 5627, 5627, 5627, 5627, 5627, 5627, 5627, 5627, 5627, 5627, 5627, 5627, 5627, 5627, 5627, 5627, 5627, 5627, 5627, 5627, 5627, 5627, 5627, 5627, 5627, 5627, 5627, 5627, 5627, 5627, 5627, 5627, 5627, 5627, 5627, 5627, 5627, 5627, 5627, 5627, 5627, 5627, 5627, 5627, 5627, 5627, 5627, 5627, 5627, 5627, 5627, 5627, 5627, 5627, 5627, 5627, 5627, 5627, 5627, 5627, 5627, 5627, 5627, 5627, 5627, 5627, 5627, 5627, 5627, 5627, 5627, 5627, 5627, 5627, 5627, 5627, 5627, 5627, 5627, 5627, 5627, 5627, 5627, 5627, 5627, 5627, 5627, 5627, 5627, 5627, 5627, 5627, 5627, 5627, 5627, 5627, 5627, 5627, 5627, 5627, 5627, 5627, 5627, 5627, 5627, 5627, 5627, 5627, 5627, 5627, 5627, 5627, 5627, 5627, 5627, 5627, 5627, 5627, 5627, 5627, 5627, 5627, 5627, 5627, 5627, 5627, 5627, 5627, 5627, 5627, 5627, 5627, 5627, 5627, 5627, 5627, 5627, 5627, 5627, 5627, 5627, 5627, 5627, 5627, 5627, 5627, 5627, 5627, 5627, 5627, 5627, 5627, 5627, 5627, 5627, 5627, 5627, 5627, 5627, 5627, 5627, 5627, 5627, 5627, 5627, 5627, 5627, 5627, 5627, 5627, 5627, 5627, 5627, 5627, 5627, 5627, 5627, 5627, 5627, 5627, 5627, 5627, 5627, 5627, 5627, 5627, 5627, 5627, 5627, 5627, 5627, 5627, 5627, 5627, 5627, 5627, 5627, 5627, 5627, 5627, 5627, 5627, 5627, 5627, 5627, 5627, 5627, 5627, 5627, 5627, 5627, 5627, 5627, 5627, 5627, 5627, 5627, 5627, 5627, 5627, 5627, 5627, 5627, 5627, 5627, 5627, 5627, 5627, 5627, 5627, 5627, 5627, 5627, 5627, 5627, 5627, 5627, 5627, 5627, 5627, 5627, 5627, 5627, 5627, 5627, 5627, 5627, 5627, 5627, 5627, 5627, 5627, 5627, 5627, 5627, 5627, 5627, 5627, 5627, 5627, 5627, 5627, 5627, 5627, 5627, 5627, 5627, 5627, 5627, 5627, 5627, 5627, 5627, 5627, 5627, 5627, 5627, 5627, 5627, 5627, 5627, 5627, 5627, 5627, 5627, 5627, 5627, 5627, 5627, 5627, 5627, 5627, 5627, 5627, 5627, 5627, 5627, 5627, 5627, 5627, 5627, 5627, 5627, 5627, 5627, 5627, 5627, 5627, 5627, 5627, 5627, 5627, 5627, 5627, 5627, 5627, 5627, 5627, 5627, 5627, 5627, 5627, 5627, 5627, 5627, 5627, 5627, 5627, 5627, 5627, 5627, 5627, 5627, 5627, 5627, 5627, 5627, 5627, 5627, 5627, 5627, 5627, 5627, 5627, 5627, 5627, 5627, 5627, 5627, 5627, 5627, 5627, 5627, 5627, 5627, 5627, 5627, 5627, 5627, 5627, 5627, 5627, 5627, 5627, 5627, 5627, 5627, 5627, 5627, 5627, 5627, 5627, 5627, 5627, 5627, 5627, 5627, 5627, 5627, 5627, 5627, 5627, 5627, 5627, 5627, 5627, 5627, 5627, 5627, 5627, 5627, 5627, 5627, 5627, 5627, 5627, 5627, 5627, 5627, 5627, 5627, 5627, 5627, 5627, 5627, 5627, 5627, 5627, 5627, 5627, 5627, 5627, 5627, 5627, 5627, 5627, 5627, 5627, 5627, 5627, 5627, 5627, 5627, 5627, 5627, 5627, 5627, 5627, 5627, 5627, 5627, 5627, 5627, 5627, 5627, 5627, 5627, 5627, 5627, 5627, 5627, 5627, 5627, 5627, 5627, 5627, 5627, 5627, 5627, 5627, 5627, 5627, 5627, 5627, 5627, 5627, 5627, 5627, 5627, 5627, 5627, 5627, 5627, 5627, 5627, 5627, 5627, 5627, 5627, 5627, 5627, 5627, 5627, 5627, 5627, 5627, 5627, 5627, 5627, 5627, 5627, 5627, 5627, 5627, 5627, 5627, 5627, 5627, 5627, 5627, 5627, 5627, 5627, 5627, 5627, 5627, 5627, 5627, 5627, 5627, 5627, 5627, 5627, 5627, 5627, 5627, 5627, 5627, 5627, 5627, 5627, 5627, 5627, 5627, 5627, 5627, 5627, 5627, 5627, 5627, 5627, 5627, 5627, 5627, 5627, 5627, 5627, 5627, 5627, 5627, 5627, 5627, 5627, 5627, 5627, 5627, 5627, 5627, 5627, 5627, 5627, 5627, 5627, 5627, 5627, 5627, 5627, 5627, 5627, 5627, 5627, 5627, 5627, 5627, 5627, 5627, 5627, 5627, 5627, 5627, 5627, 5627, 5627, 5627, 5627, 5627, 5627, 5627, 5627, 5627, 5627, 5627, 5627, 5627, 5627, 5627, 5627, 5627, 5627, 5627, 5627, 5627, 5627, 5627, 5627, 5627, 5627, 5627, 5627, 5627, 5627, 5627, 5627, 5627, 5627, 5627, 5627, 5627, 5627, 5627, 5627, 5627, 5627, 5627, 5627, 5627, 5627, 5627, 5627, 5627, 5627, 5627, 5627, 5627, 5627, 5627, 5627, 5627, 5627, 5627, 5627, 5627, 5627, 5627, 5627, 5627, 5627, 5627, 5627, 5627, 5627, 5627, 5627, 5627, 5627, 5627, 5627, 5627, 5627, 5627, 5627, 5627, 5627, 5627, 5627, 5627, 5627, 5627, 5627, 5627, 5627, 5627, 5627, 5627, 5627, 5627, 5627, 5627, 5627, 5627, 5627, 5627, 5627, 5627, 5627, 5627, 5627, 5627, 5627, 5627, 5627, 5627, 5627, 5627, 5627, 5627, 5627, 5627, 5627, 5627, 5627, 5627, 5627, 5627, 5627, 5627, 5627, 5627, 5627, 5627, 5627, 5627, 5627, 5627, 5627, 5627, 5627, 5627, 5627, 5627, 5627, 5627, 5627, 5627, 5627, 5627, 5627, 5627, 5627, 5627, 5627, 5627, 5627, 5627, 5627, 5627, 5627, 5627, 5627, 5627, 5627, 5627, 5627, 5627, 5627, 5627, 5627, 5627, 5627, 5627, 5627, 5627, 5627, 5627, 5627, 5627, 5627, 5627, 5627, 5627, 5627, 5627, 5627, 5627, 5627, 5627, 5627, 5627, 5627, 5627, 5627, 5627, 5627, 5627, 5627, 5627, 5627, 5627, 5627, 5627, 5627, 5627, 5627, 5627, 5627, 5627, 5627, 5627, 5627, 5627, 5627, 5627, 5627, 5627, 5627, 5627, 5627, 5627, 5627, 5627, 5627, 5627, 5627, 5627, 5627, 5627, 5627, 5627, 5627, 5627, 5627, 5627, 5627, 5627, 5627, 5627, 5627, 5627, 5627, 5627, 5627, 5627, 5627, 5627, 5627, 5627, 5627, 5627, 5627, 5627, 5627, 5627, 5627, 5627, 5627, 5627, 5627, 5627, 5627, 5627, 5627, 5627, 5627, 5627, 5627, 5627, 5627, 5627, 5627, 5627, 5627, 5627, 5627, 5627, 5627, 5627, 5627, 5627, 5627, 5627, 5627, 5627, 5627, 5627, 5627, 5627, 5627, 5627, 5627, 5627, 5627, 5627, 5627, 5627, 5627, 5627, 5627, 5627, 5627, 5627, 5627, 5627, 5627, 5627, 5627, 5627, 5627, 5627, 5627, 5627, 5627, 5627, 5627, 5627, 5627, 5627, 5627, 5627, 5627, 5627, 5627, 5627, 5627, 5627, 5627, 5627, 5627, 5627, 5627, 5627, 5627, 5627, 5627, 5627, 5627, 5627, 5627, 5627, 5627, 5627, 5627, 5627, 5627, 5627, 5627, 5627, 5627, 5627, 5627, 5627, 5627, 5627, 5627, 5627, 5627, 5627, 5627, 5627, 5627, 5627, 5627, 5627, 5627, 5627, 5627, 5627, 5627, 5627, 5627, 5627, 5627, 5627, 5627, 5627, 5627, 5627, 5627, 5627, 5627, 5627, 5627, 5627, 5627, 5627, 5627, 5627, 5627, 5627, 5627, 5627, 5627, 5627, 5627, 5627, 5627, 5627, 5627, 5627, 5627, 5627, 5627, 5627, 5627, 5627, 5627, 5627, 5627, 5627, 5627, 5627, 5627, 5627, 5627, 5627, 5627, 5627, 5627, 5627, 5627, 5627, 5627, 5627, 5627, 5627, 5627, 5627, 5627, 5627, 5627, 5627, 5627, 5627, 5627, 5627, 5627, 5627, 5627, 5627, 5627, 5627, 5627, 5627, 5627, 5627, 5627, 5627, 5627, 5627, 5627, 5627, 5627, 5627, 5627, 5627, 5627, 5627, 5627, 5627, 5627, 5627, 5627, 5627, 5627, 5627, 5627, 5627, 5627, 5627, 5627, 5627, 5627, 5627, 5627, 5627, 5627, 5627, 5627, 5627, 5627, 5627, 5627, 5627, 5627, 5627, 5627, 5627, 5627, 5627, 5627, 5627, 5627, 5627, 5627, 5627, 5627, 5627, 5627, 5627, 5627, 5627, 5627, 5627, 5627, 5627, 5627, 5627, 5627, 5627, 5627, 5627, 5627, 5627, 5627, 5627, 5627, 5627, 5627, 5627, 5627, 5627, 5627, 5627, 5627, 5627, 5627, 5627, 5627, 5627, 5627, 5627, 5627, 5627, 5627, 5627, 5627, 5627, 5627, 5627, 5627, 5627, 5627, 5627, 5627, 5627, 5627, 5627, 5627, 5627, 5627, 5627, 5627, 5627, 5627, 5627, 5627, 5627, 5627, 5627, 5627, 5627, 5627, 5627, 5627, 5627, 5627, 5627, 5627, 5627, 5627, 5627, 5627, 5627, 5627, 5627, 5627, 5627, 5627, 5627, 5627, 5627, 5627, 5627, 5627, 5627, 5627, 5627, 5627, 5627, 5627, 5627, 5627, 5627, 5627, 5627, 5627, 5627, 5627, 5627, 5627, 5627, 5627, 5627, 5627, 5627, 5627, 5627, 5627, 5627, 5627, 5627, 5627, 5627, 5627, 5627, 5627, 5627, 5627, 5627, 5627, 5627, 5627, 5627, 5627, 5627, 5627, 5627, 5627, 5627, 5627, 5627, 5627, 5627, 5627, 5627, 5627, 5627, 5627, 5627, 5627, 5627, 5627, 5627, 5627, 5627, 5627, 5627, 5627, 5627, 5627, 5627, 5627, 5627, 5627, 5627, 5627, 5627, 5627, 5627, 5627, 5627, 5627, 5627, 5627, 5627, 5627, 5627, 5627, 5627, 5627, 5627, 5627, 5627, 5627, 5627, 5627, 5627, 5627, 5627, 5627, 5627, 5627, 5627, 5627, 5627, 5627, 5627, 5627, 5627, 5627, 5627, 5627, 5627, 5627, 5627, 5627, 5627, 5627, 5627, 5620, 
Fitness promedio a lo largo del tiempo: 
20584, 18422, 16062, 13314, 11297, 9843, 7693, 7227, 7360, 6950, 7494, 6835, 7240, 7178, 7199, 6781, 6466, 6449, 6416, 7034, 6931, 6603, 6917, 7088, 7072, 6054, 6092, 6473, 7318, 7333, 7072, 6390, 6732, 7017, 7184, 7462, 6828, 7245, 7188, 6888, 6808, 6881, 6612, 6532, 6324, 6642, 6691, 6878, 5856, 6998, 7450, 6417, 6028, 6709, 6168, 6795, 6988, 6313, 5983, 6629, 6067, 5770, 6456, 6094, 6131, 5769, 5990, 6044, 6728, 5807, 6352, 6433, 6383, 6063, 5716, 6520, 5937, 6293, 6011, 5725, 5995, 7287, 6041, 5949, 6078, 5676, 5801, 5677, 6202, 5672, 6016, 5703, 6412, 5812, 5921, 5685, 6727, 5750, 5684, 5746, 6133, 5693, 6250, 5676, 6397, 5677, 6132, 6229, 6609, 5679, 5663, 5966, 6067, 6893, 6134, 5679, 6283, 5720, 6559, 5696, 7101, 6500, 5751, 6562, 6504, 5690, 5669, 6068, 6075, 6015, 6128, 6408, 5692, 5658, 5686, 5807, 5911, 6305, 5673, 6222, 5684, 6076, 6123, 5750, 5930, 5687, 6763, 6249, 6287, 5758, 5710, 6439, 6356, 5665, 6338, 5897, 6621, 5693, 5976, 5695, 6098, 6965, 5971, 6223, 6193, 5959, 5713, 5973, 5885, 6349, 6681, 7076, 6469, 5669, 6179, 6506, 6191, 7007, 6390, 5863, 5760, 6201, 6248, 6844, 5914, 5753, 7112, 5709, 5870, 5693, 6022, 5928, 6491, 6228, 5817, 6084, 5866, 6253, 5741, 6566, 6142, 5671, 6292, 5913, 6730, 6084, 6566, 6244, 6176, 5910, 6515, 6309, 5922, 5699, 5983, 6042, 6522, 6275, 5921, 5696, 5962, 6023, 5683, 5686, 5689, 6837, 5907, 5684, 6626, 5703, 5860, 5976, 6140, 5666, 5866, 6596, 5989, 5813, 6022, 6282, 6434, 6447, 6143, 6291, 5701, 5830, 6891, 6195, 6088, 5770, 6197, 6409, 6299, 6353, 5808, 5834, 5672, 6013, 6239, 5746, 5680, 5671, 5676, 5908, 5664, 6424, 6297, 6462, 5674, 6132, 6124, 5998, 6128, 6664, 6392, 6134, 5891, 6178, 5695, 5698, 5693, 5701, 6328, 5785, 5737, 6175, 6469, 6116, 5750, 5674, 5685, 6049, 6017, 5676, 6006, 6529, 6123, 5905, 5673, 5862, 5980, 5670, 6137, 6429, 7209, 6118, 5912, 5702, 6511, 5902, 6111, 5965, 6462, 6608, 5693, 5961, 6324, 6131, 6023, 6199, 5706, 6448, 5660, 5916, 5679, 5843, 6066, 5743, 6020, 5677, 5853, 5743, 5926, 6025, 6134, 5679, 5670, 6454, 5693, 5977, 5663, 5757, 5691, 5658, 6335, 5931, 5681, 6012, 6330, 5797, 5961, 6113, 6234, 6484, 5841, 5856, 5955, 6067, 5853, 6605, 5742, 6220, 5679, 5903, 5958, 5686, 5790, 6397, 6553, 6571, 5738, 6284, 5951, 6335, 6096, 5747, 5911, 5953, 6019, 5945, 6008, 6074, 6550, 5807, 6076, 5693, 6232, 5958, 5701, 5845, 5660, 6211, 5697, 6449, 6376, 5711, 5687, 5667, 5682, 6052, 5907, 6016, 5682, 6024, 5750, 6724, 6016, 5967, 5848, 6409, 5675, 5789, 5795, 6462, 5708, 5702, 6019, 5810, 6170, 6845, 5762, 5924, 6083, 6272, 5685, 5961, 6694, 6278, 5678, 5922, 5699, 5694, 6037, 5906, 6249, 5711, 6682, 5678, 6537, 5668, 6239, 6008, 5855, 5953, 5683, 6326, 6286, 5940, 6976, 5680, 6613, 5672, 5963, 5690, 6712, 6155, 6177, 5695, 5748, 5655, 6185, 6194, 5706, 6233, 5694, 5691, 5669, 5674, 5696, 5697, 6320, 6128, 6192, 6255, 5683, 6611, 5732, 6519, 5866, 5973, 6112, 6306, 6230, 5710, 6445, 5852, 6177, 6237, 6067, 5955, 5678, 5675, 5653, 6393, 5961, 5841, 5921, 5669, 5893, 5659, 5948, 5857, 6559, 5682, 6289, 6135, 5669, 6439, 5658, 6407, 6707, 6138, 5996, 6239, 5655, 5934, 6648, 5652, 5715, 6346, 5848, 6057, 6063, 6013, 5674, 6169, 5670, 6463, 5688, 5800, 6077, 5789, 5915, 6305, 6255, 6664, 5787, 6074, 5673, 5667, 5796, 5673, 5672, 6112, 6436, 5904, 5684, 5669, 5680, 6552, 5650, 5677, 5790, 6228, 5762, 5668, 6913, 6173, 5940, 5686, 5652, 6197, 6320, 6473, 7316, 6066, 6142, 6243, 6646, 5679, 5700, 6441, 5958, 5729, 5847, 5685, 5918, 5674, 5676, 5797, 6216, 6384, 5656, 5733, 5851, 6498, 5690, 6651, 5778, 6293, 6901, 6581, 5910, 5661, 6238, 6143, 6064, 5679, 6349, 5966, 5892, 6018, 6515, 6273, 6009, 5954, 5992, 5902, 6016, 5682, 6048, 6178, 6126, 5913, 6065, 5690, 5972, 6401, 6333, 5862, 6339, 5847, 5677, 5955, 6180, 5892, 6276, 5687, 5687, 5693, 6222, 6727, 6251, 5741, 6123, 5926, 6458, 6072, 6337, 5702, 5901, 6345, 5672, 5660, 6001, 6355, 6582, 5675, 5775, 6755, 5676, 6114, 6829, 5996, 6058, 5882, 5684, 5679, 5662, 6111, 5739, 5894, 6183, 6255, 5786, 5850, 6362, 5671, 5958, 6016, 6701, 5667, 5690, 6221, 6221, 5670, 6112, 5941, 5961, 6517, 5685, 5849, 6068, 6352, 5856, 5662, 6059, 5684, 6226, 5653, 6364, 5968, 6397, 5948, 5783, 5786, 6083, 5687, 6278, 5913, 5686, 5920, 6783, 6217, 5963, 5970, 5672, 5676, 5989, 6011, 6174, 6005, 6329, 5664, 6509, 6887, 6445, 6824, 6174, 6175, 5948, 5844, 5963, 6175, 5676, 6438, 6179, 6654, 6875, 6335, 5691, 5838, 5920, 6059, 6010, 5699, 6127, 5717, 6007, 6280, 5817, 6293, 6236, 6724, 6171, 5945, 5685, 6519, 6461, 6074, 6194, 6076, 6014, 6376, 5751, 6382, 5954, 6260, 6108, 6350, 6195, 5688, 6456, 6217, 6345, 5973, 6340, 5660, 6057, 6666, 6017, 5670, 5669, 6873, 6629, 5651, 5682, 6657, 5690, 5662, 5681, 5730, 5920, 5890, 6381, 6217, 6374, 5850, 5679, 5696, 6057, 5738, 5697, 5751, 5842, 6159, 6716, 6103, 5996, 5697, 5894, 5840, 5697, 5658, 6374, 5833, 5794, 5802, 5955, 5986, 6003, 5965, 5686, 5671, 5778, 6558, 6442, 6549, 5809, 5798, 6470, 6715, 5976, 6224, 6257, 5792, 6065, 6070, 6016, 6268, 5697, 6465, 6286, 6322, 6271, 5686, 6294, 5969, 5653, 6295, 6117, 5664, 5669, 5656, 5703, 5657, 5673, 6218, 5700, 6230, 5840, 5902, 5699, 6204, 5666, 5663, 5803, 6169, 6343, 5675, 5683, 6442, 5703, 6440, 5674, 5686, 5924, 5847, 5698, 6381, 6132, 6391, 6134, 6018, 5663, 5747, 5815, 5665, 6402, 5922, 6007, 5665, 5881, 5701, 5793, 5656, 5975, 6135, 6390, 5780, 5696, 6222, 6123, 5958, 5682, 5703, 5790, 5658, 5804, 6221, 6445, 5934, 5695, 5963, 6469, 5871, 5691, 5848, 6061, 5696, 6468, 5672, 6230, 5807, 5968, 5676, 6127, 6508, 5669, 6845, 5906, 5871, 6173, 6242, 6449, 5681, 5680, 6002, 6561, 6174, 5764, 6837, 5696, 6118, 6384, 5686, 6408, 6168, 6211, 5701, 5687, 5675, 6128, 5679, 6565, 6499, 6118, 6307, 6338, 5865, 6654, 5833, 5845, 6136, 6526, 5760, 7107, 5895, 5902, 5959, 5793, 5942, 5676, 7186, 5808, 5733, 5739, 6656, 5681, 5967, 6159, 6013, 6401, 6296, 5761, 6278, 5689, 6343, 5686, 5764, 6123, 5667, 6344, 6387, 6496, 6220, 6012, 6323, 5686, 6334, 5686, 5657, 5673, 6129, 5846, 6488, 6162, 5646, 5666, 5755, 5844, 6240, 5705, 5658, 6485, 5692, 5687, 6016, 6413, 6268, 5688, 5674, 5678, 5661, 5654, 6052, 5670, 5734, 6389, 5936, 6059, 6068, 5999, 5801, 6383, 5857, 6266, 6055, 6006, 5957, 5946, 5897, 5675, 6062, 5908, 6499, 5678, 6083, 5682, 6708, 5674, 5672, 5669, 6842, 6601, 5688, 5855, 6167, 6666, 7071, 6234, 6060, 6242, 5674, 6616, 5973, 6008, 6007, 6186, 6038, 7154, 5814, 5793, 5686, 5671, 5662, 6028, 5659, 5650, 5686, 5963, 6168, 6108, 5809, 5699, 6208, 6516, 6539, 5671, 5652, 5699, 6277, 6553, 5913, 6385, 6347, 6014, 5763, 5710, 6086, 5805, 5851, 5692, 6206, 6502, 5717, 5677, 6137, 5787, 5958, 6133, 6411, 7035, 6065, 6248, 5686, 6112, 6333, 5656, 6058, 5674, 5790, 5741, 5682, 6614, 7304, 5655, 6012, 6277, 5844, 6000, 5677, 5980, 5921, 5859, 5849, 5909, 6130, 5744, 5888, 5959, 5706, 6164, 5677, 6513, 6543, 6122, 6298, 5666, 5653, 5834, 6379, 6931, 5846, 6136, 5688, 5682, 5700, 6278, 5863, 5683, 6191, 6694, 5667, 6233, 6094, 5746, 5855, 5671, 5903, 5693, 6489, 5803, 6098, 6729, 6021, 5791, 6388, 6331, 5663, 5679, 5955, 6268, 5685, 5873, 5675, 5807, 6226, 5694, 6171, 5688, 5851, 6238, 5798, 6619, 5675, 5678, 6241, 6116, 6023, 6160, 6077, 6119, 6134, 6419, 6076, 6500, 5672, 5677, 6654, 5963, 6010, 5920, 5798, 5809, 5897, 5670, 6226, 5744, 6155, 5909, 6396, 5687, 5680, 6218, 6277, 5944, 5914, 6013, 6135, 5952, 5703, 6135, 6167, 6450, 5846, 6580, 5790, 6289, 5690, 5659, 5684, 6566, 6559, 5686, 6109, 6027, 6002, 6392, 5790, 6010, 5853, 6205, 5689, 5855, 5659, 5954, 5687, 5672, 6096, 5742, 5892, 5893, 5889, 5966, 5894, 5896, 6009, 5784, 5731, 6000, 5838, 5701, 5992, 5961, 5864, 5740, 5685, 6249, 6470, 6080, 6342, 6288, 5861, 5688, 6279, 6467, 6806, 5803, 6234, 5914, 5920, 5978, 6629, 5788, 6152, 5684, 6892, 5986, 5681, 6103, 5964, 5921, 6063, 6077, 5938, 5964, 6010, 5858, 5926, 5679, 6334, 5694, 5848, 6983, 5854, 6838, 5692, 5955, 5654, 5765, 5665, 6398, 5839, 5670, 6065, 6782, 5695, 6020, 5675, 6227, 5672, 6019, 5685, 6833, 6454, 6189, 6077, 5696, 5905, 5878, 5849, 6539, 5679, 5903, 5851, 5915, 5859, 5838, 6498, 5969, 5762, 5907, 5941, 5662, 5663, 5913, 5672, 5681, 5901, 5654, 5977, 5795, 5900, 5659, 5656, 6486, 5845, 5971, 5672, 5664, 6116, 5676, 5681, 5852, 5777, 6502, 6080, 5973, 6346, 6191, 5745, 5757, 6422, 6009, 6066, 6541, 5916, 5867, 5706, 6233, 5658, 6072, 6194, 5846, 5826, 5655, 5786, 5845, 5664, 6146, 6465, 5705, 5694, 6844, 6459, 5693, 5789, 6494, 6440, 6570, 6662, 6395, 6065, 5814, 5696, 5695, 5710, 5680, 5955, 5815, 5682, 5691, 6015, 6912, 5679, 6287, 5675, 5660, 6084, 6848, 5651, 6297, 5675, 5659, 5669, 5848, 5854, 5859, 6178, 6002, 6174, 6013, 5701, 5974, 7251, 6290, 6426, 6300, 5708, 6388, 6602, 5902, 5754, 6178, 6184, 5952, 5686, 6809, 5669, 5851, 5677, 5910, 5998, 6254, 5708, 5946, 5669, 5942, 5708, 5829, 5685, 6054, 6590, 7152, 5674, 5658, 5671, 6024, 5708, 6346, 5674, 5957, 6151, 5790, 6088, 5692, 6562, 6451, 6551, 5979, 5678, 6343, 5701, 5821, 5666, 6661, 5671, 6021, 6050, 5667, 5788, 5674, 5677, 5823, 5694, 5896, 5681, 5843, 6142, 6674, 5686, 6394, 5695, 6144, 6339, 5998, 6064, 6227, 6410, 5792, 5891, 6087, 5663, 5674, 6322, 5960, 5675, 6127, 5681, 6219, 5850, 5976, 5863, 6940, 6189, 5790, 6336, 6338, 6404, 6220, 5677, 6132, 6035, 5669, 6239, 5679, 5701, 6509, 5683, 5890, 5969, 6232, 5685, 5676, 5653, 6380, 7159, 5658, 5851, 6019, 5847, 6399, 6538, 5953, 6345, 5685, 5690, 5861, 5673, 6592, 6497, 5936, 6126, 5913, 6126, 6079, 5886, 5924, 5678, 5672, 5670, 5659, 5649, 5659, 6390, 5843, 6192, 6069, 6442, 6690, 5693, 6878, 6003, 5688, 6956, 6402, 5977, 5676, 5661, 6024, 5901, 6381, 6172, 6138, 5956, 6218, 5952, 5666, 6748, 5653, 5906, 6002, 6164, 5671, 5685, 5855, 6021, 6178, 6107, 6059, 5852, 5897, 6008, 5688, 5953, 5688, 5708, 5735, 6078, 5748, 6284, 5675, 6548, 5654, 6236, 6103, 5772, 5664, 5954, 6383, 6311, 6392, 5684, 5952, 6714, 5673, 5660, 6594, 5846, 6134, 6457, 6090, 5676, 6402, 5698, 6032, 5789, 6187, 6749, 5805, 5683, 6184, 6108, 5688, 5676, 5648, 5661, 5962, 5991, 5672, 6060, 5660, 6595, 6450, 5697, 5904, 6193, 6449, 5919, 6716, 6576, 5681, 5913, 6073, 5691, 5812, 6116, 5909, 6338, 5959, 6906, 6331, 5684, 5683, 6492, 6848, 5965, 6277, 5692, 6303, 6285, 5871, 6718, 5695, 6449, 6658, 5696, 6266, 6576, 5840, 6615, 5679, 6160, 5699, 5676, 5682, 5865, 5928, 6002, 6028, 5798, 6880, 6293, 5704, 6496, 6089, 6021, 6431, 6130, 6072, 5961, 5745, 6181, 5910, 6460, 5814, 5692, 5845, 5672, 6062, 5950, 5969, 5684, 6019, 5898, 5993, 5792, 6116, 5704, 6281, 5916, 5782, 6178, 5770, 6031, 5745, 6451, 5689, 6123, 5874, 5667, 5685, 6410, 6198, 5946, 5844, 5813, 5671, 6332, 5751, 6628, 5695, 5855, 6221, 5706, 6396, 5672, 6591, 6064, 5682, 5918, 6224, 6338, 6216, 5661, 5693, 5691, 5696, 6128, 6565, 5929, 5740, 5837, 6021, 6294, 6318, 5994, 5854, 5690, 5914, 5683, 5679, 5868, 5678, 5922, 5760, 6011, 6396, 6164, 6168, 5665, 6441, 5896, 5842, 6286, 6565, 5964, 6811, 5796, 6225, 6243, 6495, 5666, 6724, 5683, 6271, 5790, 6142, 5680, 5787, 5682, 5947, 6454, 6180, 6001, 5967, 5880, 6011, 5802, 5697, 5669, 6379, 5687, 5655, 6333, 5669, 5861, 6268, 5680, 5738, 6369, 6714, 6622, 5683, 6221, 6082, 5801, 5921, 6232, 5692, 6562, 6214, 5673, 5696, 6864, 6015, 5659, 6181, 5916, 5700, 6242, 6063, 5741, 6284, 6660, 6228, 5685, 6054, 6101, 5670, 6807, 5835, 6052, 5669, 5670, 6537, 6304, 5683, 5833, 6250, 5915, 5672, 6129, 5888, 5834, 5896, 5966, 6001, 5901, 5910, 5753, 6021, 5841, 5664, 5656, 6060, 6005, 5843, 6068, 5675, 5668, 5948, 5680, 6399, 6489, 5912, 5897, 6453, 5751, 7191, 5746, 5690, 5738, 5686, 6318, 6177, 5678, 6061, 6557, 5679, 5656, 5685, 6870, 6000, 6133, 7100, 5666, 6058, 5667, 5926, 5658, 6706, 6834, 6000, 5976, 5690, 6384, 5968, 6678, 5689, 6151, 5681, 
Mejor solucion obtenida: 25, 24, 21, 23, 22, 35, 0, 4, 16, 17, 18, 20, 19, 15, 13, 12, 14, 34, 33, 32, 31, 11, 10, 9, 8, 6, 5, 7, 29, 30, 28, 27, 3, 2, 1, 36, 37, 39, 38, 40, 42, 41, 26, || Fitness: 5620;