Archivo Usado: p43.atsp
Tamaño de la Poblacion: 100
Reemplazo por Generacion: 5
Tamaño de los Torneos: 5
Cantidad de ciudades: 43
Probabilidad de cruce: 90000
Probabilidad mutacion simple: 18000
Probabilidad mutacion compleja: 15000
Cruces minimos de la mutacion compleja: 4
Iteraciones ejecutadas: 10000
Largo del cruce PMX: 6
Operador de Cruce: 0
Metodo seleccion de Padres: 0
Operador de Mutacion: 0
Metodo seleccion de Supervivientes: 1
Cantidad de threads a usar: 16
42, 40, 41, 26, 24, 25, 21, 22, 23, 35, 0, 4, 15, 18, 19, 20, 16, 17, 13, 34, 33, 12, 14, 10, 11, 31, 32, 8, 9, 6, 5, 7, 30, 29, 27, 28, 2, 3, 1, 36, 37, 38, 39, 
17, 13, 34, 33, 12, 14, 10, 11, 31, 32, 8, 9, 6, 5, 7, 30, 29, 27, 28, 2, 3, 1, 36, 37, 38, 39, 42, 40, 41, 26, 24, 25, 21, 23, 22, 35, 0, 4, 15, 18, 19, 20, 16, 
40, 41, 26, 24, 25, 21, 23, 22, 35, 0, 4, 15, 18, 19, 20, 16, 17, 13, 34, 33, 12, 14, 10, 11, 31, 32, 8, 9, 6, 7, 5, 30, 29, 27, 28, 2, 3, 1, 36, 37, 38, 39, 42, 
13, 34, 33, 12, 14, 10, 11, 31, 32, 8, 9, 6, 5, 7, 30, 29, 27, 28, 2, 3, 1, 36, 37, 38, 39, 42, 40, 41, 26, 24, 25, 21, 23, 22, 35, 0, 4, 15, 18, 19, 20, 16, 17, 
0, 4, 15, 18, 19, 20, 16, 17, 13, 34, 33, 12, 14, 10, 11, 31, 32, 8, 9, 6, 7, 5, 30, 29, 27, 28, 2, 3, 1, 36, 37, 38, 39, 42, 40, 41, 26, 24, 25, 21, 23, 22, 35, 
31, 32, 8, 9, 10, 11, 6, 7, 5, 30, 29, 27, 28, 2, 3, 1, 36, 37, 38, 39, 42, 40, 41, 26, 24, 25, 21, 23, 22, 35, 0, 4, 15, 18, 19, 20, 16, 17, 13, 14, 12, 33, 34, 
8, 9, 6, 7, 5, 30, 29, 27, 28, 2, 3, 1, 36, 37, 38, 39, 42, 40, 41, 26, 24, 25, 21, 23, 22, 35, 0, 4, 15, 18, 19, 20, 16, 17, 13, 34, 33, 12, 14, 10, 11, 31, 32, 
22, 35, 0, 4, 15, 18, 19, 20, 16, 17, 13, 34, 33, 12, 14, 10, 11, 31, 32, 8, 9, 6, 5, 7, 30, 29, 27, 28, 2, 3, 1, 36, 37, 38, 39, 42, 40, 41, 26, 24, 25, 21, 23, 
19, 20, 16, 17, 13, 34, 33, 12, 14, 10, 11, 31, 32, 8, 9, 6, 7, 5, 30, 29, 27, 28, 2, 3, 1, 36, 37, 38, 39, 42, 40, 41, 26, 24, 25, 21, 23, 22, 35, 0, 4, 15, 18, 
19, 20, 16, 17, 13, 34, 33, 12, 14, 10, 11, 31, 32, 8, 9, 6, 7, 5, 30, 29, 27, 28, 2, 3, 1, 36, 37, 38, 39, 42, 40, 41, 26, 24, 25, 21, 23, 22, 35, 0, 4, 15, 18, 
10, 11, 31, 32, 8, 9, 6, 7, 5, 30, 29, 27, 28, 2, 3, 1, 36, 37, 38, 39, 42, 40, 41, 26, 24, 25, 21, 22, 23, 35, 0, 4, 15, 18, 19, 20, 16, 17, 13, 34, 33, 12, 14, 
0, 4, 15, 18, 19, 20, 16, 17, 13, 34, 33, 12, 14, 10, 11, 31, 32, 8, 9, 6, 7, 5, 30, 29, 27, 28, 2, 3, 1, 36, 37, 38, 39, 42, 40, 41, 26, 24, 25, 21, 23, 22, 35, 
10, 9, 8, 32, 31, 11, 6, 7, 5, 30, 29, 27, 28, 2, 3, 1, 36, 37, 38, 39, 42, 40, 41, 26, 24, 25, 21, 23, 22, 35, 0, 4, 15, 18, 19, 20, 16, 17, 13, 34, 33, 12, 14, 
5, 7, 30, 29, 27, 28, 2, 3, 1, 36, 37, 38, 39, 42, 40, 41, 26, 24, 25, 21, 23, 22, 35, 0, 4, 15, 18, 19, 20, 16, 17, 13, 34, 33, 12, 14, 10, 11, 31, 32, 8, 9, 6, 
5, 30, 29, 27, 28, 2, 3, 1, 36, 37, 38, 39, 42, 40, 41, 26, 24, 25, 21, 23, 22, 35, 0, 4, 15, 18, 19, 20, 16, 17, 13, 34, 33, 12, 14, 10, 11, 31, 32, 8, 9, 6, 7, 
2, 3, 1, 36, 37, 38, 39, 42, 40, 41, 26, 24, 25, 21, 23, 22, 35, 0, 4, 15, 18, 19, 20, 16, 17, 13, 34, 33, 12, 14, 10, 11, 31, 32, 8, 9, 6, 7, 5, 30, 29, 27, 28, 
2, 3, 1, 36, 37, 38, 39, 42, 40, 41, 26, 24, 25, 21, 23, 22, 35, 0, 4, 15, 16, 19, 20, 18, 17, 13, 34, 33, 12, 14, 10, 11, 31, 32, 8, 9, 6, 5, 7, 30, 29, 27, 28, 
34, 33, 12, 14, 10, 9, 8, 32, 31, 11, 6, 7, 5, 30, 29, 27, 28, 2, 3, 1, 36, 37, 38, 39, 42, 40, 41, 26, 24, 25, 21, 23, 22, 35, 0, 4, 15, 18, 19, 20, 16, 17, 13, 
27, 28, 2, 3, 1, 36, 37, 38, 39, 42, 40, 41, 26, 24, 25, 21, 23, 22, 35, 0, 4, 15, 18, 19, 20, 16, 17, 13, 34, 33, 12, 14, 10, 11, 31, 32, 8, 9, 6, 7, 5, 30, 29, 
17, 13, 34, 33, 12, 14, 10, 11, 31, 32, 8, 9, 6, 5, 7, 30, 29, 27, 28, 2, 3, 1, 36, 37, 38, 39, 42, 40, 41, 26, 24, 25, 21, 23, 22, 35, 0, 4, 15, 18, 19, 20, 16, 
34, 33, 12, 14, 10, 11, 31, 32, 8, 9, 6, 7, 5, 30, 29, 27, 28, 2, 3, 1, 36, 37, 38, 39, 42, 40, 41, 26, 24, 25, 21, 23, 22, 35, 0, 4, 15, 16, 19, 20, 18, 17, 13, 
6, 7, 5, 30, 29, 27, 28, 2, 3, 1, 36, 37, 38, 39, 42, 40, 41, 26, 24, 25, 21, 23, 22, 35, 0, 4, 15, 18, 19, 20, 16, 17, 13, 34, 33, 12, 14, 10, 9, 8, 32, 31, 11, 
38, 39, 42, 40, 41, 26, 24, 25, 21, 23, 22, 35, 0, 4, 15, 18, 19, 20, 16, 17, 13, 34, 33, 12, 14, 10, 11, 31, 32, 8, 9, 6, 7, 5, 30, 29, 27, 28, 2, 3, 1, 36, 37, 
27, 28, 2, 3, 1, 36, 37, 38, 39, 42, 40, 41, 26, 24, 25, 21, 23, 22, 35, 0, 4, 15, 18, 19, 20, 16, 17, 13, 34, 33, 12, 14, 10, 11, 31, 32, 8, 9, 6, 7, 5, 30, 29, 
30, 29, 27, 28, 2, 3, 1, 36, 37, 38, 39, 42, 40, 41, 26, 24, 25, 21, 23, 22, 35, 0, 4, 15, 18, 19, 20, 16, 17, 13, 34, 33, 12, 14, 10, 11, 31, 32, 8, 9, 6, 5, 7, 
19, 20, 16, 17, 13, 34, 33, 12, 14, 10, 11, 31, 32, 8, 9, 6, 7, 5, 30, 29, 27, 28, 2, 3, 1, 36, 37, 38, 39, 42, 40, 41, 26, 24, 25, 21, 23, 22, 35, 0, 4, 15, 18, 
32, 8, 9, 6, 7, 5, 30, 29, 27, 28, 2, 3, 1, 36, 37, 38, 39, 42, 40, 41, 26, 24, 25, 21, 23, 22, 35, 0, 4, 15, 18, 19, 20, 16, 17, 13, 34, 33, 12, 14, 10, 11, 31, 
26, 24, 25, 21, 23, 22, 35, 0, 4, 15, 18, 19, 20, 16, 17, 13, 34, 33, 12, 14, 10, 11, 31, 32, 8, 9, 6, 7, 5, 30, 29, 27, 28, 2, 3, 1, 36, 37, 38, 39, 42, 40, 41, 
33, 12, 14, 10, 11, 31, 32, 8, 9, 6, 7, 5, 30, 29, 27, 28, 2, 3, 1, 36, 37, 38, 39, 42, 40, 41, 26, 24, 25, 21, 23, 22, 35, 0, 4, 15, 18, 19, 20, 16, 17, 13, 34, 
25, 21, 23, 22, 35, 0, 4, 15, 18, 19, 20, 16, 17, 13, 34, 33, 12, 14, 10, 11, 31, 32, 8, 9, 6, 7, 5, 30, 29, 27, 28, 2, 3, 1, 36, 37, 38, 39, 42, 40, 41, 26, 24, 
0, 35, 22, 23, 21, 25, 24, 26, 41, 40, 42, 39, 38, 37, 36, 1, 3, 2, 28, 27, 29, 30, 5, 7, 6, 11, 31, 32, 8, 9, 10, 14, 12, 33, 34, 13, 17, 16, 20, 19, 18, 15, 4, 
6, 9, 8, 32, 31, 11, 10, 14, 12, 33, 34, 13, 17, 16, 20, 19, 18, 15, 4, 0, 35, 23, 22, 21, 25, 24, 26, 41, 40, 42, 39, 38, 37, 36, 1, 3, 2, 28, 27, 29, 30, 5, 7, 
20, 19, 18, 15, 4, 0, 35, 23, 22, 21, 25, 24, 26, 41, 40, 42, 39, 38, 37, 36, 1, 3, 2, 28, 27, 29, 30, 5, 7, 6, 9, 8, 32, 31, 11, 10, 14, 12, 33, 34, 13, 17, 16, 
15, 4, 0, 35, 23, 22, 21, 25, 24, 26, 41, 40, 42, 39, 38, 37, 36, 1, 3, 2, 28, 27, 29, 30, 5, 7, 6, 9, 8, 32, 31, 11, 10, 14, 12, 33, 34, 13, 17, 16, 20, 19, 18, 
25, 24, 26, 41, 40, 42, 39, 38, 37, 36, 1, 3, 2, 28, 27, 29, 30, 7, 5, 6, 9, 8, 32, 31, 11, 10, 14, 12, 33, 34, 13, 17, 16, 20, 19, 18, 15, 4, 0, 35, 22, 23, 21, 
34, 13, 17, 16, 20, 19, 18, 15, 4, 0, 35, 22, 23, 21, 25, 24, 26, 41, 40, 42, 39, 38, 37, 36, 1, 3, 2, 28, 27, 29, 30, 7, 5, 6, 9, 8, 32, 31, 11, 10, 14, 12, 33, 
36, 1, 3, 2, 28, 27, 29, 30, 5, 7, 6, 9, 8, 32, 31, 11, 10, 14, 12, 33, 34, 13, 17, 16, 20, 19, 18, 15, 4, 0, 35, 22, 23, 21, 25, 24, 26, 41, 40, 42, 39, 38, 37, 
39, 38, 37, 36, 1, 3, 2, 28, 27, 29, 30, 5, 7, 6, 9, 8, 32, 31, 11, 10, 14, 12, 33, 34, 13, 17, 18, 20, 19, 16, 15, 4, 0, 35, 22, 23, 21, 25, 24, 26, 41, 40, 42, 
6, 9, 8, 32, 31, 11, 10, 14, 12, 33, 34, 13, 17, 16, 20, 19, 18, 15, 4, 0, 35, 23, 22, 21, 25, 24, 26, 41, 40, 42, 39, 38, 37, 36, 1, 3, 2, 28, 27, 29, 30, 5, 7, 
11, 10, 14, 12, 33, 34, 13, 17, 16, 20, 19, 18, 15, 4, 0, 35, 22, 23, 21, 25, 24, 26, 41, 40, 42, 39, 38, 37, 36, 1, 3, 2, 28, 27, 29, 30, 5, 7, 6, 9, 8, 32, 31, 
1, 3, 2, 28, 27, 29, 30, 7, 5, 6, 9, 8, 32, 31, 11, 10, 14, 12, 33, 34, 13, 17, 16, 20, 19, 18, 15, 4, 0, 35, 22, 23, 21, 25, 24, 26, 41, 40, 42, 39, 38, 37, 36, 
15, 4, 0, 35, 22, 23, 21, 25, 24, 26, 41, 40, 42, 39, 38, 37, 36, 1, 3, 2, 28, 27, 29, 30, 5, 7, 6, 9, 8, 32, 31, 11, 10, 14, 12, 33, 34, 13, 17, 18, 20, 19, 16, 
26, 41, 40, 42, 39, 38, 37, 36, 1, 3, 2, 28, 27, 29, 30, 7, 5, 6, 9, 8, 32, 31, 11, 10, 14, 12, 33, 34, 13, 17, 16, 20, 19, 18, 15, 4, 0, 35, 22, 23, 21, 25, 24, 
27, 29, 30, 5, 7, 6, 9, 8, 32, 31, 11, 10, 14, 12, 33, 34, 13, 17, 16, 20, 19, 18, 15, 4, 0, 35, 23, 22, 21, 25, 24, 26, 41, 40, 42, 39, 38, 37, 36, 1, 3, 2, 28, 
24, 26, 41, 40, 42, 39, 38, 37, 36, 1, 3, 2, 28, 27, 29, 30, 7, 5, 6, 9, 8, 32, 31, 11, 10, 14, 12, 33, 34, 13, 17, 16, 20, 19, 18, 15, 4, 0, 35, 22, 23, 21, 25, 
29, 30, 5, 7, 6, 9, 8, 32, 31, 11, 10, 14, 12, 33, 34, 13, 17, 16, 20, 19, 18, 15, 4, 0, 35, 22, 23, 21, 25, 24, 26, 41, 40, 42, 39, 38, 37, 36, 1, 3, 2, 28, 27, 
20, 19, 18, 15, 4, 0, 35, 22, 23, 21, 25, 24, 26, 41, 40, 42, 39, 38, 37, 36, 1, 3, 2, 28, 27, 29, 30, 5, 7, 6, 9, 8, 32, 31, 11, 10, 14, 12, 33, 34, 13, 17, 16, 
13, 17, 16, 20, 19, 18, 15, 4, 0, 35, 22, 23, 21, 25, 24, 26, 41, 40, 42, 39, 38, 37, 36, 1, 3, 2, 28, 27, 29, 30, 7, 5, 6, 9, 8, 32, 31, 11, 10, 14, 12, 33, 34, 
20, 19, 18, 15, 4, 0, 35, 22, 23, 21, 25, 24, 26, 41, 40, 42, 39, 38, 37, 36, 1, 3, 2, 28, 27, 29, 30, 7, 5, 6, 9, 8, 32, 31, 11, 10, 14, 12, 33, 34, 13, 17, 16, 
34, 13, 17, 16, 20, 19, 18, 15, 4, 0, 35, 22, 23, 21, 25, 24, 26, 41, 40, 42, 39, 38, 37, 36, 1, 3, 2, 28, 27, 29, 30, 5, 7, 6, 9, 8, 32, 31, 11, 10, 14, 12, 33, 
3, 2, 28, 27, 29, 30, 7, 5, 6, 9, 8, 32, 31, 11, 10, 14, 12, 33, 34, 13, 17, 16, 20, 19, 18, 15, 4, 0, 35, 23, 22, 21, 25, 24, 26, 41, 40, 42, 39, 38, 37, 36, 1, 
18, 15, 4, 0, 35, 22, 23, 21, 25, 24, 26, 41, 40, 42, 39, 38, 37, 36, 1, 3, 2, 28, 27, 29, 30, 7, 5, 6, 9, 8, 32, 31, 11, 10, 14, 12, 33, 34, 13, 17, 16, 20, 19, 
24, 26, 41, 40, 42, 39, 38, 37, 36, 1, 3, 2, 28, 27, 29, 30, 7, 5, 6, 9, 8, 32, 31, 11, 10, 14, 12, 33, 34, 13, 17, 16, 20, 19, 18, 15, 4, 0, 35, 22, 23, 21, 25, 
21, 25, 24, 26, 41, 40, 42, 39, 38, 37, 36, 1, 3, 2, 28, 27, 29, 30, 5, 7, 6, 9, 8, 32, 31, 11, 10, 14, 12, 33, 34, 13, 17, 16, 20, 19, 18, 15, 4, 0, 35, 23, 22, 
38, 37, 36, 1, 3, 2, 28, 27, 29, 30, 7, 5, 6, 9, 8, 32, 31, 11, 10, 14, 12, 33, 34, 13, 17, 16, 20, 19, 18, 15, 4, 0, 35, 22, 23, 21, 25, 24, 26, 41, 40, 42, 39, 
11, 10, 14, 12, 33, 34, 13, 17, 16, 20, 19, 18, 15, 4, 0, 35, 22, 23, 21, 25, 24, 26, 41, 40, 42, 39, 38, 37, 36, 1, 3, 2, 28, 27, 29, 30, 7, 5, 6, 9, 8, 32, 31, 
27, 29, 30, 7, 5, 6, 9, 8, 32, 31, 11, 10, 14, 12, 33, 34, 13, 17, 16, 20, 19, 18, 15, 4, 0, 35, 22, 23, 21, 25, 24, 26, 41, 40, 42, 39, 38, 37, 36, 1, 3, 2, 28, 
8, 32, 31, 11, 10, 14, 12, 33, 34, 13, 17, 16, 20, 19, 18, 15, 4, 0, 35, 22, 23, 21, 25, 24, 26, 41, 40, 42, 39, 38, 37, 36, 1, 3, 2, 28, 27, 29, 30, 5, 7, 6, 9, 
41, 40, 42, 39, 38, 37, 36, 1, 3, 2, 28, 27, 29, 30, 5, 7, 6, 9, 8, 32, 31, 11, 10, 14, 12, 33, 34, 13, 17, 16, 20, 19, 18, 15, 4, 0, 35, 23, 22, 21, 25, 24, 26, 
42, 39, 38, 37, 36, 1, 3, 2, 28, 27, 29, 30, 7, 5, 6, 9, 8, 32, 31, 11, 10, 14, 12, 33, 34, 13, 17, 16, 20, 19, 18, 15, 4, 0, 35, 22, 23, 21, 25, 24, 26, 41, 40, 
27, 29, 30, 7, 5, 6, 9, 8, 32, 31, 11, 10, 14, 12, 33, 34, 13, 17, 16, 20, 19, 18, 15, 4, 0, 35, 22, 23, 21, 25, 24, 26, 41, 40, 42, 39, 38, 37, 36, 1, 3, 2, 28, 
29, 30, 7, 5, 6, 9, 8, 32, 31, 11, 10, 14, 12, 33, 34, 13, 17, 16, 20, 19, 18, 15, 4, 0, 35, 22, 23, 21, 25, 24, 26, 41, 40, 42, 39, 38, 37, 36, 1, 3, 2, 28, 27, 
30, 5, 7, 6, 9, 8, 32, 31, 11, 10, 14, 12, 33, 34, 13, 17, 16, 20, 19, 18, 15, 4, 0, 35, 22, 23, 21, 25, 24, 26, 41, 40, 42, 39, 38, 37, 36, 1, 3, 2, 28, 27, 29, 
41, 40, 42, 39, 38, 37, 36, 1, 3, 2, 28, 27, 29, 30, 5, 7, 6, 9, 8, 32, 31, 11, 10, 14, 12, 33, 34, 13, 17, 16, 20, 19, 18, 15, 4, 0, 35, 22, 23, 21, 25, 24, 26, 
31, 11, 32, 14, 12, 33, 34, 13, 17, 16, 20, 19, 18, 15, 4, 0, 35, 22, 23, 21, 25, 24, 26, 41, 40, 42, 39, 38, 37, 36, 1, 3, 2, 28, 27, 29, 30, 5, 7, 6, 9, 8, 10, 
25, 24, 26, 41, 40, 42, 39, 38, 37, 36, 1, 3, 2, 28, 27, 29, 30, 5, 7, 6, 9, 8, 32, 31, 11, 10, 14, 12, 33, 34, 13, 17, 16, 20, 19, 18, 15, 4, 0, 35, 22, 21, 23, 
8, 32, 31, 11, 10, 9, 12, 33, 34, 13, 17, 16, 20, 19, 18, 15, 4, 0, 35, 22, 23, 21, 25, 24, 26, 41, 40, 42, 39, 38, 37, 36, 1, 3, 2, 28, 27, 29, 30, 5, 7, 6, 14, 
14, 10, 11, 31, 32, 8, 27, 6, 7, 5, 30, 29, 9, 28, 2, 3, 1, 36, 37, 38, 39, 42, 40, 41, 26, 24, 25, 21, 22, 23, 35, 0, 4, 15, 18, 19, 20, 16, 17, 13, 34, 33, 12, 
14, 10, 11, 31, 32, 8, 9, 6, 7, 5, 30, 29, 27, 28, 2, 3, 1, 36, 37, 38, 41, 42, 40, 39, 26, 24, 25, 21, 22, 23, 35, 0, 4, 15, 18, 19, 20, 16, 17, 13, 34, 33, 12, 
38, 37, 36, 1, 3, 2, 28, 27, 29, 30, 5, 7, 6, 9, 8, 32, 31, 11, 15, 14, 12, 33, 34, 13, 17, 16, 20, 19, 18, 10, 4, 0, 35, 22, 23, 21, 25, 24, 26, 41, 40, 42, 39, 
1, 3, 2, 28, 27, 29, 30, 5, 7, 6, 9, 8, 32, 31, 11, 10, 12, 33, 34, 13, 17, 16, 20, 19, 18, 15, 4, 0, 35, 22, 23, 21, 25, 24, 26, 41, 40, 42, 39, 38, 37, 36, 14, 
0, 4, 15, 18, 19, 20, 16, 17, 1, 34, 33, 12, 14, 10, 11, 31, 32, 8, 9, 6, 7, 5, 30, 29, 27, 28, 2, 3, 13, 36, 37, 38, 39, 42, 40, 41, 26, 24, 25, 21, 23, 22, 35, 
16, 20, 19, 18, 15, 4, 0, 35, 22, 23, 21, 25, 24, 26, 41, 40, 42, 39, 38, 37, 29, 1, 3, 2, 28, 27, 36, 30, 5, 7, 6, 9, 8, 32, 31, 11, 10, 14, 12, 33, 34, 13, 17, 
34, 33, 12, 14, 10, 11, 31, 32, 8, 9, 6, 7, 5, 30, 29, 27, 28, 2, 3, 1, 36, 37, 38, 39, 42, 40, 41, 26, 24, 25, 21, 22, 23, 35, 0, 4, 15, 18, 17, 13, 19, 20, 16, 
22, 35, 0, 4, 15, 18, 19, 20, 29, 17, 13, 34, 33, 12, 14, 10, 11, 31, 32, 8, 9, 6, 7, 5, 30, 16, 27, 28, 2, 3, 1, 36, 37, 38, 39, 42, 40, 41, 26, 24, 25, 21, 23, 
33, 34, 13, 17, 16, 20, 19, 18, 15, 4, 0, 35, 22, 23, 21, 25, 24, 26, 41, 40, 42, 39, 38, 37, 36, 1, 3, 2, 8, 27, 29, 30, 5, 7, 6, 9, 28, 32, 31, 11, 10, 14, 12, 
8, 32, 31, 37, 10, 14, 12, 33, 34, 13, 17, 16, 20, 19, 18, 15, 4, 0, 35, 22, 23, 21, 25, 24, 26, 41, 40, 42, 39, 38, 11, 36, 1, 3, 2, 28, 27, 29, 30, 5, 7, 6, 9, 
5, 7, 6, 11, 8, 32, 31, 9, 10, 14, 12, 33, 34, 13, 36, 16, 20, 19, 18, 15, 4, 0, 35, 22, 23, 21, 25, 24, 26, 41, 40, 42, 39, 38, 37, 17, 1, 3, 2, 28, 27, 29, 30, 
8, 17, 31, 11, 10, 14, 12, 33, 34, 13, 32, 16, 20, 19, 18, 15, 4, 0, 35, 22, 23, 21, 25, 24, 26, 41, 40, 42, 39, 38, 37, 36, 1, 3, 2, 28, 27, 29, 30, 5, 7, 6, 9, 
7, 19, 20, 18, 17, 13, 34, 33, 12, 14, 10, 11, 31, 32, 8, 9, 6, 16, 5, 28, 29, 27, 30, 2, 3, 1, 36, 37, 38, 39, 42, 40, 41, 26, 24, 25, 21, 23, 22, 35, 0, 4, 15, 
18, 15, 4, 0, 35, 22, 23, 21, 25, 24, 12, 41, 40, 42, 39, 38, 37, 36, 1, 3, 2, 28, 27, 29, 30, 5, 7, 6, 9, 8, 32, 31, 11, 10, 14, 26, 33, 34, 13, 17, 16, 20, 19, 
0, 35, 22, 23, 21, 25, 24, 26, 41, 40, 42, 39, 38, 37, 36, 1, 3, 2, 28, 27, 29, 30, 7, 5, 6, 9, 8, 32, 16, 11, 10, 14, 12, 33, 34, 13, 17, 31, 20, 19, 18, 15, 4, 
30, 29, 27, 28, 2, 3, 1, 36, 37, 38, 39, 42, 40, 41, 26, 23, 25, 21, 24, 22, 35, 0, 4, 15, 18, 19, 20, 16, 17, 13, 34, 33, 12, 14, 10, 11, 31, 32, 8, 9, 6, 7, 5, 
5, 7, 6, 11, 8, 32, 31, 9, 10, 14, 12, 33, 34, 13, 17, 16, 20, 19, 18, 15, 4, 0, 35, 22, 23, 21, 30, 24, 26, 41, 40, 42, 39, 38, 37, 36, 1, 3, 2, 28, 27, 29, 25, 
32, 35, 22, 23, 21, 25, 24, 26, 41, 40, 42, 39, 38, 37, 36, 1, 3, 2, 28, 27, 29, 30, 5, 7, 6, 9, 8, 11, 10, 14, 12, 33, 34, 13, 17, 16, 20, 19, 18, 15, 4, 0, 31, 
30, 29, 23, 28, 2, 3, 1, 36, 37, 38, 39, 42, 40, 41, 26, 24, 25, 21, 27, 22, 35, 0, 4, 15, 18, 19, 20, 16, 17, 13, 34, 33, 12, 14, 10, 11, 31, 32, 8, 9, 6, 5, 7, 
42, 40, 41, 26, 24, 25, 21, 23, 22, 35, 0, 4, 15, 18, 19, 20, 27, 17, 13, 34, 33, 12, 14, 10, 11, 31, 32, 8, 9, 6, 7, 5, 30, 29, 16, 28, 2, 3, 1, 36, 37, 38, 39, 
13, 34, 33, 12, 14, 10, 11, 31, 32, 8, 9, 6, 23, 7, 30, 29, 27, 28, 2, 3, 36, 1, 37, 38, 39, 42, 40, 41, 26, 24, 25, 21, 5, 22, 35, 0, 4, 15, 18, 19, 20, 16, 17, 
0, 35, 22, 11, 21, 25, 24, 26, 41, 40, 42, 39, 38, 37, 36, 23, 3, 2, 28, 27, 15, 30, 5, 7, 6, 9, 8, 32, 31, 1, 10, 14, 12, 33, 34, 13, 17, 16, 20, 19, 18, 29, 4, 
42, 40, 41, 26, 24, 25, 21, 23, 8, 35, 0, 4, 15, 18, 19, 20, 16, 17, 13, 34, 33, 12, 14, 10, 11, 31, 32, 22, 9, 6, 5, 7, 30, 29, 27, 28, 2, 3, 1, 36, 37, 38, 39, 
16, 17, 13, 34, 33, 12, 14, 10, 11, 31, 32, 8, 9, 6, 7, 5, 30, 29, 27, 28, 2, 3, 1, 36, 37, 38, 39, 42, 40, 41, 22, 24, 25, 21, 23, 26, 35, 0, 4, 15, 18, 19, 20, 
18, 19, 20, 16, 17, 13, 34, 33, 12, 14, 10, 11, 31, 32, 8, 9, 6, 3, 7, 24, 29, 27, 28, 2, 5, 1, 36, 37, 38, 39, 42, 40, 41, 26, 22, 25, 21, 35, 30, 23, 0, 4, 15, 
24, 25, 21, 22, 23, 35, 0, 4, 15, 1, 19, 20, 16, 17, 13, 34, 33, 12, 14, 10, 11, 31, 32, 8, 9, 6, 7, 5, 30, 29, 27, 28, 2, 3, 18, 36, 37, 38, 39, 42, 40, 41, 26, 
12, 14, 10, 11, 31, 32, 8, 9, 6, 5, 7, 30, 29, 27, 28, 20, 3, 1, 36, 37, 38, 39, 42, 40, 41, 26, 24, 25, 21, 23, 22, 35, 0, 4, 15, 18, 19, 2, 16, 17, 13, 34, 33, 
36, 37, 38, 39, 42, 40, 41, 26, 24, 25, 21, 22, 7, 35, 30, 4, 15, 18, 19, 20, 17, 16, 13, 34, 33, 12, 14, 10, 11, 31, 32, 8, 9, 6, 23, 5, 0, 29, 27, 28, 2, 3, 1, 
42, 40, 41, 26, 24, 25, 21, 23, 22, 35, 0, 4, 15, 18, 19, 20, 16, 17, 13, 34, 33, 12, 14, 10, 9, 6, 7, 5, 30, 29, 27, 28, 2, 3, 1, 36, 37, 38, 39, 31, 11, 32, 8, 
42, 39, 38, 37, 36, 1, 3, 2, 28, 27, 29, 30, 5, 6, 9, 8, 32, 31, 11, 10, 14, 12, 33, 34, 13, 17, 16, 20, 19, 18, 15, 4, 0, 35, 22, 23, 21, 25, 24, 26, 41, 40, 7, 
38, 37, 36, 1, 3, 2, 28, 27, 29, 30, 5, 7, 6, 9, 8, 32, 31, 11, 10, 14, 12, 33, 34, 13, 17, 16, 20, 19, 18, 15, 4, 0, 35, 22, 21, 25, 24, 26, 41, 40, 42, 39, 23, 
0, 4, 15, 18, 19, 20, 38, 17, 13, 34, 33, 12, 14, 10, 11, 31, 32, 8, 9, 6, 7, 5, 30, 29, 27, 28, 2, 3, 1, 36, 37, 16, 39, 42, 40, 41, 26, 24, 25, 21, 23, 22, 35, 
0, 4, 15, 18, 19, 20, 16, 17, 13, 34, 33, 12, 14, 10, 11, 31, 32, 8, 9, 6, 7, 5, 30, 29, 27, 28, 2, 3, 1, 36, 37, 38, 39, 42, 40, 25, 26, 24, 41, 21, 23, 22, 35, 
Tiempo de ejecucion (total): 19.809
Best fitness a lo largo del tiempo: 
17140, 11779, 11705, 6449, 6410, 6331, 6196, 6163, 6129, 6058, 6022, 5971, 5971, 5963, 5922, 5922, 5900, 5894, 5866, 5866, 5866, 5860, 5858, 5849, 5849, 5843, 5839, 5827, 5806, 5802, 5800, 5798, 5786, 5782, 5782, 5776, 5776, 5770, 5762, 5762, 5762, 5756, 5756, 5756, 5756, 5756, 5752, 5751, 5751, 5750, 5750, 5748, 5736, 5736, 5732, 5728, 5728, 5728, 5726, 5726, 5726, 5716, 5716, 5716, 5716, 5716, 5715, 5715, 5715, 5715, 5715, 5708, 5708, 5708, 5708, 5708, 5680, 5680, 5680, 5680, 5680, 5680, 5674, 5674, 5674, 5674, 5672, 5672, 5672, 5672, 5666, 5666, 5666, 5666, 5666, 5666, 5666, 5666, 5664, 5664, 5664, 5664, 5664, 5664, 5664, 5664, 5664, 5662, 5662, 5662, 5662, 5662, 5658, 5658, 5658, 5658, 5656, 5656, 5656, 5656, 5656, 5656, 5656, 5656, 5656, 5656, 5656, 5656, 5656, 5656, 5656, 5656, 5656, 5656, 5655, 5655, 5655, 5655, 5655, 5655, 5655, 5655, 5655, 5655, 5655, 5655, 5655, 5655, 5655, 5655, 5655, 5655, 5655, 5655, 5655, 5655, 5655, 5655, 5655, 5655, 5655, 5655, 5655, 5655, 5655, 5655, 5655, 5653, 5653, 5653, 5653, 5653, 5653, 5653, 5653, 5653, 5653, 5653, 5653, 5653, 5653, 5653, 5653, 5653, 5653, 5653, 5653, 5653, 5653, 5649, 5649, 5649, 5649, 5649, 5649, 5649, 5649, 5649, 5649, 5649, 5649, 5649, 5649, 5649, 5649, 5649, 5649, 5649, 5649, 5649, 5649, 5649, 5649, 5649, 5649, 5649, 5649, 5649, 5649, 5649, 5649, 5649, 5649, 5649, 5649, 5649, 5649, 5649, 5649, 5649, 5649, 5649, 5649, 5649, 5649, 5649, 5649, 5649, 5649, 5649, 5649, 5649, 5649, 5649, 5649, 5649, 5649, 5649, 5649, 5649, 5649, 5649, 5649, 5649, 5649, 5649, 5649, 5649, 5649, 5649, 5649, 5649, 5649, 5649, 5649, 5649, 5649, 5649, 5649, 5649, 5649, 5649, 5649, 5649, 5649, 5649, 5649, 5649, 5649, 5649, 5649, 5649, 5649, 5649, 5649, 5649, 5649, 5649, 5649, 5649, 5649, 5649, 5649, 5649, 5649, 5649, 5649, 5649, 5649, 5649, 5649, 5649, 5649, 5649, 5649, 5649, 5649, 5649, 5649, 5649, 5649, 5649, 5649, 5649, 5649, 5649, 5649, 5649, 5649, 5649, 5649, 5649, 5649, 5649, 5649, 5649, 5649, 5649, 5649, 5649, 5649, 5649, 5649, 5649, 5649, 5649, 5649, 5649, 5649, 5649, 5649, 5649, 5649, 5649, 5649, 5649, 5649, 5649, 5649, 5649, 5649, 5649, 5649, 5649, 5649, 5649, 5649, 5649, 5649, 5649, 5649, 5649, 5649, 5649, 5649, 5649, 5649, 5649, 5649, 5649, 5649, 5649, 5644, 5644, 5644, 5644, 5644, 5644, 5644, 5644, 5644, 5644, 5644, 5644, 5644, 5644, 5644, 5644, 5644, 5644, 5644, 5644, 5644, 5644, 5644, 5644, 5643, 5643, 5643, 5643, 5625, 5625, 5625, 5625, 5625, 5625, 5625, 5625, 5625, 5625, 5625, 5625, 5625, 5625, 5625, 5625, 5625, 5625, 5625, 5625, 5625, 5625, 5625, 5625, 5625, 5625, 5625, 5625, 5625, 5625, 5625, 5625, 5625, 5625, 5625, 5625, 5625, 5625, 5625, 5625, 5625, 5625, 5625, 5625, 5625, 5625, 5625, 5625, 5625, 5625, 5625, 5625, 5625, 5625, 5625, 5625, 5625, 5625, 5625, 5625, 5625, 5625, 5625, 5625, 5625, 5625, 5625, 5625, 5625, 5625, 5625, 5625, 5625, 5625, 5625, 5625, 5625, 5625, 5625, 5625, 5625, 5625, 5625, 5625, 5625, 5625, 5625, 5625, 5625, 5625, 5625, 5625, 5625, 5625, 5625, 5625, 5625, 5625, 5625, 5625, 5625, 5625, 5625, 5625, 5625, 5625, 5625, 5625, 5625, 5625, 5625, 5625, 5625, 5625, 5625, 5625, 5625, 5625, 5625, 5625, 5625, 5625, 5625, 5625, 5625, 5625, 5625, 5625, 5625, 5625, 5625, 5625, 5625, 5625, 5625, 5625, 5625, 5625, 5625, 5625, 5625, 5625, 5625, 5625, 5625, 5625, 5625, 5625, 5625, 5625, 5625, 5625, 5625, 5625, 5625, 5625, 5625, 5625, 5625, 5625, 5625, 5625, 5625, 5625, 5625, 5625, 5625, 5625, 5625, 5625, 5625, 5625, 5625, 5625, 5625, 5625, 5625, 5625, 5625, 5625, 5625, 5625, 5625, 5625, 5625, 5625, 5625, 5625, 5625, 5625, 5625, 5625, 5625, 5625, 5625, 5625, 5625, 5625, 5625, 5625, 5625, 5625, 5625, 5625, 5625, 5625, 5625, 5625, 5625, 5625, 5625, 5625, 5625, 5625, 5625, 5625, 5625, 5625, 5625, 5625, 5625, 5625, 5625, 5625, 5625, 5625, 5625, 5625, 5625, 5625, 5625, 5625, 5625, 5625, 5625, 5625, 5625, 5625, 5625, 5625, 5625, 5625, 5625, 5625, 5625, 5625, 5625, 5625, 5625, 5625, 5625, 5625, 5625, 5625, 5625, 5625, 5625, 5625, 5625, 5625, 5625, 5625, 5625, 5625, 5625, 5625, 5625, 5625, 5625, 5625, 5625, 5625, 5625, 5625, 5625, 5625, 5625, 5625, 5625, 5625, 5625, 5625, 5625, 5625, 5625, 5625, 5625, 5625, 5625, 5625, 5625, 5625, 5625, 5625, 5625, 5625, 5625, 5625, 5625, 5625, 5625, 5625, 5625, 5625, 5625, 5625, 5625, 5625, 5625, 5625, 5625, 5625, 5625, 5625, 5625, 5625, 5625, 5625, 5625, 5625, 5625, 5625, 5625, 5625, 5625, 5625, 5625, 5625, 5625, 5625, 5625, 5625, 5625, 5625, 5625, 5625, 5625, 5625, 5625, 5625, 5625, 5625, 5625, 5625, 5625, 5625, 5625, 5625, 5625, 5625, 5625, 5625, 5625, 5625, 5625, 5625, 5625, 5625, 5625, 5625, 5625, 5625, 5625, 5625, 5625, 5625, 5625, 5625, 5625, 5625, 5625, 5625, 5625, 5625, 5625, 5625, 5625, 5625, 5625, 5625, 5625, 5625, 5625, 5625, 5625, 5625, 5625, 5625, 5625, 5625, 5625, 5625, 5625, 5625, 5625, 5625, 5625, 5625, 5625, 5625, 5625, 5625, 5625, 5625, 5625, 5625, 5625, 5625, 5625, 5625, 5625, 5625, 5625, 5625, 5625, 5625, 5625, 5625, 5625, 5625, 5625, 5625, 5625, 5625, 5625, 5625, 5625, 5625, 5625, 5625, 5625, 5625, 5625, 5625, 5625, 5625, 5625, 5625, 5625, 5625, 5625, 5625, 5625, 5625, 5625, 5625, 5625, 5625, 5625, 5625, 5625, 5625, 5625, 5625, 5625, 5625, 5625, 5625, 5625, 5625, 5625, 5625, 5625, 5625, 5625, 5625, 5625, 5625, 5625, 5625, 5625, 5625, 5625, 5625, 5625, 5625, 5625, 5625, 5625, 5625, 5625, 5625, 5625, 5625, 5625, 5625, 5625, 5625, 5625, 5625, 5625, 5625, 5625, 5625, 5625, 5625, 5625, 5625, 5625, 5625, 5625, 5625, 5625, 5625, 5625, 5625, 5625, 5625, 5625, 5625, 5625, 5625, 5625, 5625, 5625, 5625, 5625, 5625, 5625, 5625, 5625, 5625, 5625, 5625, 5625, 5625, 5625, 5625, 5625, 5625, 5625, 5625, 5625, 5625, 5625, 5625, 5625, 5625, 5625, 5625, 5625, 5625, 5625, 5625, 5625, 5625, 5625, 5625, 5625, 5625, 5625, 5625, 5625, 5625, 5625, 5625, 5625, 5625, 5625, 5625, 5625, 5625, 5625, 5625, 5625, 5625, 5625, 5625, 5625, 5625, 5625, 5625, 5625, 5625, 5625, 5625, 5625, 5625, 5625, 5625, 5625, 5625, 5625, 5625, 5625, 5625, 5625, 5625, 5625, 5625, 5625, 5625, 5625, 5625, 5625, 5625, 5625, 5625, 5625, 5625, 5625, 5625, 5625, 5625, 5625, 5625, 5625, 5625, 5625, 5625, 5625, 5625, 5625, 5625, 5625, 5625, 5625, 5625, 5625, 5625, 5625, 5625, 5625, 5625, 5625, 5625, 5625, 5625, 5625, 5625, 5625, 5625, 5625, 5625, 5625, 5625, 5625, 5625, 5625, 5625, 5625, 5625, 5625, 5625, 5625, 5625, 5625, 5625, 5625, 5625, 5625, 5625, 5625, 5625, 5625, 5625, 5625, 5625, 5625, 5625, 5625, 5625, 5625, 5625, 5625, 5625, 5625, 5625, 5625, 5625, 5625, 5625, 5625, 5625, 5625, 5625, 5625, 5625, 5625, 5625, 5625, 5625, 5625, 5625, 5625, 5625, 5625, 5625, 5625, 5625, 5625, 5625, 5625, 5625, 5625, 5625, 5625, 5625, 5625, 5625, 5625, 5625, 5625, 5625, 5625, 5625, 5625, 5625, 5625, 5625, 5625, 5625, 5625, 5625, 5625, 5625, 5625, 5625, 5625, 5625, 5625, 5625, 5625, 5625, 5625, 5625, 5625, 5625, 5625, 5625, 5625, 5625, 5625, 5625, 5625, 5625, 5625, 5625, 5625, 5625, 5625, 5625, 5625, 5625, 5625, 5625, 5625, 5625, 5625, 5625, 5625, 5625, 5625, 5625, 5625, 5625, 5625, 5625, 5625, 5625, 5625, 5625, 5625, 5625, 5625, 5625, 5625, 5625, 5625, 5625, 5625, 5625, 5625, 5625, 5625, 5625, 5625, 5625, 5625, 5625, 5625, 5625, 5625, 5625, 5625, 5625, 5625, 5625, 5625, 5625, 5625, 5625, 5625, 5625, 5625, 5625, 5625, 5625, 5625, 5625, 5625, 5625, 5625, 5625, 5625, 5625, 5625, 5625, 5625, 5625, 5625, 5625, 5625, 5625, 5625, 5625, 5625, 5625, 5625, 5625, 5625, 5625, 5625, 5625, 5625, 5625, 5625, 5625, 5625, 5625, 5625, 5625, 5625, 5625, 5625, 5625, 5625, 5625, 5625, 5625, 5625, 5625, 5625, 5625, 5625, 5625, 5625, 5625, 5625, 5625, 5625, 5625, 5625, 5625, 5625, 5625, 5625, 5625, 5625, 5625, 5625, 5625, 5625, 5625, 5625, 5625, 5625, 5625, 5625, 5625, 5625, 5625, 5625, 5625, 5625, 5625, 5625, 5625, 5625, 5625, 5625, 5625, 5625, 5625, 5625, 5625, 5625, 5625, 5625, 5625, 5625, 5625, 5625, 5625, 5625, 5625, 5625, 5625, 5625, 5625, 5625, 5625, 5625, 5625, 5625, 5625, 5625, 5625, 5625, 5625, 5625, 5625, 5625, 5625, 5625, 5625, 5625, 5625, 5625, 5625, 5625, 5625, 5625, 5625, 5625, 5625, 5625, 5625, 5625, 5625, 5625, 5625, 5625, 5625, 5625, 5625, 5625, 5625, 5625, 5625, 5625, 5625, 5625, 5625, 5625, 5625, 5625, 5625, 5625, 5625, 5625, 5625, 5625, 5625, 5625, 5625, 5625, 5625, 5625, 5625, 5625, 5625, 5625, 5625, 5625, 5625, 5625, 5625, 5625, 5625, 5625, 5625, 5625, 5625, 5625, 5625, 5625, 5625, 5625, 5625, 5625, 5625, 5625, 5625, 5625, 5625, 5625, 5625, 5625, 5625, 5625, 5625, 5625, 5625, 5625, 5625, 5625, 5625, 5625, 5625, 5625, 5625, 5625, 5625, 5625, 5625, 5625, 5625, 5625, 5625, 5625, 5625, 5625, 5625, 5625, 5625, 5625, 5625, 5625, 5625, 5625, 5625, 5625, 5625, 5625, 5625, 5625, 5625, 5625, 5625, 5625, 5625, 5625, 5625, 5625, 5625, 5625, 5625, 5625, 5625, 5625, 5625, 5625, 5625, 5625, 5625, 5625, 5625, 5625, 5625, 5625, 5625, 5625, 5625, 5625, 5625, 5625, 5625, 5625, 5625, 5625, 5625, 5625, 5625, 5625, 5625, 5625, 5625, 5625, 5625, 5625, 5625, 5625, 5625, 5625, 5625, 5625, 5625, 5625, 5625, 5625, 5625, 5625, 5625, 5625, 5625, 5625, 5625, 5625, 5625, 5625, 5625, 5625, 5625, 5625, 5625, 5625, 5625, 5625, 5625, 5625, 5625, 5625, 5625, 5625, 5625, 5625, 5625, 5625, 5625, 5625, 5625, 5625, 5625, 5625, 5625, 5625, 5625, 5625, 5625, 5625, 5625, 5625, 5625, 5625, 5625, 5625, 5625, 5625, 5625, 5625, 5625, 5625, 5625, 5625, 5625, 5625, 5625, 5625, 5625, 5625, 5625, 5625, 5625, 5625, 5625, 5625, 5625, 5625, 5625, 5625, 5625, 5625, 5625, 5625, 5625, 5625, 5625, 5625, 5625, 5625, 5625, 5625, 5625, 5625, 5625, 5625, 5625, 5625, 5625, 5625, 5625, 5625, 5625, 5625, 5625, 5625, 5625, 5625, 5625, 5625, 5625, 5625, 5625, 5625, 5625, 5625, 5625, 5625, 5625, 5625, 5625, 5625, 5625, 5625, 5625, 5625, 5625, 5625, 5625, 5625, 5625, 5625, 5625, 5625, 5625, 5625, 5625, 5625, 5625, 5625, 5625, 5625, 5625, 5625, 5625, 5625, 5625, 5625, 5625, 5625, 5625, 5625, 5625, 5625, 5625, 5625, 5625, 5625, 5625, 5625, 5625, 5625, 5625, 5625, 5625, 5625, 5625, 5625, 5625, 5625, 5625, 5625, 5625, 5625, 5625, 5625, 5625, 5625, 5625, 5625, 5625, 5625, 5625, 5625, 5625, 5625, 5625, 5625, 5625, 5625, 5625, 5625, 5625, 5625, 5625, 5625, 5625, 5625, 5625, 5625, 5625, 5625, 5625, 5625, 5625, 5625, 5625, 5625, 5625, 5625, 5625, 5625, 5625, 5625, 5625, 5625, 5625, 5625, 5625, 5625, 5625, 5625, 5625, 5625, 5625, 5625, 5625, 5625, 5625, 5625, 5625, 5625, 5625, 5625, 5625, 5625, 5625, 5625, 5625, 5625, 5625, 5625, 5625, 5625, 5625, 5625, 5625, 5625, 5625, 5625, 5625, 5625, 5625, 5625, 5625, 5625, 5625, 5625, 5625, 5625, 5625, 5625, 5625, 5625, 5625, 5625, 5625, 5625, 5625, 5625, 5625, 5625, 5625, 5625, 5625, 5625, 5625, 5625, 5625, 5625, 5625, 5625, 5625, 5625, 5625, 5625, 5625, 5625, 5625, 5625, 5625, 5625, 5625, 5625, 5625, 5625, 5625, 5625, 5625, 5625, 5625, 5625, 5625, 5625, 5625, 5625, 5625, 5625, 5625, 5625, 5625, 5625, 5625, 5625, 5625, 5625, 5625, 5625, 5625, 5625, 5625, 5625, 5625, 5625, 5625, 5625, 5625, 5625, 5625, 5625, 5625, 5625, 5625, 5625, 5625, 5625, 5625, 5625, 5625, 5625, 5625, 5625, 5625, 5625, 5625, 5625, 5625, 5625, 5625, 5625, 5625, 5625, 5625, 5625, 5625, 5625, 5625, 5625, 5625, 5625, 5625, 5625, 5625, 5625, 5625, 5625, 5625, 5625, 5625, 5625, 5625, 5625, 5625, 5625, 5625, 5625, 5625, 5625, 5625, 5625, 5625, 5625, 5625, 5625, 5625, 5625, 5625, 5625, 5625, 5625, 5625, 5625, 5625, 5625, 5625, 5625, 5625, 5625, 5625, 5625, 5625, 5625, 5625, 5625, 5625, 5625, 5625, 5625, 5625, 5625, 5625, 5625, 5625, 5625, 5625, 5625, 5625, 5625, 5625, 5625, 5625, 5625, 5625, 5625, 5625, 5625, 5625, 5625, 5622, 5622, 5622, 5622, 5622, 5622, 5622, 5622, 5622, 5622, 5622, 5622, 5622, 5622, 5622, 5622, 5622, 5622, 5622, 5622, 5622, 5622, 5622, 5622, 5622, 5622, 5622, 5622, 5622, 5622, 5622, 5622, 5622, 5622, 5622, 5622, 5622, 5622, 5622, 5622, 5622, 5622, 5622, 5622, 5622, 5622, 5622, 5622, 5622, 5622, 5622, 5622, 5622, 5622, 5622, 5622, 5622, 5622, 5622, 5622, 5622, 5622, 5622, 5622, 5622, 5622, 5622, 5622, 5622, 5622, 5622, 5622, 5622, 5622, 5622, 5622, 5622, 5622, 5622, 5622, 5622, 5622, 5622, 5622, 5622, 5622, 5622, 5622, 5622, 5622, 5622, 5622, 5622, 5622, 5622, 5622, 5622, 5622, 5622, 5622, 5622, 5622, 5622, 5622, 5622, 5622, 5622, 5622, 5622, 5622, 5622, 5622, 5622, 5622, 5622, 5622, 5622, 5622, 5622, 5622, 5622, 5622, 5622, 5622, 5622, 5622, 5622, 5622, 5622, 5622, 5622, 5622, 5622, 5622, 5622, 5622, 5622, 5622, 5622, 5622, 5622, 5622, 5622, 5622, 5622, 5622, 5622, 5622, 5622, 5622, 5622, 5622, 5622, 5622, 5622, 5622, 5622, 5622, 5622, 5622, 5622, 5622, 5622, 5622, 5622, 5622, 5622, 5622, 5622, 5622, 5622, 5622, 5622, 5622, 5622, 5622, 5622, 5622, 5622, 5622, 5622, 5622, 5622, 5622, 5622, 5622, 5622, 5622, 5622, 5622, 5622, 5622, 5622, 5622, 5622, 5622, 5622, 5622, 5622, 5622, 5622, 5622, 5622, 5622, 5622, 5622, 5622, 5622, 5622, 5622, 5622, 5622, 5622, 5622, 5622, 5622, 5622, 5622, 5622, 5622, 5622, 5622, 5622, 5622, 5622, 5622, 5622, 5622, 5622, 5622, 5622, 5622, 5622, 5622, 5622, 5622, 5622, 5622, 5622, 5622, 5622, 5622, 5622, 5622, 5622, 5622, 5622, 5622, 5622, 5622, 5622, 5622, 5622, 5622, 5622, 5622, 5622, 5622, 5622, 5622, 5622, 5622, 5622, 5622, 5622, 5622, 5622, 5622, 5622, 5622, 5622, 5622, 5622, 5622, 5622, 5622, 5622, 5622, 5622, 5622, 5622, 5622, 5622, 5622, 5622, 5622, 5622, 5622, 5622, 5622, 5622, 5622, 5622, 5622, 5622, 5622, 5622, 5622, 5622, 5622, 5622, 5622, 5622, 5622, 5622, 5622, 5622, 5622, 5622, 5622, 5622, 5622, 5622, 5622, 5622, 5622, 5622, 5622, 5622, 5622, 5622, 5622, 5622, 5622, 5622, 5622, 5622, 5622, 5622, 5622, 5622, 5622, 5622, 5622, 5622, 5622, 5622, 5622, 5622, 5622, 5622, 5622, 5622, 5622, 5622, 5622, 5622, 5622, 5622, 5622, 5622, 5622, 5622, 5622, 5622, 5622, 5622, 5622, 5622, 5622, 5622, 5622, 5622, 5622, 5622, 5622, 5622, 5622, 5622, 5622, 5622, 5622, 5622, 5622, 5622, 5622, 5622, 5622, 5622, 5622, 5622, 5622, 5622, 5622, 5622, 5622, 5622, 5622, 5622, 5622, 5622, 5622, 5622, 5622, 5622, 5622, 5622, 5622, 5622, 5622, 5622, 5622, 5622, 5622, 5622, 5622, 5622, 5622, 5622, 5622, 5622, 5622, 5622, 5622, 5622, 5622, 5622, 5622, 5622, 5622, 5622, 5622, 5622, 5622, 5622, 5622, 5622, 5622, 5622, 5622, 5622, 5622, 5622, 5622, 5622, 5622, 5622, 5622, 5622, 5622, 5622, 5622, 5622, 5622, 5622, 5622, 5622, 5622, 5622, 5622, 5622, 5622, 5622, 5622, 5622, 5622, 5622, 5622, 5622, 5622, 5622, 5622, 5622, 5622, 5622, 5622, 5622, 5622, 5622, 5622, 5622, 5622, 5622, 5622, 5622, 5622, 5622, 5622, 5622, 5622, 5622, 5622, 5622, 5622, 5622, 5622, 5622, 5622, 5622, 5622, 5622, 5622, 5622, 5622, 5622, 5622, 5622, 5622, 5622, 5622, 5622, 5622, 5622, 5622, 5622, 5622, 5622, 5622, 5622, 5622, 5622, 5622, 5622, 5622, 5622, 5622, 5622, 5622, 5622, 5622, 5622, 5622, 5622, 5622, 5622, 5622, 5622, 5622, 5622, 5622, 5622, 5622, 5622, 5622, 5622, 5622, 5622, 5622, 5622, 5622, 5622, 5622, 5622, 5622, 5622, 5622, 5622, 5622, 5622, 5622, 5622, 5622, 5622, 5622, 5622, 5622, 5622, 5622, 5622, 5622, 5622, 5622, 5622, 5622, 5622, 5622, 5622, 5622, 5622, 5622, 5622, 5622, 5622, 5622, 5622, 5622, 5622, 5622, 5622, 5622, 5622, 5622, 5622, 5622, 5622, 5622, 5622, 5622, 5622, 5622, 5622, 5622, 5622, 5622, 5622, 5622, 5622, 5622, 5622, 5622, 5622, 5622, 5622, 5622, 5622, 5622, 5622, 5622, 5622, 5622, 5622, 5622, 5622, 5622, 5622, 5622, 5622, 5622, 5622, 5622, 5622, 5622, 5622, 5622, 5622, 5622, 5622, 5622, 5622, 5622, 5622, 5622, 5622, 5622, 5622, 5622, 5622, 5622, 5622, 5622, 5622, 5622, 5622, 5622, 5622, 5622, 5622, 5622, 5622, 5622, 5622, 5622, 5622, 5622, 5622, 5622, 5622, 5622, 5622, 5622, 5622, 5622, 5622, 5622, 5622, 5622, 5622, 5622, 5622, 5622, 5622, 5622, 5622, 5622, 5622, 5622, 5622, 5622, 5622, 5622, 5622, 5622, 5622, 5622, 5622, 5622, 5622, 5622, 5622, 5622, 5622, 5622, 5622, 5622, 5622, 5622, 5622, 5622, 5622, 5622, 5622, 5622, 5622, 5622, 5622, 5622, 5622, 5622, 5622, 5622, 5622, 5622, 5622, 5622, 5622, 5622, 5622, 5622, 5622, 5622, 5622, 5622, 5622, 5622, 5622, 5622, 5622, 5622, 5622, 5622, 5622, 5622, 5622, 5622, 5622, 5622, 5622, 5622, 5622, 5622, 5622, 5622, 5622, 5622, 5622, 5622, 5622, 5622, 5622, 5622, 5622, 5622, 5622, 5622, 5622, 5622, 5622, 5622, 5622, 5622, 5622, 5622, 5622, 5622, 5622, 5622, 5622, 5622, 5622, 5622, 5622, 5622, 5622, 5622, 5622, 5622, 5622, 5622, 5622, 5622, 5622, 5622, 5622, 5622, 5622, 5622, 5622, 5622, 5622, 5622, 5622, 5622, 5622, 5622, 5622, 5622, 5622, 5622, 5622, 5622, 5622, 5622, 5622, 5622, 5622, 5622, 5622, 5622, 5622, 5622, 5622, 5622, 5622, 5622, 5622, 5622, 5622, 5622, 5622, 5622, 5622, 5622, 5622, 5622, 5622, 5622, 5622, 5622, 5622, 5622, 5622, 5622, 5622, 5622, 5622, 5622, 5622, 5622, 5622, 5622, 5622, 5622, 5622, 5622, 5622, 5622, 5622, 5622, 5622, 5622, 5622, 5622, 5622, 5622, 5622, 5622, 5622, 5622, 5622, 5622, 5622, 5622, 5622, 5622, 5622, 5622, 5622, 5622, 5622, 5622, 5622, 5622, 5622, 5622, 5622, 5622, 5622, 5622, 5622, 5622, 5622, 5622, 5622, 5622, 5622, 5622, 5622, 5622, 5622, 5622, 5622, 5622, 5622, 5622, 5622, 5622, 5622, 5622, 5622, 5622, 5622, 5622, 5622, 5622, 5622, 5622, 5622, 5622, 5622, 5622, 5622, 5622, 5622, 5622, 5622, 5622, 5622, 5622, 5622, 5622, 5622, 5622, 5622, 5622, 5622, 5622, 5622, 5622, 5622, 5622, 5622, 5622, 5622, 5622, 5622, 5622, 5622, 5622, 5622, 5622, 5622, 5622, 5622, 5622, 5622, 5622, 5622, 5622, 5622, 5622, 5622, 5622, 5622, 5622, 5622, 5622, 5622, 5622, 5622, 5622, 5622, 5622, 5622, 5622, 5622, 5622, 5622, 5622, 5622, 5622, 5622, 5622, 5622, 5622, 5622, 5622, 5622, 5622, 5622, 5622, 5622, 5622, 5622, 5622, 5622, 5622, 5622, 5622, 5622, 5622, 5622, 5622, 5622, 5622, 5622, 5622, 5622, 5622, 5622, 5622, 5622, 5622, 5622, 5622, 5622, 5622, 5622, 5622, 5622, 5622, 5622, 5622, 5622, 5622, 5622, 5622, 5622, 5622, 5622, 5622, 5622, 5622, 5622, 5622, 5622, 5622, 5622, 5622, 5622, 5622, 5622, 5622, 5622, 5622, 5622, 5622, 5622, 5622, 5622, 5622, 5622, 5622, 5622, 5622, 5622, 5622, 5622, 5622, 5622, 5622, 5622, 5622, 5622, 5622, 5622, 5622, 5622, 5622, 5622, 5622, 5622, 5622, 5622, 5622, 5622, 5622, 5622, 5622, 5622, 5622, 5622, 5622, 5622, 5622, 5622, 5622, 5622, 5622, 5622, 5622, 5622, 5622, 5622, 5622, 5622, 5622, 5622, 5622, 5622, 5622, 5622, 5622, 5622, 5622, 5622, 5622, 5622, 5622, 5622, 5622, 5622, 5622, 5622, 5622, 5622, 5622, 5622, 5622, 5622, 5622, 5622, 5622, 5622, 5622, 5622, 5622, 5622, 5622, 5622, 5622, 5622, 5622, 5622, 5622, 5622, 5622, 5622, 5622, 5622, 5622, 5622, 5622, 5622, 5622, 5622, 5622, 5622, 5622, 5622, 5622, 5622, 5622, 5622, 5622, 5622, 5622, 5622, 5622, 5622, 5622, 5622, 5622, 5622, 5622, 5622, 5622, 5622, 5622, 5622, 5622, 5622, 5622, 5622, 5622, 5622, 5622, 5622, 5622, 5622, 5622, 5622, 5622, 5622, 5622, 5622, 5622, 5622, 5622, 5622, 5622, 5622, 5622, 5622, 5622, 5622, 5622, 5620, 
Fitness promedio a lo largo del tiempo: 
20920, 17407, 13895, 12784, 12076, 10733, 8369, 7467, 7566, 7619, 6441, 6984, 6633, 6503, 6407, 6871, 7316, 7033, 6811, 7023, 6392, 6712, 6763, 6395, 6652, 6266, 6399, 6738, 6779, 6149, 7041, 6697, 6289, 6125, 6022, 6334, 6724, 6345, 6674, 6824, 6354, 6413, 6298, 6465, 6339, 6712, 6562, 6322, 6837, 6491, 6078, 6176, 6556, 5981, 6246, 6014, 6187, 6451, 6239, 6291, 6550, 6048, 6093, 5753, 5749, 6134, 5743, 5748, 5746, 6138, 5833, 6030, 5934, 5760, 5882, 5819, 5750, 6190, 6807, 7196, 6193, 5730, 6650, 5968, 6042, 5720, 5986, 6050, 5704, 5699, 5897, 5713, 5871, 5722, 5686, 5704, 5689, 6411, 6010, 5692, 5692, 6261, 6153, 6098, 6161, 6459, 5702, 6149, 5715, 5907, 5947, 6191, 5989, 5714, 5722, 5993, 6733, 6270, 6424, 5703, 5984, 5689, 5684, 6610, 5746, 5916, 6064, 5678, 6019, 5971, 5672, 5669, 5752, 5665, 5694, 5798, 5673, 5672, 5677, 5677, 5980, 5687, 6090, 5828, 5796, 5690, 5694, 6075, 5689, 5670, 5704, 5670, 5684, 5789, 5676, 5672, 5671, 6176, 5671, 5691, 5966, 5667, 5688, 5853, 5689, 5915, 5675, 5687, 5719, 6120, 5685, 5667, 5682, 5777, 5676, 6190, 5773, 5674, 5858, 5900, 5963, 5670, 5676, 5804, 5694, 6007, 5701, 5666, 5689, 5671, 5670, 5689, 5667, 5784, 6291, 5663, 5673, 5665, 5870, 5736, 5663, 5654, 5785, 6180, 5795, 5674, 5845, 5669, 5725, 6269, 5660, 5751, 5738, 5659, 5788, 5699, 5675, 5659, 5657, 5678, 5961, 5685, 5658, 5674, 5658, 6017, 5657, 5679, 5678, 5669, 5937, 5852, 5664, 5682, 5739, 5699, 5659, 5664, 5787, 6017, 5911, 5661, 5678, 5665, 6020, 5811, 5660, 5792, 5862, 6031, 5670, 5955, 5913, 6273, 5657, 5667, 5804, 5788, 5975, 5670, 5662, 5663, 6267, 5962, 5743, 6549, 5673, 6385, 6102, 6822, 6334, 6171, 6106, 5672, 5667, 6483, 6606, 6119, 5999, 5958, 6116, 5668, 5663, 5669, 5668, 5907, 5669, 5660, 6010, 5659, 5656, 5859, 5686, 5670, 5658, 5660, 5860, 5743, 6352, 5658, 6182, 6278, 5676, 5665, 5662, 5911, 6022, 5679, 6007, 5740, 5676, 5975, 5660, 5758, 5694, 5658, 5859, 5672, 6185, 6285, 5908, 5682, 5659, 5675, 5659, 5900, 5844, 5662, 5665, 5696, 5872, 5679, 5662, 5663, 5656, 5674, 5663, 5668, 5661, 6242, 6000, 5661, 6161, 6112, 5798, 5746, 6183, 5790, 5662, 5738, 5660, 5795, 5665, 5670, 5661, 6103, 5665, 5747, 5842, 5673, 5660, 5662, 5664, 5794, 6226, 5666, 6059, 5662, 6028, 5837, 5681, 5683, 5660, 5790, 5849, 5663, 5966, 5666, 5655, 6271, 6066, 6060, 5678, 6110, 5843, 6020, 5654, 5669, 5899, 5656, 5656, 5651, 5944, 5652, 5672, 5660, 6116, 6008, 5669, 5756, 5700, 6483, 5854, 5649, 5713, 5660, 6214, 5736, 5788, 5677, 5657, 5654, 5661, 5779, 5785, 5651, 6152, 5666, 5883, 5674, 5650, 5720, 5664, 6119, 5653, 5669, 5834, 6038, 5647, 5680, 5782, 5785, 5830, 5947, 5661, 5649, 5654, 5646, 6060, 5841, 5653, 6127, 5649, 5954, 5643, 5648, 5745, 5662, 5675, 5908, 5861, 6040, 6063, 5659, 5935, 5659, 5889, 5668, 5644, 5649, 5640, 5661, 5665, 5942, 5827, 5652, 5941, 5832, 5647, 6175, 5671, 5678, 5651, 5731, 5673, 5723, 5954, 5650, 5885, 5661, 5652, 5930, 5647, 5648, 6155, 5831, 6042, 6106, 5689, 5660, 5874, 5648, 5790, 5655, 5643, 5678, 5648, 5659, 5789, 5657, 5658, 6271, 5662, 5782, 6361, 5650, 5653, 5780, 5696, 6105, 5682, 5783, 5878, 5832, 5666, 6112, 5658, 5731, 5664, 5650, 5648, 5664, 6162, 5894, 5658, 5645, 5663, 5879, 5658, 5723, 5656, 6107, 5657, 5648, 5934, 5652, 5658, 5670, 6182, 5682, 5668, 5668, 5904, 5938, 6003, 5643, 5671, 5648, 5783, 5640, 6055, 5637, 5955, 5655, 5654, 5662, 5655, 5656, 5679, 5659, 5838, 6100, 6081, 6104, 5795, 5650, 5673, 5638, 6107, 6109, 5799, 5829, 5825, 5782, 5653, 5663, 5644, 5645, 5830, 5637, 5645, 6397, 5662, 5655, 5649, 5715, 5838, 5658, 5663, 5647, 5675, 6262, 5650, 5652, 5677, 5657, 5687, 5663, 5651, 5946, 5678, 5649, 5657, 5643, 5843, 5901, 6110, 5664, 5666, 5733, 5789, 5669, 5746, 5839, 5681, 5658, 6117, 5650, 5651, 5951, 5648, 5783, 5804, 5661, 6065, 5654, 6060, 5672, 5768, 5895, 5648, 5646, 6306, 5653, 5671, 5790, 5685, 5657, 5789, 5909, 5737, 5659, 5888, 6272, 5789, 5647, 5647, 5644, 5646, 6122, 5894, 5951, 5649, 6278, 5648, 5680, 5910, 6343, 5657, 6068, 5839, 6291, 5667, 5946, 5733, 5830, 5652, 5841, 5672, 5676, 5908, 5672, 5667, 5675, 5680, 5652, 5881, 5650, 5667, 5655, 5785, 5653, 5652, 5660, 5948, 5670, 5664, 5778, 5790, 5889, 5912, 5659, 5671, 5934, 5652, 5924, 5671, 5779, 5654, 5681, 5748, 5794, 6055, 5649, 5666, 5674, 5651, 5645, 5671, 5662, 5666, 5934, 5650, 5662, 5721, 5656, 5675, 6106, 6003, 5676, 5673, 5676, 5730, 5663, 5668, 5659, 5652, 5775, 5649, 5655, 6103, 5772, 5946, 6007, 5648, 5768, 5941, 5988, 5673, 5650, 5657, 5644, 5660, 5680, 5879, 5764, 5717, 5660, 5661, 6501, 5687, 5668, 5659, 5659, 6083, 5930, 5666, 5666, 5643, 5788, 5656, 5678, 5780, 5670, 6009, 5646, 5653, 6072, 5681, 5952, 5935, 5653, 5655, 5651, 5648, 5942, 5774, 6017, 5646, 5903, 5645, 5668, 5787, 5671, 5661, 5661, 5645, 5649, 5660, 5689, 5944, 5653, 5658, 5692, 5664, 5653, 5663, 5652, 5675, 5788, 5656, 5687, 5653, 5640, 5651, 6162, 5654, 6001, 6063, 5652, 6315, 5666, 5658, 6264, 5656, 5642, 6006, 5674, 5646, 5657, 5900, 5641, 5884, 5680, 5644, 5748, 6105, 5657, 5723, 5672, 5971, 5644, 5802, 5653, 5828, 5637, 5749, 5899, 6044, 6219, 5663, 5658, 5645, 5650, 5647, 5659, 5640, 5890, 5876, 5942, 5826, 5646, 6151, 5654, 5657, 5909, 5885, 5645, 5716, 5674, 6335, 5655, 5675, 5661, 5660, 6064, 5845, 5646, 5662, 5848, 6262, 5674, 5648, 5781, 5665, 5649, 5641, 5646, 5665, 6313, 5730, 5730, 5905, 5661, 5660, 5649, 5827, 5647, 5656, 5665, 5653, 5656, 5643, 5654, 5662, 5998, 5670, 5798, 5648, 5932, 6213, 5828, 5669, 6121, 6432, 5649, 5646, 5681, 5645, 5649, 5654, 5671, 5672, 5959, 5649, 5672, 5664, 5652, 5647, 5664, 5654, 5898, 5949, 5947, 5739, 5835, 5729, 5667, 5649, 5658, 5657, 5657, 5652, 6264, 5998, 5657, 5653, 5936, 5643, 5662, 5650, 5725, 5676, 5993, 5827, 5655, 6037, 5649, 5665, 5664, 5939, 5916, 6158, 5657, 6009, 5998, 6162, 5783, 5656, 5836, 5936, 5658, 5956, 5669, 6277, 5655, 6063, 5649, 5672, 6372, 5787, 6586, 5918, 5672, 5721, 5987, 5658, 5987, 5660, 6052, 5666, 5660, 5669, 6067, 5654, 5652, 5656, 5940, 5650, 5837, 5874, 5650, 5673, 5783, 5662, 5662, 5654, 5669, 5653, 5668, 5850, 5642, 5661, 5659, 5835, 5894, 5673, 5640, 5678, 5873, 5649, 5659, 5652, 5652, 5842, 5820, 5941, 5666, 5651, 5643, 6112, 5875, 5651, 5663, 5838, 6056, 6008, 6490, 5787, 5951, 5673, 5673, 5664, 5899, 6011, 5767, 5660, 6225, 5887, 6116, 5658, 5661, 5667, 6152, 5654, 6047, 5855, 5851, 5649, 5655, 5650, 5665, 6013, 5665, 5860, 5671, 5684, 5693, 5962, 5936, 5662, 5777, 5657, 6062, 5651, 5679, 5646, 5841, 5645, 6244, 5917, 6066, 6090, 5746, 5646, 5931, 5646, 5649, 5746, 5656, 5671, 5644, 5646, 5943, 5834, 5785, 5660, 5663, 5661, 5781, 5666, 5657, 6114, 5672, 5821, 5658, 5647, 6000, 6110, 5661, 5669, 6070, 5792, 5898, 5667, 5678, 5667, 6425, 5656, 5659, 5662, 5746, 5727, 5671, 5705, 5666, 6013, 5910, 5685, 5732, 5937, 5894, 5894, 5905, 5660, 5955, 5682, 6096, 5666, 5665, 6045, 6117, 5669, 5651, 5673, 5690, 5884, 6105, 5937, 6120, 6229, 5678, 5666, 5665, 5653, 5849, 5646, 5653, 5835, 5664, 5740, 5654, 5643, 5652, 5657, 5830, 5935, 5668, 5648, 5684, 6499, 5656, 6206, 5660, 5649, 5654, 5656, 5667, 5736, 5646, 5926, 5667, 5653, 5799, 5656, 5644, 6165, 6099, 5646, 5654, 5682, 6110, 5667, 5652, 5675, 6013, 5660, 6125, 5945, 5653, 5681, 5655, 5644, 5663, 5658, 5656, 5792, 5739, 5661, 5649, 5640, 5671, 5902, 5948, 5662, 6047, 6019, 5795, 5832, 5656, 5660, 5649, 5671, 5652, 5853, 5683, 5659, 5651, 5637, 5654, 5636, 5665, 5877, 5734, 5651, 6314, 6102, 5660, 5665, 5660, 6098, 5832, 5666, 5893, 6252, 5691, 5643, 5676, 5727, 5945, 5834, 5664, 5843, 6063, 5779, 5675, 5682, 5742, 5668, 5669, 5653, 5965, 5835, 6213, 5673, 5672, 5653, 6102, 5911, 6328, 5657, 5649, 5843, 5739, 5641, 5649, 5654, 5780, 5825, 5671, 5647, 5658, 5826, 5885, 5651, 5654, 5657, 5898, 5649, 5661, 5670, 5858, 5782, 5658, 5834, 5738, 6208, 5836, 5672, 5827, 5654, 5692, 5859, 5791, 5675, 5659, 6009, 5666, 5862, 5683, 5840, 5843, 5645, 6269, 5641, 5755, 5965, 6107, 5657, 5753, 5647, 5647, 5651, 6104, 5725, 6118, 5901, 5648, 5729, 5715, 5995, 5839, 5657, 6160, 5654, 5793, 5650, 5657, 5904, 5665, 5738, 5660, 5641, 5652, 5738, 5670, 5670, 5798, 6113, 5784, 5667, 5894, 5671, 5649, 5680, 5835, 5648, 5786, 5723, 5665, 5994, 5797, 5674, 5657, 5893, 5662, 6260, 5665, 5690, 5690, 5685, 5680, 5665, 5659, 5665, 5664, 5669, 5650, 5649, 5953, 6040, 5675, 5653, 5643, 6070, 5779, 5657, 5646, 5773, 6200, 5906, 5768, 5654, 5843, 5844, 5685, 6052, 6167, 5663, 5654, 5656, 5679, 5947, 5648, 5652, 6443, 5658, 5730, 5654, 5653, 5714, 5844, 5645, 5652, 5679, 5650, 6319, 5650, 6084, 5899, 5656, 5787, 5785, 5649, 5656, 5733, 5651, 5648, 5843, 5647, 5650, 5681, 5671, 5687, 5671, 5656, 5683, 5650, 6175, 5659, 5642, 5653, 5929, 6099, 6002, 5676, 5670, 5690, 6123, 5996, 5833, 5651, 5657, 5891, 5637, 6639, 5638, 5647, 5649, 5657, 5637, 5667, 5638, 5681, 6231, 5661, 5639, 5882, 5653, 5673, 5646, 5657, 5652, 5651, 5884, 5648, 5644, 5654, 6055, 5752, 5995, 6074, 5651, 5662, 5637, 5652, 5654, 5687, 5828, 5660, 5661, 5649, 5729, 5656, 5655, 6175, 6320, 5653, 5951, 5840, 5662, 5648, 5786, 5676, 5663, 5925, 5649, 5662, 5662, 5655, 5738, 5994, 6125, 5671, 5650, 5740, 6208, 5986, 5653, 5662, 5989, 5843, 5945, 5942, 5691, 5660, 5655, 5769, 5662, 5931, 5947, 5671, 5657, 5658, 5966, 5653, 6160, 5659, 5672, 5667, 5845, 5661, 5671, 5657, 5735, 5681, 5668, 5773, 5662, 5637, 5772, 5639, 5676, 6165, 5848, 5653, 5655, 5651, 5803, 5646, 5652, 5655, 5797, 5654, 5657, 5784, 5835, 5884, 5754, 5678, 5685, 5999, 5655, 5882, 5905, 5998, 5663, 5854, 5650, 5890, 5732, 5674, 5670, 5667, 6123, 5643, 5954, 5904, 5788, 5646, 5949, 5653, 5657, 5667, 5657, 6008, 5953, 5644, 5680, 5999, 5840, 5652, 5666, 5651, 5646, 5839, 5668, 5658, 5675, 5678, 5674, 5746, 5664, 5751, 6071, 5655, 5996, 5653, 6061, 5671, 5660, 5802, 5661, 5952, 5666, 6272, 5663, 5792, 5992, 5647, 5656, 5793, 5675, 5658, 5896, 6003, 5661, 5650, 5829, 5663, 6262, 6062, 5942, 5648, 5663, 5671, 5637, 6046, 5643, 5672, 5672, 5668, 5666, 5659, 5658, 5653, 5847, 5656, 5736, 5654, 5672, 5933, 5652, 5674, 5681, 5736, 5668, 5666, 5658, 5666, 6048, 5786, 5684, 5655, 5660, 5656, 5952, 5828, 5997, 5645, 5656, 5645, 5670, 6113, 5661, 5895, 5680, 5650, 5848, 5669, 6213, 5659, 5892, 5653, 6101, 6019, 5655, 6691, 5655, 6155, 5901, 5964, 5651, 5644, 5671, 6159, 5659, 6107, 5665, 5647, 5650, 5637, 5650, 5837, 5654, 6000, 5671, 5746, 5916, 5641, 5945, 5653, 5654, 5953, 5675, 5650, 5654, 5662, 5658, 5725, 5895, 5656, 6143, 5647, 5679, 5646, 5676, 5898, 6061, 5645, 5675, 6425, 5732, 5668, 6056, 5691, 5652, 5729, 5670, 5948, 5649, 5770, 6267, 5839, 5671, 5670, 6221, 5646, 5887, 5652, 5833, 5731, 5648, 5647, 5663, 5672, 5800, 5984, 6053, 6015, 5649, 5665, 5729, 5651, 5673, 5736, 5650, 6163, 5666, 5670, 5652, 5653, 5650, 5937, 5999, 6110, 5648, 6208, 5645, 5650, 5650, 5892, 5674, 6162, 5896, 5951, 5685, 5839, 5673, 5652, 5670, 5740, 5647, 5649, 5662, 5734, 5729, 5891, 5951, 5731, 5657, 5674, 5655, 5899, 6209, 6167, 5664, 5948, 5645, 5670, 5645, 6050, 5649, 5787, 5645, 5657, 5651, 5754, 5691, 6177, 6150, 6108, 5733, 5661, 5656, 5647, 6007, 6168, 5661, 5654, 5664, 5962, 5677, 5652, 5839, 5659, 5656, 5914, 5674, 5652, 5828, 5652, 5946, 5671, 5661, 5665, 5648, 5983, 6012, 5659, 5678, 5664, 5654, 5668, 5650, 5647, 5932, 5644, 5655, 5675, 5650, 5677, 5675, 5638, 5802, 5644, 5723, 5837, 5648, 5660, 5670, 6110, 5670, 5893, 5801, 5998, 6010, 6272, 5680, 5670, 5665, 5653, 5720, 6074, 5695, 5668, 5651, 5662, 5816, 6163, 5651, 5652, 5651, 5678, 5639, 6106, 5656, 6172, 5950, 5847, 5847, 5907, 6057, 5668, 6541, 5880, 5851, 6106, 5649, 5644, 5648, 5663, 6051, 5644, 5636, 5647, 5645, 5643, 5720, 5664, 5647, 5668, 5671, 5782, 5638, 5639, 5829, 5675, 5631, 5840, 5653, 5649, 5737, 5702, 5680, 5652, 5643, 5638, 5939, 5662, 5649, 5647, 5644, 6095, 5647, 6057, 5653, 6164, 5728, 5816, 5719, 6327, 5642, 5672, 6363, 5656, 6083, 5680, 5645, 5841, 5648, 5937, 5650, 5645, 6534, 5665, 5949, 5850, 5697, 5643, 5650, 5639, 6116, 5649, 5869, 5650, 5769, 5675, 6100, 5939, 5773, 5644, 5643, 5645, 5637, 5726, 5647, 5774, 5927, 5650, 5636, 5654, 5889, 6198, 5884, 5656, 5638, 5884, 5641, 5658, 5650, 6089, 5647, 5829, 5638, 5639, 5653, 5653, 5640, 5674, 5930, 5715, 5647, 6119, 5932, 5646, 5636, 5931, 5634, 5653, 5928, 6097, 5646, 5657, 5654, 5732, 5725, 5638, 5645, 6101, 6301, 5639, 5649, 5652, 5657, 5683, 5657, 5641, 5650, 6089, 5669, 5654, 5810, 5674, 5784, 5834, 5645, 5646, 5640, 5660, 5678, 5666, 5931, 5653, 5927, 5658, 5996, 5663, 6039, 5823, 5643, 5651, 5709, 5636, 5773, 6057, 5656, 5645, 5635, 5640, 5659, 5994, 5643, 5640, 5642, 5641, 5664, 5656, 5703, 5644, 5649, 5683, 5642, 5642, 5872, 5638, 5690, 5687, 5642, 5670, 5651, 5994, 5820, 5676, 5713, 5873, 5637, 5938, 5640, 5636, 5644, 5642, 5658, 5645, 6450, 5664, 5653, 5654, 5638, 5644, 5636, 5777, 5629, 5894, 5635, 5879, 5840, 5650, 5716, 5775, 5666, 5942, 6430, 5644, 5792, 5644, 5879, 5877, 5643, 5651, 5931, 5641, 5638, 5832, 5644, 5731, 5656, 5988, 5769, 5651, 5631, 5838, 5717, 5822, 5984, 5642, 5635, 5672, 5640, 5663, 5633, 5649, 5641, 5824, 5637, 5642, 5660, 5669, 5638, 5976, 6063, 5647, 5653, 5871, 5649, 5657, 5634, 5641, 5634, 6079, 5822, 5943, 5726, 5641, 5634, 5653, 5639, 6044, 6006, 5673, 5634, 5656, 6571, 5644, 5731, 5644, 5630, 5993, 5922, 5641, 5711, 5657, 5718, 5882, 5647, 5641, 5877, 5644, 5667, 5641, 5640, 5641, 6312, 5650, 5651, 5737, 6210, 5650, 5645, 5672, 5655, 5670, 5994, 5640, 5831, 5641, 5647, 5669, 5643, 5651, 5647, 5647, 5640, 5637, 5769, 5766, 5877, 5670, 5635, 5708, 5636, 5641, 6095, 5654, 5639, 5655, 5644, 5636, 5643, 5657, 5823, 5651, 5641, 5645, 5648, 5640, 6023, 5776, 5634, 5650, 5652, 5642, 6204, 5766, 5665, 5793, 5648, 5639, 5632, 5651, 5658, 5882, 5827, 5675, 5759, 5673, 5641, 5635, 5714, 5718, 5883, 6091, 5646, 5643, 5652, 5769, 5647, 5832, 5658, 5652, 5639, 5643, 6207, 5671, 5674, 5640, 5637, 5804, 5632, 5671, 5659, 5641, 5725, 6040, 5822, 5642, 5760, 5636, 5634, 5641, 5651, 5645, 6082, 5828, 5638, 6044, 5986, 5654, 5763, 5831, 5752, 5657, 6189, 5794, 5773, 5877, 5668, 6034, 5841, 5640, 5715, 5943, 5636, 5645, 5638, 5876, 5638, 5648, 5828, 5782, 5668, 5649, 6746, 5644, 5653, 6179, 5649, 5929, 5635, 5662, 5666, 5875, 6043, 5875, 6163, 5641, 5654, 5647, 5930, 5830, 5654, 5834, 5648, 5935, 5726, 5646, 5646, 5780, 5981, 5652, 6105, 5657, 5647, 5647, 5637, 5895, 5641, 5635, 5739, 5919, 5658, 5637, 5639, 5632, 5641, 5811, 5781, 5654, 5637, 5635, 5644, 5650, 5637, 5990, 5901, 5822, 6166, 5632, 5640, 5670, 5641, 5641, 5641, 5827, 5640, 6034, 5938, 5639, 5658, 6516, 5651, 5707, 5640, 6046, 5659, 5637, 5647, 5643, 5657, 5642, 5935, 5633, 5789, 5645, 5677, 5717, 5637, 5636, 5648, 5653, 5825, 5646, 5642, 6095, 5637, 5644, 5651, 5649, 6520, 5928, 5636, 5639, 5949, 5645, 5668, 5637, 5645, 5635, 5631, 5830, 5658, 5667, 5891, 6160, 5768, 5727, 5637, 5651, 5646, 5644, 5641, 5710, 5662, 5649, 5674, 5645, 5983, 5644, 5653, 5648, 5639, 5648, 5764, 5645, 6199, 5649, 5776, 5767, 5633, 6094, 5654, 5895, 5639, 5641, 5983, 5659, 5843, 6152, 5649, 5667, 5644, 5641, 5638, 5726, 5648, 5668, 5984, 5774, 5648, 5855, 5667, 5646, 5634, 5936, 5649, 5659, 5990, 5724, 5634, 5734, 5634, 5648, 5824, 6250, 5988, 5892, 5889, 5662, 5638, 5647, 6154, 5642, 5818, 5668, 6371, 5639, 5984, 5876, 5644, 5658, 5762, 5645, 5647, 5831, 5813, 5659, 5644, 5836, 5927, 5640, 5639, 5643, 5645, 5645, 5871, 5652, 5715, 5668, 5641, 5641, 5926, 5646, 5641, 6209, 5642, 5653, 5982, 5636, 5634, 5640, 5872, 5648, 5643, 5654, 5639, 5646, 5633, 5665, 5641, 5663, 5651, 5948, 5635, 5887, 5633, 5643, 5637, 5829, 5895, 5643, 5637, 5995, 5632, 5681, 5647, 5637, 5637, 5774, 5658, 5979, 5641, 5880, 5660, 5647, 5721, 5670, 5667, 5637, 5987, 5842, 5659, 5719, 5635, 5661, 6019, 5641, 5640, 5877, 5641, 6208, 5646, 5654, 5648, 6157, 6208, 5644, 5996, 5843, 5665, 5829, 5644, 5819, 5651, 5657, 5645, 5659, 5649, 5763, 5643, 5647, 5877, 5641, 5669, 5979, 5646, 5635, 5673, 6091, 5684, 5640, 5995, 5638, 5682, 5632, 6004, 5754, 5660, 5636, 5663, 5834, 5993, 5669, 5851, 5643, 5939, 5657, 5655, 5660, 5654, 5642, 5646, 5645, 5938, 6268, 5653, 5648, 6223, 5632, 5637, 6042, 5663, 5887, 6049, 5660, 5668, 5641, 5986, 5984, 5639, 5644, 6260, 5758, 5638, 5636, 5641, 5698, 5638, 6050, 5656, 5647, 5798, 6038, 5633, 5661, 5645, 5651, 5664, 6425, 5666, 5780, 5820, 5780, 5640, 5724, 6215, 5657, 5766, 5876, 5927, 5638, 5648, 5637, 5648, 5640, 5636, 5640, 5963, 5644, 5652, 5829, 5640, 5638, 5651, 5645, 5814, 5783, 5660, 5636, 6018, 5641, 5637, 5828, 5891, 5994, 5638, 5653, 5645, 5642, 5891, 5653, 5662, 6000, 5637, 5765, 6041, 5650, 5644, 5675, 5649, 5718, 5634, 5659, 5644, 5650, 5641, 5819, 5668, 5662, 5660, 5726, 6094, 6108, 5639, 5640, 5925, 5665, 5637, 5652, 5641, 5638, 5645, 5996, 5670, 5991, 5712, 5642, 5653, 5976, 5640, 5827, 5932, 5726, 5645, 5646, 5711, 5639, 5711, 5667, 5654, 5669, 5728, 5646, 5641, 5891, 5637, 5874, 5656, 6194, 5648, 5713, 5638, 5821, 5775, 5784, 5882, 5637, 5656, 5648, 5642, 5633, 5639, 5826, 5636, 5657, 5636, 5647, 5639, 5659, 5643, 5637, 5667, 5648, 5638, 5825, 5769, 5892, 5645, 6002, 5807, 5829, 5875, 5651, 5932, 5770, 5644, 5641, 5650, 5663, 5939, 5715, 5669, 5638, 5665, 5647, 5649, 5643, 5779, 5644, 5650, 5646, 5727, 5836, 5976, 5640, 5630, 5655, 5653, 5642, 6240, 5646, 5640, 5653, 5882, 5650, 5646, 5664, 6034, 5643, 5944, 5663, 6149, 5639, 5780, 5660, 5661, 6213, 5636, 5641, 6151, 5634, 5726, 5640, 5773, 6055, 5649, 5636, 5641, 5661, 5875, 6101, 5641, 5732, 5712, 5643, 5729, 5725, 5835, 5645, 5633, 5676, 5660, 5648, 5642, 5640, 5637, 5886, 5634, 5663, 5630, 5830, 5770, 5715, 6140, 5639, 5639, 5671, 6081, 5637, 5639, 6308, 5752, 5871, 5643, 5648, 6003, 5655, 6299, 5674, 6263, 5659, 5637, 5645, 5734, 5647, 5675, 5834, 5669, 5649, 5649, 5710, 5661, 5647, 5657, 5650, 5667, 5640, 5807, 5654, 6202, 6097, 6055, 5728, 5636, 5715, 5686, 5657, 5639, 5642, 5643, 5678, 5637, 6257, 5809, 6052, 5650, 5936, 5898, 5740, 6056, 5653, 5650, 5649, 5884, 5821, 6266, 5880, 5637, 5639, 5711, 5796, 5639, 5826, 5875, 5640, 5633, 5654, 5995, 5887, 5797, 5935, 5820, 5661, 5891, 6099, 5654, 5723, 5653, 5668, 5642, 5637, 5652, 5632, 5661, 5710, 5769, 5876, 5655, 5642, 5834, 5656, 5661, 5654, 5647, 5653, 5841, 5701, 5945, 6060, 5660, 5643, 5819, 5836, 5640, 5643, 5715, 5641, 5642, 5647, 5652, 5634, 5843, 5719, 5642, 5644, 5641, 5647, 5645, 5640, 5684, 5640, 5653, 6416, 5650, 5645, 5665, 5927, 5646, 5640, 5652, 5644, 5641, 5646, 5994, 5635, 5646, 5632, 6088, 6041, 5637, 5644, 5663, 5731, 6085, 5878, 5646, 5664, 5884, 5986, 5645, 5981, 5935, 5656, 5654, 5644, 5890, 5927, 5648, 5651, 6098, 5641, 5634, 6046, 5645, 5655, 6388, 6201, 5643, 5654, 5647, 5788, 5718, 5772, 5643, 5649, 5932, 
Mejor solucion obtenida: 31, 32, 8, 9, 10, 11, 6, 7, 5, 30, 29, 27, 28, 2, 3, 1, 36, 37, 38, 39, 42, 40, 41, 26, 24, 25, 21, 23, 22, 35, 0, 4, 15, 18, 19, 20, 16, 17, 13, 14, 12, 33, 34, || Fitness: 5620;