Archivo Usado: p43.atsp
Tamaño de la Poblacion: 100
Reemplazo por Generacion: 5
Tamaño de los Torneos: 9
Cantidad de ciudades: 43
Probabilidad de cruce: 75000
Probabilidad mutacion simple: 13000
Probabilidad mutacion compleja: 15000
Cruces minimos de la mutacion compleja: 4
Iteraciones ejecutadas: 10000
Largo del cruce PMX: 6
Operador de Cruce: 0
Metodo seleccion de Padres: 0
Operador de Mutacion: 0
Metodo seleccion de Supervivientes: 1
Cantidad de threads a usar: 16
15, 17, 20, 18, 19, 16, 14, 12, 13, 34, 33, 31, 32, 8, 10, 11, 9, 5, 7, 6, 30, 29, 27, 28, 1, 36, 3, 2, 37, 38, 39, 41, 42, 40, 26, 24, 25, 21, 22, 23, 35, 0, 4, 
15, 19, 20, 18, 17, 16, 14, 12, 13, 34, 33, 31, 32, 8, 10, 11, 9, 5, 7, 6, 30, 29, 27, 28, 1, 36, 3, 2, 37, 38, 39, 41, 42, 40, 26, 24, 25, 21, 22, 23, 35, 0, 4, 
15, 19, 20, 18, 17, 16, 14, 12, 13, 34, 33, 31, 32, 8, 10, 11, 9, 5, 7, 6, 30, 29, 27, 28, 1, 36, 3, 2, 37, 38, 39, 41, 42, 40, 26, 24, 25, 21, 22, 23, 35, 0, 4, 
33, 31, 32, 9, 8, 10, 11, 5, 7, 6, 30, 29, 27, 28, 1, 36, 3, 2, 37, 38, 39, 41, 42, 40, 26, 24, 25, 21, 22, 23, 35, 0, 4, 15, 19, 20, 18, 17, 16, 14, 12, 13, 34, 
25, 21, 22, 23, 35, 0, 4, 15, 19, 20, 18, 17, 16, 14, 12, 13, 34, 33, 31, 32, 8, 10, 11, 9, 5, 7, 6, 30, 29, 27, 28, 1, 36, 3, 2, 37, 38, 39, 41, 42, 40, 26, 24, 
15, 19, 20, 18, 17, 16, 14, 12, 13, 34, 33, 31, 32, 11, 10, 8, 9, 5, 7, 6, 30, 29, 27, 28, 1, 2, 3, 36, 37, 38, 39, 41, 42, 40, 26, 24, 25, 21, 22, 23, 35, 0, 4, 
0, 4, 15, 19, 20, 18, 17, 16, 14, 12, 13, 34, 33, 31, 32, 8, 10, 11, 9, 5, 7, 6, 30, 29, 27, 28, 1, 36, 3, 2, 37, 38, 39, 41, 42, 40, 26, 24, 25, 21, 22, 23, 35, 
20, 18, 17, 16, 14, 12, 13, 34, 33, 31, 32, 8, 10, 11, 9, 5, 7, 6, 30, 29, 27, 28, 1, 36, 3, 2, 37, 38, 39, 41, 42, 40, 26, 24, 25, 21, 22, 23, 35, 0, 4, 15, 19, 
28, 1, 36, 3, 2, 37, 38, 39, 41, 42, 40, 26, 24, 25, 21, 22, 23, 35, 0, 4, 15, 19, 20, 18, 17, 16, 14, 12, 13, 34, 33, 31, 32, 8, 10, 11, 9, 5, 7, 6, 30, 29, 27, 
32, 8, 10, 11, 9, 5, 7, 6, 30, 29, 27, 28, 1, 36, 3, 2, 37, 38, 39, 41, 42, 40, 26, 24, 25, 21, 22, 23, 35, 0, 4, 15, 19, 20, 18, 17, 16, 14, 12, 13, 34, 33, 31, 
33, 31, 32, 8, 10, 11, 9, 5, 7, 6, 30, 29, 27, 28, 1, 36, 3, 2, 37, 38, 39, 41, 42, 40, 26, 24, 25, 21, 22, 23, 35, 0, 4, 15, 19, 20, 18, 17, 16, 14, 12, 13, 34, 
5, 7, 6, 30, 29, 27, 28, 1, 36, 3, 2, 37, 38, 39, 41, 42, 40, 26, 24, 25, 21, 22, 23, 35, 0, 4, 15, 19, 20, 18, 17, 16, 14, 12, 13, 34, 33, 31, 32, 8, 10, 11, 9, 
3, 2, 37, 38, 39, 41, 42, 40, 26, 24, 25, 21, 22, 23, 35, 0, 4, 15, 19, 20, 18, 17, 16, 14, 12, 13, 34, 33, 31, 32, 8, 10, 11, 9, 5, 7, 6, 30, 29, 27, 28, 1, 36, 
33, 31, 32, 8, 10, 11, 9, 5, 7, 6, 30, 29, 27, 28, 1, 36, 3, 2, 37, 38, 39, 41, 42, 40, 26, 24, 25, 21, 22, 23, 35, 0, 4, 15, 19, 20, 18, 17, 16, 14, 12, 13, 34, 
25, 21, 22, 23, 35, 0, 4, 15, 19, 20, 18, 17, 16, 14, 12, 13, 34, 33, 31, 32, 8, 10, 11, 9, 5, 7, 6, 30, 29, 27, 28, 1, 36, 3, 2, 37, 38, 39, 41, 42, 40, 26, 24, 
13, 34, 33, 31, 32, 8, 10, 11, 9, 5, 7, 6, 30, 29, 27, 28, 1, 36, 3, 2, 37, 38, 39, 41, 42, 40, 26, 24, 25, 21, 22, 23, 35, 0, 4, 15, 19, 20, 18, 17, 16, 14, 12, 
11, 9, 5, 7, 6, 30, 29, 27, 28, 1, 36, 3, 2, 37, 38, 39, 41, 42, 40, 26, 24, 25, 21, 22, 23, 35, 0, 4, 15, 19, 20, 18, 17, 16, 14, 12, 13, 34, 33, 31, 32, 8, 10, 
39, 41, 42, 40, 26, 24, 25, 21, 22, 23, 35, 0, 4, 15, 19, 20, 18, 17, 16, 14, 12, 13, 34, 33, 31, 32, 8, 10, 11, 9, 5, 7, 6, 30, 29, 27, 28, 1, 36, 3, 2, 37, 38, 
19, 20, 18, 17, 16, 14, 12, 13, 34, 33, 31, 32, 8, 10, 11, 9, 5, 7, 6, 30, 29, 27, 28, 1, 36, 3, 2, 37, 38, 39, 41, 42, 40, 26, 24, 25, 21, 22, 23, 35, 0, 4, 15, 
29, 27, 28, 1, 36, 3, 2, 37, 38, 39, 41, 42, 40, 26, 24, 25, 21, 22, 23, 35, 0, 4, 15, 19, 20, 18, 17, 16, 14, 12, 13, 34, 33, 31, 32, 8, 10, 11, 9, 5, 7, 6, 30, 
33, 31, 32, 8, 10, 11, 9, 5, 7, 6, 30, 29, 27, 28, 1, 36, 3, 2, 37, 38, 39, 41, 42, 40, 26, 24, 25, 21, 22, 23, 35, 0, 4, 15, 19, 20, 18, 17, 16, 14, 12, 13, 34, 
14, 12, 13, 34, 33, 31, 32, 8, 10, 11, 9, 5, 7, 6, 30, 29, 27, 28, 1, 36, 3, 2, 37, 38, 39, 41, 42, 40, 26, 24, 25, 21, 22, 23, 35, 0, 4, 15, 19, 20, 18, 17, 16, 
33, 31, 32, 8, 10, 11, 9, 5, 7, 6, 30, 29, 27, 28, 1, 36, 3, 2, 37, 38, 39, 41, 42, 40, 26, 24, 25, 21, 22, 23, 35, 0, 4, 15, 19, 20, 18, 17, 16, 14, 12, 13, 34, 
26, 24, 25, 21, 22, 23, 35, 0, 4, 15, 19, 20, 18, 17, 16, 14, 12, 13, 34, 33, 31, 32, 8, 10, 11, 9, 5, 7, 6, 30, 29, 27, 28, 1, 36, 3, 2, 37, 38, 39, 41, 42, 40, 
9, 5, 7, 6, 30, 29, 27, 28, 1, 36, 3, 2, 37, 38, 39, 41, 42, 40, 26, 24, 25, 21, 22, 23, 35, 0, 4, 15, 19, 20, 18, 17, 16, 14, 12, 13, 34, 33, 31, 32, 8, 10, 11, 
38, 39, 41, 42, 40, 26, 24, 25, 21, 22, 23, 35, 0, 4, 15, 19, 20, 18, 17, 16, 14, 12, 13, 34, 33, 31, 32, 8, 10, 11, 9, 5, 7, 6, 30, 29, 27, 28, 1, 36, 3, 2, 37, 
1, 28, 27, 29, 30, 6, 7, 5, 9, 11, 10, 8, 32, 31, 33, 34, 13, 12, 14, 16, 17, 18, 20, 19, 15, 4, 0, 35, 23, 22, 21, 25, 24, 26, 40, 42, 41, 39, 38, 37, 2, 3, 36, 
34, 13, 12, 14, 16, 17, 18, 20, 19, 15, 4, 0, 35, 23, 22, 21, 25, 24, 26, 40, 42, 41, 39, 38, 37, 2, 3, 36, 1, 28, 27, 29, 30, 6, 7, 5, 9, 11, 10, 8, 32, 31, 33, 
8, 32, 31, 33, 34, 13, 12, 14, 16, 17, 18, 20, 19, 15, 4, 0, 35, 23, 22, 21, 25, 24, 26, 40, 42, 41, 39, 38, 37, 2, 3, 36, 1, 28, 27, 29, 30, 6, 7, 5, 9, 11, 10, 
40, 42, 41, 39, 38, 37, 2, 3, 36, 1, 28, 27, 29, 30, 6, 7, 5, 9, 11, 10, 8, 32, 31, 33, 34, 13, 12, 14, 16, 17, 18, 20, 19, 15, 4, 0, 35, 23, 22, 21, 25, 24, 26, 
8, 32, 31, 33, 34, 13, 12, 14, 16, 17, 18, 20, 19, 15, 4, 0, 35, 23, 22, 21, 25, 24, 26, 40, 42, 41, 39, 38, 37, 2, 3, 36, 1, 28, 27, 29, 30, 6, 7, 5, 9, 11, 10, 
0, 35, 23, 22, 21, 25, 24, 26, 40, 42, 41, 39, 38, 37, 2, 3, 36, 1, 28, 27, 29, 30, 6, 7, 5, 9, 11, 10, 8, 32, 31, 33, 34, 13, 12, 14, 16, 17, 18, 20, 19, 15, 4, 
21, 25, 24, 26, 40, 42, 41, 39, 38, 37, 2, 3, 36, 1, 28, 27, 29, 30, 6, 7, 5, 9, 11, 10, 8, 32, 31, 33, 34, 13, 12, 14, 16, 17, 18, 20, 19, 15, 4, 0, 35, 23, 22, 
12, 14, 16, 17, 18, 20, 19, 15, 4, 0, 35, 23, 22, 21, 25, 24, 26, 40, 42, 41, 39, 38, 37, 2, 3, 36, 1, 28, 27, 29, 30, 6, 7, 5, 9, 11, 10, 8, 32, 31, 33, 34, 13, 
19, 15, 4, 0, 35, 23, 22, 21, 25, 24, 26, 42, 40, 41, 39, 38, 37, 2, 3, 36, 1, 28, 27, 29, 30, 6, 7, 5, 9, 11, 10, 8, 32, 31, 33, 34, 13, 12, 14, 16, 17, 18, 20, 
31, 33, 34, 13, 12, 14, 16, 17, 18, 20, 19, 15, 4, 0, 35, 23, 22, 21, 25, 24, 26, 40, 42, 41, 39, 38, 37, 2, 3, 36, 1, 28, 27, 29, 30, 6, 7, 5, 9, 11, 10, 8, 32, 
13, 12, 14, 16, 17, 18, 20, 19, 15, 4, 0, 35, 23, 22, 21, 25, 24, 26, 40, 42, 41, 39, 38, 37, 2, 3, 36, 1, 28, 27, 29, 30, 6, 7, 5, 9, 11, 10, 8, 32, 31, 33, 34, 
23, 22, 21, 25, 24, 26, 40, 42, 41, 39, 38, 37, 2, 3, 36, 1, 28, 27, 29, 30, 6, 7, 5, 9, 8, 10, 11, 32, 31, 33, 34, 13, 12, 14, 16, 17, 18, 20, 19, 15, 4, 0, 35, 
0, 35, 23, 22, 21, 25, 24, 26, 40, 42, 41, 39, 38, 37, 2, 3, 36, 1, 28, 27, 29, 30, 6, 7, 5, 9, 11, 10, 8, 32, 31, 33, 34, 13, 12, 14, 16, 17, 18, 20, 19, 15, 4, 
4, 0, 35, 23, 22, 21, 25, 24, 26, 40, 42, 41, 39, 38, 37, 2, 3, 36, 1, 28, 27, 29, 30, 6, 7, 5, 9, 11, 10, 8, 32, 31, 33, 34, 13, 12, 14, 16, 17, 18, 20, 19, 15, 
6, 7, 5, 9, 11, 10, 8, 32, 31, 33, 34, 13, 12, 14, 16, 17, 18, 20, 19, 15, 4, 0, 35, 23, 22, 21, 25, 24, 26, 40, 42, 41, 39, 38, 37, 2, 3, 36, 1, 28, 27, 29, 30, 
29, 30, 6, 7, 5, 9, 11, 10, 8, 32, 31, 33, 34, 13, 12, 14, 16, 17, 18, 20, 19, 15, 4, 0, 35, 23, 22, 21, 25, 24, 26, 40, 42, 41, 39, 38, 37, 2, 3, 36, 1, 28, 27, 
26, 42, 40, 41, 39, 38, 37, 2, 3, 36, 1, 28, 27, 29, 30, 6, 7, 5, 9, 11, 10, 8, 32, 31, 33, 34, 13, 12, 14, 16, 17, 18, 20, 19, 15, 4, 0, 35, 23, 22, 21, 25, 24, 
13, 12, 14, 16, 17, 18, 20, 19, 15, 4, 0, 35, 23, 22, 21, 25, 24, 26, 40, 42, 41, 39, 38, 37, 2, 3, 36, 1, 28, 27, 29, 30, 6, 7, 5, 9, 11, 10, 8, 32, 31, 33, 34, 
16, 17, 18, 20, 19, 15, 4, 0, 35, 23, 22, 21, 25, 24, 26, 40, 42, 41, 39, 38, 37, 2, 3, 36, 1, 28, 27, 29, 30, 6, 7, 5, 9, 11, 10, 8, 32, 31, 33, 34, 13, 12, 14, 
30, 6, 7, 5, 9, 11, 10, 8, 32, 31, 33, 34, 13, 12, 14, 16, 17, 18, 20, 19, 15, 4, 0, 35, 23, 22, 21, 25, 24, 26, 40, 42, 41, 39, 38, 37, 2, 3, 36, 1, 28, 27, 29, 
27, 29, 30, 6, 7, 5, 9, 11, 10, 8, 32, 31, 33, 34, 13, 12, 14, 16, 17, 18, 20, 19, 15, 4, 0, 35, 23, 22, 21, 25, 24, 26, 40, 42, 41, 39, 38, 37, 2, 3, 36, 1, 28, 
2, 3, 36, 1, 28, 27, 29, 30, 6, 7, 5, 9, 11, 10, 8, 32, 31, 33, 34, 13, 12, 14, 16, 17, 18, 20, 19, 15, 4, 0, 35, 23, 22, 21, 25, 24, 26, 40, 42, 41, 39, 38, 37, 
34, 13, 12, 14, 16, 17, 18, 20, 19, 15, 4, 0, 35, 23, 22, 21, 25, 24, 26, 40, 42, 41, 39, 38, 37, 2, 3, 36, 1, 28, 27, 29, 30, 6, 7, 5, 9, 11, 10, 8, 32, 31, 33, 
39, 38, 37, 2, 3, 36, 1, 28, 27, 29, 30, 6, 7, 5, 9, 11, 10, 8, 32, 31, 33, 34, 13, 12, 14, 16, 17, 18, 20, 19, 15, 4, 0, 35, 23, 22, 21, 25, 24, 26, 40, 42, 41, 
12, 14, 16, 17, 18, 20, 19, 15, 4, 0, 35, 23, 22, 21, 25, 24, 26, 42, 40, 41, 39, 38, 37, 2, 3, 36, 1, 28, 27, 29, 30, 6, 7, 5, 9, 11, 10, 8, 32, 31, 33, 13, 34, 
37, 38, 39, 41, 42, 40, 26, 24, 25, 21, 22, 23, 35, 0, 4, 15, 19, 20, 18, 17, 16, 14, 12, 13, 34, 33, 31, 32, 8, 10, 11, 5, 7, 6, 30, 29, 27, 28, 1, 36, 3, 2, 9, 
5, 11, 10, 8, 9, 32, 31, 33, 6, 7, 30, 29, 27, 28, 1, 36, 3, 2, 37, 38, 39, 41, 42, 40, 26, 24, 25, 21, 22, 23, 35, 0, 4, 15, 19, 20, 18, 17, 16, 14, 12, 13, 34, 
3, 2, 37, 38, 39, 41, 42, 40, 26, 24, 25, 21, 22, 23, 35, 0, 4, 15, 19, 20, 18, 17, 16, 14, 12, 13, 34, 33, 31, 32, 8, 9, 5, 7, 6, 30, 29, 27, 28, 1, 36, 10, 11, 
7, 31, 32, 9, 8, 10, 11, 5, 33, 6, 30, 29, 27, 28, 1, 36, 3, 2, 37, 38, 39, 41, 42, 40, 26, 24, 25, 21, 22, 23, 35, 0, 4, 15, 19, 20, 18, 17, 16, 14, 12, 13, 34, 
25, 24, 26, 40, 42, 41, 39, 38, 37, 2, 3, 36, 1, 28, 27, 29, 30, 6, 7, 32, 9, 11, 10, 8, 5, 31, 33, 34, 13, 12, 14, 16, 17, 18, 20, 19, 15, 4, 0, 35, 23, 22, 21, 
37, 2, 3, 36, 1, 28, 27, 29, 30, 6, 7, 32, 9, 11, 10, 8, 5, 31, 33, 34, 13, 12, 14, 16, 17, 18, 20, 19, 15, 4, 0, 35, 23, 22, 21, 25, 24, 26, 40, 42, 41, 39, 38, 
27, 29, 30, 6, 7, 32, 9, 11, 10, 8, 5, 31, 33, 34, 13, 12, 14, 16, 17, 18, 20, 19, 15, 4, 0, 35, 23, 22, 21, 25, 24, 26, 40, 42, 41, 39, 38, 37, 2, 3, 36, 1, 28, 
6, 30, 29, 27, 28, 1, 37, 3, 2, 36, 38, 39, 41, 42, 40, 26, 24, 25, 21, 22, 23, 35, 0, 4, 15, 19, 20, 18, 17, 16, 14, 12, 13, 34, 33, 31, 5, 8, 10, 11, 9, 32, 7, 
11, 10, 8, 5, 31, 33, 34, 13, 12, 14, 16, 17, 18, 20, 19, 15, 4, 0, 35, 23, 22, 21, 25, 24, 26, 40, 42, 41, 39, 38, 37, 2, 3, 36, 1, 28, 27, 29, 30, 6, 7, 32, 9, 
13, 12, 14, 16, 17, 18, 20, 19, 15, 4, 0, 35, 23, 22, 21, 25, 24, 26, 40, 42, 41, 39, 38, 37, 2, 3, 36, 1, 28, 27, 29, 30, 6, 7, 32, 9, 11, 10, 8, 5, 31, 33, 34, 
35, 23, 22, 21, 25, 24, 26, 40, 42, 41, 39, 38, 37, 2, 3, 36, 1, 28, 27, 29, 30, 6, 7, 32, 9, 11, 10, 8, 5, 31, 33, 34, 13, 12, 14, 16, 17, 18, 20, 19, 15, 4, 0, 
28, 27, 29, 30, 11, 7, 5, 9, 6, 10, 8, 32, 31, 33, 34, 13, 12, 14, 16, 17, 18, 20, 19, 15, 4, 0, 35, 23, 22, 21, 25, 24, 26, 40, 42, 41, 39, 38, 37, 2, 3, 36, 1, 
33, 31, 32, 9, 8, 10, 11, 5, 7, 6, 30, 29, 27, 28, 35, 36, 3, 2, 37, 38, 39, 41, 42, 40, 26, 24, 25, 21, 22, 23, 1, 0, 4, 15, 19, 20, 18, 17, 16, 14, 12, 13, 34, 
18, 20, 16, 15, 4, 0, 35, 23, 22, 21, 25, 24, 26, 40, 42, 41, 39, 38, 37, 2, 3, 36, 1, 28, 27, 29, 30, 6, 7, 5, 9, 11, 10, 8, 32, 31, 33, 34, 13, 12, 14, 19, 17, 
41, 39, 38, 6, 2, 3, 36, 1, 28, 27, 29, 30, 37, 7, 5, 9, 11, 10, 8, 32, 31, 33, 34, 13, 12, 14, 16, 17, 18, 20, 19, 15, 4, 0, 35, 23, 22, 21, 25, 24, 26, 40, 42, 
15, 19, 20, 18, 17, 16, 14, 12, 13, 10, 33, 31, 32, 8, 34, 11, 9, 5, 7, 6, 30, 29, 27, 28, 1, 36, 3, 2, 37, 38, 39, 41, 42, 40, 26, 24, 25, 21, 22, 23, 35, 0, 4, 
33, 31, 32, 9, 8, 15, 11, 5, 7, 6, 30, 29, 27, 28, 1, 36, 3, 2, 37, 38, 39, 41, 42, 40, 26, 24, 25, 21, 22, 23, 35, 0, 4, 10, 19, 20, 18, 17, 16, 14, 12, 13, 34, 
15, 19, 20, 18, 17, 16, 36, 12, 13, 34, 33, 31, 32, 8, 10, 11, 9, 5, 7, 6, 30, 29, 27, 28, 1, 14, 3, 2, 37, 38, 39, 41, 42, 40, 26, 24, 25, 21, 22, 23, 35, 0, 4, 
35, 23, 22, 21, 25, 24, 26, 40, 42, 41, 39, 38, 37, 14, 3, 36, 1, 28, 27, 29, 30, 6, 7, 5, 9, 11, 10, 8, 32, 31, 33, 34, 13, 12, 2, 16, 17, 18, 20, 19, 15, 4, 0, 
36, 1, 28, 12, 29, 30, 6, 7, 5, 9, 11, 10, 8, 32, 31, 33, 34, 13, 27, 14, 16, 17, 18, 20, 19, 15, 4, 0, 35, 23, 22, 21, 25, 24, 26, 40, 42, 41, 39, 38, 37, 2, 3, 
10, 8, 32, 31, 33, 34, 13, 12, 14, 2, 17, 18, 20, 19, 15, 4, 0, 35, 23, 22, 21, 25, 24, 26, 40, 42, 41, 39, 38, 37, 16, 3, 36, 1, 28, 27, 29, 30, 6, 7, 5, 9, 11, 
35, 23, 22, 21, 25, 24, 26, 40, 42, 41, 39, 38, 37, 2, 3, 36, 1, 28, 16, 29, 30, 6, 7, 5, 9, 11, 10, 8, 32, 31, 33, 34, 13, 12, 14, 27, 17, 18, 20, 19, 15, 4, 0, 
15, 19, 20, 18, 17, 26, 14, 12, 13, 34, 33, 31, 32, 11, 10, 8, 9, 5, 7, 6, 30, 29, 27, 28, 1, 36, 3, 2, 37, 38, 39, 41, 42, 40, 16, 24, 25, 21, 22, 23, 35, 0, 4, 
29, 30, 6, 7, 5, 9, 8, 10, 11, 32, 31, 33, 34, 13, 12, 14, 16, 17, 18, 20, 19, 15, 1, 28, 27, 3, 36, 22, 21, 25, 24, 26, 40, 42, 41, 39, 38, 37, 2, 35, 23, 0, 4, 
35, 23, 22, 21, 25, 24, 26, 40, 42, 41, 39, 38, 37, 2, 12, 36, 1, 28, 27, 29, 30, 6, 7, 5, 9, 11, 10, 8, 32, 31, 33, 34, 13, 3, 14, 16, 17, 18, 20, 19, 15, 4, 0, 
33, 31, 32, 8, 10, 11, 9, 5, 26, 6, 30, 29, 27, 28, 1, 36, 3, 2, 37, 38, 39, 41, 40, 42, 7, 24, 25, 21, 22, 23, 35, 0, 4, 15, 19, 20, 18, 17, 16, 14, 12, 13, 34, 
10, 8, 32, 31, 33, 34, 7, 12, 14, 16, 17, 18, 20, 19, 15, 4, 0, 35, 23, 22, 21, 25, 24, 26, 40, 42, 41, 39, 38, 37, 2, 3, 30, 1, 28, 27, 29, 36, 6, 13, 5, 9, 11, 
6, 7, 5, 9, 11, 10, 8, 32, 31, 33, 34, 13, 12, 14, 16, 17, 18, 20, 19, 15, 4, 0, 35, 23, 22, 21, 25, 24, 26, 40, 38, 41, 39, 42, 37, 2, 3, 36, 1, 28, 27, 29, 30, 
8, 32, 31, 33, 34, 13, 12, 14, 16, 17, 18, 20, 19, 15, 1, 0, 35, 23, 22, 21, 25, 24, 26, 40, 42, 41, 39, 38, 37, 2, 3, 36, 4, 28, 27, 29, 30, 6, 7, 5, 9, 11, 10, 
0, 35, 23, 22, 21, 25, 24, 26, 40, 42, 41, 39, 38, 37, 2, 3, 36, 1, 28, 27, 29, 30, 6, 7, 5, 9, 11, 10, 8, 32, 31, 33, 34, 13, 12, 14, 16, 17, 15, 19, 18, 20, 4, 
32, 31, 33, 34, 13, 12, 14, 16, 17, 18, 20, 19, 15, 4, 0, 35, 23, 22, 21, 25, 24, 9, 40, 42, 41, 39, 38, 37, 2, 3, 36, 1, 28, 27, 29, 30, 6, 7, 5, 26, 11, 10, 8, 
28, 27, 29, 30, 6, 7, 5, 9, 11, 10, 8, 19, 31, 33, 34, 13, 12, 14, 16, 17, 18, 20, 32, 15, 4, 0, 35, 23, 22, 21, 25, 24, 26, 40, 42, 41, 39, 38, 37, 2, 3, 36, 1, 
15, 19, 20, 18, 17, 16, 14, 12, 13, 34, 33, 31, 32, 8, 10, 11, 9, 5, 7, 6, 30, 29, 27, 28, 1, 36, 3, 2, 37, 38, 39, 41, 42, 40, 26, 24, 25, 21, 22, 23, 35, 4, 0, 
15, 19, 12, 18, 17, 16, 14, 20, 13, 34, 33, 31, 32, 8, 10, 11, 9, 5, 7, 6, 30, 29, 27, 28, 1, 36, 3, 2, 37, 38, 39, 41, 42, 40, 26, 24, 25, 21, 22, 23, 35, 0, 4, 
6, 30, 29, 27, 28, 1, 36, 3, 2, 37, 38, 39, 41, 42, 40, 26, 24, 25, 21, 22, 23, 35, 0, 4, 19, 15, 20, 18, 17, 16, 14, 12, 13, 34, 33, 31, 5, 8, 10, 11, 9, 32, 7, 
15, 19, 20, 18, 17, 16, 14, 12, 13, 4, 33, 31, 32, 8, 10, 11, 9, 5, 7, 6, 30, 29, 27, 28, 1, 36, 3, 2, 37, 38, 39, 41, 42, 40, 26, 24, 25, 21, 22, 23, 35, 0, 34, 
6, 30, 29, 27, 28, 1, 36, 3, 2, 17, 38, 39, 41, 42, 40, 26, 24, 25, 21, 22, 23, 35, 0, 4, 15, 19, 20, 18, 37, 16, 14, 12, 13, 34, 33, 31, 5, 8, 10, 11, 9, 32, 7, 
15, 19, 20, 18, 1, 16, 14, 12, 13, 34, 33, 31, 32, 8, 10, 11, 9, 5, 7, 6, 30, 29, 37, 28, 17, 36, 3, 2, 27, 38, 39, 41, 42, 40, 26, 24, 25, 21, 22, 23, 35, 0, 4, 
13, 8, 32, 31, 33, 34, 10, 12, 14, 16, 17, 18, 20, 19, 3, 4, 0, 35, 23, 22, 21, 25, 24, 26, 40, 42, 41, 39, 38, 37, 2, 15, 36, 1, 28, 27, 29, 30, 6, 7, 5, 9, 11, 
25, 21, 22, 23, 35, 0, 4, 15, 19, 20, 18, 24, 16, 14, 12, 13, 34, 33, 31, 32, 8, 10, 11, 9, 5, 7, 6, 30, 29, 27, 28, 1, 36, 3, 2, 37, 38, 39, 41, 42, 40, 26, 17, 
35, 23, 22, 21, 12, 24, 26, 40, 42, 41, 39, 38, 37, 2, 3, 36, 1, 28, 27, 29, 16, 6, 7, 5, 9, 11, 10, 8, 32, 31, 33, 34, 13, 25, 14, 30, 17, 18, 20, 19, 15, 4, 0, 
32, 8, 10, 11, 9, 21, 7, 6, 30, 29, 27, 28, 1, 36, 3, 2, 37, 38, 39, 41, 42, 40, 26, 24, 25, 5, 22, 23, 35, 0, 4, 15, 19, 20, 18, 17, 16, 14, 12, 13, 34, 33, 31, 
16, 17, 13, 20, 19, 15, 4, 0, 35, 23, 22, 21, 25, 6, 26, 39, 42, 41, 40, 38, 37, 2, 3, 36, 1, 28, 27, 29, 30, 24, 7, 5, 9, 11, 10, 8, 32, 31, 33, 34, 18, 12, 14, 
36, 1, 28, 27, 29, 30, 6, 7, 5, 9, 11, 10, 8, 32, 31, 33, 35, 23, 22, 21, 25, 24, 26, 42, 40, 41, 39, 38, 37, 2, 3, 14, 16, 17, 18, 20, 19, 15, 4, 0, 34, 13, 12, 
15, 17, 20, 18, 19, 16, 14, 12, 13, 34, 33, 31, 32, 8, 10, 11, 23, 5, 7, 6, 30, 29, 27, 28, 1, 36, 3, 2, 37, 38, 39, 41, 42, 40, 26, 24, 25, 21, 22, 9, 35, 0, 4, 
15, 7, 5, 9, 11, 10, 8, 32, 31, 33, 34, 13, 12, 14, 16, 17, 18, 20, 19, 2, 3, 36, 1, 28, 27, 29, 30, 6, 40, 42, 41, 39, 38, 37, 23, 22, 21, 25, 24, 26, 4, 0, 35, 
15, 10, 20, 18, 17, 16, 14, 12, 13, 34, 33, 31, 32, 8, 19, 11, 9, 2, 7, 6, 30, 35, 27, 28, 1, 36, 3, 5, 37, 38, 39, 41, 42, 40, 26, 24, 25, 21, 22, 23, 29, 0, 4, 
15, 19, 20, 18, 17, 16, 14, 12, 13, 34, 33, 31, 23, 11, 10, 8, 9, 5, 7, 6, 30, 29, 27, 28, 1, 36, 3, 2, 37, 38, 39, 41, 42, 40, 26, 24, 25, 21, 22, 32, 35, 0, 4, 
33, 31, 32, 8, 10, 11, 9, 5, 7, 6, 30, 29, 27, 28, 20, 36, 3, 2, 37, 38, 39, 41, 40, 42, 26, 24, 25, 21, 22, 23, 35, 0, 4, 15, 19, 1, 18, 17, 16, 14, 12, 13, 34, 
Tiempo de ejecucion (total): 26.984
Best fitness a lo largo del tiempo: 
17064, 11973, 11651, 6506, 6324, 6236, 6093, 6087, 6044, 5988, 5988, 5982, 5969, 5957, 5893, 5893, 5867, 5863, 5837, 5813, 5813, 5805, 5805, 5786, 5786, 5786, 5785, 5785, 5780, 5765, 5765, 5759, 5759, 5754, 5743, 5740, 5735, 5735, 5727, 5727, 5695, 5695, 5695, 5695, 5689, 5689, 5689, 5689, 5689, 5677, 5677, 5677, 5671, 5671, 5671, 5671, 5671, 5671, 5671, 5671, 5671, 5671, 5671, 5671, 5671, 5671, 5671, 5671, 5671, 5669, 5669, 5669, 5669, 5669, 5669, 5669, 5669, 5669, 5669, 5669, 5669, 5669, 5669, 5669, 5669, 5669, 5669, 5669, 5667, 5667, 5667, 5667, 5667, 5667, 5667, 5667, 5667, 5667, 5667, 5667, 5667, 5667, 5667, 5667, 5667, 5667, 5667, 5667, 5663, 5663, 5661, 5657, 5657, 5657, 5657, 5657, 5655, 5655, 5655, 5655, 5655, 5655, 5655, 5655, 5655, 5655, 5655, 5655, 5655, 5655, 5655, 5655, 5655, 5655, 5655, 5655, 5655, 5655, 5655, 5655, 5655, 5655, 5655, 5655, 5655, 5655, 5655, 5655, 5655, 5655, 5655, 5655, 5655, 5655, 5655, 5655, 5655, 5655, 5655, 5655, 5655, 5655, 5655, 5655, 5655, 5655, 5655, 5655, 5655, 5655, 5655, 5655, 5655, 5655, 5655, 5655, 5655, 5655, 5655, 5655, 5655, 5655, 5655, 5655, 5655, 5655, 5655, 5655, 5655, 5655, 5655, 5655, 5655, 5655, 5655, 5655, 5655, 5655, 5655, 5655, 5655, 5655, 5655, 5655, 5655, 5655, 5655, 5655, 5655, 5655, 5655, 5655, 5655, 5655, 5655, 5655, 5655, 5655, 5655, 5655, 5655, 5655, 5655, 5655, 5655, 5655, 5655, 5655, 5655, 5655, 5655, 5655, 5655, 5655, 5655, 5655, 5655, 5655, 5655, 5655, 5655, 5655, 5655, 5655, 5655, 5655, 5655, 5655, 5655, 5655, 5655, 5655, 5655, 5655, 5655, 5655, 5655, 5655, 5655, 5655, 5655, 5655, 5655, 5655, 5655, 5655, 5655, 5655, 5655, 5655, 5655, 5655, 5655, 5655, 5655, 5655, 5655, 5655, 5655, 5655, 5655, 5655, 5655, 5655, 5655, 5655, 5655, 5655, 5655, 5655, 5655, 5655, 5655, 5655, 5655, 5655, 5655, 5655, 5655, 5655, 5655, 5655, 5655, 5655, 5655, 5655, 5655, 5655, 5655, 5655, 5655, 5655, 5643, 5643, 5631, 5631, 5631, 5631, 5631, 5631, 5631, 5631, 5631, 5631, 5631, 5631, 5631, 5631, 5631, 5631, 5631, 5631, 5631, 5631, 5631, 5631, 5631, 5631, 5631, 5631, 5631, 5631, 5631, 5631, 5631, 5631, 5631, 5631, 5631, 5631, 5631, 5631, 5631, 5631, 5631, 5631, 5631, 5631, 5631, 5631, 5631, 5631, 5631, 5631, 5631, 5631, 5631, 5631, 5631, 5631, 5631, 5631, 5631, 5631, 5631, 5631, 5631, 5631, 5631, 5631, 5631, 5631, 5631, 5631, 5631, 5631, 5631, 5631, 5631, 5631, 5631, 5631, 5631, 5631, 5631, 5631, 5631, 5631, 5631, 5631, 5631, 5631, 5631, 5631, 5631, 5631, 5631, 5631, 5631, 5631, 5631, 5631, 5631, 5631, 5631, 5631, 5631, 5631, 5631, 5631, 5631, 5631, 5631, 5631, 5631, 5631, 5631, 5631, 5631, 5631, 5631, 5631, 5631, 5631, 5631, 5631, 5631, 5631, 5631, 5631, 5631, 5631, 5631, 5631, 5631, 5631, 5631, 5631, 5631, 5631, 5631, 5631, 5631, 5631, 5631, 5631, 5631, 5631, 5631, 5631, 5631, 5631, 5631, 5631, 5631, 5631, 5631, 5631, 5631, 5631, 5631, 5631, 5631, 5631, 5631, 5631, 5631, 5631, 5631, 5631, 5631, 5631, 5631, 5631, 5631, 5631, 5631, 5631, 5631, 5631, 5631, 5631, 5631, 5631, 5631, 5631, 5631, 5631, 5631, 5631, 5631, 5631, 5631, 5631, 5631, 5631, 5631, 5631, 5631, 5631, 5631, 5631, 5631, 5631, 5631, 5631, 5631, 5631, 5631, 5631, 5631, 5631, 5631, 5631, 5631, 5631, 5631, 5631, 5631, 5631, 5631, 5631, 5631, 5631, 5631, 5631, 5631, 5631, 5631, 5631, 5631, 5631, 5631, 5631, 5631, 5631, 5631, 5631, 5631, 5631, 5631, 5631, 5631, 5631, 5631, 5631, 5631, 5631, 5631, 5631, 5631, 5631, 5631, 5631, 5631, 5631, 5631, 5631, 5631, 5631, 5631, 5631, 5631, 5631, 5631, 5631, 5631, 5631, 5631, 5631, 5631, 5631, 5631, 5631, 5631, 5631, 5631, 5631, 5631, 5631, 5631, 5631, 5631, 5631, 5631, 5631, 5631, 5631, 5631, 5631, 5631, 5631, 5631, 5631, 5631, 5631, 5631, 5631, 5631, 5631, 5631, 5631, 5631, 5631, 5631, 5631, 5631, 5631, 5631, 5631, 5631, 5631, 5631, 5631, 5631, 5631, 5631, 5631, 5631, 5631, 5631, 5631, 5631, 5631, 5631, 5631, 5631, 5631, 5631, 5631, 5631, 5631, 5631, 5631, 5631, 5631, 5631, 5631, 5631, 5631, 5631, 5631, 5631, 5631, 5631, 5631, 5631, 5631, 5631, 5631, 5631, 5631, 5631, 5631, 5631, 5631, 5631, 5631, 5631, 5631, 5631, 5631, 5631, 5631, 5631, 5631, 5631, 5631, 5631, 5631, 5631, 5631, 5631, 5631, 5631, 5631, 5631, 5631, 5631, 5631, 5631, 5631, 5631, 5631, 5631, 5631, 5631, 5629, 5629, 5629, 5629, 5629, 5629, 5629, 5629, 5629, 5629, 5629, 5629, 5629, 5629, 5629, 5629, 5629, 5629, 5629, 5629, 5629, 5629, 5629, 5629, 5629, 5629, 5629, 5629, 5629, 5629, 5629, 5629, 5629, 5629, 5629, 5629, 5629, 5629, 5629, 5629, 5629, 5629, 5629, 5629, 5629, 5629, 5629, 5629, 5629, 5629, 5629, 5629, 5629, 5629, 5629, 5629, 5629, 5629, 5629, 5629, 5629, 5629, 5629, 5629, 5629, 5629, 5629, 5629, 5629, 5629, 5629, 5629, 5629, 5629, 5629, 5629, 5629, 5629, 5629, 5629, 5629, 5629, 5629, 5629, 5629, 5629, 5629, 5629, 5629, 5629, 5629, 5629, 5629, 5629, 5629, 5629, 5629, 5629, 5629, 5629, 5629, 5629, 5629, 5629, 5629, 5629, 5629, 5629, 5629, 5629, 5629, 5629, 5629, 5629, 5629, 5629, 5629, 5629, 5629, 5629, 5629, 5629, 5629, 5629, 5629, 5629, 5629, 5629, 5629, 5629, 5629, 5629, 5629, 5629, 5629, 5629, 5629, 5629, 5629, 5629, 5629, 5629, 5629, 5629, 5629, 5629, 5629, 5629, 5629, 5629, 5629, 5629, 5629, 5629, 5629, 5629, 5629, 5629, 5629, 5629, 5629, 5629, 5629, 5629, 5629, 5629, 5629, 5629, 5629, 5629, 5629, 5629, 5629, 5629, 5629, 5629, 5629, 5629, 5629, 5629, 5629, 5629, 5629, 5629, 5629, 5629, 5629, 5629, 5629, 5629, 5629, 5629, 5629, 5629, 5629, 5629, 5629, 5629, 5629, 5629, 5629, 5629, 5629, 5629, 5629, 5629, 5629, 5629, 5629, 5629, 5629, 5629, 5629, 5629, 5629, 5629, 5629, 5629, 5629, 5629, 5629, 5629, 5629, 5629, 5629, 5629, 5629, 5629, 5629, 5629, 5629, 5629, 5629, 5629, 5629, 5629, 5629, 5629, 5629, 5629, 5629, 5629, 5629, 5629, 5629, 5629, 5629, 5629, 5629, 5629, 5629, 5629, 5629, 5629, 5629, 5629, 5629, 5629, 5629, 5629, 5629, 5629, 5629, 5629, 5629, 5629, 5629, 5629, 5629, 5629, 5629, 5629, 5629, 5629, 5629, 5629, 5629, 5629, 5629, 5629, 5629, 5629, 5629, 5629, 5629, 5629, 5629, 5629, 5629, 5629, 5629, 5629, 5629, 5629, 5629, 5629, 5629, 5629, 5629, 5629, 5629, 5629, 5629, 5629, 5629, 5629, 5629, 5629, 5629, 5629, 5629, 5629, 5629, 5629, 5629, 5629, 5629, 5629, 5629, 5629, 5629, 5629, 5629, 5629, 5629, 5629, 5629, 5629, 5629, 5629, 5629, 5629, 5629, 5629, 5629, 5629, 5629, 5629, 5629, 5629, 5629, 5629, 5629, 5629, 5629, 5629, 5629, 5629, 5629, 5629, 5629, 5629, 5629, 5629, 5629, 5629, 5629, 5629, 5629, 5629, 5629, 5629, 5629, 5629, 5629, 5629, 5629, 5629, 5629, 5629, 5629, 5629, 5629, 5629, 5629, 5629, 5629, 5629, 5629, 5629, 5629, 5629, 5629, 5629, 5629, 5629, 5629, 5629, 5629, 5629, 5629, 5629, 5629, 5629, 5629, 5629, 5629, 5629, 5629, 5629, 5629, 5629, 5629, 5629, 5629, 5629, 5629, 5629, 5629, 5629, 5629, 5629, 5629, 5629, 5629, 5629, 5629, 5629, 5629, 5629, 5629, 5629, 5629, 5629, 5629, 5629, 5629, 5629, 5629, 5629, 5629, 5629, 5629, 5629, 5629, 5629, 5629, 5629, 5629, 5629, 5629, 5629, 5629, 5629, 5629, 5629, 5629, 5629, 5629, 5629, 5629, 5629, 5629, 5629, 5629, 5629, 5629, 5629, 5629, 5629, 5629, 5629, 5629, 5629, 5629, 5629, 5629, 5629, 5629, 5629, 5629, 5629, 5629, 5629, 5629, 5629, 5629, 5629, 5629, 5629, 5629, 5629, 5629, 5629, 5629, 5629, 5629, 5629, 5629, 5629, 5629, 5629, 5629, 5629, 5629, 5629, 5629, 5629, 5629, 5629, 5629, 5629, 5629, 5629, 5629, 5629, 5629, 5629, 5629, 5629, 5629, 5629, 5629, 5629, 5629, 5629, 5629, 5629, 5629, 5629, 5629, 5629, 5629, 5629, 5629, 5629, 5629, 5629, 5629, 5629, 5629, 5629, 5629, 5629, 5629, 5629, 5629, 5629, 5629, 5629, 5629, 5629, 5629, 5629, 5629, 5629, 5629, 5629, 5629, 5629, 5629, 5629, 5629, 5629, 5629, 5629, 5629, 5629, 5629, 5629, 5629, 5629, 5629, 5629, 5629, 5629, 5629, 5629, 5629, 5629, 5629, 5629, 5629, 5629, 5629, 5629, 5629, 5629, 5629, 5629, 5629, 5629, 5629, 5629, 5629, 5629, 5629, 5629, 5629, 5629, 5629, 5629, 5629, 5629, 5629, 5629, 5629, 5629, 5629, 5629, 5629, 5629, 5629, 5629, 5629, 5629, 5629, 5629, 5629, 5629, 5629, 5629, 5629, 5629, 5629, 5629, 5629, 5629, 5629, 5629, 5629, 5629, 5629, 5629, 5629, 5629, 5629, 5629, 5629, 5629, 5629, 5629, 5629, 5629, 5629, 5629, 5629, 5629, 5629, 5629, 5629, 5629, 5629, 5629, 5629, 5629, 5629, 5629, 5629, 5629, 5629, 5629, 5629, 5629, 5629, 5629, 5629, 5629, 5629, 5629, 5629, 5629, 5629, 5629, 5629, 5629, 5629, 5629, 5629, 5629, 5629, 5629, 5629, 5629, 5629, 5629, 5629, 5629, 5629, 5629, 5629, 5629, 5629, 5629, 5629, 5629, 5629, 5629, 5629, 5629, 5629, 5629, 5629, 5629, 5629, 5629, 5629, 5629, 5629, 5629, 5629, 5629, 5629, 5629, 5629, 5629, 5629, 5629, 5629, 5629, 5629, 5629, 5629, 5629, 5629, 5629, 5629, 5629, 5629, 5629, 5629, 5629, 5629, 5629, 5629, 5629, 5629, 5629, 5629, 5629, 5629, 5629, 5629, 5629, 5629, 5629, 5629, 5629, 5629, 5629, 5629, 5629, 5629, 5629, 5629, 5629, 5629, 5629, 5629, 5629, 5629, 5629, 5629, 5629, 5629, 5629, 5629, 5629, 5629, 5629, 5629, 5629, 5629, 5629, 5629, 5629, 5629, 5629, 5629, 5629, 5629, 5629, 5629, 5629, 5629, 5629, 5629, 5629, 5629, 5629, 5629, 5629, 5629, 5629, 5629, 5629, 5629, 5629, 5629, 5629, 5629, 5629, 5629, 5629, 5629, 5629, 5629, 5629, 5629, 5629, 5629, 5629, 5629, 5629, 5629, 5629, 5629, 5629, 5629, 5629, 5629, 5629, 5629, 5629, 5629, 5629, 5629, 5629, 5629, 5629, 5629, 5629, 5629, 5629, 5629, 5629, 5629, 5629, 5629, 5629, 5629, 5629, 5629, 5629, 5629, 5629, 5629, 5629, 5629, 5629, 5629, 5629, 5629, 5629, 5629, 5629, 5629, 5629, 5629, 5629, 5629, 5629, 5629, 5629, 5629, 5629, 5629, 5629, 5629, 5629, 5629, 5629, 5629, 5629, 5629, 5629, 5629, 5629, 5629, 5629, 5629, 5629, 5629, 5629, 5629, 5629, 5629, 5629, 5629, 5629, 5629, 5629, 5629, 5629, 5629, 5629, 5629, 5629, 5629, 5629, 5629, 5629, 5629, 5629, 5629, 5629, 5629, 5629, 5629, 5629, 5629, 5629, 5629, 5629, 5629, 5629, 5629, 5629, 5629, 5629, 5629, 5629, 5629, 5629, 5629, 5629, 5629, 5629, 5629, 5629, 5629, 5629, 5629, 5629, 5629, 5629, 5629, 5629, 5629, 5629, 5629, 5629, 5629, 5629, 5629, 5629, 5629, 5629, 5629, 5629, 5629, 5629, 5629, 5629, 5629, 5629, 5629, 5629, 5629, 5629, 5629, 5629, 5629, 5629, 5629, 5629, 5629, 5629, 5629, 5629, 5629, 5629, 5629, 5629, 5629, 5629, 5627, 5627, 5627, 5627, 5627, 5627, 5627, 5627, 5627, 5627, 5627, 5627, 5627, 5627, 5627, 5627, 5627, 5627, 5627, 5627, 5627, 5627, 5627, 5627, 5627, 5627, 5627, 5627, 5627, 5627, 5627, 5627, 5627, 5627, 5627, 5627, 5627, 5627, 5627, 5627, 5627, 5627, 5627, 5627, 5627, 5627, 5627, 5627, 5627, 5627, 5627, 5627, 5627, 5627, 5627, 5627, 5627, 5627, 5627, 5627, 5627, 5627, 5627, 5627, 5627, 5627, 5627, 5627, 5627, 5627, 5627, 5627, 5627, 5627, 5627, 5625, 5625, 5625, 5625, 5625, 5625, 5625, 5625, 5625, 5625, 5625, 5625, 5625, 5625, 5625, 5625, 5625, 5625, 5625, 5625, 5625, 5625, 5625, 5625, 5625, 5625, 5625, 5625, 5625, 5625, 5625, 5625, 5625, 5625, 5625, 5625, 5625, 5625, 5625, 5625, 5625, 5625, 5625, 5625, 5625, 5625, 5625, 5625, 5625, 5625, 5625, 5625, 5625, 5625, 5625, 5625, 5625, 5625, 5625, 5625, 5625, 5625, 5625, 5625, 5625, 5625, 5625, 5625, 5625, 5625, 5625, 5625, 5625, 5625, 5625, 5625, 5625, 5625, 5625, 5625, 5625, 5625, 5625, 5625, 5625, 5625, 5625, 5625, 5625, 5625, 5625, 5625, 5625, 5625, 5625, 5625, 5625, 5625, 5625, 5625, 5625, 5625, 5625, 5625, 5625, 5625, 5625, 5625, 5625, 5625, 5625, 5625, 5625, 5625, 5625, 5625, 5625, 5625, 5625, 5625, 5625, 5625, 5625, 5625, 5625, 5625, 5625, 5625, 5625, 5625, 5625, 5625, 5625, 5625, 5625, 5625, 5625, 5625, 5625, 5625, 5625, 5625, 5625, 5625, 5625, 5625, 5625, 5625, 5625, 5625, 5625, 5625, 5625, 5625, 5625, 5625, 5625, 5625, 5625, 5625, 5625, 5625, 5625, 5625, 5625, 5625, 5625, 5625, 5625, 5625, 5625, 5625, 5625, 5625, 5625, 5625, 5625, 5625, 5625, 5625, 5625, 5625, 5625, 5625, 5625, 5625, 5625, 5625, 5625, 5625, 5625, 5625, 5625, 5625, 5625, 5625, 5625, 5625, 5625, 5625, 5625, 5625, 5625, 5625, 5625, 5625, 5625, 5625, 5625, 5625, 5625, 5625, 5625, 5625, 5625, 5625, 5625, 5625, 5625, 5625, 5625, 5625, 5625, 5625, 5625, 5625, 5625, 5625, 5625, 5625, 5625, 5625, 5625, 5625, 5625, 5625, 5625, 5625, 5625, 5625, 5625, 5625, 5625, 5625, 5625, 5625, 5625, 5625, 5625, 5625, 5625, 5625, 5625, 5625, 5625, 5625, 5625, 5625, 5625, 5625, 5625, 5625, 5625, 5625, 5625, 5625, 5625, 5625, 5625, 5625, 5625, 5625, 5625, 5625, 5625, 5625, 5625, 5625, 5625, 5625, 5625, 5625, 5625, 5625, 5625, 5625, 5625, 5625, 5625, 5625, 5625, 5625, 5625, 5625, 5625, 5625, 5625, 5625, 5625, 5625, 5625, 5625, 5625, 5625, 5625, 5625, 5625, 5625, 5625, 5625, 5625, 5625, 5625, 5625, 5625, 5625, 5625, 5625, 5625, 5625, 5625, 5625, 5625, 5625, 5625, 5625, 5625, 5625, 5625, 5625, 5625, 5625, 5625, 5625, 5625, 5625, 5625, 5625, 5625, 5625, 5625, 5625, 5625, 5625, 5625, 5625, 5625, 5625, 5625, 5625, 5625, 5625, 5625, 5625, 5625, 5625, 5625, 5625, 5625, 5625, 5625, 5625, 5625, 5625, 5625, 5625, 5625, 5625, 5625, 5625, 5625, 5625, 5625, 5625, 5625, 5625, 5625, 5625, 5625, 5625, 5625, 5625, 5625, 5625, 5625, 5625, 5625, 5625, 5625, 5625, 5625, 5625, 5625, 5625, 5625, 5625, 5625, 5625, 5625, 5625, 5625, 5625, 5625, 5625, 5625, 5625, 5625, 5625, 5625, 5625, 5625, 5625, 5625, 5625, 5625, 5625, 5625, 5625, 5625, 5625, 5625, 5625, 5625, 5625, 5625, 5625, 5625, 5625, 5625, 5625, 5625, 5625, 5625, 5625, 5625, 5625, 5625, 5625, 5625, 5625, 5625, 5625, 5625, 5625, 5625, 5625, 5625, 5625, 5625, 5625, 5625, 5625, 5625, 5625, 5625, 5625, 5625, 5625, 5625, 5625, 5625, 5625, 5625, 5625, 5625, 5625, 5625, 5625, 5625, 5625, 5625, 5625, 5625, 5625, 5625, 5625, 5625, 5625, 5625, 5625, 5625, 5625, 5625, 5625, 5625, 5625, 5625, 5625, 5625, 5625, 5625, 5625, 5625, 5625, 5625, 5625, 5625, 5625, 5625, 5625, 5625, 5625, 5625, 5625, 5625, 5625, 5625, 5625, 5625, 5625, 5625, 5625, 5625, 5625, 5625, 5625, 5625, 5625, 5625, 5625, 5625, 5625, 5625, 5625, 5625, 5625, 5625, 5625, 5625, 5625, 5625, 5625, 5625, 5625, 5625, 5625, 5625, 5625, 5625, 5625, 5625, 5625, 5625, 5625, 5625, 5625, 5625, 5625, 5625, 5625, 5625, 5625, 5625, 5625, 5625, 5625, 5625, 5625, 5625, 5625, 5625, 5625, 5625, 5625, 5625, 5625, 5625, 5625, 5625, 5625, 5625, 5625, 5625, 5625, 5625, 5625, 5625, 5625, 5625, 5625, 5625, 5625, 5625, 5625, 5625, 5625, 5625, 5625, 5625, 5625, 5625, 5625, 5625, 5625, 5625, 5625, 5625, 5625, 5625, 5625, 5625, 5625, 5625, 5625, 5625, 5625, 5625, 5625, 5625, 5625, 5625, 5625, 5625, 5625, 5625, 5625, 5625, 5625, 5625, 5625, 5625, 5625, 5625, 5625, 5625, 5625, 5625, 5625, 5625, 5625, 5625, 5625, 5625, 5625, 5625, 5625, 5625, 5625, 5625, 5625, 5625, 5625, 5625, 5625, 5625, 5625, 5625, 5625, 5625, 5625, 5625, 5625, 5625, 5625, 5625, 5625, 5625, 5625, 5625, 5625, 5625, 5625, 5625, 5625, 5625, 5625, 5625, 5625, 5625, 5625, 5625, 5625, 5625, 5625, 5625, 5625, 5625, 5625, 5625, 5625, 5625, 5625, 5625, 5625, 5625, 5625, 5625, 5625, 5625, 5625, 5625, 5625, 5625, 5625, 5625, 5625, 5625, 5625, 5625, 5625, 5625, 5625, 5625, 5625, 5625, 5625, 5625, 5625, 5625, 5625, 5625, 5625, 5625, 5625, 5625, 5625, 5625, 5625, 5625, 5625, 5625, 5625, 5625, 5625, 5625, 5625, 5625, 5625, 5625, 5625, 5625, 5625, 5625, 5625, 5625, 5625, 5625, 5625, 5625, 5625, 5625, 5625, 5625, 5625, 5625, 5625, 5625, 5625, 5625, 5625, 5625, 5625, 5625, 5625, 5625, 5625, 5625, 5625, 5625, 5625, 5625, 5625, 5625, 5625, 5625, 5625, 5625, 5625, 5625, 5625, 5625, 5625, 5625, 5625, 5625, 5625, 5625, 5625, 5625, 5625, 5625, 5625, 5625, 5625, 5625, 5625, 5625, 5625, 5625, 5625, 5625, 5625, 5625, 5625, 5625, 5625, 5625, 5625, 5625, 5625, 5625, 5625, 5625, 5625, 5625, 5625, 5625, 5625, 5625, 5625, 5625, 5625, 5625, 5625, 5625, 5625, 5625, 5625, 5625, 5625, 5625, 5625, 5625, 5625, 5625, 5625, 5625, 5625, 5625, 5625, 5625, 5625, 5625, 5625, 5625, 5625, 5625, 5625, 5625, 5625, 5625, 5625, 5625, 5625, 5625, 5625, 5625, 5625, 5625, 5625, 5625, 5625, 5625, 5625, 5625, 5625, 5625, 5625, 5625, 5625, 5625, 5625, 5625, 5625, 5625, 5625, 5625, 5625, 5625, 5625, 5625, 5625, 5625, 5625, 5625, 5625, 5625, 5625, 5625, 5625, 5625, 5625, 5625, 5625, 5625, 5625, 5625, 5625, 5625, 5625, 5625, 5625, 5625, 5625, 5625, 5625, 5625, 5625, 5625, 5625, 5625, 5625, 5625, 5625, 5625, 5625, 5625, 5625, 5625, 5625, 5625, 5625, 5625, 5625, 5625, 5625, 5625, 5625, 5625, 5625, 5625, 5625, 5625, 5625, 5625, 5625, 5625, 5625, 5625, 5625, 5625, 5625, 5625, 5625, 5625, 5625, 5625, 5625, 5625, 5625, 5625, 5625, 5625, 5625, 5625, 5625, 5625, 5625, 5625, 5625, 5625, 5625, 5625, 5625, 5625, 5625, 5625, 5625, 5625, 5625, 5625, 5625, 5625, 5625, 5625, 5625, 5625, 5625, 5625, 5625, 5625, 5625, 5625, 5625, 5625, 5625, 5625, 5625, 5625, 5625, 5625, 5625, 5625, 5625, 5625, 5625, 5625, 5625, 5625, 5625, 5625, 5625, 5625, 5625, 5625, 5625, 5625, 5625, 5625, 5625, 5625, 5625, 5625, 5625, 5625, 5625, 5625, 5625, 5625, 5625, 5625, 5625, 5625, 5625, 5625, 5625, 5625, 5625, 5625, 5625, 5625, 5625, 5625, 5625, 5625, 5625, 5625, 5625, 5625, 5625, 5625, 5625, 5625, 5625, 5625, 5625, 5625, 5625, 5625, 5625, 5625, 5625, 5625, 5625, 5625, 5625, 5625, 5625, 5625, 5625, 5625, 5625, 5625, 5625, 5625, 5625, 5625, 5625, 5625, 5625, 5625, 5625, 5625, 5625, 5625, 5625, 5625, 5625, 5625, 5625, 5625, 5625, 5625, 5625, 5625, 5625, 5625, 5625, 5625, 5625, 5625, 5625, 5625, 5625, 5625, 5625, 5625, 5625, 5625, 5625, 5625, 5625, 5625, 5625, 5625, 5625, 5625, 5625, 5625, 5625, 5625, 5625, 5625, 5625, 5625, 5625, 5625, 5625, 5625, 5625, 5625, 5625, 5625, 5625, 5625, 5625, 5625, 5625, 5625, 5625, 5625, 5625, 5625, 5625, 5625, 5625, 5625, 5625, 5625, 5625, 5625, 5625, 5625, 5625, 5625, 5625, 5625, 5625, 5625, 5625, 5625, 5625, 5625, 5625, 5625, 5625, 5625, 5625, 5625, 5625, 5625, 5625, 5625, 5625, 5625, 5625, 5625, 5625, 5625, 5625, 5625, 5625, 5625, 5625, 5625, 5625, 5625, 5625, 5625, 5625, 5625, 5625, 5625, 5625, 5625, 5625, 5625, 5625, 5625, 5625, 5625, 5625, 5625, 5625, 5625, 5625, 5625, 5625, 5625, 5625, 5625, 5625, 5625, 5625, 5625, 5625, 5625, 5625, 5625, 5625, 5625, 5625, 5625, 5625, 5625, 5625, 5625, 5625, 5625, 5625, 5625, 5625, 5625, 5625, 5625, 5625, 5625, 5625, 5625, 5625, 5625, 5625, 5625, 5625, 5625, 5625, 5625, 5625, 5625, 5625, 5625, 5625, 5625, 5625, 5625, 5625, 5625, 5625, 5625, 5625, 5625, 5625, 5625, 5625, 5625, 5625, 5625, 5625, 5625, 5625, 5625, 5625, 5625, 5625, 5625, 5625, 5625, 5625, 5625, 5625, 5625, 5625, 5625, 5625, 5625, 5625, 5625, 5625, 5625, 5625, 5625, 5625, 5625, 5625, 5625, 5625, 5625, 5625, 5625, 5625, 5625, 5625, 5625, 5625, 5625, 5625, 5625, 5625, 5625, 5625, 5625, 5625, 5625, 5625, 5625, 5625, 5625, 5625, 5625, 5625, 5625, 5625, 5625, 5625, 5625, 5625, 5625, 5625, 5625, 5625, 5625, 5625, 5625, 5625, 5625, 5625, 5625, 5625, 5625, 5625, 5625, 5625, 5625, 5625, 5625, 5625, 5625, 5625, 5625, 5625, 5625, 5625, 5625, 5625, 5625, 5625, 5625, 5625, 5625, 5625, 5625, 5625, 5625, 5625, 5625, 5625, 5625, 5625, 5625, 5625, 5625, 5625, 5625, 5625, 5625, 5625, 5625, 5625, 5625, 5625, 5625, 5625, 5625, 5625, 5625, 5625, 5625, 5625, 5625, 5625, 5625, 5625, 5625, 5625, 5625, 5625, 5625, 5625, 5625, 5625, 5625, 5625, 5625, 5625, 5625, 5625, 5625, 5625, 5625, 5625, 5625, 5625, 5625, 5625, 5625, 5625, 5625, 5625, 5625, 5625, 5625, 5625, 5625, 5625, 5625, 5625, 5625, 5625, 5625, 5625, 5625, 5625, 5625, 5625, 5625, 5625, 5625, 5625, 5625, 5625, 5625, 5625, 5625, 5625, 5625, 5625, 5625, 5625, 5625, 5625, 5625, 5625, 5625, 5625, 5625, 5625, 5625, 5625, 5625, 5625, 5625, 5625, 5625, 5625, 5625, 5625, 5625, 5625, 5625, 5625, 5625, 5625, 5625, 5625, 5625, 5625, 5625, 5625, 5625, 5625, 5625, 5625, 5625, 5625, 5625, 5625, 5625, 5625, 5625, 5625, 5625, 5625, 5625, 5625, 5625, 5625, 5625, 5625, 5625, 5625, 5625, 5625, 5625, 5625, 5625, 5625, 5625, 5625, 5625, 5625, 5625, 5625, 5625, 5625, 5625, 5625, 5625, 5625, 5625, 5625, 5625, 5625, 5625, 5625, 5625, 5625, 5625, 5625, 5625, 5625, 5625, 5625, 5625, 5625, 5625, 5625, 5625, 5625, 5625, 5625, 5625, 5625, 5625, 5625, 5625, 5625, 5625, 5625, 5625, 5625, 5625, 5625, 5625, 5625, 5625, 5625, 5625, 5625, 5625, 5625, 5625, 5625, 5625, 5625, 5625, 5625, 5625, 5625, 5625, 5625, 5625, 5625, 5625, 5625, 5625, 5625, 5625, 5625, 5625, 5625, 5625, 5625, 5625, 5625, 5625, 5625, 5625, 5625, 5625, 5625, 5625, 5625, 5625, 5625, 5625, 5625, 5625, 5625, 5625, 5625, 5625, 5625, 5625, 5625, 5625, 5625, 5625, 5625, 5625, 5625, 5625, 5625, 5625, 5625, 5625, 5625, 5625, 5625, 5625, 5625, 5625, 5625, 5625, 5625, 5625, 5625, 5625, 5625, 5625, 5625, 5625, 5625, 5625, 5625, 5625, 5625, 5625, 5625, 5625, 5625, 5625, 5625, 5625, 5625, 5625, 5625, 5625, 5625, 5625, 5625, 5625, 5625, 5625, 5625, 5625, 5625, 5625, 5625, 5625, 5625, 5625, 5625, 5625, 5625, 5625, 5625, 5625, 5625, 5625, 5625, 5625, 5625, 5625, 5625, 5625, 5625, 5625, 5625, 5625, 5625, 5625, 5625, 5625, 5625, 5625, 5625, 5625, 5625, 5625, 5625, 5625, 5625, 5625, 5625, 5625, 5625, 5625, 5625, 5625, 5625, 5625, 5625, 5625, 5625, 5625, 5625, 5625, 5625, 5625, 5625, 5625, 5625, 5625, 5625, 5625, 5625, 5625, 5625, 5625, 5625, 5625, 5625, 5625, 5625, 5625, 5625, 5625, 5625, 5625, 5625, 5625, 5625, 5625, 5625, 5625, 5625, 5625, 5625, 5625, 5625, 5625, 5625, 5625, 5625, 5625, 5625, 5625, 5625, 5625, 5625, 5625, 5625, 5625, 5625, 5625, 5625, 5625, 5625, 5625, 5625, 5625, 5625, 5625, 5625, 5625, 5625, 5625, 5625, 5625, 5625, 5625, 5625, 5625, 5625, 5625, 5625, 5625, 5625, 5625, 5625, 5625, 5625, 5625, 5625, 5625, 5625, 5625, 5625, 5625, 5625, 5625, 5625, 5625, 5625, 5625, 5625, 5625, 5625, 5625, 5625, 5625, 5625, 5625, 5625, 5625, 5625, 5625, 5625, 5625, 5625, 5625, 5625, 5625, 5625, 5625, 5625, 5625, 5625, 5625, 5625, 5625, 5625, 5625, 5625, 5625, 5625, 5625, 5625, 5625, 5625, 5625, 5625, 5625, 5625, 5625, 5625, 5625, 5625, 5625, 5625, 5625, 5625, 5625, 5625, 5625, 5625, 5625, 5625, 5625, 5625, 5625, 5625, 5625, 5625, 5625, 5625, 5625, 5625, 5625, 5625, 5625, 5625, 5625, 5625, 5625, 5625, 5625, 5625, 5625, 5625, 5625, 5625, 5625, 5625, 5625, 5625, 5625, 5625, 5625, 5625, 5625, 5625, 5625, 5625, 5625, 5625, 5625, 5625, 5625, 5625, 5625, 5625, 5625, 5625, 5625, 5625, 5625, 5625, 5625, 5625, 5625, 5625, 5625, 5625, 5625, 5625, 5625, 5625, 5625, 5625, 5625, 5625, 5625, 5625, 5625, 5625, 5625, 5625, 5625, 5625, 5625, 5625, 5625, 5625, 5625, 5625, 5625, 5625, 5625, 5625, 5625, 5625, 5625, 5625, 5625, 5625, 5625, 5625, 5625, 5625, 5625, 5625, 5625, 5625, 5625, 5625, 5625, 5625, 5625, 5625, 5625, 5625, 5625, 5625, 5625, 5625, 5625, 5625, 5625, 5625, 5625, 5625, 5625, 5625, 5625, 5625, 5625, 5625, 5625, 5625, 5625, 5625, 5625, 5625, 5625, 5625, 5625, 5625, 5625, 5625, 5625, 5625, 5625, 5625, 5625, 5625, 5625, 5625, 5625, 5625, 5625, 5625, 5625, 5625, 5625, 5625, 5625, 5625, 5625, 5625, 5625, 5625, 5625, 5625, 5625, 5625, 5625, 5625, 5625, 5625, 5625, 5625, 5625, 5625, 5625, 5625, 5625, 5625, 5625, 5625, 5625, 5625, 5625, 5625, 5625, 5625, 5625, 5625, 5625, 5625, 5625, 5625, 5625, 5625, 5625, 5625, 5625, 5625, 5625, 5625, 5625, 5625, 5625, 5625, 5625, 5625, 5625, 5625, 5625, 5625, 5625, 5625, 5625, 5625, 5625, 5625, 5625, 5625, 5625, 5625, 5625, 5625, 5625, 5625, 5625, 5625, 5625, 5625, 5625, 5625, 5625, 5625, 5625, 5625, 5625, 5625, 5625, 5625, 5625, 5625, 5625, 5625, 5625, 5625, 5625, 5625, 5625, 5625, 5625, 5625, 5625, 5625, 5625, 5625, 5625, 5625, 5625, 5625, 5625, 5625, 5625, 5625, 5625, 5625, 5625, 5625, 5625, 5625, 5625, 5625, 5625, 5625, 5625, 5625, 5625, 5625, 5625, 5625, 5625, 5625, 5625, 5625, 5625, 5625, 5625, 5625, 5625, 5625, 5625, 5625, 5625, 5625, 5625, 5625, 5625, 5625, 5625, 5625, 5625, 5625, 5625, 5625, 5625, 5625, 5625, 5625, 5625, 5625, 5625, 5625, 5625, 5625, 5625, 5625, 5625, 5625, 5625, 5625, 5625, 5625, 5625, 5625, 5625, 5625, 5625, 5625, 5625, 5625, 5625, 5625, 5625, 5625, 5625, 5625, 5625, 5625, 5625, 5625, 5625, 5625, 5625, 5625, 5625, 5625, 5625, 5625, 5625, 5625, 5625, 5625, 5625, 5625, 5625, 5625, 5625, 5625, 5625, 5625, 5625, 5625, 5625, 5625, 5625, 5625, 5625, 5625, 5625, 5625, 5625, 5625, 5625, 5625, 5625, 5625, 5625, 5625, 5625, 5625, 5625, 5625, 5625, 5625, 5625, 5625, 5625, 5625, 5625, 5625, 5625, 5625, 5625, 5625, 5625, 5625, 5625, 5625, 5625, 5625, 5625, 5625, 5625, 5625, 5625, 5625, 5625, 5625, 5625, 5625, 5625, 5625, 5625, 5625, 5625, 5625, 5625, 5625, 5625, 5625, 5625, 5625, 5625, 5625, 5625, 5625, 5625, 5625, 5625, 5625, 5625, 5625, 5625, 5625, 5625, 5625, 5625, 5625, 5625, 5625, 5625, 5625, 5625, 5625, 5625, 5625, 5625, 5625, 5625, 5625, 5625, 5625, 5625, 5625, 5625, 5625, 5625, 5625, 5625, 5625, 5625, 5625, 5625, 5625, 5625, 5625, 5625, 5625, 5625, 5625, 5625, 5625, 5625, 5625, 5625, 5625, 5625, 5625, 5625, 5625, 5625, 5625, 5625, 5625, 5625, 5625, 5625, 5625, 5625, 5625, 5625, 5625, 5625, 5625, 5625, 5625, 5625, 5625, 5625, 5625, 5625, 5625, 5625, 5625, 5625, 5625, 5625, 5625, 5625, 5625, 5625, 5625, 5625, 5625, 5625, 5625, 5625, 5625, 5625, 5625, 5625, 5625, 5625, 5625, 5625, 5625, 5625, 5625, 5625, 5625, 5625, 5625, 5625, 5625, 5625, 5625, 5625, 5625, 5625, 5625, 5625, 5625, 5625, 5625, 5625, 5625, 5625, 5625, 5625, 5625, 5625, 5625, 5625, 5625, 5625, 5625, 5625, 5625, 5625, 5625, 5625, 5625, 5625, 5625, 5625, 5625, 5625, 5625, 5625, 5625, 5625, 5625, 5625, 5625, 5625, 5625, 5625, 5625, 5625, 5625, 5625, 5625, 5625, 5625, 5625, 5625, 5625, 5625, 5625, 5625, 5625, 5625, 5625, 5625, 5625, 5625, 5625, 5625, 5625, 5625, 5625, 5625, 5625, 5625, 5625, 5625, 5625, 5625, 5625, 5625, 5625, 5625, 5625, 5625, 5625, 5625, 5625, 5625, 5625, 5625, 5625, 5625, 5625, 5625, 5625, 5625, 5625, 5625, 5625, 5625, 5625, 5625, 5625, 5625, 5625, 5625, 5625, 5625, 5625, 5625, 5625, 5625, 5625, 5625, 5625, 5625, 5625, 5625, 5625, 5625, 5625, 5625, 5625, 5625, 5625, 5625, 5625, 5625, 5625, 5625, 5625, 5625, 5625, 5625, 5625, 5625, 5625, 5625, 5625, 5625, 5625, 5625, 5625, 5625, 5625, 5625, 5625, 5625, 5625, 5625, 5625, 5625, 5625, 5625, 5625, 5625, 5625, 5625, 5625, 5625, 5625, 5625, 5625, 5625, 5625, 5625, 5625, 5625, 5625, 5625, 5625, 5625, 5625, 5625, 5625, 5625, 5625, 5625, 5625, 5625, 5625, 5625, 5625, 5625, 5625, 5625, 5625, 5625, 5625, 5625, 5625, 5625, 5625, 5625, 5625, 5625, 5625, 5625, 5625, 5625, 5625, 5625, 5625, 5625, 5625, 5625, 5625, 5625, 5625, 5625, 5625, 5625, 5625, 5625, 5625, 5625, 5625, 5625, 5625, 5625, 5625, 5625, 5625, 5625, 5625, 5625, 5625, 5625, 5625, 5625, 5625, 5625, 5625, 5625, 5625, 5625, 5625, 5625, 5625, 5625, 5625, 5625, 5625, 5625, 5625, 5625, 5625, 5625, 5625, 5625, 5625, 5625, 5625, 5625, 5625, 5625, 5625, 5625, 5625, 5625, 5625, 5625, 5625, 5625, 5625, 5625, 5625, 5625, 5625, 5625, 5625, 5625, 5625, 5625, 5625, 5625, 5625, 5625, 5625, 5625, 5625, 5625, 5625, 5625, 5625, 5625, 5625, 5625, 5625, 5625, 5625, 5625, 5625, 5625, 5625, 5625, 5625, 5625, 5625, 5625, 5625, 5625, 5625, 5625, 5625, 5625, 5625, 5625, 5625, 5625, 5625, 5625, 5625, 5625, 5625, 5625, 5625, 5625, 5625, 5625, 5625, 5625, 5625, 5625, 5625, 5625, 5625, 5625, 5625, 5625, 5625, 5625, 5625, 5625, 5625, 5625, 5625, 5625, 5625, 5625, 5625, 5625, 5625, 5625, 5625, 5625, 5625, 5625, 5625, 5625, 5625, 5625, 5625, 5625, 5625, 5625, 5625, 5625, 5625, 5625, 5625, 5625, 5625, 5625, 5625, 5625, 5625, 5625, 5625, 5625, 5625, 5625, 5625, 5625, 5625, 5625, 5625, 5625, 5625, 5625, 5625, 5625, 5625, 5625, 5625, 5625, 5625, 5625, 5625, 5625, 5625, 5625, 5625, 5625, 5625, 5625, 5625, 5625, 5625, 5625, 5625, 5625, 5625, 5625, 5625, 5625, 5625, 5625, 5625, 5625, 5625, 5625, 5625, 5625, 5625, 5625, 5625, 5625, 5625, 5625, 5625, 5625, 5625, 5625, 5625, 5625, 5625, 5625, 5625, 5625, 5625, 5625, 5625, 5625, 5625, 5625, 5625, 5625, 5625, 5625, 5625, 5625, 5625, 5625, 5625, 5625, 5625, 5625, 5625, 5625, 5625, 5625, 5625, 5625, 5625, 5625, 5625, 5625, 5625, 5625, 5625, 5625, 5625, 5625, 5625, 5625, 5625, 5625, 5625, 5625, 5625, 5625, 5625, 5625, 5625, 5625, 5625, 5625, 5625, 5625, 5625, 5625, 5625, 5625, 5625, 5625, 5625, 5625, 5625, 5625, 5625, 5625, 5625, 5625, 5625, 5625, 5625, 5625, 5625, 5625, 5625, 5625, 5625, 5625, 5625, 5625, 5625, 5625, 5625, 5625, 5625, 5625, 5625, 5625, 5625, 5625, 5625, 5625, 5625, 5625, 5625, 5625, 5625, 5625, 5625, 5625, 5625, 5625, 5625, 5625, 5625, 5625, 5625, 5625, 5625, 5625, 5625, 5625, 5625, 5625, 5625, 5625, 5625, 5625, 5625, 5625, 5625, 5625, 5625, 5625, 5625, 5625, 5625, 5625, 5625, 5625, 5625, 5625, 5625, 5625, 5625, 5625, 5625, 5625, 5625, 5625, 5625, 5625, 5625, 5625, 5625, 5625, 5625, 5625, 5625, 5625, 5625, 5625, 5625, 5625, 5625, 5625, 5625, 5625, 5625, 5625, 5625, 5625, 5625, 5625, 5625, 5625, 5625, 5625, 5625, 5625, 5625, 5625, 5625, 5625, 5625, 5625, 5625, 5625, 5625, 5625, 5625, 5625, 5625, 5625, 5625, 5625, 5625, 5625, 5625, 5625, 5625, 5625, 5625, 5625, 5625, 5625, 5625, 5625, 5625, 5625, 5625, 5625, 5625, 5625, 5625, 5625, 5625, 5625, 5625, 5625, 5625, 5625, 5625, 5625, 5625, 5625, 5625, 5625, 5625, 5625, 5625, 5625, 5625, 5625, 5625, 5625, 5625, 5625, 5625, 5625, 5625, 5625, 5625, 5625, 5625, 5625, 5625, 5625, 5625, 5625, 5625, 5625, 5625, 5625, 5625, 5625, 5625, 5625, 5625, 5625, 5625, 5625, 5625, 5625, 5625, 5625, 5625, 5625, 5625, 5625, 5625, 5625, 5625, 5625, 5625, 5625, 5625, 5625, 5625, 5625, 5625, 5625, 5625, 5625, 5625, 5625, 5625, 5625, 5625, 5625, 5625, 5625, 5625, 5625, 5625, 5625, 5625, 5625, 5625, 5625, 5625, 5625, 5625, 5625, 5625, 5625, 5625, 5625, 5625, 5625, 5625, 5625, 5625, 5625, 5625, 5625, 5625, 5625, 5625, 5625, 5625, 5625, 5625, 5625, 5625, 5625, 5625, 5625, 5625, 5625, 5625, 5625, 5625, 5625, 5625, 5625, 5625, 5625, 5625, 5625, 5625, 5625, 5625, 5625, 5625, 5625, 5625, 5625, 5625, 5625, 5625, 5625, 5625, 5625, 5625, 5625, 5625, 5625, 5625, 5625, 5625, 5625, 5625, 5625, 5625, 5625, 5625, 5625, 5625, 5625, 5625, 5625, 5625, 5625, 5625, 5625, 5625, 5625, 5625, 5625, 5625, 5625, 5625, 5625, 5625, 5625, 5625, 5625, 5625, 5625, 5625, 5625, 5625, 5625, 5625, 5625, 5625, 5625, 5625, 5625, 5625, 5625, 5625, 5625, 5625, 5625, 5625, 5625, 5625, 5625, 5625, 5625, 5625, 5625, 5625, 5625, 5625, 5625, 5625, 5625, 5625, 5625, 5625, 5625, 5625, 5625, 5625, 5625, 5625, 5625, 5625, 5625, 5625, 5625, 5625, 5625, 5625, 5625, 5625, 5625, 5625, 5625, 5625, 5625, 5625, 5625, 5625, 5625, 5625, 5625, 5625, 5625, 5625, 5625, 5625, 5625, 5625, 5625, 5625, 5625, 5625, 5625, 5625, 5625, 5625, 5625, 5625, 5625, 5625, 5625, 5625, 5625, 5625, 5625, 5625, 5625, 5625, 5625, 5625, 5625, 5625, 5625, 5625, 5625, 5625, 5625, 5625, 5625, 5625, 5625, 5625, 5625, 5625, 5625, 5625, 5625, 5625, 5625, 5625, 5625, 5625, 5625, 5625, 5625, 5625, 5625, 5625, 5625, 5625, 5625, 5625, 5625, 5625, 5625, 5625, 5625, 5625, 5625, 5625, 5625, 5625, 5625, 5625, 5625, 5625, 5625, 5625, 5625, 5625, 5625, 5625, 5625, 5625, 5625, 5625, 5625, 5625, 5625, 5625, 5625, 5625, 5625, 5625, 5625, 5625, 5625, 5625, 5625, 5625, 5625, 5625, 5625, 5625, 5625, 5625, 5625, 5625, 5625, 5625, 5625, 5625, 5625, 5625, 5625, 5625, 5625, 5625, 5625, 5625, 5625, 5625, 5625, 5625, 5625, 5625, 5625, 5625, 5625, 5625, 5625, 5625, 5625, 5625, 5625, 5625, 5625, 5625, 5625, 5625, 5625, 5625, 5625, 5625, 5625, 5625, 5625, 5625, 5625, 5625, 5625, 5625, 5625, 5625, 5625, 5625, 5625, 5625, 5625, 5625, 5625, 5625, 5625, 5625, 5625, 5625, 5625, 5625, 5625, 5625, 5625, 5625, 5625, 5625, 5625, 5625, 5625, 5625, 5625, 5625, 5625, 5625, 5625, 5625, 5625, 5625, 5625, 5625, 5625, 5625, 5625, 5625, 5625, 5625, 5625, 5625, 5625, 5625, 5625, 5625, 5625, 5625, 5625, 5625, 5625, 5625, 5625, 5625, 5625, 5625, 5625, 5625, 5625, 5625, 5625, 5625, 5625, 5625, 5625, 5625, 5625, 5625, 5625, 5625, 5625, 5625, 5625, 5625, 5625, 5625, 5625, 5625, 5625, 5625, 5625, 5625, 5625, 5625, 5625, 5625, 5625, 5625, 5625, 5625, 5625, 5625, 5625, 5625, 5625, 5625, 5625, 5625, 5625, 5625, 5625, 5625, 5625, 5625, 5625, 5625, 5625, 5625, 5625, 5625, 5625, 5625, 5625, 5625, 5625, 5625, 5625, 5625, 5625, 5625, 5625, 5625, 5625, 5625, 5625, 5625, 5625, 5625, 5625, 5625, 5625, 5625, 5625, 5625, 5625, 5625, 5625, 5625, 5625, 5625, 5625, 5625, 5625, 5625, 5625, 5625, 5625, 5625, 5625, 5625, 5625, 5625, 5625, 5625, 5625, 5625, 5625, 5625, 5625, 5625, 5625, 5625, 5625, 5625, 5625, 5625, 5625, 5625, 5625, 5625, 5625, 5625, 5625, 5625, 5625, 5625, 5625, 5625, 5625, 5625, 5625, 5625, 5625, 5625, 5625, 5625, 5625, 5625, 5625, 5625, 5625, 5625, 5625, 5625, 5625, 5625, 5625, 5625, 5625, 5625, 5625, 5625, 5625, 5625, 5625, 5625, 5625, 5625, 5625, 5625, 5625, 5625, 5625, 5625, 5625, 5625, 5625, 5625, 5625, 5625, 5625, 5625, 5625, 5625, 5625, 5625, 5625, 5625, 5625, 5625, 5625, 5625, 5625, 5625, 5625, 5625, 5625, 5625, 5625, 5625, 5625, 5625, 5625, 5625, 5625, 5625, 5625, 5625, 5625, 5625, 5625, 5625, 5625, 5625, 5625, 5625, 5625, 5625, 5625, 5625, 5625, 5625, 5625, 5625, 5625, 5625, 5625, 5625, 5625, 5625, 5625, 5625, 5625, 5625, 5625, 5625, 5625, 5625, 5625, 5625, 5625, 5625, 5625, 5625, 5625, 5625, 5625, 5625, 5625, 5625, 5625, 5625, 5625, 5625, 5625, 5625, 5625, 5625, 5625, 5625, 5625, 5625, 5625, 5625, 5625, 5625, 5625, 5625, 5625, 5625, 5625, 5625, 5625, 5625, 5625, 5625, 5625, 5625, 5625, 5625, 5625, 5625, 5625, 5625, 5625, 5625, 5625, 5625, 5625, 5625, 5625, 5625, 5625, 5625, 5625, 5625, 5625, 5625, 5625, 5625, 5625, 5625, 5625, 5625, 5625, 5625, 5625, 5625, 5625, 5625, 5625, 5625, 5625, 5625, 5625, 5625, 5625, 5625, 5625, 5625, 5625, 5625, 5625, 5625, 5625, 5625, 5625, 5625, 5625, 5625, 5625, 5625, 5625, 5625, 5625, 5625, 5625, 5625, 5625, 5625, 5625, 5625, 5625, 5625, 5625, 5625, 5625, 5625, 5625, 5625, 5625, 5625, 5625, 5625, 5625, 5625, 5625, 5625, 5625, 5625, 5625, 5625, 5625, 5625, 5625, 5625, 5625, 5625, 5625, 5625, 5625, 5625, 5625, 5625, 5625, 5625, 5625, 5625, 5625, 5625, 5625, 5625, 5625, 5625, 5625, 5625, 5625, 5625, 5625, 5625, 5625, 5625, 5625, 5625, 5625, 5625, 5625, 5625, 5625, 5625, 5625, 5625, 5625, 5625, 5625, 5625, 5625, 5625, 5625, 5625, 5625, 5625, 5625, 5625, 5625, 5625, 5625, 5625, 5625, 5625, 5625, 5625, 5625, 5625, 5625, 5625, 5625, 5625, 5625, 5625, 5625, 5625, 5625, 5625, 5625, 5625, 5625, 5625, 5625, 5625, 5625, 5625, 5625, 5625, 5625, 5625, 5625, 5625, 5625, 5625, 5625, 5625, 5625, 5625, 5625, 5625, 5625, 5625, 5625, 5625, 5625, 5625, 5625, 5625, 5625, 5625, 5625, 5625, 5625, 5625, 5625, 5625, 5625, 5625, 5625, 5625, 5625, 5625, 5625, 5625, 5625, 5625, 5625, 5625, 5625, 5625, 5625, 5625, 5625, 5625, 5625, 5625, 5625, 5625, 5625, 5625, 5625, 5625, 5625, 5625, 5625, 5625, 5625, 5625, 5625, 5625, 5625, 5625, 5625, 5625, 5625, 5625, 5625, 5625, 5625, 5625, 5625, 5625, 5625, 5625, 5625, 5625, 5625, 5625, 5625, 5625, 5625, 5625, 5625, 5625, 5625, 5625, 5625, 5625, 5625, 5625, 5625, 5625, 5625, 5625, 5625, 5625, 5625, 5625, 5625, 5625, 5625, 5625, 5625, 5625, 5625, 5625, 5625, 5625, 5625, 5625, 5625, 5625, 5625, 5625, 5625, 5625, 5625, 5625, 5625, 5625, 5625, 5625, 5625, 5625, 5625, 5625, 5625, 5625, 5625, 5625, 5625, 5625, 5625, 5625, 5625, 5625, 5625, 5625, 5625, 5625, 5625, 5625, 5625, 5625, 5625, 5625, 5625, 5625, 5625, 5625, 5625, 5625, 5625, 5625, 5625, 5625, 5625, 5625, 5625, 5625, 5625, 5625, 5625, 5625, 5625, 5625, 5625, 5625, 5625, 5625, 5625, 5625, 5625, 5625, 5625, 5625, 5625, 5625, 5625, 5625, 5625, 5625, 5625, 5625, 5625, 5625, 5625, 5625, 5625, 5625, 5625, 5625, 5625, 5625, 5625, 5625, 5625, 5625, 5625, 5625, 5625, 5625, 5625, 5625, 5625, 5625, 5625, 5625, 5625, 5625, 5625, 5625, 5625, 5625, 5625, 5625, 5625, 5625, 5625, 5625, 5625, 5625, 5625, 5625, 5625, 5625, 5625, 5625, 5625, 5625, 5625, 5625, 5625, 5625, 5625, 5625, 5625, 5625, 5625, 5625, 5625, 5625, 5625, 5625, 5625, 5625, 5625, 5625, 5625, 5625, 5625, 5625, 5625, 5625, 5625, 5625, 5625, 5625, 5625, 5625, 5625, 5625, 5625, 5625, 5625, 5625, 5625, 5625, 5625, 5625, 5625, 5625, 5625, 5625, 5625, 5625, 5625, 5625, 5625, 5625, 5625, 5625, 5625, 5625, 5625, 5625, 5625, 5625, 5625, 5625, 5625, 5625, 5625, 5625, 5625, 5625, 5625, 5625, 5625, 5625, 5625, 5625, 5624, 5624, 5624, 5624, 5624, 5624, 5624, 5624, 5624, 5624, 5623, 5623, 5623, 5623, 5623, 5623, 5623, 5623, 5623, 5623, 5623, 5623, 5623, 5623, 5623, 5623, 5623, 5623, 5623, 5623, 5623, 5623, 5623, 5623, 5623, 5623, 5623, 5623, 5623, 5623, 5623, 5623, 5623, 5623, 5623, 5623, 5623, 5623, 5623, 5623, 5623, 5623, 5623, 5623, 5623, 5623, 5623, 5623, 5623, 5623, 5623, 5623, 5623, 5623, 5623, 5623, 5623, 5623, 5623, 5623, 5623, 5623, 5623, 5623, 5623, 5623, 5623, 5623, 5623, 5623, 5623, 5623, 5623, 5623, 5623, 5623, 5623, 5623, 5623, 5623, 5623, 5623, 5623, 5623, 5623, 5623, 5623, 5623, 5623, 5623, 5623, 5623, 5623, 5623, 5623, 5623, 5623, 5623, 5623, 5623, 5623, 5623, 5623, 5623, 5623, 5623, 5623, 5623, 5623, 5623, 5623, 5623, 5623, 5623, 5623, 5623, 5623, 5623, 5623, 5623, 5623, 5623, 5623, 5623, 5623, 5623, 5623, 5623, 5623, 5623, 5623, 5623, 5623, 5623, 5623, 5623, 5622, 5622, 5622, 5622, 5622, 5622, 5622, 5622, 5622, 5622, 5622, 5622, 5622, 5622, 5622, 5622, 5622, 5622, 5622, 5622, 5622, 5622, 5622, 5622, 5622, 5620, 
Fitness promedio a lo largo del tiempo: 
19845, 16616, 12929, 11200, 7850, 7141, 7125, 6442, 7298, 6340, 7071, 6665, 6551, 6567, 7637, 7067, 6739, 7132, 6722, 7421, 7480, 7258, 6945, 6359, 6563, 6956, 6627, 6786, 7497, 6186, 6422, 6402, 6271, 7016, 6753, 6053, 6342, 6153, 6892, 6525, 5909, 6931, 6336, 6149, 5904, 5913, 5757, 6666, 6731, 6932, 6271, 6549, 6741, 5926, 6155, 6103, 5828, 5702, 6029, 5715, 6431, 6427, 6598, 5999, 6102, 5703, 5993, 6031, 5712, 5926, 6248, 5717, 6210, 6653, 6115, 6159, 6543, 5704, 6385, 5844, 6854, 6041, 6343, 6391, 5708, 5957, 5992, 6482, 6071, 6226, 6168, 5910, 6047, 6597, 5903, 5729, 6492, 6031, 5703, 6218, 5978, 5771, 5941, 6043, 5726, 6473, 6710, 5696, 6378, 6076, 5799, 5972, 6161, 6414, 6586, 5934, 5681, 6373, 5885, 6251, 5699, 5984, 6356, 5875, 6035, 6071, 6302, 6614, 5804, 5693, 6691, 5698, 6589, 5940, 6193, 5712, 5704, 5982, 5929, 6396, 5924, 6191, 5925, 5694, 5764, 6510, 5695, 6403, 5702, 5687, 5773, 5915, 6018, 6176, 5682, 6397, 5700, 5713, 6248, 5803, 5691, 5765, 6189, 6198, 5871, 6296, 5704, 6228, 6084, 5928, 6682, 6710, 5804, 5685, 5697, 5682, 6302, 5729, 6691, 6308, 6237, 5711, 5692, 5863, 5698, 6375, 6929, 5695, 6092, 5940, 5696, 6404, 6728, 6671, 6177, 7056, 5757, 6041, 5920, 5822, 5977, 6235, 5968, 5912, 5692, 6180, 5707, 5911, 5949, 5679, 6306, 5683, 5707, 6089, 5700, 5725, 6286, 6297, 5695, 5907, 6211, 6193, 6093, 5855, 5672, 5677, 6367, 5696, 5754, 6492, 5752, 5937, 6382, 5707, 5794, 6735, 5715, 5919, 5923, 6713, 5856, 5860, 5855, 6043, 6152, 5919, 5831, 5823, 5688, 5695, 5710, 5678, 5700, 6213, 5692, 5695, 5757, 5687, 5700, 5699, 6207, 6455, 5713, 5721, 5701, 6739, 6097, 5863, 5767, 6450, 5679, 6241, 6476, 5847, 5700, 6468, 6087, 5756, 5858, 6133, 5699, 5970, 6042, 5984, 5734, 5694, 5692, 5704, 6027, 5677, 5742, 5704, 5814, 6121, 5687, 6086, 6135, 5859, 5825, 6393, 5696, 5695, 6457, 5692, 5982, 5711, 6593, 5705, 5685, 6040, 5985, 5718, 5704, 5698, 5950, 5710, 6234, 6323, 5672, 5690, 6372, 6106, 7152, 6106, 5952, 6608, 5674, 5995, 5671, 5677, 6231, 6121, 5941, 5815, 5682, 5893, 5947, 6307, 5786, 6338, 6225, 5667, 6072, 5670, 5791, 5802, 6348, 5667, 5901, 6183, 6462, 5669, 6114, 6295, 6237, 6169, 5676, 6065, 5680, 6009, 5667, 6339, 5670, 5864, 5958, 5674, 6493, 5672, 6003, 5710, 5971, 6225, 6411, 5752, 5785, 5945, 5668, 5665, 5687, 5668, 5786, 5944, 5920, 6888, 5887, 5746, 6048, 5691, 5879, 5891, 5738, 5794, 5678, 6462, 5667, 6345, 5953, 5734, 5670, 6109, 6624, 6000, 6161, 5685, 6414, 6014, 5660, 5791, 5671, 5682, 5959, 5907, 5919, 6171, 5968, 5994, 5853, 6015, 5820, 5885, 5684, 6410, 6384, 5795, 6595, 6390, 6273, 6117, 5844, 5920, 5914, 5953, 5744, 6274, 5814, 5836, 6725, 5679, 5859, 5897, 6010, 5957, 5665, 5667, 6246, 6564, 5783, 5674, 5665, 6335, 5691, 6351, 5699, 5653, 6241, 5687, 5666, 5691, 5664, 5857, 5900, 6066, 5672, 6078, 5675, 5746, 6066, 5892, 6739, 6005, 6277, 6136, 5652, 5691, 6116, 5690, 6625, 6129, 5671, 5997, 5672, 5739, 5747, 5664, 6371, 5669, 6236, 5963, 6187, 5959, 5666, 5652, 5686, 5781, 6234, 5753, 5689, 5782, 6068, 5681, 5654, 5904, 5854, 5682, 6182, 5732, 5681, 5685, 6440, 5949, 5857, 5682, 6013, 5687, 5840, 6546, 5684, 5674, 5855, 5946, 6107, 6074, 5953, 5669, 6051, 5848, 5683, 5885, 6058, 5656, 5659, 5659, 5665, 5984, 5846, 5952, 5663, 6141, 5956, 6570, 5695, 5689, 5661, 5883, 6231, 5692, 6004, 6011, 5947, 6288, 6009, 5677, 6619, 5839, 5685, 5684, 6661, 5848, 6085, 6559, 6446, 5791, 6604, 6182, 7246, 6062, 6078, 5655, 5896, 5966, 5890, 5970, 5665, 5668, 5800, 6365, 5681, 5690, 6074, 5677, 5710, 5684, 5674, 5959, 6067, 6128, 6124, 6574, 5681, 5793, 6012, 6190, 5806, 5684, 5730, 5902, 5685, 5799, 5682, 5659, 5660, 6058, 6590, 5952, 5687, 6286, 5834, 6769, 5958, 5757, 5844, 5684, 5765, 6009, 5663, 5851, 6325, 5690, 6008, 6527, 5689, 5687, 5901, 6062, 5671, 5668, 6240, 5807, 5668, 5876, 6935, 6027, 6390, 5859, 5656, 5655, 6013, 5798, 6438, 5947, 6015, 5801, 6791, 5973, 6039, 6111, 5668, 5673, 6543, 5669, 6233, 5664, 5796, 5675, 6056, 6141, 6038, 6653, 6126, 6123, 5666, 5749, 5678, 5678, 6128, 5926, 5795, 5798, 6064, 5652, 5699, 5692, 5673, 5690, 5662, 6486, 6054, 6864, 5778, 6295, 6617, 5681, 6697, 6057, 5910, 6106, 5807, 6186, 5908, 6090, 5685, 6239, 6079, 5671, 6058, 6057, 5655, 5904, 6055, 6244, 5676, 5859, 5689, 5960, 5813, 6504, 6541, 6690, 6190, 5697, 6189, 6074, 5813, 6183, 5694, 6053, 6226, 5912, 5684, 5697, 6480, 5963, 5855, 5745, 6618, 5905, 5691, 6329, 6114, 5676, 6187, 5856, 6677, 6280, 5748, 6066, 5680, 6255, 5672, 5907, 5951, 6170, 5690, 5727, 5683, 5682, 6825, 5957, 6091, 5898, 6187, 5792, 5949, 6494, 5674, 5748, 5663, 6172, 6430, 5708, 5675, 6114, 5971, 6133, 5679, 6062, 5945, 5754, 5753, 5907, 6158, 6550, 5680, 6391, 5670, 6227, 5731, 5748, 5676, 5964, 6329, 6106, 6396, 6081, 5795, 5667, 6069, 5664, 6282, 7091, 5676, 5676, 5912, 5689, 5888, 5681, 6139, 5856, 5904, 6482, 6054, 5728, 6389, 6001, 5917, 5795, 6166, 6126, 5741, 6109, 6005, 6268, 5887, 5942, 5670, 6605, 5676, 5673, 5674, 5950, 5946, 5670, 5743, 5956, 5789, 5680, 5899, 6166, 5677, 6246, 6085, 5782, 6711, 5898, 5794, 5679, 5749, 5956, 5691, 6402, 5860, 5745, 6170, 5797, 5716, 6058, 6740, 6235, 6938, 5671, 5660, 5765, 6342, 6112, 5735, 6165, 5950, 5659, 5733, 6056, 6652, 5671, 6073, 5682, 5792, 6012, 5682, 5764, 5679, 6440, 5669, 6112, 5943, 5895, 6026, 5746, 5715, 5953, 5666, 6342, 6070, 6237, 5926, 5669, 6714, 5684, 5747, 6004, 6294, 5783, 6073, 5905, 6164, 6538, 5669, 5775, 5901, 6201, 6198, 6061, 6017, 5784, 6857, 5906, 6421, 5893, 5700, 6448, 6400, 5853, 6389, 5688, 5660, 6110, 6563, 5674, 6239, 5684, 5672, 6228, 5730, 5704, 5658, 6099, 5948, 5681, 6854, 6707, 5733, 6183, 6224, 5905, 5964, 5770, 5684, 5670, 5670, 5748, 5918, 5748, 5674, 6212, 5798, 5745, 5838, 5682, 5896, 6021, 6544, 5664, 6171, 5861, 6108, 6219, 6167, 5702, 5968, 6328, 6335, 5677, 5968, 5663, 6228, 6389, 5681, 5796, 5752, 6876, 6015, 5681, 5701, 5978, 5817, 5950, 5691, 6232, 5839, 5681, 5679, 5669, 6114, 6049, 6067, 5675, 6594, 6017, 5906, 6442, 5680, 5661, 5682, 5996, 6227, 5685, 5688, 6233, 6164, 6066, 6006, 6070, 5951, 5856, 5955, 5679, 6171, 5682, 5788, 6061, 6202, 6009, 6032, 5953, 5693, 6174, 5656, 5955, 5726, 6409, 5661, 5753, 5913, 6455, 5651, 6860, 5957, 5965, 6034, 5667, 5686, 6443, 6486, 6441, 6002, 6662, 6353, 6239, 6382, 5695, 5657, 5790, 5684, 5681, 6537, 6180, 5658, 5903, 5694, 5900, 5915, 5694, 5874, 6165, 6021, 6055, 6269, 5676, 5664, 5802, 6329, 5692, 6006, 6066, 6066, 5957, 6549, 5664, 5684, 5842, 6339, 6069, 5958, 5680, 5676, 5657, 6113, 6750, 5756, 6061, 6081, 5655, 5680, 6488, 6401, 6001, 5841, 6600, 6119, 5892, 6706, 5707, 5681, 6328, 6068, 5995, 5899, 5689, 6226, 6189, 5795, 5741, 5956, 5676, 5704, 6773, 6435, 5786, 5972, 5668, 5689, 6521, 5858, 6013, 6063, 5787, 5843, 5970, 6197, 6135, 6234, 6664, 6005, 6015, 5750, 6042, 6220, 5660, 5682, 5960, 5910, 5745, 5932, 6480, 5653, 5926, 6008, 5785, 5659, 5947, 6227, 5666, 6376, 5880, 6012, 5681, 5678, 5901, 5752, 5689, 5706, 5846, 6610, 6009, 6180, 5792, 5659, 6385, 5756, 6017, 6074, 5738, 6031, 6164, 5857, 6008, 5675, 5679, 5985, 5694, 6763, 6432, 5994, 5801, 6701, 5943, 6289, 6484, 6126, 5765, 5746, 6217, 6240, 5692, 6381, 5669, 5845, 6168, 6068, 5857, 5965, 5676, 6062, 5760, 6276, 5904, 6250, 6111, 5667, 5652, 6277, 5689, 6160, 5911, 5680, 5738, 5789, 5683, 5738, 5654, 5681, 6172, 5681, 5793, 6130, 5662, 5782, 5808, 5995, 5652, 5675, 6251, 6296, 5903, 6708, 6481, 6393, 6152, 5679, 6269, 6274, 6126, 6074, 6379, 6440, 6259, 5854, 6201, 6273, 5853, 5666, 5745, 6269, 6002, 5997, 5895, 6047, 5653, 5848, 6085, 6296, 6064, 5670, 5940, 6383, 5956, 6048, 6052, 5700, 6163, 5956, 6281, 6006, 6074, 6118, 5662, 6027, 6436, 6404, 7039, 5856, 6324, 5685, 5811, 6125, 5962, 5688, 6217, 5955, 6006, 6712, 5692, 5737, 5684, 5662, 5804, 6509, 6447, 6287, 5686, 6065, 5691, 6188, 6126, 6284, 6059, 6069, 5904, 6083, 5852, 5903, 6145, 5831, 6016, 5682, 6272, 5994, 5664, 5672, 5958, 6972, 6825, 5907, 6000, 5834, 5809, 6063, 6097, 6131, 6601, 6297, 5737, 5668, 6341, 6222, 6283, 6220, 6011, 5920, 6085, 5662, 6025, 6394, 5693, 6882, 6667, 5919, 6892, 5787, 5697, 6339, 6834, 5691, 5802, 5799, 5685, 5786, 5688, 6275, 6181, 5683, 5798, 6167, 6014, 5959, 6700, 6290, 6234, 6665, 6701, 6009, 6226, 6554, 6591, 6227, 5686, 5955, 6185, 5654, 6231, 5675, 5811, 5725, 6078, 6426, 6070, 6065, 5921, 6007, 5663, 5701, 5664, 6073, 5656, 5760, 6122, 5652, 5948, 6457, 6389, 5868, 6334, 6171, 5893, 6755, 5808, 6188, 6300, 5691, 5665, 5732, 6010, 6207, 5900, 5803, 5700, 6122, 6223, 5671, 6424, 6214, 6175, 6294, 6272, 5953, 5670, 5845, 5744, 5656, 5729, 6612, 6110, 6113, 5688, 6320, 6076, 6189, 5798, 5690, 5841, 5722, 6011, 6600, 5677, 5957, 5665, 5967, 6077, 5994, 5687, 5699, 5954, 6106, 5696, 6055, 5841, 5664, 5857, 5666, 5663, 5701, 6550, 6247, 5670, 5672, 6049, 6161, 5842, 6177, 5846, 6609, 5833, 6003, 6227, 5910, 6188, 6571, 5960, 5741, 5666, 5905, 5698, 5666, 5892, 6053, 6069, 6237, 6181, 6869, 6289, 5794, 6083, 6126, 5676, 5901, 5745, 6274, 6833, 5681, 6057, 5838, 6247, 5810, 5683, 6172, 6171, 6625, 5790, 5691, 5660, 7044, 6393, 5810, 5667, 5693, 5682, 5903, 6158, 6307, 5953, 6010, 5662, 5730, 5863, 6149, 5951, 5786, 6119, 5683, 6048, 6130, 5961, 5818, 6335, 5663, 6108, 5834, 5742, 5661, 6281, 5841, 5839, 5957, 5680, 6447, 5975, 5857, 5799, 5716, 6165, 5994, 6361, 6183, 5843, 6604, 5796, 6007, 6016, 7095, 6046, 5687, 6066, 5683, 6374, 6219, 5958, 5670, 6169, 5852, 5675, 5656, 5744, 5664, 5679, 6273, 5891, 5734, 5799, 6058, 6140, 6514, 5782, 5911, 5680, 5670, 6407, 6063, 5686, 6017, 6491, 6071, 6126, 5793, 6331, 6113, 6673, 6182, 6280, 6014, 6170, 5682, 6163, 6354, 5802, 5666, 5689, 6323, 5894, 6083, 5699, 5801, 5754, 6218, 5859, 5672, 6239, 6284, 5913, 5662, 6073, 5666, 5748, 6012, 5966, 5804, 5849, 6133, 6691, 5670, 5669, 6005, 6534, 6503, 6006, 5891, 6747, 5668, 6640, 6127, 5906, 6138, 5813, 5683, 5950, 5856, 5858, 6326, 6357, 5652, 5859, 5746, 5687, 6593, 6023, 5678, 6096, 5690, 6065, 6199, 6438, 6080, 5851, 6151, 5740, 6871, 5797, 5846, 5860, 5676, 6008, 6108, 6509, 6219, 6287, 6017, 5683, 5665, 5951, 6298, 5801, 5661, 6295, 5854, 6720, 5688, 5704, 6443, 5953, 6167, 6215, 6066, 5966, 6283, 5688, 5797, 5678, 5685, 6221, 6281, 5870, 5890, 5679, 6026, 5814, 6061, 5675, 5693, 6283, 6059, 6028, 5697, 6185, 5663, 6983, 5924, 5801, 6066, 5933, 5755, 5693, 5862, 5807, 6446, 5751, 6111, 6563, 6177, 5811, 6397, 5680, 5693, 6288, 5680, 6348, 5665, 5739, 6289, 5885, 6024, 5677, 6189, 7163, 5781, 6009, 6022, 5784, 6059, 5683, 5816, 6018, 6777, 6395, 6296, 6076, 6629, 5920, 6612, 5783, 6423, 5977, 5976, 6357, 6229, 6835, 5766, 6719, 5673, 5675, 6176, 6025, 6073, 6240, 6713, 6160, 6083, 5967, 5691, 5695, 5693, 6458, 6114, 6496, 5977, 6616, 5990, 5683, 6017, 5849, 6515, 5678, 6239, 5682, 6209, 5667, 5952, 5684, 6162, 6187, 6019, 6287, 5863, 6206, 6495, 6014, 6342, 6211, 5954, 6031, 6407, 5904, 5676, 6016, 5667, 6061, 5915, 6002, 7314, 6533, 6564, 6016, 6062, 5691, 5697, 5655, 6880, 5843, 6221, 5900, 5689, 6229, 6012, 5678, 5658, 6232, 6038, 5948, 6122, 6069, 5665, 5770, 5679, 5739, 6026, 5698, 5683, 6019, 5953, 6122, 5671, 6386, 5978, 5682, 5969, 6065, 6615, 5854, 5694, 5959, 5666, 5847, 6012, 5689, 6186, 5667, 6121, 5756, 6183, 6199, 6174, 5977, 5662, 5662, 5942, 5687, 5959, 6058, 5677, 6232, 5898, 6161, 6394, 5903, 6135, 6107, 5858, 6301, 5676, 5681, 5962, 6171, 5675, 5962, 6012, 6117, 5941, 5676, 5905, 6599, 5841, 6031, 5670, 6005, 5875, 5750, 5797, 5772, 6272, 5663, 6086, 5858, 6317, 5777, 5705, 6165, 6167, 5693, 5693, 6417, 5803, 6291, 5811, 6083, 5954, 5959, 6069, 5690, 6301, 6393, 6012, 6080, 6012, 6320, 5752, 6618, 5844, 5699, 5784, 5796, 6074, 5761, 6387, 5932, 6289, 5969, 5846, 5706, 5954, 6067, 5794, 5701, 6335, 6327, 5909, 5672, 5691, 5738, 5864, 5950, 6244, 5687, 5810, 5861, 6162, 6119, 5952, 5648, 6713, 6231, 6828, 5759, 6064, 6660, 5693, 6234, 6192, 6394, 6298, 5733, 6132, 6074, 5654, 6137, 6021, 5670, 6172, 5681, 5755, 5967, 6068, 6096, 5792, 5742, 5682, 6288, 6300, 6283, 5691, 5686, 6391, 6292, 5903, 6236, 5737, 6124, 5750, 5969, 5669, 5876, 6081, 5917, 5662, 6331, 5678, 5963, 6354, 5676, 5678, 5701, 6342, 6114, 5669, 5660, 5838, 6440, 5672, 6239, 5749, 6067, 6238, 6245, 5708, 6053, 6131, 6491, 5965, 6072, 5674, 5761, 5692, 6136, 5784, 6013, 6078, 6303, 5678, 6012, 5799, 5956, 5889, 5675, 5943, 5681, 5687, 5854, 5691, 6666, 5918, 5689, 5688, 5660, 5688, 5781, 5694, 5869, 5747, 5660, 5670, 5963, 5676, 6494, 6280, 6644, 5677, 6495, 6107, 5660, 5677, 5991, 5762, 5745, 7039, 5788, 6452, 5904, 5665, 6107, 6158, 6012, 5758, 6327, 6111, 6258, 5681, 6073, 6240, 6760, 5846, 5707, 5736, 5860, 5655, 5673, 6494, 6510, 5724, 5671, 6298, 5864, 6390, 6133, 6168, 6059, 5849, 6649, 6333, 6002, 5687, 6024, 6393, 5669, 5899, 5853, 5682, 6074, 5897, 6442, 6214, 6382, 6236, 5678, 5679, 6234, 5710, 5717, 6087, 6167, 5972, 5675, 5998, 5782, 6325, 5748, 5787, 5670, 5949, 6236, 6143, 5673, 5718, 5682, 5810, 5918, 6016, 6257, 6524, 5849, 6226, 5678, 6285, 5671, 5966, 6495, 6375, 5677, 6462, 5684, 5661, 5741, 5910, 6026, 5861, 5676, 5972, 5662, 5862, 5687, 5693, 6020, 5700, 5968, 5690, 6171, 5955, 6069, 6082, 6010, 5701, 6058, 5657, 5652, 5741, 6013, 6054, 5918, 6319, 6111, 6445, 5686, 5787, 5687, 5861, 6114, 6124, 6068, 5969, 5921, 5751, 5795, 5652, 5738, 5747, 5669, 5856, 6125, 6015, 5808, 5659, 5923, 5676, 6010, 6443, 5799, 7147, 6569, 5756, 5840, 6172, 5690, 6604, 5761, 5968, 6059, 6123, 5874, 6060, 5684, 5671, 5659, 5845, 5704, 6514, 6020, 6526, 6099, 5689, 5693, 6335, 6282, 5735, 7055, 6523, 5677, 5741, 6657, 5912, 6160, 5685, 5791, 5969, 6543, 5648, 5890, 5706, 6114, 6178, 6336, 5664, 6283, 6455, 6090, 5933, 6055, 6006, 6466, 6935, 6308, 6673, 5986, 5940, 6113, 6173, 5701, 6144, 5836, 6718, 5691, 5958, 5997, 6281, 6332, 5680, 5678, 6871, 5956, 6349, 6133, 5846, 6466, 6102, 6112, 6012, 6019, 6010, 5755, 5913, 5858, 6011, 6324, 5957, 6270, 5745, 5839, 6159, 6548, 6061, 6326, 5942, 6652, 6087, 6299, 5961, 5685, 5697, 5744, 5995, 5673, 5948, 6008, 5688, 6341, 6144, 7022, 6295, 5687, 6346, 5669, 5863, 6286, 6554, 6280, 6235, 5795, 6009, 6295, 6731, 6348, 5851, 5863, 5678, 5902, 5902, 5850, 6054, 5832, 6276, 6136, 6252, 6706, 5832, 5910, 6383, 6705, 6489, 6872, 5740, 5660, 6246, 6341, 5950, 5870, 5689, 5940, 6677, 6084, 5798, 5670, 5856, 5661, 6066, 6112, 6586, 5899, 6191, 5670, 5793, 6789, 5815, 6161, 6114, 6542, 5683, 5699, 5926, 5913, 5677, 6047, 6813, 6015, 5788, 5691, 6125, 5846, 6453, 6339, 5864, 6206, 5678, 6232, 5697, 5665, 5679, 6248, 6443, 5682, 5668, 5673, 6163, 6249, 5665, 5911, 5680, 5648, 5731, 5693, 5782, 5949, 6118, 6553, 5684, 6663, 5962, 5944, 6223, 6119, 5690, 6241, 6018, 6558, 6293, 5911, 6036, 6021, 6462, 5698, 5907, 5751, 6124, 5668, 5903, 6349, 5665, 6593, 5664, 5806, 5830, 6389, 5902, 5755, 6231, 5951, 7129, 5750, 6067, 6668, 6123, 5684, 6339, 6402, 5896, 6051, 5841, 6348, 6410, 6076, 5708, 5867, 6568, 5873, 6016, 5678, 5839, 5682, 6235, 5673, 5676, 5743, 6159, 5688, 5693, 6075, 6554, 6070, 5930, 5659, 6562, 5933, 6716, 5967, 5674, 6003, 5688, 5874, 5713, 6217, 6066, 6127, 6022, 6168, 5900, 5684, 6279, 6131, 6168, 5689, 5672, 6093, 6106, 5839, 6507, 6324, 5901, 6694, 5794, 5655, 5856, 5952, 5929, 6085, 5660, 5693, 6484, 5687, 5834, 6168, 5847, 5708, 5692, 6334, 6509, 6170, 6296, 5843, 6453, 5994, 6075, 6401, 5678, 5909, 5679, 6454, 6213, 5828, 6307, 6066, 5673, 6120, 5660, 6508, 6130, 6723, 5848, 5674, 5680, 6531, 6022, 6127, 5745, 6079, 6277, 6547, 5739, 6082, 5784, 5846, 6081, 5919, 5677, 5903, 6310, 6055, 6236, 6266, 5799, 6197, 5673, 5897, 6202, 6588, 5738, 5850, 6178, 6068, 5955, 5806, 6017, 6759, 5849, 5808, 6162, 6383, 6444, 6613, 5846, 6510, 5682, 6388, 5680, 6058, 6063, 6007, 6467, 6399, 5747, 5686, 6069, 5735, 5733, 6057, 6446, 5960, 5711, 5658, 6175, 5744, 6272, 6006, 5968, 5815, 6021, 6110, 6174, 6018, 5814, 5790, 5677, 6405, 5803, 5863, 5673, 6020, 6042, 5901, 6041, 6423, 6009, 6612, 5700, 6132, 5694, 6554, 6022, 5708, 5693, 6116, 5672, 6063, 6665, 6679, 5911, 6001, 6431, 6134, 6458, 5757, 5668, 6310, 6269, 6233, 5671, 5802, 6012, 6077, 6182, 6229, 5680, 5666, 5680, 5673, 5670, 5693, 5856, 6114, 5782, 6107, 6131, 6429, 5954, 5978, 5998, 5705, 5697, 5668, 5789, 6188, 5913, 6072, 5883, 6023, 5957, 6103, 6333, 5657, 6010, 6279, 5680, 6022, 5675, 5670, 6829, 6444, 5967, 6167, 5967, 5894, 6116, 6069, 6477, 5671, 5779, 6110, 6118, 5671, 6177, 5785, 5691, 5680, 5970, 5695, 6006, 5919, 5680, 5660, 6274, 6000, 5946, 6142, 5682, 5781, 6005, 6323, 6289, 6556, 6348, 5803, 5665, 6022, 5703, 6072, 5835, 6217, 5805, 5681, 5664, 6065, 6350, 6018, 5681, 5665, 5837, 5676, 5745, 5658, 6445, 6169, 6292, 6924, 5971, 5957, 5686, 7310, 5892, 6013, 6107, 5899, 6274, 6005, 6129, 6151, 6085, 6268, 5949, 5844, 5690, 6007, 5666, 6787, 6055, 5665, 5751, 5674, 5753, 5677, 5691, 6160, 6098, 5912, 5655, 5678, 6011, 5679, 5863, 5681, 5968, 6450, 6556, 6509, 5668, 6433, 5865, 6367, 5693, 5844, 5675, 5802, 6076, 6377, 5958, 6165, 6441, 5965, 5747, 5742, 6590, 6455, 5678, 5682, 5762, 6027, 5844, 6107, 6117, 6707, 5688, 5977, 5844, 5693, 5911, 6014, 5685, 5962, 5657, 6163, 6230, 5664, 5695, 5901, 6120, 5907, 6054, 6123, 5829, 5684, 6104, 5958, 5811, 5675, 5845, 6102, 6279, 5944, 5674, 5894, 6021, 6115, 5670, 5706, 6087, 5692, 6468, 5679, 5702, 5956, 5786, 5668, 5653, 5668, 5704, 5862, 5667, 5898, 5679, 5685, 5740, 5736, 5755, 6113, 6082, 5672, 6273, 5760, 6044, 6122, 5715, 5900, 6286, 5834, 5948, 5680, 6011, 5767, 6095, 5794, 5753, 6653, 5899, 5901, 5818, 6176, 5684, 5903, 6140, 5742, 5692, 6440, 5969, 5701, 5901, 5861, 6378, 5850, 5799, 5954, 6410, 5993, 5767, 5794, 6130, 6120, 6543, 5690, 6027, 5835, 6222, 5664, 5843, 5692, 5987, 5902, 5961, 6063, 6216, 5905, 6115, 5745, 5672, 5929, 5927, 5894, 5677, 6020, 6437, 5747, 5790, 6814, 6320, 5668, 6301, 5906, 5714, 6170, 6403, 5682, 5662, 6505, 5699, 5669, 6016, 5962, 6018, 6652, 6107, 6013, 6659, 5973, 6268, 6061, 6444, 6092, 6043, 6177, 5693, 5948, 5680, 5951, 6130, 6067, 6492, 6966, 6507, 6352, 5963, 5683, 6286, 5919, 5688, 5701, 6457, 6009, 5663, 5688, 5842, 6198, 5700, 6078, 5807, 5951, 6163, 6513, 6400, 5687, 5697, 5964, 5652, 5653, 5669, 6062, 5959, 5678, 6016, 5693, 5678, 6187, 6243, 6019, 5972, 6074, 5765, 5691, 6347, 6547, 5742, 5692, 6251, 5732, 6336, 5894, 5949, 5687, 6169, 5666, 6157, 6349, 6102, 5674, 5698, 6383, 5691, 5700, 5800, 6383, 6488, 6000, 5683, 5672, 5689, 6011, 6276, 5671, 6140, 6007, 6230, 6050, 6277, 5837, 6562, 6653, 5687, 6169, 5698, 5676, 6254, 6036, 5668, 5678, 5714, 6244, 5704, 5867, 5649, 5697, 6076, 6188, 6125, 6279, 5942, 5950, 6357, 5686, 5850, 6103, 6135, 6350, 5686, 6170, 5795, 5966, 6021, 5671, 5740, 5740, 6407, 5812, 5681, 5680, 6116, 6000, 5688, 6301, 6012, 5776, 6398, 6222, 6379, 5971, 5695, 5689, 6121, 5694, 6010, 6489, 5673, 5680, 6088, 6276, 5949, 5743, 5676, 6060, 6228, 5837, 5680, 6120, 5729, 5950, 6004, 5661, 5686, 6353, 6048, 5815, 6893, 5799, 5663, 6020, 6887, 5953, 6265, 6512, 6111, 5683, 5860, 5909, 5687, 6227, 5979, 5755, 6075, 5669, 5665, 6337, 5675, 5847, 5958, 6440, 5958, 5866, 5739, 5662, 5697, 5703, 5791, 6082, 6773, 6207, 5701, 6120, 6109, 6172, 5861, 6018, 5927, 6058, 6072, 5803, 5896, 6021, 6118, 5844, 5700, 6498, 6188, 6664, 5896, 5958, 5802, 6268, 6010, 6230, 5657, 6166, 5866, 6726, 5805, 5956, 6618, 6236, 5850, 5687, 5957, 6282, 6327, 5673, 6236, 5789, 5949, 6012, 5745, 7366, 5674, 6036, 5668, 6055, 5802, 5962, 6371, 6131, 5700, 6021, 6203, 5844, 5662, 5696, 6021, 5966, 6387, 5843, 5886, 5944, 5689, 5792, 6072, 5854, 5801, 6347, 6039, 6322, 6174, 5958, 5673, 5847, 5681, 5661, 6183, 6226, 5712, 5663, 6424, 6036, 6490, 5689, 6334, 5895, 5990, 6603, 5894, 5730, 5656, 6120, 5927, 6231, 5658, 6699, 6229, 5907, 5660, 5669, 6446, 6079, 6024, 5942, 5690, 6166, 5913, 6609, 5665, 5683, 5691, 5850, 5670, 5678, 6014, 5856, 6884, 6605, 5951, 5937, 6376, 6177, 5704, 6120, 5683, 6007, 5777, 5853, 6180, 6012, 6163, 5680, 5688, 6536, 5716, 6434, 6487, 6546, 6007, 6054, 5693, 5663, 5755, 5672, 5957, 5668, 5907, 5850, 5861, 5675, 6543, 6225, 5741, 5902, 5898, 6105, 6128, 6289, 6184, 6062, 6230, 6675, 5970, 6075, 5696, 6664, 6179, 6162, 5676, 6723, 5691, 5943, 5913, 6029, 5850, 5739, 5667, 6672, 6036, 6225, 5677, 5687, 5685, 6008, 5690, 6028, 6827, 6017, 6180, 6043, 6010, 5802, 5695, 5667, 5676, 5659, 5950, 5805, 5697, 6402, 5696, 6492, 5766, 6389, 6158, 5844, 5682, 5924, 6077, 6387, 5681, 6337, 6282, 5851, 5825, 5849, 6820, 5958, 6406, 6014, 5741, 6601, 6451, 5789, 6620, 5759, 5690, 6327, 5847, 5658, 6023, 5835, 6017, 5756, 6343, 6006, 5799, 5664, 5749, 5690, 5690, 6158, 5667, 5848, 5664, 6147, 6724, 6164, 6066, 5679, 5943, 5668, 5689, 5786, 6391, 5965, 6488, 6069, 5957, 5698, 6190, 6519, 5788, 5731, 6075, 6487, 5674, 6322, 6004, 5848, 5655, 5660, 5693, 6329, 5792, 5672, 5684, 5798, 6250, 6486, 5955, 5697, 6104, 6507, 5966, 6447, 6074, 5865, 6302, 6376, 6511, 5753, 6267, 5681, 6228, 5802, 5711, 6171, 5805, 5814, 5688, 5681, 5833, 5900, 6116, 5856, 5934, 5800, 6539, 6127, 6176, 6179, 5690, 6791, 5692, 5664, 7245, 5736, 5961, 5677, 5883, 5671, 6032, 5675, 5678, 6389, 5689, 5789, 6471, 5654, 6228, 6929, 6179, 6261, 5812, 6337, 5690, 6054, 5677, 6353, 6125, 7000, 5932, 5706, 5729, 5948, 5711, 5689, 6354, 5684, 6501, 5941, 5853, 5681, 6593, 6083, 6181, 5675, 5670, 5944, 6011, 5678, 6199, 6618, 5911, 6211, 5686, 5847, 6055, 5660, 5789, 5698, 6603, 5791, 6176, 6104, 6022, 5696, 5765, 6061, 6403, 6062, 6658, 5693, 5972, 6083, 6230, 5679, 5694, 6173, 5807, 5892, 6034, 5860, 6103, 6068, 6560, 5963, 5679, 6010, 6219, 6298, 5649, 5680, 5796, 6177, 6213, 6945, 6022, 5683, 5753, 6110, 5978, 6231, 5678, 5688, 5876, 5685, 6293, 6351, 6406, 5694, 5965, 6398, 6123, 5688, 5902, 6049, 5680, 6320, 6029, 5840, 5714, 6023, 6400, 6448, 6115, 5682, 6115, 6171, 6217, 6055, 5787, 5917, 5744, 5751, 6064, 5898, 6612, 6024, 6011, 6262, 6178, 5752, 6009, 5970, 5794, 5754, 5664, 6056, 5667, 5706, 6110, 6176, 5863, 5707, 6193, 5713, 5664, 6439, 6289, 6001, 6179, 7110, 5682, 5648, 5684, 5694, 6075, 6232, 5797, 5895, 5692, 6385, 5978, 6522, 5951, 6274, 5682, 5918, 6074, 5853, 5710, 5946, 5957, 5853, 5794, 6068, 5806, 5823, 6541, 6190, 5691, 5822, 6125, 5803, 5655, 5978, 5959, 5977, 6014, 5669, 6011, 6499, 5851, 6051, 6179, 5735, 5674, 5676, 5809, 5964, 5657, 5679, 7043, 5682, 6349, 6200, 5730, 5686, 5970, 6141, 5692, 5707, 6291, 5945, 5899, 5949, 6537, 6222, 5707, 6339, 6190, 5680, 5836, 6494, 5924, 6131, 6613, 5670, 6436, 5779, 6493, 6370, 5681, 6001, 5661, 5778, 5669, 5740, 6284, 6070, 6089, 6031, 5972, 6435, 6566, 5686, 5756, 5899, 6872, 5673, 5738, 6320, 6593, 5859, 5681, 5895, 5673, 6059, 6824, 6068, 6451, 6256, 5690, 6177, 5911, 6547, 6176, 5956, 6517, 6414, 6078, 5972, 5669, 5678, 5668, 6714, 5744, 5950, 6055, 5844, 5701, 6226, 6191, 5672, 5958, 6187, 6161, 5803, 6424, 6327, 5815, 5785, 6238, 6091, 5986, 5857, 6544, 6330, 6529, 5680, 5948, 6017, 6070, 6130, 6020, 5820, 6876, 5866, 5731, 5915, 5802, 5673, 6223, 6069, 6826, 6332, 5651, 5679, 5955, 5680, 6227, 6013, 5955, 5953, 6828, 5856, 6168, 6069, 5739, 6884, 5678, 5836, 6013, 6018, 5837, 5688, 5674, 6262, 6139, 6489, 6178, 5903, 5678, 5671, 5650, 6872, 6596, 5688, 5795, 6330, 5903, 6050, 6617, 5675, 5668, 5856, 5912, 5863, 5968, 5799, 5675, 6633, 6016, 6215, 5951, 5893, 6226, 6389, 5976, 5914, 6226, 6607, 6280, 5786, 5762, 6001, 6330, 6391, 5793, 6508, 5961, 5866, 5900, 6523, 6223, 5898, 5698, 5689, 5680, 6006, 5962, 6277, 5899, 6133, 6564, 5669, 6186, 6219, 6225, 5669, 5965, 6500, 5684, 6019, 7044, 5751, 5737, 6056, 6148, 5901, 6065, 6283, 6041, 6361, 6229, 5951, 6283, 5984, 6026, 5685, 5663, 5684, 5848, 5907, 6120, 5981, 6333, 6121, 6101, 6138, 5682, 6077, 6258, 5850, 6849, 6435, 5915, 5687, 6083, 6177, 6469, 6122, 6237, 6105, 5675, 6099, 6702, 6199, 6098, 5691, 5659, 6186, 5996, 5689, 6183, 5970, 6080, 6070, 6127, 6065, 5689, 6129, 6300, 5664, 6225, 5664, 6323, 5654, 6009, 7198, 6447, 5698, 5972, 5812, 6129, 5864, 5709, 5697, 6105, 5933, 5846, 5664, 5707, 5779, 6548, 6566, 6125, 5996, 6437, 5905, 5687, 6115, 6208, 5678, 6240, 5898, 6111, 6001, 5739, 5723, 6006, 6156, 6514, 5896, 6189, 5854, 5958, 6197, 6091, 6661, 5692, 5661, 6115, 6013, 5956, 5671, 5688, 5850, 5675, 6662, 5955, 6006, 6007, 5920, 6411, 5711, 6393, 5825, 5751, 6402, 5673, 6405, 6254, 6288, 5860, 5746, 6345, 5684, 6090, 6571, 5989, 5671, 5681, 5701, 5858, 6297, 5950, 5697, 6614, 6676, 6029, 5752, 5688, 5759, 6069, 5957, 6567, 6402, 5983, 5999, 5658, 5657, 6066, 6392, 5845, 5888, 5736, 6275, 6208, 5671, 6220, 5691, 5676, 6381, 6071, 5686, 6278, 6284, 6067, 6460, 6223, 6344, 6024, 6088, 5741, 6394, 6459, 5679, 6269, 5683, 6554, 5651, 5679, 6830, 5844, 5665, 6180, 5682, 5745, 5670, 5942, 6046, 5906, 5688, 5672, 6433, 6297, 6496, 6179, 6561, 6507, 6126, 5971, 6035, 5677, 5675, 5907, 5740, 5896, 5678, 6012, 6003, 5669, 6261, 6088, 6158, 6231, 6063, 5965, 5983, 6181, 5671, 5733, 5865, 5743, 6761, 6069, 5742, 5763, 5667, 6031, 6170, 6078, 5756, 5909, 6290, 5808, 5754, 5995, 5855, 5702, 6107, 5809, 5962, 5973, 5959, 6286, 6596, 5687, 6398, 6402, 5976, 5833, 6237, 5738, 5815, 5855, 5697, 5688, 5668, 5959, 6014, 5684, 6112, 6438, 5891, 6347, 5693, 6616, 5965, 5960, 6566, 5790, 5669, 5813, 5678, 5797, 6463, 5960, 5748, 5957, 5951, 5920, 5652, 6459, 6284, 6487, 5690, 5667, 6133, 6010, 5671, 6181, 6252, 5735, 5976, 5682, 5898, 5960, 5716, 5675, 6121, 5685, 5685, 6023, 6004, 5919, 5948, 5780, 6279, 6294, 7087, 5679, 5799, 5695, 6220, 5844, 6390, 5980, 6131, 5736, 6295, 6137, 6084, 6411, 5878, 6471, 6284, 6027, 6121, 6341, 5700, 6042, 6069, 6287, 6099, 5964, 6132, 5696, 6134, 6130, 6079, 5907, 6322, 5844, 5679, 7155, 6247, 5900, 5681, 5865, 6393, 7095, 6174, 5841, 5681, 5965, 6061, 5752, 5668, 5851, 6062, 6330, 5658, 6120, 5903, 5681, 5748, 6719, 6279, 5955, 6090, 5952, 5659, 6020, 5759, 6133, 6548, 6003, 5906, 6187, 6166, 5660, 5685, 5957, 6191, 5740, 6242, 5670, 5672, 5910, 6249, 6442, 6298, 6370, 6140, 5870, 6279, 5860, 5694, 6025, 6440, 5685, 5878, 5737, 6056, 6379, 6394, 5802, 6070, 6605, 5749, 5682, 5901, 5922, 5658, 5784, 6171, 5805, 5957, 5676, 6382, 5739, 6507, 5894, 6386, 6615, 6074, 6123, 5747, 6489, 6969, 5850, 6338, 6692, 6236, 5671, 6130, 5744, 6439, 5703, 5765, 6429, 5754, 5975, 6172, 6003, 5886, 6557, 6379, 6598, 6220, 5734, 6182, 5789, 6215, 6228, 5953, 6071, 6131, 5664, 5683, 6483, 6062, 6764, 6385, 6009, 5866, 5698, 6003, 5746, 5706, 5955, 5910, 6892, 6108, 6101, 6323, 5921, 5736, 5807, 5750, 6393, 6015, 6074, 5675, 5948, 6070, 6008, 5901, 6334, 5978, 5672, 5795, 5968, 6079, 5958, 6118, 6132, 6153, 5693, 6686, 5792, 6686, 6069, 6452, 5858, 6109, 6008, 6009, 6075, 6593, 6388, 5908, 6086, 5686, 5698, 6069, 5743, 5663, 5658, 6008, 5849, 5677, 6440, 5687, 5899, 5892, 5859, 5763, 6074, 6140, 5677, 6722, 5728, 6726, 5852, 6079, 6086, 6023, 6396, 6286, 5676, 6188, 5752, 6000, 6396, 6303, 5693, 5666, 5796, 6399, 5676, 5779, 5695, 7067, 5663, 5883, 6233, 6113, 5664, 5671, 6005, 6016, 5690, 5660, 5681, 6014, 5845, 5953, 6430, 5683, 6023, 6553, 5677, 6105, 6665, 5703, 6067, 6240, 5916, 6133, 6024, 6504, 5824, 6616, 5993, 5965, 6595, 5991, 6068, 5847, 6445, 5972, 6179, 5888, 6213, 5954, 5739, 6111, 5680, 5750, 5687, 5799, 5661, 5912, 6073, 6001, 5843, 6116, 5664, 6398, 5854, 6548, 6453, 5850, 5677, 6040, 6014, 6223, 6328, 5785, 6381, 5888, 5762, 6388, 6199, 6081, 6112, 5895, 6495, 6146, 6389, 6242, 5669, 6112, 5907, 5967, 5665, 5900, 6605, 6296, 5856, 6603, 5672, 5680, 6234, 6340, 5695, 6130, 5689, 5694, 5670, 6070, 5691, 6648, 6224, 6548, 5950, 5891, 5671, 5901, 5801, 5651, 5673, 6180, 6061, 6559, 6086, 5668, 6183, 6167, 6390, 6286, 5855, 6229, 6176, 5685, 5691, 5655, 6185, 6009, 5867, 6286, 5746, 6192, 6017, 5688, 5689, 5687, 5902, 6486, 5855, 6122, 5690, 6074, 5678, 6297, 5957, 5950, 5924, 6022, 6007, 5669, 6341, 7354, 5755, 6054, 5669, 6723, 6066, 5867, 5971, 5953, 5966, 5962, 6672, 6182, 6017, 6344, 6122, 6093, 6739, 6068, 5970, 5955, 5801, 6012, 5795, 5688, 5666, 5670, 6002, 5964, 5909, 6125, 5847, 6332, 5808, 5664, 5730, 5922, 5862, 6249, 6498, 5975, 6143, 5854, 6192, 5806, 5711, 5677, 5680, 6429, 6445, 5703, 5754, 5870, 5742, 6126, 6439, 5876, 5669, 6139, 6170, 5697, 5965, 5795, 5728, 5687, 5751, 5975, 5649, 5667, 6462, 5673, 5709, 5666, 6344, 5670, 5959, 5893, 5947, 6652, 5681, 5957, 6366, 6512, 5971, 6084, 6346, 5694, 6065, 6008, 5697, 6436, 5909, 5989, 5668, 6124, 6543, 6328, 5945, 5685, 5656, 6600, 5810, 6007, 6272, 6006, 6384, 5810, 6604, 5705, 5757, 5749, 5750, 5903, 5664, 6010, 5901, 6617, 6068, 6225, 5691, 6279, 5911, 5948, 5663, 5947, 6276, 6029, 5703, 6377, 5696, 5662, 6427, 6502, 5688, 5670, 5674, 6381, 5683, 6427, 6655, 6010, 5675, 6611, 5998, 5905, 6060, 6353, 6283, 6110, 5796, 6072, 5688, 5704, 6197, 6185, 5690, 6219, 6254, 6815, 5686, 5671, 5871, 5886, 6276, 6015, 6075, 6047, 5670, 5949, 5657, 5948, 5681, 5996, 5843, 6058, 6173, 6221, 6552, 5676, 6282, 5707, 6073, 5692, 5689, 6335, 5965, 5692, 6068, 6009, 5675, 5683, 5675, 6445, 5685, 6165, 5759, 5676, 5929, 6100, 6440, 5927, 5673, 5880, 6162, 6380, 5985, 6413, 6046, 5908, 5798, 6334, 5677, 5670, 5689, 6020, 6268, 6540, 6129, 6250, 5680, 5875, 5905, 5673, 6220, 5694, 6012, 5695, 5684, 6003, 6490, 5883, 6128, 5675, 5857, 5703, 5861, 6324, 6054, 5944, 6008, 5678, 6281, 5791, 6174, 6786, 6020, 6339, 5732, 6780, 5864, 6188, 6292, 5656, 5957, 6240, 6390, 5888, 5910, 5694, 5821, 5853, 5909, 6318, 5673, 6235, 6322, 5694, 5757, 6380, 5695, 6661, 6499, 6132, 5942, 5863, 5691, 5838, 5994, 5870, 6329, 5904, 5668, 5688, 6070, 6012, 5787, 6276, 5788, 5671, 5955, 6063, 5955, 6175, 6027, 5677, 5661, 6227, 6280, 5841, 6555, 5672, 5796, 6017, 5851, 5665, 5692, 6170, 6393, 6278, 6164, 5800, 5657, 6238, 5922, 5690, 6007, 6378, 5708, 6105, 6154, 5687, 5668, 6288, 5716, 5696, 6039, 5680, 5686, 5920, 6822, 6006, 5683, 6102, 6291, 6163, 5681, 6174, 6279, 5963, 6212, 6171, 5913, 5998, 6232, 5745, 5674, 6324, 6325, 5689, 5679, 6216, 5682, 5676, 6084, 6237, 6180, 6783, 5687, 6023, 6673, 6370, 5960, 6463, 5693, 5862, 6270, 6642, 5684, 6226, 5677, 6289, 5680, 6296, 5951, 6339, 6005, 5667, 5889, 5726, 6099, 5690, 6157, 6390, 5736, 6282, 6464, 5863, 6597, 6327, 5676, 5670, 6237, 6164, 5856, 5647, 5744, 5739, 5970, 6163, 6783, 5695, 5680, 6411, 5684, 5675, 6293, 5848, 6082, 5869, 5678, 5855, 6442, 5899, 6003, 5909, 5743, 5916, 6722, 6013, 5702, 6294, 5682, 6013, 5745, 6608, 5683, 5957, 5696, 6555, 5854, 6563, 6043, 5860, 6241, 5898, 6185, 5800, 7049, 6093, 5978, 6762, 5682, 5701, 6079, 5671, 5785, 5944, 6064, 5704, 6040, 6515, 6020, 6873, 6186, 5900, 6605, 5897, 6062, 6768, 6346, 5968, 6179, 6110, 5851, 5879, 6236, 6341, 5832, 6542, 5669, 5663, 5669, 5665, 6616, 5967, 6276, 6371, 6506, 5661, 5664, 5687, 5653, 5912, 6337, 5837, 6288, 6042, 5852, 6116, 6115, 6061, 6079, 5682, 6346, 5687, 6076, 5732, 5911, 5961, 5833, 6167, 5946, 6042, 5898, 5926, 5666, 5693, 5960, 5676, 5732, 5934, 5952, 5684, 5807, 5687, 6782, 6059, 6238, 6230, 5866, 6064, 6367, 6129, 5993, 5889, 5837, 5681, 5922, 5667, 6080, 5832, 6220, 6336, 5811, 6064, 6063, 6044, 5676, 6172, 6026, 5844, 6057, 6020, 5684, 5900, 5678, 5669, 5675, 5977, 5688, 6112, 6248, 5676, 5998, 6220, 6246, 5662, 5691, 5886, 6061, 5962, 5673, 6239, 5685, 6641, 5949, 5841, 5751, 6033, 5689, 6097, 5844, 6007, 5686, 6388, 6115, 6566, 6389, 6075, 6235, 5855, 5663, 5787, 6227, 6135, 5978, 5833, 5824, 6515, 6332, 5852, 5669, 5851, 5958, 5671, 6196, 6204, 5672, 5977, 6073, 5749, 5901, 5951, 6169, 6820, 5678, 5960, 5903, 5656, 6521, 5675, 5919, 6063, 5810, 5695, 5959, 6077, 6239, 5921, 6552, 5710, 5976, 6319, 5669, 6143, 5855, 5855, 6033, 6403, 5743, 5669, 5843, 5688, 5671, 6081, 5677, 6238, 6134, 5678, 5806, 5683, 5913, 5693, 5673, 5682, 5789, 5961, 6080, 6233, 6298, 6126, 5897, 6081, 6134, 6654, 6176, 5705, 5686, 5902, 6096, 6227, 6662, 6241, 5738, 5747, 5859, 6449, 6129, 6004, 5680, 5680, 6364, 5982, 6015, 5953, 5897, 5903, 6233, 5672, 5672, 5697, 5660, 5910, 5963, 5694, 5864, 5968, 5667, 5746, 6016, 6395, 5667, 5678, 6768, 6552, 5737, 5744, 5693, 6279, 6387, 6244, 5913, 6074, 5686, 6833, 6856, 6493, 5657, 5922, 6289, 5698, 6116, 6123, 5682, 5793, 6007, 6692, 5675, 6082, 5658, 6053, 5686, 5942, 6862, 6167, 7196, 5831, 5830, 6548, 5871, 6106, 6554, 6553, 5825, 6073, 5680, 5926, 5691, 5686, 6009, 5650, 6052, 5836, 5909, 5732, 6136, 6089, 5741, 5838, 5896, 6113, 6178, 6134, 6050, 6013, 5674, 5669, 5750, 5670, 6852, 6181, 5683, 5745, 6124, 5748, 6168, 5787, 6054, 6086, 6078, 5693, 5746, 6152, 6415, 6009, 5852, 6017, 5810, 5760, 5659, 6069, 6062, 5662, 6128, 5675, 6991, 5676, 6222, 5662, 6024, 5683, 5653, 6790, 6516, 5670, 5693, 5948, 5657, 6350, 5703, 5938, 5674, 6317, 6132, 6934, 6107, 6770, 6495, 6245, 5712, 6122, 6446, 5958, 6002, 6197, 6642, 6178, 5865, 5918, 6118, 5732, 6314, 6052, 5693, 6176, 6695, 5950, 6013, 6116, 6628, 5686, 5691, 6616, 5890, 5671, 6174, 5853, 5747, 6180, 6561, 5662, 5701, 6230, 6481, 6723, 6331, 6181, 5868, 6177, 6275, 6374, 5803, 6315, 5808, 6239, 5670, 6134, 5682, 6498, 5690, 5668, 5802, 5707, 5984, 6554, 6539, 5910, 5653, 6176, 6015, 5750, 6823, 5665, 6217, 6060, 6008, 6602, 5671, 6004, 6003, 5915, 6182, 5672, 6010, 5798, 5785, 5997, 5683, 5943, 6010, 5968, 5864, 5960, 5671, 5811, 5651, 5688, 5674, 5669, 6333, 5688, 5667, 5874, 5697, 5681, 6360, 5677, 5680, 5715, 6226, 6229, 5999, 6186, 5968, 6112, 6437, 6122, 6136, 5708, 6514, 5666, 5906, 6086, 5749, 5738, 6004, 6135, 6496, 5910, 5708, 6462, 5712, 6056, 6498, 5946, 6772, 6731, 6300, 5744, 5907, 5945, 6758, 6780, 6789, 5682, 6057, 6337, 5843, 5844, 6330, 5901, 6652, 5927, 7080, 5850, 6083, 5685, 5952, 6621, 5840, 6501, 6387, 5668, 6402, 5894, 5666, 6077, 5786, 5902, 5703, 5683, 6000, 6605, 5917, 6504, 5919, 5811, 5852, 6491, 6133, 5848, 5682, 5788, 6065, 6376, 6241, 6481, 5663, 5680, 5799, 5659, 5967, 6080, 5673, 5907, 5674, 5717, 5690, 6238, 5852, 5852, 5931, 6109, 5803, 6040, 5909, 5929, 5687, 5686, 5675, 6388, 6249, 6193, 5772, 6029, 5934, 6115, 6074, 5803, 5849, 5864, 6325, 5681, 6280, 5851, 6171, 5672, 6140, 5712, 5963, 6184, 5683, 5848, 6363, 7095, 6075, 6937, 6003, 6015, 5836, 5793, 5738, 6010, 5800, 6319, 5757, 5834, 5857, 5949, 6011, 6068, 6008, 6279, 6279, 6022, 6467, 5857, 6942, 5959, 6396, 6349, 5804, 5670, 5876, 6055, 5904, 5796, 5864, 6427, 5782, 6238, 5686, 6252, 6456, 5900, 6437, 6128, 5703, 5681, 5842, 5907, 5809, 6119, 6462, 5847, 5862, 6568, 6623, 6772, 6049, 5668, 5686, 5759, 5658, 5848, 5674, 5848, 5687, 6667, 5692, 5959, 5977, 5693, 5675, 6294, 5677, 6030, 6292, 5685, 5693, 5743, 6015, 6177, 6555, 6125, 6085, 6562, 6192, 5872, 5759, 6244, 6345, 6826, 5811, 6025, 5954, 5673, 6270, 6284, 5966, 6230, 5667, 5811, 6289, 5658, 6022, 5671, 6201, 6018, 6235, 5685, 5917, 6185, 5922, 5848, 6107, 6222, 5971, 5678, 6434, 5662, 6231, 6727, 6234, 5814, 6029, 6363, 5796, 5656, 6427, 6728, 6817, 6170, 5683, 6054, 5681, 6062, 5740, 6635, 5685, 5789, 6013, 5679, 5855, 5776, 6001, 5843, 5681, 6283, 5741, 5662, 5843, 5664, 5891, 5754, 5812, 6251, 5665, 6469, 6105, 6019, 6208, 5960, 5804, 6165, 6654, 6449, 6489, 6070, 6163, 6024, 5892, 5683, 6126, 6442, 6039, 5672, 6495, 6444, 6610, 5664, 6042, 5860, 6068, 5709, 6385, 5783, 5656, 6386, 6835, 6011, 6328, 6118, 5891, 5708, 5688, 5793, 5685, 6333, 6315, 5860, 6235, 6275, 6108, 5798, 5958, 6129, 6016, 5681, 5950, 5979, 6246, 6499, 5678, 6227, 6085, 6488, 6651, 5686, 5746, 6022, 5699, 6229, 5679, 6050, 5906, 5676, 5685, 5853, 6344, 5700, 5853, 5671, 6328, 5661, 6067, 6075, 5905, 5841, 5956, 5687, 6075, 5855, 5743, 6532, 6615, 6108, 6079, 5799, 5968, 5743, 6397, 5851, 6062, 6140, 6013, 6212, 6175, 6331, 5845, 6394, 5682, 6265, 5802, 5751, 5679, 5970, 5698, 6185, 5918, 5689, 5697, 6150, 6237, 6219, 5677, 5792, 6071, 6177, 5800, 5793, 6111, 5681, 5939, 6174, 5959, 5663, 6169, 5858, 6988, 5807, 5738, 5908, 5671, 6113, 5673, 6234, 6538, 6118, 5848, 5808, 5889, 5793, 5856, 6229, 5866, 5679, 6206, 6186, 5904, 5695, 6380, 5693, 5670, 5659, 5737, 5965, 6332, 5735, 5679, 6397, 6709, 5676, 5953, 5801, 5686, 5908, 6233, 6163, 6058, 5732, 6648, 5661, 6377, 6130, 6093, 6806, 6390, 5908, 6216, 6156, 5994, 6344, 5684, 6204, 6311, 5688, 6051, 6524, 6660, 6620, 5694, 6187, 5956, 5914, 5646, 5798, 6339, 6512, 6484, 5746, 6874, 5957, 5797, 5832, 6229, 5832, 5677, 6020, 6152, 6332, 6160, 5842, 6669, 6499, 5959, 5668, 5682, 5678, 5662, 5687, 5956, 6177, 5969, 5674, 5887, 6184, 6325, 5948, 6165, 6353, 6755, 5700, 6048, 6051, 5914, 6716, 6246, 6224, 6208, 5942, 5704, 6435, 6273, 5680, 6369, 6437, 5681, 5790, 6294, 6069, 5875, 5953, 5782, 6244, 6330, 5797, 6094, 5804, 5668, 7292, 5968, 5658, 5668, 5784, 6122, 5690, 5785, 5838, 5839, 5753, 6011, 5669, 
Mejor solucion obtenida: 15, 19, 20, 18, 17, 16, 14, 12, 13, 34, 33, 31, 32, 11, 10, 8, 9, 5, 7, 6, 30, 29, 27, 28, 1, 2, 3, 36, 37, 38, 39, 41, 42, 40, 26, 24, 25, 21, 22, 23, 35, 0, 4, || Fitness: 5620;