Archivo Usado: p43.atsp
Tamaño de la Poblacion: 100
Reemplazo por Generacion: 5
Tamaño de los Torneos: 5
Cantidad de ciudades: 43
Probabilidad de cruce: 80000
Probabilidad mutacion simple: 23000
Probabilidad mutacion compleja: 10000
Cruces minimos de la mutacion compleja: 4
Iteraciones ejecutadas: 10000
Largo del cruce PMX: 6
Operador de Cruce: 0
Metodo seleccion de Padres: 0
Operador de Mutacion: 0
Metodo seleccion de Supervivientes: 1
Cantidad de threads a usar: 16
9, 32, 31, 10, 11, 8, 5, 7, 6, 30, 29, 27, 28, 1, 2, 3, 36, 37, 39, 38, 41, 40, 42, 26, 25, 24, 21, 23, 22, 35, 0, 4, 15, 16, 20, 18, 19, 17, 14, 33, 34, 13, 12, 
8, 32, 31, 10, 9, 11, 5, 7, 6, 30, 29, 27, 28, 1, 2, 3, 36, 37, 39, 38, 41, 40, 42, 26, 25, 24, 21, 23, 22, 35, 0, 4, 15, 16, 20, 18, 19, 17, 14, 33, 34, 13, 12, 
6, 7, 5, 30, 29, 27, 28, 1, 2, 3, 36, 37, 39, 38, 41, 40, 42, 26, 25, 24, 21, 23, 22, 35, 0, 4, 15, 16, 20, 18, 19, 17, 14, 33, 34, 13, 12, 11, 9, 8, 10, 31, 32, 
11, 32, 31, 10, 9, 8, 5, 7, 6, 30, 29, 27, 28, 1, 2, 3, 36, 37, 39, 38, 41, 40, 42, 26, 25, 24, 21, 23, 22, 35, 0, 4, 15, 16, 20, 18, 19, 17, 14, 33, 34, 13, 12, 
7, 5, 30, 29, 27, 28, 1, 2, 3, 36, 37, 39, 38, 41, 40, 42, 26, 25, 24, 21, 23, 22, 35, 0, 4, 15, 16, 20, 18, 19, 17, 14, 33, 34, 13, 12, 11, 32, 31, 10, 9, 8, 6, 
13, 33, 34, 32, 31, 10, 11, 9, 8, 6, 7, 5, 30, 29, 27, 28, 1, 2, 3, 36, 37, 39, 38, 41, 40, 42, 26, 25, 24, 21, 23, 22, 35, 0, 4, 15, 16, 20, 18, 19, 17, 14, 12, 
11, 10, 9, 8, 6, 7, 5, 30, 29, 27, 28, 1, 2, 3, 36, 37, 39, 38, 41, 40, 42, 26, 25, 24, 21, 23, 22, 35, 0, 4, 15, 16, 20, 18, 19, 17, 14, 33, 34, 13, 12, 31, 32, 
17, 14, 33, 34, 13, 12, 11, 32, 31, 10, 9, 8, 6, 7, 5, 30, 29, 27, 28, 1, 2, 3, 36, 37, 39, 38, 41, 40, 42, 26, 25, 24, 21, 23, 22, 35, 0, 4, 15, 16, 20, 18, 19, 
13, 12, 11, 32, 31, 10, 9, 8, 6, 7, 5, 30, 29, 27, 28, 1, 2, 3, 36, 37, 39, 38, 41, 40, 42, 26, 25, 24, 21, 23, 22, 35, 0, 4, 15, 16, 20, 18, 19, 17, 14, 33, 34, 
13, 12, 31, 32, 11, 10, 9, 8, 6, 7, 5, 30, 29, 27, 28, 1, 2, 3, 36, 37, 39, 38, 41, 40, 42, 26, 25, 24, 21, 23, 22, 35, 0, 4, 15, 16, 20, 18, 19, 17, 14, 33, 34, 
20, 18, 19, 17, 14, 33, 34, 13, 12, 31, 32, 11, 10, 9, 8, 6, 7, 5, 30, 29, 27, 28, 1, 2, 3, 36, 37, 39, 38, 41, 40, 42, 26, 25, 24, 21, 23, 22, 35, 0, 4, 15, 16, 
10, 9, 8, 6, 7, 5, 30, 29, 27, 28, 1, 2, 3, 36, 37, 39, 38, 41, 40, 42, 26, 25, 24, 21, 23, 22, 35, 0, 4, 15, 16, 20, 18, 19, 17, 14, 33, 34, 13, 12, 31, 32, 11, 
30, 29, 27, 28, 1, 2, 3, 36, 37, 39, 38, 41, 40, 42, 26, 25, 24, 21, 23, 22, 35, 0, 4, 15, 16, 20, 18, 19, 17, 14, 33, 34, 13, 12, 31, 32, 11, 10, 9, 8, 6, 7, 5, 
6, 30, 29, 27, 28, 1, 2, 3, 36, 37, 39, 38, 41, 40, 42, 26, 25, 24, 21, 23, 22, 35, 0, 4, 15, 16, 20, 19, 18, 17, 14, 34, 33, 13, 12, 10, 31, 32, 11, 9, 8, 5, 7, 
36, 37, 39, 38, 41, 40, 42, 26, 25, 24, 21, 23, 22, 35, 0, 4, 15, 16, 20, 18, 19, 17, 14, 33, 34, 13, 12, 31, 32, 11, 10, 9, 8, 6, 7, 5, 30, 29, 27, 28, 1, 2, 3, 
28, 1, 2, 3, 36, 37, 39, 38, 41, 40, 42, 26, 25, 24, 21, 23, 22, 35, 0, 4, 15, 16, 20, 18, 19, 17, 14, 34, 33, 13, 12, 10, 31, 32, 11, 9, 8, 5, 7, 6, 30, 29, 27, 
10, 9, 8, 6, 7, 5, 30, 29, 27, 28, 1, 2, 3, 36, 37, 39, 38, 41, 40, 42, 26, 25, 24, 21, 23, 22, 35, 0, 4, 15, 16, 20, 18, 19, 17, 14, 33, 34, 13, 12, 31, 11, 32, 
28, 1, 2, 3, 36, 37, 39, 38, 41, 40, 42, 26, 25, 24, 21, 23, 22, 35, 0, 4, 15, 16, 20, 18, 19, 17, 14, 33, 34, 13, 12, 11, 9, 8, 6, 7, 5, 10, 31, 32, 30, 29, 27, 
21, 23, 22, 35, 0, 4, 15, 16, 20, 18, 19, 17, 14, 33, 34, 13, 12, 8, 6, 7, 5, 30, 32, 11, 10, 9, 31, 29, 27, 28, 1, 2, 3, 36, 37, 39, 38, 41, 40, 42, 26, 25, 24, 
11, 32, 31, 10, 9, 8, 5, 7, 6, 30, 29, 27, 3, 1, 2, 28, 36, 37, 39, 38, 41, 40, 42, 26, 25, 24, 21, 23, 22, 35, 0, 4, 15, 16, 20, 18, 19, 17, 14, 33, 34, 13, 12, 
21, 24, 25, 26, 42, 40, 41, 38, 39, 37, 36, 3, 2, 1, 28, 27, 29, 30, 5, 7, 6, 8, 9, 10, 11, 32, 31, 12, 13, 34, 33, 14, 17, 19, 18, 20, 16, 15, 4, 0, 35, 22, 23, 
14, 17, 19, 18, 20, 16, 15, 4, 0, 35, 22, 23, 21, 24, 25, 26, 42, 40, 41, 38, 39, 37, 36, 3, 2, 1, 28, 27, 29, 30, 6, 7, 5, 11, 9, 10, 31, 32, 8, 12, 13, 34, 33, 
1, 2, 3, 36, 37, 39, 38, 41, 40, 42, 26, 25, 24, 21, 23, 22, 35, 0, 4, 15, 16, 20, 18, 19, 17, 14, 34, 33, 13, 12, 31, 32, 11, 10, 9, 8, 5, 7, 6, 27, 28, 29, 30, 
13, 34, 33, 14, 17, 19, 18, 20, 16, 15, 4, 0, 35, 22, 23, 21, 24, 25, 26, 42, 40, 41, 38, 39, 37, 36, 3, 2, 1, 28, 27, 29, 30, 5, 7, 6, 8, 9, 10, 11, 32, 31, 12, 
13, 34, 33, 14, 17, 19, 18, 20, 16, 15, 4, 0, 35, 22, 23, 21, 24, 25, 26, 42, 40, 41, 38, 39, 37, 36, 3, 2, 1, 28, 27, 29, 30, 6, 7, 5, 8, 9, 10, 11, 32, 31, 12, 
10, 11, 32, 31, 12, 13, 34, 33, 14, 17, 19, 18, 20, 16, 15, 4, 0, 35, 22, 23, 21, 24, 25, 26, 42, 40, 41, 38, 39, 37, 36, 2, 3, 1, 28, 27, 29, 30, 5, 7, 6, 8, 9, 
41, 38, 39, 37, 36, 3, 2, 1, 28, 27, 29, 30, 6, 7, 5, 8, 9, 11, 32, 31, 10, 12, 13, 34, 33, 14, 17, 19, 18, 20, 16, 15, 4, 0, 35, 22, 23, 21, 24, 25, 26, 42, 40, 
4, 0, 35, 22, 23, 21, 24, 25, 26, 42, 40, 41, 38, 39, 37, 36, 3, 2, 1, 28, 27, 29, 30, 6, 8, 9, 11, 32, 31, 10, 5, 7, 15, 16, 20, 18, 19, 17, 14, 34, 33, 13, 12, 
12, 13, 34, 33, 14, 17, 19, 18, 20, 16, 15, 4, 0, 35, 22, 23, 21, 24, 25, 26, 42, 40, 41, 38, 39, 37, 36, 3, 2, 1, 28, 27, 29, 30, 5, 7, 6, 8, 9, 11, 10, 32, 31, 
27, 28, 1, 2, 3, 36, 37, 39, 38, 41, 40, 42, 26, 25, 24, 21, 23, 22, 35, 0, 4, 15, 16, 20, 18, 19, 17, 14, 34, 32, 31, 10, 11, 9, 8, 5, 7, 6, 33, 13, 12, 29, 30, 
36, 3, 2, 1, 28, 27, 29, 30, 5, 7, 6, 8, 9, 10, 31, 32, 11, 12, 13, 34, 33, 14, 17, 19, 18, 20, 16, 15, 4, 0, 35, 22, 23, 21, 24, 25, 26, 42, 40, 41, 38, 39, 37, 
18, 20, 16, 15, 4, 0, 35, 22, 23, 21, 24, 25, 26, 42, 40, 41, 38, 39, 37, 36, 3, 2, 1, 28, 27, 29, 30, 5, 7, 6, 8, 9, 11, 10, 32, 31, 12, 13, 34, 33, 14, 17, 19, 
24, 21, 23, 22, 35, 0, 4, 15, 16, 20, 18, 19, 17, 14, 33, 34, 31, 12, 13, 32, 11, 10, 9, 8, 6, 7, 5, 30, 29, 27, 28, 1, 2, 3, 36, 37, 39, 38, 41, 40, 42, 26, 25, 
4, 0, 35, 22, 23, 21, 24, 25, 26, 42, 40, 41, 38, 39, 37, 36, 3, 2, 1, 28, 27, 29, 30, 5, 7, 6, 8, 9, 11, 12, 13, 34, 33, 14, 17, 19, 18, 20, 16, 15, 32, 31, 10, 
21, 24, 25, 26, 42, 40, 41, 38, 39, 37, 36, 3, 2, 1, 28, 27, 29, 30, 6, 12, 5, 8, 9, 10, 11, 32, 31, 7, 13, 34, 33, 14, 17, 19, 18, 20, 16, 15, 4, 0, 35, 22, 23, 
36, 37, 39, 38, 41, 40, 42, 26, 25, 24, 21, 23, 22, 35, 0, 4, 15, 16, 20, 18, 19, 17, 14, 33, 34, 32, 31, 10, 11, 9, 8, 6, 7, 5, 30, 29, 27, 28, 1, 2, 3, 12, 13, 
14, 17, 19, 18, 20, 16, 15, 4, 0, 35, 22, 23, 21, 24, 25, 26, 42, 40, 41, 38, 39, 37, 36, 3, 2, 1, 28, 27, 29, 30, 5, 8, 9, 11, 32, 31, 10, 12, 13, 34, 33, 7, 6, 
37, 36, 3, 2, 1, 28, 27, 29, 30, 6, 8, 9, 10, 31, 32, 11, 12, 13, 34, 33, 14, 17, 19, 18, 20, 16, 15, 4, 0, 35, 22, 23, 21, 24, 25, 26, 42, 40, 41, 38, 39, 7, 5, 
17, 19, 18, 20, 16, 15, 4, 0, 35, 22, 23, 21, 24, 25, 26, 42, 40, 41, 38, 39, 37, 36, 3, 2, 1, 28, 27, 29, 30, 6, 11, 32, 31, 10, 12, 13, 33, 34, 14, 5, 8, 9, 7, 
22, 35, 0, 4, 15, 20, 16, 18, 19, 17, 14, 33, 34, 13, 12, 31, 11, 32, 10, 9, 8, 6, 7, 5, 30, 29, 27, 28, 1, 2, 3, 36, 37, 39, 38, 41, 40, 42, 26, 25, 24, 21, 23, 
6, 30, 29, 27, 28, 1, 2, 3, 8, 37, 39, 38, 41, 40, 42, 26, 25, 24, 21, 23, 22, 35, 0, 4, 15, 16, 20, 18, 19, 17, 14, 34, 33, 13, 12, 10, 31, 32, 11, 9, 36, 5, 7, 
28, 27, 29, 30, 5, 7, 6, 11, 32, 31, 10, 12, 13, 34, 33, 14, 17, 19, 18, 20, 16, 15, 4, 0, 35, 22, 23, 21, 24, 25, 26, 42, 40, 41, 38, 39, 37, 36, 3, 2, 1, 9, 8, 
37, 36, 3, 2, 1, 28, 27, 29, 30, 5, 7, 6, 8, 12, 13, 34, 33, 14, 17, 19, 18, 20, 16, 15, 4, 0, 35, 22, 23, 21, 24, 25, 26, 42, 40, 41, 38, 39, 11, 32, 31, 9, 10, 
13, 29, 27, 28, 1, 2, 3, 36, 37, 39, 38, 41, 40, 42, 26, 25, 24, 21, 23, 22, 35, 0, 4, 15, 16, 20, 18, 19, 17, 14, 34, 33, 30, 12, 10, 31, 32, 11, 6, 7, 5, 8, 9, 
1, 2, 3, 36, 37, 39, 38, 41, 40, 42, 26, 25, 23, 21, 24, 22, 35, 0, 4, 15, 16, 20, 18, 19, 17, 14, 33, 34, 13, 12, 10, 9, 8, 6, 7, 5, 30, 29, 27, 28, 31, 32, 11, 
36, 3, 2, 1, 28, 27, 29, 30, 5, 7, 6, 8, 9, 11, 12, 13, 34, 33, 14, 17, 19, 18, 20, 16, 15, 4, 0, 35, 22, 23, 21, 24, 25, 26, 42, 40, 41, 38, 39, 37, 10, 31, 32, 
15, 4, 0, 35, 22, 23, 21, 24, 25, 26, 42, 40, 41, 38, 39, 37, 36, 3, 2, 1, 28, 27, 29, 5, 6, 8, 9, 10, 11, 32, 31, 12, 13, 34, 33, 14, 17, 19, 18, 20, 16, 30, 7, 
20, 18, 19, 17, 14, 33, 34, 13, 12, 31, 32, 11, 10, 9, 8, 6, 7, 5, 28, 1, 2, 3, 36, 37, 39, 38, 41, 40, 42, 26, 25, 24, 21, 23, 22, 35, 0, 4, 15, 16, 29, 27, 30, 
19, 18, 20, 16, 15, 4, 0, 35, 22, 23, 21, 24, 25, 26, 42, 40, 41, 38, 39, 37, 36, 3, 2, 1, 28, 27, 29, 30, 6, 8, 9, 11, 12, 13, 34, 33, 14, 17, 7, 5, 32, 31, 10, 
7, 5, 30, 29, 27, 28, 32, 2, 3, 36, 37, 39, 38, 41, 40, 42, 26, 25, 24, 21, 23, 22, 35, 0, 4, 15, 16, 20, 18, 19, 17, 14, 33, 34, 13, 12, 11, 1, 31, 10, 9, 8, 6, 
7, 5, 30, 29, 27, 28, 1, 32, 3, 36, 37, 39, 38, 41, 40, 42, 26, 25, 24, 21, 23, 22, 35, 0, 4, 15, 16, 20, 18, 19, 17, 14, 33, 34, 13, 12, 11, 2, 31, 10, 9, 8, 6, 
5, 8, 9, 10, 11, 32, 30, 6, 7, 26, 42, 40, 41, 38, 39, 37, 36, 3, 2, 1, 28, 27, 29, 25, 24, 21, 23, 22, 35, 0, 4, 15, 16, 20, 18, 19, 17, 14, 34, 33, 13, 12, 31, 
24, 21, 23, 22, 35, 0, 4, 15, 16, 20, 18, 19, 17, 14, 33, 34, 13, 12, 11, 9, 8, 5, 7, 6, 30, 29, 27, 28, 1, 2, 3, 36, 37, 39, 38, 41, 40, 42, 26, 25, 32, 31, 10, 
26, 42, 40, 41, 38, 39, 37, 36, 3, 2, 1, 28, 27, 29, 30, 6, 8, 9, 10, 31, 32, 11, 12, 13, 34, 33, 14, 17, 19, 18, 20, 16, 15, 4, 0, 35, 22, 23, 21, 24, 25, 7, 5, 
20, 16, 15, 4, 0, 35, 22, 23, 21, 24, 25, 26, 42, 40, 41, 38, 39, 37, 36, 3, 2, 1, 28, 27, 29, 30, 5, 7, 6, 8, 9, 13, 11, 32, 31, 12, 10, 34, 33, 14, 17, 19, 18, 
12, 31, 32, 11, 10, 9, 8, 6, 7, 5, 30, 29, 27, 28, 33, 2, 3, 36, 37, 39, 38, 41, 40, 42, 26, 25, 24, 21, 23, 22, 35, 0, 4, 15, 16, 20, 18, 19, 17, 14, 1, 34, 13, 
10, 11, 32, 31, 12, 13, 34, 33, 14, 17, 19, 18, 20, 16, 1, 4, 0, 35, 22, 23, 21, 24, 25, 26, 42, 40, 41, 38, 39, 37, 36, 3, 2, 15, 28, 27, 29, 30, 5, 7, 6, 8, 9, 
12, 31, 37, 11, 10, 9, 8, 6, 7, 5, 30, 29, 27, 28, 1, 2, 3, 36, 32, 39, 38, 41, 40, 42, 26, 25, 24, 21, 23, 22, 35, 0, 4, 15, 16, 20, 18, 19, 17, 14, 33, 34, 13, 
25, 24, 21, 23, 22, 35, 0, 4, 15, 16, 20, 18, 19, 17, 14, 33, 34, 13, 12, 8, 6, 7, 5, 11, 10, 9, 32, 31, 39, 38, 41, 40, 42, 26, 37, 36, 3, 2, 1, 28, 27, 29, 30, 
2, 1, 15, 27, 29, 30, 5, 7, 6, 8, 9, 11, 32, 31, 10, 12, 13, 34, 33, 14, 17, 19, 18, 20, 16, 28, 4, 0, 35, 22, 23, 21, 24, 25, 26, 42, 40, 41, 38, 39, 37, 36, 3, 
29, 27, 28, 1, 2, 3, 36, 37, 26, 38, 41, 40, 42, 39, 25, 24, 21, 23, 22, 35, 0, 4, 15, 16, 20, 18, 19, 17, 14, 34, 33, 13, 12, 11, 32, 31, 10, 9, 8, 6, 7, 5, 30, 
26, 42, 40, 41, 38, 39, 37, 36, 3, 2, 1, 28, 27, 29, 30, 5, 7, 6, 8, 9, 11, 12, 13, 34, 33, 14, 17, 19, 18, 20, 16, 15, 4, 0, 35, 22, 23, 21, 24, 25, 32, 31, 10, 
11, 32, 31, 10, 9, 8, 5, 7, 6, 30, 29, 27, 28, 1, 2, 3, 36, 34, 39, 38, 41, 40, 42, 26, 25, 24, 21, 23, 22, 35, 0, 4, 15, 16, 20, 18, 19, 17, 14, 33, 37, 13, 12, 
25, 26, 42, 40, 41, 38, 39, 37, 36, 3, 2, 1, 28, 27, 29, 30, 5, 7, 6, 11, 32, 31, 10, 12, 13, 34, 33, 14, 17, 19, 18, 20, 16, 15, 4, 0, 35, 22, 23, 21, 24, 8, 9, 
24, 25, 26, 42, 40, 41, 38, 39, 37, 36, 3, 2, 1, 28, 27, 29, 30, 5, 8, 9, 11, 32, 31, 10, 12, 13, 33, 34, 14, 17, 19, 18, 20, 16, 15, 4, 0, 35, 22, 23, 21, 6, 7, 
6, 30, 29, 27, 28, 1, 2, 3, 36, 21, 39, 38, 41, 40, 42, 26, 25, 24, 37, 23, 22, 35, 0, 4, 15, 16, 20, 18, 19, 17, 14, 34, 33, 13, 12, 10, 31, 32, 11, 9, 8, 5, 7, 
6, 30, 29, 27, 28, 1, 2, 3, 36, 37, 39, 38, 41, 40, 42, 26, 7, 24, 21, 23, 22, 35, 0, 4, 15, 16, 20, 18, 19, 17, 14, 34, 33, 13, 12, 10, 31, 32, 11, 9, 8, 5, 25, 
7, 5, 19, 29, 27, 28, 1, 2, 3, 36, 37, 39, 38, 41, 40, 42, 26, 25, 24, 21, 23, 22, 35, 0, 4, 15, 16, 20, 18, 30, 17, 14, 33, 34, 13, 12, 11, 32, 31, 10, 9, 8, 6, 
38, 39, 37, 36, 25, 2, 1, 28, 27, 29, 30, 5, 7, 6, 8, 9, 10, 11, 32, 31, 12, 13, 34, 33, 14, 17, 19, 18, 20, 16, 15, 4, 0, 35, 22, 23, 21, 24, 3, 26, 42, 40, 41, 
12, 31, 32, 11, 10, 18, 8, 6, 7, 5, 30, 29, 27, 28, 1, 2, 3, 36, 37, 39, 38, 41, 40, 42, 26, 25, 24, 21, 23, 22, 35, 0, 4, 15, 16, 20, 9, 19, 17, 14, 33, 34, 13, 
29, 30, 6, 7, 5, 8, 9, 10, 11, 32, 31, 12, 13, 34, 14, 17, 19, 18, 16, 20, 15, 4, 0, 35, 22, 23, 21, 24, 25, 39, 42, 40, 41, 38, 26, 37, 36, 3, 2, 1, 28, 27, 33, 
13, 12, 31, 32, 11, 10, 9, 8, 5, 4, 6, 30, 29, 27, 28, 1, 2, 3, 36, 37, 26, 38, 41, 40, 42, 39, 25, 24, 21, 23, 22, 35, 0, 7, 15, 16, 20, 18, 19, 17, 14, 34, 33, 
23, 21, 24, 25, 26, 42, 40, 41, 38, 39, 37, 36, 3, 2, 1, 28, 27, 29, 30, 6, 12, 13, 33, 34, 14, 17, 19, 18, 20, 16, 15, 4, 0, 35, 22, 9, 11, 32, 31, 10, 7, 5, 8, 
1, 2, 3, 36, 37, 39, 38, 41, 40, 42, 26, 25, 24, 21, 23, 22, 35, 0, 12, 15, 16, 20, 18, 19, 17, 14, 33, 34, 13, 4, 10, 9, 8, 6, 7, 5, 30, 29, 27, 28, 31, 32, 11, 
27, 28, 1, 2, 3, 36, 37, 39, 38, 41, 40, 42, 20, 25, 24, 21, 23, 22, 35, 0, 4, 15, 16, 26, 18, 19, 17, 14, 33, 34, 13, 12, 31, 32, 11, 10, 9, 8, 6, 30, 29, 7, 5, 
23, 21, 24, 25, 26, 42, 40, 41, 38, 39, 37, 36, 3, 2, 1, 28, 27, 29, 30, 6, 8, 9, 11, 32, 31, 10, 5, 7, 17, 19, 18, 20, 16, 15, 4, 0, 35, 22, 12, 13, 33, 34, 14, 
13, 34, 33, 14, 17, 19, 18, 20, 16, 15, 4, 0, 8, 22, 23, 21, 24, 25, 26, 42, 40, 41, 38, 39, 37, 36, 3, 2, 1, 28, 27, 29, 30, 5, 7, 6, 35, 9, 10, 11, 32, 31, 12, 
30, 29, 7, 28, 1, 2, 3, 36, 37, 39, 38, 41, 40, 42, 26, 25, 5, 0, 23, 22, 35, 21, 4, 15, 16, 20, 18, 19, 17, 14, 33, 34, 13, 12, 11, 9, 8, 6, 27, 24, 10, 31, 32, 
29, 27, 28, 1, 2, 3, 36, 37, 39, 38, 41, 40, 42, 26, 25, 24, 21, 23, 22, 9, 0, 4, 15, 16, 20, 18, 19, 17, 14, 33, 34, 13, 12, 8, 6, 7, 5, 30, 32, 11, 10, 35, 31, 
6, 30, 29, 27, 28, 1, 2, 3, 36, 37, 39, 38, 41, 40, 42, 26, 25, 24, 21, 23, 22, 35, 10, 4, 15, 16, 20, 18, 19, 17, 14, 34, 33, 13, 12, 0, 31, 32, 11, 9, 8, 5, 7, 
30, 29, 27, 28, 1, 2, 3, 36, 37, 39, 38, 41, 40, 42, 26, 25, 24, 4, 23, 22, 35, 0, 21, 15, 16, 20, 18, 19, 17, 14, 34, 33, 13, 12, 10, 31, 32, 11, 6, 7, 5, 8, 9, 
6, 30, 29, 27, 28, 1, 2, 3, 36, 37, 39, 38, 41, 40, 42, 26, 25, 24, 21, 23, 11, 35, 0, 4, 15, 16, 20, 18, 19, 17, 14, 34, 33, 13, 12, 10, 31, 32, 22, 9, 8, 5, 7, 
10, 11, 32, 31, 12, 13, 34, 33, 14, 24, 19, 18, 20, 16, 15, 4, 0, 35, 22, 23, 21, 17, 25, 26, 42, 40, 41, 38, 39, 37, 36, 3, 2, 1, 28, 27, 29, 30, 5, 7, 6, 8, 9, 
7, 5, 30, 29, 27, 28, 1, 2, 19, 36, 37, 39, 38, 41, 40, 42, 26, 25, 24, 21, 23, 22, 35, 0, 4, 15, 16, 20, 18, 3, 17, 14, 33, 34, 13, 12, 11, 32, 31, 10, 9, 8, 6, 
23, 29, 27, 28, 1, 2, 3, 36, 37, 39, 38, 41, 40, 42, 26, 25, 24, 21, 30, 22, 35, 0, 4, 19, 16, 20, 18, 15, 17, 31, 33, 34, 13, 12, 11, 9, 8, 6, 7, 5, 10, 14, 32, 
17, 19, 25, 20, 16, 15, 4, 0, 35, 22, 23, 21, 24, 18, 26, 42, 40, 41, 38, 39, 37, 36, 3, 2, 1, 28, 27, 29, 30, 6, 7, 5, 8, 9, 11, 32, 31, 10, 12, 13, 34, 33, 14, 
26, 42, 40, 41, 38, 39, 18, 36, 3, 2, 1, 28, 27, 29, 30, 5, 7, 6, 8, 9, 10, 31, 32, 11, 12, 13, 34, 33, 14, 17, 19, 37, 20, 16, 15, 4, 0, 35, 22, 23, 21, 24, 25, 
28, 27, 29, 30, 5, 7, 6, 0, 9, 10, 11, 32, 31, 12, 15, 4, 8, 35, 22, 23, 21, 24, 25, 20, 42, 40, 41, 38, 39, 37, 36, 3, 2, 1, 18, 26, 16, 33, 14, 17, 19, 13, 34, 
38, 39, 37, 36, 3, 2, 1, 28, 27, 29, 30, 6, 8, 9, 11, 32, 31, 10, 5, 7, 4, 0, 35, 22, 23, 21, 24, 25, 26, 42, 40, 41, 14, 17, 19, 18, 20, 16, 15, 33, 34, 13, 12, 
38, 39, 37, 36, 3, 2, 1, 28, 27, 29, 30, 6, 7, 5, 8, 9, 11, 12, 13, 34, 33, 14, 17, 19, 18, 20, 16, 15, 4, 0, 35, 22, 23, 21, 24, 25, 26, 42, 40, 41, 10, 31, 32, 
6, 39, 29, 27, 28, 1, 2, 3, 36, 37, 30, 38, 41, 40, 42, 26, 25, 24, 21, 23, 22, 35, 0, 4, 15, 16, 20, 18, 19, 17, 14, 34, 33, 13, 12, 10, 31, 32, 11, 9, 8, 5, 7, 
40, 41, 38, 39, 37, 36, 3, 2, 1, 28, 27, 29, 30, 5, 7, 6, 8, 9, 11, 12, 13, 34, 33, 14, 17, 19, 18, 20, 16, 15, 4, 0, 35, 22, 23, 21, 24, 25, 26, 42, 10, 31, 32, 
41, 38, 39, 37, 36, 3, 2, 1, 28, 27, 29, 30, 5, 7, 6, 8, 9, 11, 12, 13, 34, 33, 14, 17, 19, 18, 20, 16, 15, 4, 0, 35, 22, 23, 21, 24, 25, 26, 42, 40, 32, 31, 10, 
42, 26, 25, 24, 21, 23, 22, 35, 0, 4, 15, 16, 20, 18, 19, 17, 14, 34, 33, 13, 12, 10, 31, 32, 11, 9, 8, 5, 7, 6, 39, 38, 41, 40, 28, 1, 2, 3, 36, 37, 27, 29, 30, 
14, 17, 19, 18, 20, 16, 15, 4, 0, 35, 22, 23, 21, 24, 25, 26, 42, 40, 41, 38, 1, 37, 36, 3, 2, 39, 28, 27, 29, 30, 5, 8, 9, 11, 32, 31, 10, 12, 13, 33, 34, 7, 6, 
12, 31, 32, 11, 10, 9, 8, 6, 7, 5, 30, 29, 27, 28, 1, 2, 3, 36, 40, 39, 38, 41, 37, 42, 26, 25, 24, 21, 23, 22, 35, 0, 4, 15, 16, 20, 18, 19, 17, 14, 33, 34, 13, 
40, 41, 38, 39, 37, 36, 3, 2, 1, 28, 27, 29, 30, 5, 8, 9, 11, 32, 31, 10, 12, 13, 34, 33, 14, 42, 19, 18, 20, 16, 15, 4, 0, 35, 22, 23, 21, 24, 25, 26, 17, 7, 6, 
10, 11, 32, 31, 12, 13, 39, 33, 14, 17, 19, 18, 20, 16, 15, 4, 0, 35, 22, 23, 21, 24, 25, 26, 42, 40, 41, 38, 34, 37, 36, 3, 2, 1, 28, 27, 29, 30, 5, 7, 6, 8, 9, 
38, 26, 37, 36, 3, 2, 1, 28, 27, 29, 30, 6, 11, 32, 31, 10, 12, 13, 33, 34, 14, 17, 19, 18, 20, 16, 15, 4, 0, 35, 22, 23, 21, 24, 25, 39, 42, 40, 41, 9, 8, 5, 7, 
10, 31, 32, 11, 9, 8, 6, 7, 5, 30, 29, 27, 28, 1, 2, 3, 36, 37, 23, 38, 41, 40, 42, 26, 25, 24, 21, 39, 22, 35, 0, 4, 15, 16, 20, 18, 19, 17, 14, 33, 34, 13, 12, 
Tiempo de ejecucion (total): 19.44
Best fitness a lo largo del tiempo: 
17143, 11754, 11749, 11633, 6357, 6357, 6337, 6211, 6179, 6171, 6083, 6075, 6068, 6031, 6001, 5984, 5967, 5967, 5961, 5937, 5918, 5904, 5887, 5887, 5858, 5858, 5828, 5806, 5806, 5792, 5792, 5777, 5759, 5759, 5759, 5755, 5753, 5753, 5753, 5753, 5753, 5753, 5745, 5745, 5745, 5743, 5735, 5735, 5727, 5727, 5727, 5727, 5698, 5698, 5698, 5698, 5698, 5698, 5698, 5690, 5690, 5687, 5687, 5687, 5684, 5684, 5684, 5682, 5682, 5682, 5682, 5682, 5678, 5678, 5678, 5678, 5678, 5678, 5674, 5674, 5674, 5674, 5668, 5668, 5668, 5668, 5668, 5668, 5668, 5668, 5656, 5656, 5656, 5656, 5656, 5654, 5654, 5654, 5654, 5654, 5654, 5654, 5654, 5654, 5654, 5644, 5644, 5644, 5644, 5644, 5644, 5644, 5644, 5644, 5644, 5644, 5644, 5644, 5644, 5644, 5644, 5644, 5644, 5644, 5644, 5644, 5644, 5644, 5644, 5644, 5644, 5644, 5644, 5644, 5644, 5644, 5644, 5644, 5644, 5644, 5644, 5644, 5644, 5644, 5644, 5644, 5644, 5644, 5644, 5644, 5644, 5644, 5644, 5644, 5644, 5644, 5644, 5644, 5644, 5644, 5644, 5644, 5644, 5644, 5644, 5644, 5644, 5644, 5644, 5644, 5644, 5644, 5644, 5644, 5644, 5644, 5644, 5644, 5644, 5644, 5644, 5644, 5644, 5644, 5644, 5644, 5644, 5644, 5644, 5644, 5644, 5644, 5644, 5644, 5644, 5644, 5644, 5644, 5644, 5644, 5644, 5644, 5644, 5644, 5644, 5644, 5644, 5644, 5644, 5644, 5644, 5644, 5644, 5644, 5644, 5644, 5644, 5644, 5644, 5644, 5644, 5644, 5644, 5644, 5644, 5644, 5644, 5644, 5644, 5644, 5644, 5644, 5644, 5644, 5644, 5644, 5644, 5644, 5640, 5640, 5640, 5640, 5640, 5640, 5640, 5640, 5640, 5640, 5640, 5640, 5640, 5640, 5640, 5640, 5640, 5640, 5640, 5640, 5640, 5640, 5640, 5640, 5640, 5640, 5640, 5640, 5640, 5640, 5640, 5640, 5640, 5640, 5640, 5640, 5640, 5640, 5640, 5640, 5640, 5640, 5640, 5640, 5640, 5640, 5640, 5640, 5640, 5640, 5640, 5640, 5640, 5640, 5640, 5640, 5640, 5640, 5640, 5640, 5640, 5640, 5640, 5640, 5640, 5640, 5640, 5640, 5640, 5640, 5640, 5640, 5640, 5640, 5640, 5640, 5640, 5640, 5640, 5640, 5640, 5640, 5640, 5640, 5640, 5640, 5640, 5640, 5640, 5640, 5640, 5640, 5640, 5640, 5640, 5640, 5640, 5640, 5640, 5640, 5640, 5640, 5640, 5640, 5640, 5640, 5640, 5640, 5640, 5640, 5640, 5640, 5640, 5640, 5640, 5640, 5640, 5640, 5640, 5640, 5640, 5640, 5640, 5640, 5640, 5640, 5640, 5640, 5640, 5640, 5640, 5640, 5640, 5640, 5640, 5640, 5640, 5640, 5640, 5640, 5640, 5640, 5640, 5640, 5640, 5640, 5640, 5640, 5640, 5640, 5640, 5640, 5640, 5640, 5640, 5640, 5640, 5640, 5640, 5640, 5640, 5640, 5640, 5640, 5640, 5640, 5640, 5640, 5640, 5640, 5640, 5640, 5640, 5640, 5640, 5640, 5640, 5640, 5640, 5640, 5640, 5640, 5640, 5640, 5640, 5640, 5640, 5640, 5640, 5640, 5640, 5640, 5640, 5640, 5640, 5640, 5640, 5640, 5640, 5640, 5640, 5640, 5640, 5640, 5640, 5640, 5640, 5640, 5640, 5640, 5640, 5640, 5640, 5640, 5640, 5640, 5640, 5640, 5640, 5640, 5640, 5640, 5640, 5640, 5640, 5640, 5640, 5640, 5640, 5640, 5640, 5640, 5640, 5640, 5640, 5640, 5640, 5640, 5640, 5640, 5640, 5640, 5640, 5640, 5640, 5640, 5640, 5640, 5640, 5640, 5640, 5640, 5640, 5640, 5640, 5640, 5640, 5640, 5640, 5640, 5640, 5640, 5640, 5640, 5640, 5640, 5640, 5640, 5640, 5640, 5640, 5640, 5640, 5640, 5640, 5640, 5640, 5640, 5640, 5640, 5640, 5640, 5640, 5640, 5640, 5640, 5640, 5640, 5640, 5640, 5640, 5640, 5640, 5640, 5640, 5640, 5640, 5640, 5640, 5640, 5640, 5640, 5640, 5640, 5640, 5640, 5640, 5640, 5640, 5640, 5640, 5640, 5640, 5640, 5640, 5640, 5640, 5640, 5640, 5640, 5640, 5640, 5640, 5640, 5640, 5640, 5640, 5640, 5640, 5640, 5640, 5640, 5640, 5640, 5640, 5640, 5640, 5640, 5640, 5640, 5640, 5640, 5640, 5640, 5640, 5640, 5640, 5640, 5640, 5640, 5640, 5640, 5640, 5640, 5640, 5640, 5640, 5640, 5640, 5640, 5640, 5640, 5640, 5640, 5640, 5640, 5640, 5640, 5640, 5640, 5640, 5640, 5640, 5640, 5640, 5640, 5640, 5640, 5640, 5640, 5640, 5640, 5640, 5640, 5640, 5640, 5640, 5640, 5640, 5640, 5640, 5640, 5640, 5640, 5640, 5640, 5640, 5640, 5640, 5640, 5640, 5640, 5640, 5640, 5640, 5640, 5640, 5640, 5640, 5640, 5640, 5640, 5640, 5640, 5640, 5640, 5640, 5640, 5640, 5640, 5640, 5640, 5640, 5640, 5640, 5640, 5640, 5640, 5640, 5640, 5640, 5640, 5640, 5640, 5640, 5640, 5640, 5640, 5640, 5640, 5640, 5640, 5640, 5640, 5640, 5640, 5640, 5640, 5640, 5640, 5640, 5640, 5640, 5640, 5640, 5640, 5640, 5640, 5640, 5640, 5640, 5640, 5640, 5640, 5640, 5640, 5640, 5640, 5640, 5640, 5640, 5640, 5640, 5640, 5640, 5640, 5640, 5640, 5640, 5640, 5640, 5640, 5640, 5640, 5640, 5640, 5640, 5640, 5640, 5640, 5640, 5640, 5640, 5640, 5640, 5640, 5640, 5640, 5640, 5640, 5640, 5640, 5640, 5640, 5640, 5640, 5640, 5640, 5640, 5639, 5639, 5634, 5634, 5633, 5633, 5629, 5629, 5629, 5629, 5629, 5629, 5629, 5629, 5629, 5629, 5629, 5629, 5629, 5629, 5629, 5629, 5629, 5629, 5629, 5629, 5629, 5629, 5629, 5629, 5629, 5629, 5629, 5629, 5629, 5629, 5629, 5629, 5629, 5629, 5629, 5629, 5629, 5629, 5629, 5629, 5629, 5629, 5629, 5629, 5629, 5629, 5629, 5629, 5629, 5629, 5629, 5629, 5629, 5629, 5629, 5629, 5629, 5629, 5629, 5629, 5629, 5629, 5629, 5629, 5629, 5629, 5629, 5629, 5629, 5629, 5629, 5629, 5629, 5629, 5629, 5629, 5629, 5629, 5629, 5629, 5629, 5629, 5629, 5629, 5629, 5629, 5629, 5629, 5629, 5629, 5629, 5629, 5629, 5629, 5629, 5629, 5629, 5629, 5629, 5629, 5629, 5629, 5629, 5629, 5629, 5629, 5629, 5629, 5629, 5629, 5629, 5629, 5629, 5629, 5629, 5629, 5629, 5629, 5629, 5629, 5629, 5629, 5629, 5629, 5629, 5629, 5629, 5629, 5629, 5629, 5629, 5629, 5629, 5629, 5629, 5629, 5629, 5629, 5629, 5629, 5629, 5629, 5629, 5629, 5629, 5629, 5629, 5629, 5629, 5629, 5629, 5629, 5629, 5629, 5629, 5629, 5629, 5629, 5629, 5629, 5629, 5629, 5629, 5629, 5629, 5629, 5629, 5629, 5629, 5629, 5629, 5629, 5629, 5629, 5629, 5629, 5629, 5629, 5629, 5629, 5629, 5629, 5629, 5629, 5629, 5629, 5629, 5629, 5629, 5629, 5629, 5629, 5629, 5629, 5629, 5629, 5629, 5629, 5629, 5629, 5629, 5629, 5629, 5629, 5629, 5629, 5629, 5629, 5629, 5629, 5629, 5629, 5629, 5629, 5629, 5629, 5629, 5629, 5629, 5629, 5629, 5629, 5629, 5629, 5629, 5629, 5629, 5629, 5629, 5629, 5629, 5629, 5629, 5629, 5629, 5629, 5629, 5629, 5629, 5629, 5629, 5629, 5629, 5629, 5629, 5629, 5629, 5629, 5629, 5629, 5629, 5629, 5629, 5629, 5629, 5629, 5629, 5629, 5629, 5629, 5629, 5629, 5629, 5629, 5629, 5629, 5629, 5629, 5629, 5629, 5629, 5629, 5629, 5629, 5629, 5629, 5629, 5629, 5629, 5629, 5629, 5629, 5629, 5629, 5629, 5629, 5629, 5629, 5629, 5629, 5629, 5629, 5629, 5629, 5629, 5629, 5629, 5629, 5629, 5629, 5629, 5629, 5629, 5629, 5629, 5629, 5629, 5629, 5629, 5629, 5629, 5629, 5629, 5629, 5629, 5629, 5629, 5629, 5629, 5629, 5629, 5629, 5629, 5629, 5629, 5629, 5629, 5629, 5629, 5629, 5629, 5629, 5629, 5629, 5629, 5629, 5629, 5629, 5629, 5629, 5629, 5629, 5629, 5629, 5629, 5629, 5629, 5629, 5629, 5629, 5629, 5629, 5629, 5629, 5629, 5629, 5629, 5629, 5629, 5629, 5629, 5629, 5629, 5629, 5629, 5629, 5629, 5629, 5629, 5629, 5629, 5629, 5629, 5629, 5629, 5629, 5629, 5629, 5629, 5629, 5629, 5629, 5629, 5629, 5629, 5629, 5629, 5629, 5629, 5629, 5629, 5629, 5629, 5629, 5629, 5629, 5629, 5629, 5629, 5629, 5629, 5629, 5629, 5629, 5629, 5629, 5629, 5629, 5629, 5629, 5629, 5629, 5629, 5629, 5629, 5629, 5629, 5629, 5629, 5629, 5629, 5629, 5629, 5629, 5629, 5629, 5629, 5629, 5629, 5629, 5629, 5629, 5629, 5629, 5629, 5629, 5629, 5629, 5629, 5629, 5629, 5629, 5629, 5629, 5629, 5629, 5629, 5629, 5629, 5629, 5629, 5629, 5629, 5629, 5629, 5629, 5629, 5629, 5629, 5629, 5629, 5629, 5629, 5629, 5629, 5629, 5629, 5629, 5629, 5629, 5629, 5629, 5629, 5629, 5629, 5629, 5629, 5629, 5629, 5629, 5629, 5629, 5629, 5629, 5629, 5629, 5629, 5629, 5629, 5629, 5629, 5629, 5629, 5629, 5629, 5629, 5629, 5629, 5629, 5629, 5629, 5629, 5629, 5629, 5629, 5629, 5629, 5629, 5629, 5629, 5629, 5629, 5629, 5629, 5629, 5629, 5629, 5629, 5629, 5629, 5629, 5629, 5629, 5629, 5629, 5629, 5629, 5629, 5629, 5629, 5629, 5629, 5629, 5629, 5629, 5629, 5629, 5629, 5629, 5629, 5629, 5629, 5629, 5629, 5629, 5629, 5629, 5629, 5629, 5629, 5629, 5629, 5629, 5629, 5629, 5629, 5629, 5629, 5629, 5629, 5629, 5629, 5629, 5629, 5629, 5629, 5629, 5629, 5629, 5629, 5629, 5629, 5629, 5629, 5629, 5629, 5629, 5629, 5629, 5629, 5629, 5629, 5629, 5629, 5629, 5629, 5629, 5629, 5629, 5629, 5629, 5629, 5629, 5629, 5629, 5629, 5629, 5629, 5629, 5629, 5629, 5629, 5629, 5629, 5629, 5629, 5629, 5629, 5629, 5629, 5629, 5629, 5629, 5629, 5629, 5629, 5629, 5629, 5629, 5629, 5629, 5629, 5629, 5629, 5629, 5629, 5629, 5629, 5629, 5629, 5629, 5629, 5629, 5629, 5629, 5629, 5629, 5629, 5629, 5629, 5629, 5629, 5629, 5629, 5629, 5629, 5629, 5629, 5629, 5629, 5629, 5629, 5629, 5629, 5629, 5629, 5629, 5629, 5629, 5629, 5629, 5629, 5629, 5629, 5629, 5629, 5629, 5629, 5629, 5629, 5629, 5629, 5629, 5629, 5629, 5629, 5629, 5629, 5629, 5629, 5629, 5629, 5629, 5629, 5629, 5629, 5629, 5629, 5629, 5629, 5629, 5629, 5629, 5629, 5629, 5629, 5629, 5629, 5629, 5629, 5629, 5629, 5629, 5629, 5629, 5629, 5629, 5629, 5629, 5629, 5629, 5629, 5629, 5629, 5629, 5629, 5629, 5629, 5629, 5629, 5629, 5629, 5629, 5629, 5629, 5629, 5629, 5629, 5629, 5629, 5629, 5629, 5629, 5629, 5629, 5629, 5629, 5629, 5629, 5629, 5629, 5629, 5629, 5629, 5629, 5629, 5629, 5629, 5629, 5629, 5629, 5629, 5629, 5629, 5629, 5629, 5629, 5629, 5629, 5629, 5629, 5629, 5629, 5629, 5629, 5629, 5629, 5629, 5629, 5629, 5629, 5629, 5629, 5629, 5629, 5629, 5629, 5629, 5629, 5629, 5629, 5629, 5629, 5629, 5629, 5629, 5629, 5629, 5629, 5629, 5629, 5629, 5629, 5629, 5629, 5629, 5629, 5629, 5629, 5629, 5629, 5629, 5629, 5629, 5629, 5629, 5629, 5629, 5629, 5629, 5629, 5629, 5629, 5629, 5629, 5629, 5629, 5629, 5629, 5629, 5629, 5629, 5629, 5629, 5629, 5629, 5629, 5629, 5629, 5629, 5629, 5629, 5629, 5629, 5629, 5629, 5629, 5629, 5629, 5629, 5629, 5629, 5629, 5629, 5629, 5629, 5629, 5629, 5629, 5629, 5629, 5629, 5629, 5629, 5629, 5629, 5629, 5629, 5629, 5629, 5629, 5629, 5629, 5629, 5629, 5629, 5629, 5629, 5629, 5629, 5629, 5629, 5629, 5629, 5629, 5629, 5629, 5629, 5629, 5629, 5629, 5629, 5629, 5629, 5629, 5629, 5629, 5629, 5629, 5629, 5629, 5629, 5629, 5629, 5629, 5629, 5629, 5629, 5629, 5629, 5629, 5629, 5629, 5629, 5629, 5629, 5629, 5629, 5629, 5629, 5629, 5629, 5629, 5629, 5629, 5629, 5629, 5629, 5629, 5629, 5629, 5629, 5629, 5629, 5629, 5629, 5629, 5629, 5629, 5629, 5629, 5629, 5629, 5629, 5629, 5629, 5629, 5629, 5629, 5629, 5629, 5629, 5629, 5629, 5629, 5629, 5629, 5629, 5629, 5629, 5629, 5629, 5629, 5629, 5629, 5629, 5629, 5629, 5629, 5629, 5629, 5629, 5629, 5629, 5629, 5629, 5629, 5629, 5629, 5629, 5629, 5629, 5629, 5629, 5629, 5629, 5629, 5629, 5629, 5629, 5629, 5629, 5629, 5629, 5629, 5629, 5629, 5629, 5629, 5629, 5629, 5629, 5629, 5629, 5629, 5629, 5629, 5629, 5629, 5629, 5629, 5629, 5629, 5629, 5629, 5629, 5629, 5629, 5629, 5629, 5629, 5629, 5629, 5629, 5629, 5629, 5629, 5629, 5629, 5629, 5629, 5629, 5629, 5629, 5629, 5629, 5629, 5629, 5629, 5629, 5629, 5629, 5629, 5629, 5629, 5629, 5629, 5629, 5629, 5629, 5629, 5629, 5629, 5629, 5629, 5629, 5629, 5629, 5629, 5629, 5629, 5629, 5629, 5629, 5629, 5629, 5629, 5629, 5629, 5629, 5629, 5629, 5629, 5629, 5629, 5629, 5629, 5629, 5629, 5629, 5629, 5629, 5629, 5629, 5629, 5629, 5629, 5629, 5629, 5629, 5629, 5629, 5629, 5629, 5629, 5629, 5629, 5629, 5629, 5629, 5629, 5629, 5629, 5629, 5629, 5629, 5629, 5629, 5629, 5629, 5629, 5629, 5629, 5629, 5629, 5629, 5629, 5629, 5629, 5629, 5629, 5629, 5629, 5629, 5629, 5629, 5629, 5629, 5629, 5629, 5629, 5629, 5629, 5629, 5629, 5629, 5629, 5629, 5629, 5629, 5629, 5629, 5629, 5629, 5629, 5629, 5629, 5629, 5629, 5629, 5629, 5629, 5629, 5629, 5629, 5629, 5629, 5629, 5629, 5629, 5629, 5629, 5629, 5629, 5629, 5629, 5629, 5629, 5629, 5629, 5629, 5629, 5629, 5629, 5629, 5629, 5629, 5629, 5629, 5629, 5629, 5629, 5629, 5629, 5629, 5629, 5629, 5629, 5629, 5629, 5629, 5629, 5629, 5629, 5629, 5629, 5629, 5629, 5629, 5629, 5629, 5629, 5629, 5629, 5629, 5629, 5629, 5629, 5629, 5629, 5629, 5629, 5629, 5629, 5629, 5629, 5629, 5629, 5629, 5629, 5629, 5629, 5629, 5629, 5629, 5629, 5629, 5629, 5629, 5629, 5629, 5629, 5629, 5629, 5629, 5629, 5629, 5629, 5629, 5629, 5629, 5629, 5629, 5629, 5629, 5629, 5629, 5629, 5629, 5629, 5629, 5629, 5629, 5629, 5629, 5629, 5629, 5629, 5629, 5629, 5629, 5629, 5629, 5629, 5629, 5629, 5629, 5629, 5629, 5629, 5629, 5629, 5629, 5629, 5629, 5629, 5629, 5629, 5629, 5629, 5629, 5629, 5629, 5629, 5629, 5629, 5629, 5629, 5629, 5629, 5629, 5629, 5629, 5629, 5629, 5629, 5629, 5629, 5629, 5629, 5629, 5629, 5629, 5629, 5629, 5629, 5629, 5629, 5629, 5629, 5629, 5629, 5629, 5629, 5629, 5629, 5629, 5629, 5629, 5629, 5629, 5629, 5629, 5629, 5629, 5629, 5629, 5629, 5629, 5629, 5629, 5629, 5629, 5629, 5629, 5629, 5629, 5629, 5629, 5629, 5629, 5629, 5629, 5629, 5629, 5629, 5629, 5629, 5629, 5629, 5629, 5629, 5629, 5629, 5629, 5629, 5629, 5629, 5629, 5629, 5629, 5629, 5629, 5629, 5629, 5629, 5629, 5629, 5629, 5629, 5629, 5629, 5629, 5629, 5629, 5629, 5629, 5629, 5629, 5629, 5629, 5629, 5629, 5629, 5629, 5629, 5629, 5629, 5629, 5629, 5629, 5629, 5629, 5629, 5629, 5629, 5629, 5629, 5629, 5629, 5629, 5629, 5629, 5629, 5629, 5629, 5629, 5629, 5629, 5629, 5629, 5629, 5629, 5629, 5629, 5629, 5629, 5629, 5629, 5629, 5629, 5629, 5629, 5629, 5629, 5629, 5629, 5629, 5629, 5629, 5629, 5629, 5629, 5629, 5629, 5629, 5629, 5629, 5629, 5629, 5629, 5629, 5629, 5629, 5629, 5629, 5629, 5629, 5629, 5629, 5629, 5629, 5629, 5629, 5629, 5629, 5629, 5629, 5629, 5629, 5629, 5629, 5629, 5629, 5629, 5629, 5629, 5629, 5629, 5629, 5629, 5629, 5629, 5629, 5629, 5629, 5629, 5629, 5629, 5629, 5629, 5629, 5629, 5629, 5629, 5629, 5629, 5629, 5629, 5629, 5629, 5629, 5629, 5629, 5629, 5629, 5629, 5629, 5629, 5629, 5629, 5629, 5629, 5629, 5629, 5629, 5629, 5629, 5629, 5629, 5629, 5629, 5629, 5629, 5629, 5629, 5629, 5629, 5629, 5629, 5629, 5629, 5629, 5629, 5629, 5629, 5629, 5629, 5629, 5629, 5629, 5629, 5629, 5629, 5629, 5629, 5629, 5629, 5629, 5629, 5629, 5629, 5629, 5629, 5629, 5629, 5629, 5629, 5629, 5629, 5629, 5629, 5629, 5629, 5629, 5629, 5629, 5629, 5629, 5629, 5629, 5629, 5629, 5629, 5629, 5629, 5629, 5629, 5629, 5629, 5629, 5629, 5629, 5629, 5629, 5629, 5629, 5629, 5629, 5629, 5629, 5629, 5629, 5629, 5629, 5629, 5629, 5629, 5629, 5629, 5629, 5629, 5629, 5629, 5629, 5629, 5629, 5629, 5629, 5629, 5629, 5629, 5629, 5629, 5629, 5629, 5629, 5629, 5629, 5629, 5629, 5629, 5629, 5629, 5629, 5629, 5629, 5629, 5629, 5629, 5629, 5629, 5629, 5629, 5629, 5629, 5629, 5629, 5629, 5629, 5629, 5629, 5629, 5629, 5629, 5629, 5629, 5629, 5629, 5629, 5629, 5629, 5629, 5629, 5629, 5629, 5629, 5629, 5629, 5629, 5629, 5629, 5629, 5629, 5629, 5629, 5629, 5629, 5629, 5629, 5629, 5629, 5629, 5629, 5629, 5629, 5629, 5629, 5629, 5629, 5629, 5629, 5629, 5629, 5629, 5629, 5629, 5629, 5629, 5629, 5629, 5629, 5629, 5629, 5629, 5629, 5629, 5629, 5629, 5629, 5629, 5629, 5629, 5629, 5629, 5629, 5629, 5629, 5629, 5629, 5629, 5629, 5629, 5629, 5629, 5629, 5629, 5629, 5629, 5629, 5629, 5629, 5629, 5629, 5629, 5629, 5629, 5629, 5629, 5629, 5629, 5629, 5629, 5629, 5629, 5629, 5629, 5629, 5629, 5629, 5629, 5629, 5629, 5629, 5629, 5629, 5629, 5629, 5629, 5629, 5629, 5629, 5629, 5629, 5629, 5629, 5629, 5629, 5629, 5629, 5629, 5629, 5629, 5629, 5629, 5629, 5629, 5629, 5629, 5629, 5629, 5629, 5629, 5629, 5629, 5629, 5629, 5629, 5629, 5629, 5629, 5629, 5629, 5629, 5629, 5629, 5629, 5629, 5629, 5629, 5629, 5629, 5629, 5629, 5629, 5629, 5629, 5629, 5629, 5629, 5629, 5629, 5629, 5629, 5629, 5629, 5629, 5629, 5629, 5629, 5629, 5629, 5629, 5629, 5629, 5629, 5629, 5629, 5629, 5629, 5629, 5629, 5629, 5629, 5629, 5629, 5629, 5629, 5629, 5629, 5629, 5629, 5629, 5629, 5629, 5629, 5629, 5629, 5629, 5629, 5629, 5629, 5629, 5629, 5629, 5629, 5629, 5629, 5629, 5629, 5629, 5629, 5629, 5629, 5629, 5629, 5629, 5629, 5629, 5629, 5629, 5629, 5629, 5629, 5629, 5629, 5629, 5629, 5629, 5629, 5629, 5629, 5629, 5629, 5629, 5629, 5629, 5629, 5629, 5629, 5629, 5629, 5629, 5629, 5629, 5629, 5629, 5629, 5629, 5629, 5629, 5629, 5629, 5629, 5629, 5629, 5629, 5629, 5629, 5629, 5629, 5629, 5629, 5629, 5629, 5629, 5629, 5629, 5629, 5629, 5629, 5629, 5629, 5629, 5629, 5629, 5629, 5629, 5629, 5629, 5629, 5629, 5629, 5629, 5629, 5629, 5629, 5629, 5629, 5629, 5629, 5629, 5629, 5629, 5629, 5629, 5629, 5629, 5629, 5629, 5629, 5629, 5629, 5629, 5629, 5629, 5629, 5629, 5629, 5629, 5629, 5629, 5629, 5629, 5629, 5629, 5629, 5629, 5629, 5629, 5629, 5629, 5629, 5629, 5629, 5629, 5629, 5629, 5629, 5629, 5629, 5629, 5629, 5629, 5629, 5629, 5629, 5629, 5629, 5629, 5629, 5629, 5629, 5629, 5629, 5629, 5629, 5629, 5629, 5629, 5629, 5629, 5629, 5629, 5629, 5629, 5629, 5629, 5629, 5629, 5629, 5629, 5629, 5629, 5629, 5629, 5629, 5629, 5629, 5629, 5629, 5629, 5629, 5629, 5629, 5629, 5629, 5629, 5629, 5629, 5629, 5629, 5629, 5629, 5629, 5629, 5629, 5629, 5629, 5629, 5629, 5629, 5629, 5629, 5629, 5629, 5629, 5629, 5629, 5629, 5629, 5629, 5629, 5629, 5629, 5629, 5629, 5629, 5629, 5629, 5629, 5629, 5629, 5629, 5629, 5629, 5629, 5629, 5629, 5629, 5629, 5629, 5629, 5629, 5629, 5629, 5629, 5629, 5629, 5629, 5629, 5629, 5629, 5629, 5629, 5629, 5629, 5629, 5629, 5629, 5629, 5629, 5629, 5627, 5627, 5627, 5627, 5627, 5627, 5627, 5627, 5627, 5627, 5627, 5627, 5627, 5627, 5627, 5627, 5627, 5627, 5627, 5627, 5627, 5627, 5627, 5627, 5627, 5627, 5627, 5627, 5627, 5627, 5627, 5627, 5627, 5627, 5627, 5627, 5627, 5627, 5627, 5627, 5627, 5627, 5627, 5627, 5627, 5627, 5627, 5627, 5627, 5627, 5627, 5627, 5627, 5627, 5627, 5627, 5627, 5627, 5627, 5627, 5627, 5627, 5627, 5627, 5627, 5627, 5627, 5627, 5627, 5627, 5627, 5627, 5627, 5627, 5627, 5627, 5627, 5627, 5627, 5627, 5627, 5627, 5627, 5627, 5627, 5627, 5627, 5627, 5627, 5627, 5627, 5627, 5627, 5627, 5627, 5627, 5627, 5627, 5627, 5627, 5627, 5627, 5627, 5627, 5627, 5627, 5627, 5627, 5627, 5627, 5627, 5627, 5627, 5627, 5627, 5627, 5627, 5627, 5627, 5627, 5627, 5627, 5627, 5627, 5627, 5627, 5627, 5627, 5627, 5627, 5627, 5627, 5627, 5627, 5627, 5627, 5627, 5627, 5627, 5627, 5627, 5627, 5627, 5627, 5627, 5627, 5627, 5627, 5627, 5627, 5627, 5627, 5627, 5627, 5627, 5627, 5627, 5627, 5627, 5627, 5627, 5627, 5627, 5627, 5627, 5627, 5627, 5627, 5627, 5627, 5627, 5627, 5627, 5627, 5627, 5627, 5627, 5627, 5627, 5627, 5627, 5627, 5627, 5627, 5627, 5627, 5627, 5627, 5627, 5627, 5627, 5627, 5627, 5627, 5627, 5627, 5627, 5627, 5627, 5627, 5627, 5627, 5627, 5627, 5627, 5627, 5627, 5627, 5627, 5627, 5627, 5627, 5627, 5627, 5627, 5627, 5627, 5627, 5627, 5627, 5627, 5627, 5627, 5627, 5627, 5627, 5627, 5627, 5627, 5627, 5627, 5627, 5627, 5627, 5627, 5627, 5627, 5627, 5627, 5627, 5627, 5627, 5627, 5627, 5627, 5627, 5627, 5627, 5627, 5627, 5627, 5627, 5627, 5627, 5627, 5627, 5627, 5627, 5627, 5627, 5627, 5627, 5627, 5627, 5627, 5627, 5627, 5627, 5627, 5627, 5627, 5627, 5627, 5627, 5627, 5627, 5627, 5627, 5627, 5627, 5627, 5627, 5627, 5627, 5627, 5627, 5627, 5627, 5627, 5627, 5627, 5627, 5627, 5627, 5627, 5627, 5627, 5627, 5627, 5627, 5627, 5627, 5627, 5627, 5627, 5627, 5627, 5627, 5627, 5627, 5627, 5627, 5627, 5627, 5627, 5627, 5627, 5627, 5627, 5627, 5627, 5627, 5627, 5627, 5627, 5627, 5627, 5627, 5627, 5627, 5627, 5627, 5627, 5627, 5627, 5627, 5627, 5627, 5627, 5627, 5627, 5627, 5627, 5627, 5627, 5627, 5627, 5627, 5627, 5627, 5627, 5627, 5627, 5627, 5627, 5627, 5627, 5627, 5627, 5627, 5627, 5627, 5627, 5627, 5627, 5627, 5627, 5627, 5627, 5627, 5627, 5627, 5627, 5627, 5627, 5627, 5627, 5627, 5627, 5627, 5627, 5627, 5627, 5627, 5627, 5627, 5627, 5627, 5627, 5627, 5627, 5627, 5627, 5627, 5627, 5627, 5627, 5627, 5627, 5627, 5627, 5627, 5627, 5627, 5627, 5627, 5627, 5627, 5627, 5627, 5627, 5627, 5627, 5627, 5627, 5627, 5627, 5627, 5627, 5627, 5627, 5627, 5627, 5627, 5627, 5627, 5627, 5627, 5627, 5627, 5627, 5627, 5627, 5627, 5627, 5627, 5627, 5627, 5627, 5627, 5627, 5627, 5627, 5627, 5627, 5627, 5627, 5627, 5627, 5627, 5627, 5627, 5627, 5627, 5627, 5627, 5627, 5627, 5627, 5627, 5627, 5627, 5627, 5627, 5627, 5627, 5627, 5627, 5627, 5627, 5627, 5627, 5627, 5627, 5627, 5627, 5627, 5627, 5627, 5627, 5627, 5627, 5627, 5627, 5627, 5627, 5627, 5627, 5627, 5627, 5627, 5627, 5627, 5627, 5627, 5627, 5627, 5627, 5627, 5627, 5627, 5627, 5627, 5627, 5627, 5627, 5627, 5627, 5627, 5627, 5627, 5627, 5627, 5627, 5627, 5627, 5627, 5627, 5627, 5627, 5627, 5627, 5627, 5627, 5627, 5627, 5627, 5627, 5627, 5627, 5627, 5627, 5627, 5627, 5627, 5627, 5627, 5627, 5627, 5627, 5627, 5627, 5627, 5627, 5627, 5627, 5627, 5627, 5627, 5627, 5627, 5627, 5627, 5627, 5627, 5627, 5627, 5627, 5627, 5627, 5627, 5627, 5627, 5627, 5627, 5627, 5627, 5627, 5627, 5627, 5627, 5627, 5627, 5627, 5627, 5627, 5627, 5627, 5627, 5627, 5627, 5627, 5627, 5627, 5627, 5627, 5627, 5627, 5627, 5627, 5627, 5627, 5627, 5627, 5627, 5627, 5627, 5627, 5627, 5627, 5627, 5627, 5627, 5627, 5627, 5627, 5627, 5627, 5627, 5627, 5627, 5627, 5627, 5627, 5627, 5627, 5627, 5627, 5627, 5627, 5627, 5627, 5627, 5627, 5627, 5627, 5627, 5627, 5627, 5627, 5627, 5627, 5627, 5627, 5627, 5627, 5627, 5627, 5627, 5627, 5627, 5627, 5627, 5627, 5627, 5627, 5627, 5627, 5627, 5627, 5627, 5627, 5627, 5627, 5627, 5627, 5627, 5627, 5627, 5627, 5627, 5627, 5627, 5627, 5627, 5627, 5627, 5627, 5627, 5627, 5627, 5627, 5627, 5627, 5627, 5627, 5627, 5627, 5627, 5627, 5627, 5627, 5627, 5627, 5627, 5627, 5627, 5627, 5627, 5627, 5627, 5627, 5627, 5627, 5627, 5627, 5627, 5627, 5627, 5627, 5627, 5627, 5627, 5627, 5627, 5627, 5627, 5627, 5627, 5627, 5627, 5627, 5627, 5627, 5627, 5627, 5627, 5627, 5627, 5627, 5627, 5627, 5627, 5627, 5627, 5627, 5627, 5627, 5626, 5626, 5626, 5626, 5626, 5626, 5626, 5626, 5626, 5626, 5626, 5626, 5626, 5626, 5626, 5626, 5626, 5626, 5626, 5626, 5626, 5626, 5626, 5626, 5626, 5626, 5626, 5626, 5626, 5626, 5626, 5626, 5626, 5626, 5626, 5626, 5626, 5626, 5626, 5626, 5626, 5626, 5626, 5626, 5626, 5626, 5626, 5626, 5626, 5626, 5626, 5626, 5626, 5626, 5626, 5626, 5626, 5626, 5626, 5626, 5626, 5626, 5626, 5626, 5626, 5626, 5626, 5626, 5626, 5626, 5626, 5626, 5626, 5626, 5626, 5626, 5626, 5626, 5626, 5626, 5626, 5626, 5626, 5622, 5622, 5622, 5622, 5622, 5622, 5622, 5622, 5622, 5622, 5622, 5622, 5622, 5622, 5622, 5622, 5622, 5622, 5622, 5622, 5622, 5622, 5622, 5622, 5622, 5622, 5622, 5622, 5622, 5622, 5622, 5622, 5622, 5622, 5622, 5622, 5622, 5622, 5622, 5622, 5622, 5622, 5622, 5622, 5622, 5622, 5622, 5622, 5622, 5622, 5622, 5622, 5622, 5622, 5622, 5622, 5622, 5622, 5622, 5622, 5622, 5622, 5622, 5622, 5622, 5620, 
Fitness promedio a lo largo del tiempo: 
21670, 19196, 16086, 13048, 11751, 8940, 8174, 7558, 7358, 6812, 7856, 7238, 7788, 6808, 7630, 7275, 7145, 8044, 6661, 7129, 6741, 6875, 7094, 6103, 6586, 6977, 6884, 6648, 6902, 6290, 6372, 6685, 6399, 6939, 7387, 6366, 7280, 6946, 6511, 6540, 6036, 5808, 6430, 5790, 6332, 6478, 6159, 6056, 6340, 6472, 6069, 6434, 6299, 5970, 5803, 7257, 6240, 5860, 6222, 6799, 6061, 6524, 6478, 6830, 7016, 6384, 6189, 6645, 6157, 6287, 6396, 6276, 6548, 6237, 5843, 6142, 6471, 5742, 5715, 5714, 5882, 6002, 6280, 6766, 6331, 6589, 5732, 5884, 6143, 6108, 5704, 6430, 5724, 5681, 6181, 5764, 6200, 5769, 6023, 5678, 6029, 5961, 5677, 6169, 5990, 5924, 5678, 6083, 5671, 5807, 5696, 6072, 5694, 5708, 5670, 5680, 5670, 6508, 6138, 5692, 6181, 6128, 5901, 5897, 5698, 5741, 5805, 5681, 5854, 5980, 6224, 6345, 6334, 6121, 5685, 6359, 6290, 6012, 6496, 6497, 5787, 5790, 5672, 5972, 5672, 5853, 5758, 6324, 6131, 5811, 6562, 6398, 5849, 6710, 5741, 5684, 6184, 5796, 5971, 6061, 5968, 6015, 6337, 6259, 6659, 5691, 5804, 6085, 5914, 6292, 6202, 6354, 5803, 5915, 6397, 5693, 6004, 5669, 5661, 5762, 6507, 6044, 5992, 5711, 6065, 5677, 6061, 5717, 5664, 5806, 5688, 5676, 6454, 5677, 5961, 5799, 6072, 5689, 6346, 5668, 6190, 5917, 5831, 5697, 5685, 6779, 5670, 5687, 5743, 5679, 5704, 6215, 6512, 6034, 5789, 6707, 5961, 6615, 5668, 6187, 5705, 6393, 6512, 5795, 6064, 5686, 6765, 6002, 5919, 5688, 5696, 6020, 6242, 6080, 6034, 5796, 6514, 6297, 5924, 5704, 6727, 6934, 5670, 5834, 6015, 5796, 6094, 5692, 6194, 6401, 5970, 5677, 5683, 6339, 6283, 5758, 5966, 5900, 6779, 6054, 5690, 5660, 6565, 5689, 5684, 5675, 6074, 5698, 5674, 6143, 6019, 5792, 5980, 5665, 6091, 5694, 5853, 6331, 5734, 5771, 5862, 5667, 5970, 5679, 6168, 5840, 5966, 5805, 6542, 6115, 5681, 5901, 5666, 5683, 5863, 6617, 6113, 6950, 6821, 5699, 5683, 5796, 6472, 5749, 6082, 6098, 5740, 5860, 5869, 5704, 6011, 5675, 6069, 6569, 6277, 5667, 6305, 6063, 6592, 5928, 6419, 6257, 5975, 6076, 5915, 5794, 5875, 6235, 6006, 5686, 6290, 5678, 5677, 5687, 5751, 5953, 6237, 6712, 5680, 5676, 5672, 5759, 5742, 5972, 5681, 5701, 5910, 5694, 5758, 6352, 6465, 6229, 5660, 6022, 5707, 6073, 5690, 6150, 5668, 6178, 6407, 5977, 6201, 5673, 6229, 5677, 6220, 5675, 5684, 6399, 6461, 5931, 5713, 5981, 5728, 5798, 5871, 6052, 6277, 6187, 6727, 5959, 6398, 6515, 6065, 6464, 6115, 5675, 6440, 6079, 5669, 6301, 6681, 6038, 6198, 5685, 5746, 5745, 5858, 5961, 6717, 6268, 6719, 5812, 6607, 6481, 5678, 5708, 6224, 6836, 6781, 6468, 5814, 5806, 6508, 6385, 6219, 5962, 5691, 6064, 5978, 5957, 5736, 5676, 5905, 6077, 5667, 5809, 6176, 5969, 6180, 6231, 5765, 6351, 5664, 5682, 5695, 5683, 6349, 5840, 5663, 5682, 6187, 5972, 5690, 6128, 6187, 5694, 5920, 5671, 6127, 5764, 6449, 5963, 5684, 5681, 6094, 5661, 5683, 6230, 5681, 6579, 6776, 5759, 5695, 5661, 5691, 5845, 6068, 5661, 5794, 6060, 5742, 6076, 5811, 5855, 6933, 6015, 6819, 5749, 5699, 6114, 5682, 6107, 5686, 5809, 6351, 6229, 6191, 6055, 6107, 5910, 6137, 5910, 5692, 5671, 5668, 6025, 6436, 6292, 5685, 6244, 5855, 6025, 5956, 6131, 5953, 6239, 5676, 5689, 5696, 5681, 5681, 6239, 6395, 6332, 5811, 6180, 5916, 5683, 5666, 6387, 6171, 6119, 6562, 5852, 5811, 6171, 6232, 6765, 5723, 6443, 6177, 5980, 5684, 6073, 5675, 5842, 5881, 5664, 5895, 5690, 6244, 5745, 5688, 5758, 5904, 6010, 6346, 6394, 6293, 6061, 5895, 5969, 6230, 6337, 6017, 5672, 6023, 6229, 6011, 6287, 5867, 6354, 5685, 5766, 6122, 6186, 6453, 6285, 6237, 6189, 5680, 6031, 5733, 5951, 6670, 5707, 6088, 5964, 6133, 5670, 5692, 5814, 5968, 5702, 6536, 5739, 5666, 5690, 5719, 6185, 6137, 6025, 5946, 6080, 6115, 5688, 6326, 5913, 6548, 6058, 6234, 5896, 6443, 6420, 5675, 6003, 5919, 6323, 6227, 5679, 5957, 6652, 6130, 6040, 5948, 6002, 6004, 6062, 5836, 6136, 6770, 5909, 5920, 6238, 5672, 6288, 5752, 5679, 5975, 5677, 5850, 5781, 6035, 5957, 6125, 6116, 6114, 5912, 6805, 5867, 6454, 6727, 6174, 6439, 5944, 6122, 5969, 5745, 6381, 5855, 5709, 5681, 5689, 5985, 5970, 6281, 6228, 5677, 6219, 5677, 5969, 6070, 6553, 6459, 5686, 6577, 5947, 6184, 6537, 5677, 6124, 5684, 5680, 5692, 5669, 6178, 5683, 5812, 5856, 5733, 6490, 6027, 5691, 5863, 6128, 5677, 5971, 6499, 5877, 6298, 6251, 5837, 6507, 6346, 6329, 5702, 6146, 5693, 6332, 6234, 5695, 5688, 6362, 5672, 6051, 6113, 5729, 6018, 5903, 6413, 6105, 5851, 5685, 5680, 5765, 6078, 6160, 6087, 5702, 5679, 5735, 5917, 6028, 6604, 5794, 6456, 5692, 6551, 5677, 6300, 5997, 6045, 6834, 5684, 5671, 5970, 5681, 5677, 5736, 5863, 6389, 5670, 5675, 5903, 5660, 5696, 5677, 5688, 5679, 7098, 6521, 6698, 5705, 6194, 5733, 6016, 5997, 5940, 5663, 6230, 6495, 5802, 6114, 6176, 5832, 5670, 5931, 5898, 6097, 5662, 6059, 5733, 6425, 6370, 5653, 5954, 5696, 5838, 5666, 5671, 5999, 5656, 5679, 5653, 5675, 6254, 5727, 5645, 5735, 5672, 6053, 5659, 5657, 6611, 6113, 5650, 5774, 5710, 6492, 5661, 5677, 6678, 6010, 5893, 6341, 5846, 5788, 5657, 5664, 5857, 6391, 5677, 6281, 5736, 5674, 5652, 6205, 5942, 6385, 6399, 5669, 5775, 6061, 5682, 6658, 5663, 5740, 5936, 6103, 5785, 6113, 6121, 5663, 6039, 6052, 5892, 5665, 6647, 6213, 6211, 5774, 5663, 5783, 5698, 5654, 5652, 5670, 5798, 5655, 6013, 5843, 5669, 5787, 5969, 6566, 5789, 5658, 6359, 5653, 5782, 6278, 5654, 6542, 5799, 5897, 6021, 6078, 5660, 6276, 5905, 5669, 5654, 5665, 5935, 6058, 6215, 5722, 6269, 6167, 6008, 6059, 6180, 6065, 6214, 5971, 6079, 5684, 5680, 5658, 5857, 5794, 5670, 5757, 6156, 5649, 5650, 6047, 6592, 5682, 5904, 5947, 6047, 6109, 6123, 5852, 6025, 5661, 5676, 5775, 6501, 5666, 5661, 5847, 6057, 6211, 6231, 6384, 6111, 6018, 5779, 5657, 6332, 6237, 5947, 6189, 5854, 5656, 6076, 5654, 5642, 6545, 6174, 6437, 5653, 5662, 5666, 5884, 6256, 6059, 5901, 5752, 5963, 5662, 5904, 6181, 6121, 5674, 5729, 5659, 5785, 5884, 5668, 6049, 5696, 5955, 5812, 6271, 5695, 6178, 6433, 5685, 5657, 6693, 5671, 5670, 6061, 5681, 6496, 5654, 6181, 5688, 5957, 5670, 5863, 5940, 5674, 6333, 5949, 6000, 6598, 5795, 6014, 5748, 5789, 5933, 6433, 5647, 6328, 5844, 5659, 6275, 5661, 5655, 6323, 6481, 5660, 5668, 5813, 6117, 6177, 6005, 5672, 6398, 5964, 5651, 5842, 6432, 6352, 6172, 6679, 5997, 5655, 5786, 5674, 6241, 5663, 5940, 5680, 6422, 6113, 6643, 5665, 5937, 6213, 5647, 6067, 6175, 6055, 5653, 5658, 5936, 5959, 6332, 6344, 6542, 5661, 6385, 6052, 5723, 6800, 6662, 6224, 5972, 6160, 6078, 6691, 6342, 5667, 5671, 5961, 5679, 5952, 5668, 5680, 5896, 5668, 6019, 5664, 5969, 5997, 5742, 5670, 5681, 6101, 5665, 5783, 5662, 6062, 5899, 5958, 5737, 5946, 6007, 5672, 5667, 5668, 6122, 5803, 6208, 5777, 5668, 5892, 6217, 6119, 6260, 5707, 6111, 5657, 6433, 5668, 5914, 6295, 5674, 6012, 5901, 5669, 6063, 5693, 6159, 5655, 5653, 6108, 5673, 5657, 6314, 6331, 5651, 5663, 5649, 5847, 6067, 5647, 5719, 5658, 5842, 5660, 5909, 6029, 6168, 5664, 5731, 6276, 6061, 6311, 5790, 5657, 6220, 6059, 5651, 6007, 5667, 5780, 5734, 5654, 5663, 5673, 5767, 5655, 6009, 5845, 5740, 5892, 5965, 6057, 6121, 6164, 6253, 5689, 6169, 5729, 5693, 5689, 5898, 5692, 5693, 5852, 6059, 5830, 5969, 6418, 5952, 6015, 5659, 6258, 5667, 6334, 5659, 5672, 5712, 5666, 6351, 5793, 6332, 5659, 6067, 5678, 5658, 5668, 5663, 6176, 5887, 5657, 5664, 5675, 6226, 6207, 6438, 6217, 5656, 6163, 5878, 6023, 6959, 5726, 5892, 5653, 6612, 5954, 5836, 6061, 5851, 5661, 6222, 6012, 5836, 6581, 5673, 5804, 6610, 5962, 5782, 5670, 5673, 5665, 5905, 5661, 5659, 6134, 5904, 6069, 5890, 5665, 6280, 5913, 6217, 6004, 6205, 6125, 5853, 6279, 6268, 5675, 6686, 6060, 6006, 6108, 6228, 5794, 6230, 5656, 6026, 6112, 5727, 5834, 5652, 5998, 5794, 5906, 6426, 5997, 5681, 5962, 5941, 5656, 5660, 5830, 5664, 6051, 6163, 6273, 5941, 5946, 5738, 5678, 5949, 5690, 6067, 6059, 5957, 6132, 6274, 5992, 5891, 5705, 5956, 5685, 5894, 5893, 6604, 5685, 6339, 5655, 6062, 5936, 5690, 6143, 5999, 6241, 5657, 5669, 6558, 6005, 6237, 6068, 6132, 5902, 5663, 5672, 5900, 5659, 6384, 5973, 6050, 5900, 5790, 5945, 5685, 5650, 6264, 5649, 5750, 6212, 6212, 5694, 6222, 5664, 6004, 5698, 6220, 6058, 5684, 6034, 6009, 5787, 5852, 5683, 5653, 6008, 5843, 5894, 6015, 5676, 6153, 5653, 5661, 5837, 6166, 5665, 5656, 6105, 6035, 5690, 5658, 5721, 5850, 5655, 5898, 6171, 5862, 6101, 5677, 5720, 6064, 5851, 5678, 5936, 6113, 5663, 5685, 6549, 5934, 5663, 5727, 5687, 5682, 5655, 6125, 5676, 5734, 5844, 5701, 5649, 5700, 5659, 5897, 5744, 6115, 5966, 5803, 6437, 5684, 5661, 5664, 6535, 6117, 6366, 5964, 5672, 5660, 5804, 5654, 5837, 5910, 6283, 6281, 6381, 5659, 5888, 5762, 5669, 5675, 5892, 6124, 5732, 6274, 5660, 5998, 5668, 6341, 6010, 6167, 5827, 5860, 6018, 6094, 6115, 6436, 5657, 5687, 5789, 6332, 6388, 5668, 6074, 5651, 6449, 6698, 5941, 5664, 5994, 6219, 5780, 5732, 5651, 6233, 5834, 5997, 5655, 5663, 6059, 6287, 5675, 6071, 5846, 5941, 5684, 6226, 6320, 5841, 5902, 5665, 6541, 5805, 6497, 5671, 6173, 6238, 5684, 5652, 5660, 5804, 5966, 6060, 5777, 5665, 5654, 5662, 5935, 5649, 5900, 6109, 6032, 6238, 6819, 5703, 5667, 5777, 5834, 6168, 5691, 6169, 5754, 5957, 6010, 5690, 6048, 5650, 5954, 6008, 6167, 6430, 5846, 6157, 6285, 5664, 5647, 5903, 5680, 6580, 5939, 5801, 5657, 5658, 5782, 6228, 6015, 5785, 5888, 5671, 6107, 6071, 6132, 5668, 5664, 5794, 6283, 5686, 5856, 5893, 6203, 5674, 5658, 5904, 5698, 5647, 5708, 5659, 6049, 6543, 5842, 6444, 6270, 5782, 6608, 5655, 5647, 5946, 5653, 5909, 6319, 6106, 6008, 5672, 5679, 5674, 6105, 5656, 6231, 5830, 6160, 6205, 6131, 5659, 5654, 6109, 5666, 6170, 5917, 6651, 5660, 6811, 5961, 5842, 5900, 6051, 5674, 5661, 5796, 6057, 6213, 5681, 6059, 5836, 6630, 6245, 5893, 6083, 6120, 6319, 5721, 6281, 6003, 6117, 5678, 5664, 5957, 5667, 5782, 6107, 6112, 5990, 5667, 5676, 5844, 5799, 5901, 5791, 5681, 5858, 6606, 5717, 6207, 5734, 5781, 6035, 6273, 6546, 6267, 5912, 6216, 5810, 6485, 5677, 5682, 5785, 6174, 5997, 5992, 5670, 6035, 5653, 5662, 5663, 5691, 5654, 5656, 5646, 5654, 5673, 6057, 5784, 6059, 5673, 6538, 6325, 5664, 6114, 5856, 5651, 5822, 5673, 6712, 6061, 6128, 6386, 5717, 5668, 5669, 6541, 6272, 5894, 6012, 5660, 6218, 5649, 5655, 6106, 5790, 5659, 5841, 5664, 6743, 5654, 5680, 5685, 5895, 5676, 5790, 6552, 6001, 5661, 5649, 5646, 6323, 6312, 5670, 5779, 5807, 5916, 5942, 5658, 6061, 5904, 6439, 6764, 6167, 5683, 6099, 5677, 5779, 5893, 5784, 6173, 5903, 6164, 5647, 5653, 5671, 5662, 6106, 5781, 6063, 5905, 5674, 5676, 5654, 5736, 5665, 5663, 5641, 5790, 5860, 5942, 5729, 6014, 5656, 6108, 5930, 5657, 6210, 5668, 5917, 6006, 5664, 6154, 5689, 5661, 5813, 6165, 5653, 5681, 5850, 5659, 6360, 5670, 5840, 5660, 6072, 5941, 5746, 5682, 5767, 5776, 5853, 5699, 6274, 5960, 5994, 5676, 5649, 5900, 5681, 5903, 5944, 5644, 6339, 5725, 6711, 5657, 5892, 5726, 6047, 6059, 5661, 5846, 5902, 5764, 5800, 6271, 6312, 6170, 6282, 6534, 6344, 6192, 5667, 5680, 6781, 5965, 5828, 5816, 5887, 5880, 5723, 6594, 5672, 5667, 5648, 5697, 6541, 5909, 6106, 5701, 5680, 6380, 6655, 5941, 5965, 5664, 5727, 6325, 6202, 5681, 5899, 5794, 6020, 6220, 6012, 5736, 6220, 5681, 5661, 5676, 5660, 6159, 5672, 5656, 6867, 5955, 5657, 5677, 5666, 6263, 6313, 5826, 6052, 6045, 6006, 5648, 5683, 5658, 6000, 5750, 5915, 5689, 5663, 5832, 5750, 7083, 5657, 5656, 5668, 5739, 5835, 5777, 6166, 5756, 5802, 5658, 5695, 5843, 6121, 6055, 5885, 5792, 5662, 5645, 5802, 5682, 5893, 5669, 5894, 5690, 6021, 6333, 6045, 5673, 6186, 6822, 5668, 5656, 6174, 5649, 5671, 5954, 5656, 5659, 5731, 5743, 5794, 5734, 5660, 6170, 6124, 6226, 6060, 5702, 5864, 5651, 5659, 5654, 6117, 6132, 5651, 5675, 6222, 6153, 5727, 5697, 6720, 5686, 5675, 5657, 6273, 5672, 5676, 5651, 5667, 5919, 5673, 5672, 5659, 5852, 6390, 5664, 6752, 5776, 5679, 6185, 5830, 5995, 5977, 6069, 5839, 6161, 5975, 5679, 5666, 6916, 5954, 6165, 5937, 5686, 5665, 5676, 5836, 5731, 5780, 6040, 5682, 6266, 5843, 5665, 5685, 6023, 5659, 6172, 6640, 6171, 6107, 5660, 5845, 6135, 6484, 5897, 5929, 5673, 5651, 6228, 5855, 5659, 5960, 5652, 6273, 5658, 5691, 6276, 5661, 6232, 5789, 6014, 6866, 5661, 5834, 5788, 6232, 6321, 5784, 6452, 5955, 6012, 5652, 5677, 6225, 5903, 5662, 6087, 5654, 5958, 6118, 5774, 6154, 5652, 6068, 5946, 5678, 5774, 6006, 5648, 6010, 5878, 5686, 6548, 5656, 5834, 5656, 5658, 5668, 6208, 5711, 6446, 6376, 5648, 6415, 6007, 5854, 5653, 6333, 6980, 6011, 5828, 6779, 5682, 6108, 5811, 5663, 5791, 5951, 5681, 5666, 6588, 5655, 5671, 6276, 5672, 5830, 5675, 5786, 5897, 5692, 5721, 6049, 5661, 6035, 6218, 5654, 6056, 5765, 5651, 5659, 5652, 5848, 5950, 5754, 5653, 6058, 6099, 5686, 5682, 5671, 5662, 6440, 6350, 6104, 6144, 6179, 5957, 5650, 5685, 6558, 5896, 5650, 5944, 5682, 6232, 6339, 5670, 6284, 5655, 5664, 5956, 6324, 5672, 6397, 5785, 5906, 5673, 5676, 5801, 5667, 5932, 5853, 6218, 6064, 6077, 5676, 5676, 5833, 6115, 5833, 5658, 5661, 5658, 6058, 6005, 5663, 5658, 5803, 5659, 5901, 5686, 6221, 5672, 5665, 5650, 5664, 5654, 5826, 5773, 5656, 5956, 5647, 6050, 5663, 5894, 5662, 5677, 6412, 5677, 6271, 5689, 6589, 6328, 5688, 5795, 5656, 5940, 5661, 6109, 5645, 5680, 5665, 6127, 6160, 5683, 5797, 5653, 5665, 5664, 5899, 5815, 6013, 5671, 6004, 5938, 5896, 6212, 6050, 5900, 6534, 6102, 5907, 6114, 5663, 5680, 5659, 5648, 5650, 5784, 5889, 6850, 6071, 5955, 5667, 6226, 5694, 6124, 5671, 5647, 6112, 5737, 5957, 5663, 5656, 5684, 5646, 5780, 5852, 5657, 5658, 6115, 5664, 6436, 6115, 6483, 6268, 6122, 5851, 5773, 5659, 5650, 5961, 5677, 6162, 5689, 5949, 5850, 6123, 5963, 5715, 5956, 6289, 5896, 6114, 5647, 6011, 5675, 6433, 6015, 5998, 5645, 5665, 5680, 6285, 5658, 5834, 6609, 5656, 6078, 5681, 6125, 6063, 5645, 5862, 6074, 5996, 5687, 5844, 6376, 5677, 5724, 5881, 5719, 6920, 5815, 5837, 5714, 5913, 5708, 6337, 5964, 5767, 5658, 6044, 5841, 6373, 5694, 5655, 5939, 6229, 6164, 6063, 5884, 5669, 6061, 6525, 5648, 5989, 5688, 5696, 6051, 6644, 6265, 5997, 5672, 6158, 6042, 5663, 5780, 6583, 5664, 6153, 6591, 5664, 5990, 6156, 5654, 5671, 5751, 5844, 5665, 6329, 6494, 5664, 5892, 5652, 6223, 6073, 5670, 5946, 5722, 6594, 6445, 6310, 6058, 5947, 5896, 5669, 5992, 5671, 5739, 6150, 5900, 5773, 5853, 5689, 5655, 6178, 5866, 5688, 5653, 5665, 6317, 5788, 6038, 5902, 6042, 6272, 6401, 6387, 6423, 5854, 5902, 5682, 6127, 6748, 5650, 5939, 5671, 5840, 6334, 6333, 6074, 5676, 5661, 5827, 6110, 6309, 6109, 6179, 5898, 5823, 6390, 5996, 5968, 5962, 6339, 6001, 5881, 5683, 5726, 6248, 6120, 6007, 5668, 5660, 5665, 6227, 5660, 5691, 5741, 6326, 5652, 5671, 5661, 5685, 5898, 5662, 5666, 6327, 6007, 6327, 5656, 6546, 5801, 6160, 6105, 5877, 6127, 6108, 6210, 5655, 5649, 6010, 5649, 5996, 6006, 5765, 6123, 6004, 5686, 5670, 6040, 5900, 6428, 5661, 6320, 5743, 6174, 5684, 5656, 5672, 6050, 5893, 5993, 5668, 6218, 5986, 5657, 6117, 5801, 5657, 6181, 6270, 6275, 5839, 5668, 6318, 5775, 6650, 5647, 6228, 6062, 5792, 5953, 5843, 5653, 6164, 6319, 5883, 5993, 6390, 6552, 5683, 6389, 5791, 5953, 5670, 5736, 7073, 5652, 5675, 5801, 6109, 5738, 5999, 5653, 5833, 5717, 5658, 5853, 6176, 5650, 5903, 6604, 5843, 6106, 6268, 6165, 6492, 5947, 5658, 6005, 5884, 5687, 6011, 6048, 6649, 5748, 5849, 6219, 6012, 5993, 5733, 5671, 5965, 6601, 5648, 6179, 5680, 6431, 5678, 5662, 5850, 6157, 6121, 6064, 5662, 5904, 5646, 5658, 5654, 5664, 5660, 6172, 5794, 6868, 5902, 6814, 6100, 5678, 6419, 5663, 5696, 6229, 6649, 5665, 6275, 6123, 5741, 5692, 5657, 6292, 5889, 5999, 5678, 6105, 5786, 6060, 6873, 5670, 5646, 6121, 5664, 6015, 5652, 5656, 6423, 5661, 5683, 5689, 5659, 5653, 5659, 5655, 5727, 5657, 5664, 5669, 5682, 5652, 6013, 5663, 5673, 5656, 6118, 6166, 5653, 5846, 6154, 5672, 5651, 5669, 5779, 5851, 5776, 6006, 6159, 5660, 5655, 6371, 5748, 6176, 5901, 6052, 6122, 5905, 5845, 5819, 6255, 5648, 6287, 5641, 5899, 5966, 5841, 5808, 5903, 5651, 5726, 5990, 5832, 6752, 6178, 5888, 5684, 5719, 5651, 5656, 6174, 5647, 5667, 6076, 5752, 5665, 5807, 5663, 5689, 5663, 5996, 5839, 6258, 6215, 5655, 6046, 5672, 5653, 6062, 5740, 5896, 5659, 6402, 5671, 6594, 6155, 5997, 5785, 5686, 5736, 5658, 6480, 5790, 6196, 5784, 6323, 6264, 6377, 5944, 5662, 5885, 6066, 5678, 5662, 5702, 5653, 5775, 5911, 5953, 6009, 5797, 6158, 6240, 5793, 5655, 5666, 5643, 5651, 6801, 6056, 5908, 5679, 5905, 6379, 5653, 5660, 6474, 5669, 5793, 5675, 5972, 6388, 6255, 6130, 6209, 6536, 5910, 5668, 6161, 6165, 6324, 5897, 5999, 5655, 6214, 6125, 6008, 5898, 6382, 6123, 6647, 5800, 5776, 6276, 5672, 6089, 6003, 6048, 5843, 5684, 5956, 5782, 5693, 5682, 5682, 6227, 5655, 6006, 6119, 6430, 5856, 5665, 5673, 5673, 5932, 5993, 5823, 6007, 5678, 6017, 5787, 6596, 5667, 6501, 5653, 5669, 6343, 5698, 5667, 5682, 5770, 5656, 5885, 5741, 5903, 6331, 5696, 6129, 5784, 5746, 5671, 6380, 5663, 5708, 5651, 5668, 5946, 5800, 6421, 6439, 5659, 6391, 6121, 5703, 5683, 6156, 5782, 6227, 6059, 6108, 5999, 6436, 6176, 6049, 5962, 5667, 7132, 5665, 5652, 6122, 6544, 6668, 5844, 5654, 5652, 5685, 6210, 5666, 5668, 5743, 5752, 5900, 6068, 5741, 5787, 5999, 6052, 5654, 5673, 6218, 6011, 5730, 6068, 6512, 6294, 6606, 5782, 6109, 6490, 5970, 6180, 5664, 6534, 7117, 6618, 6008, 5949, 6021, 5977, 6108, 6694, 5789, 5654, 6130, 5989, 6159, 6110, 5681, 6543, 5686, 6012, 6656, 6155, 6022, 5721, 5652, 6337, 5953, 5821, 6189, 5896, 5672, 7108, 6132, 6405, 6562, 5740, 6685, 6066, 6677, 5712, 6392, 5861, 6157, 6440, 5661, 6115, 5909, 5677, 5937, 5952, 5663, 5898, 5686, 5860, 6338, 5672, 6248, 6152, 6185, 5809, 6121, 6211, 6066, 5735, 5798, 6146, 5668, 5677, 5992, 5938, 5692, 5675, 5852, 5673, 5663, 5850, 5673, 6319, 5679, 6217, 5684, 5657, 5846, 5683, 5673, 5801, 6294, 5864, 6166, 6297, 5674, 5953, 6811, 5658, 5955, 6121, 6714, 6084, 5799, 5843, 6001, 5862, 6016, 6061, 5679, 6221, 5677, 5953, 6171, 5667, 5682, 5664, 6062, 6069, 6329, 5759, 6334, 5753, 5724, 6451, 5862, 5653, 6865, 5750, 5864, 5862, 5689, 5754, 5949, 6134, 5855, 6006, 6061, 6124, 5816, 6335, 5681, 5653, 6167, 5966, 5666, 5685, 6028, 6767, 6059, 5663, 5688, 6081, 6210, 6083, 6186, 6109, 6083, 5914, 5810, 5854, 5857, 6364, 5843, 5837, 5853, 6123, 5863, 6404, 5695, 5657, 5669, 5845, 5680, 6189, 5845, 5664, 5904, 5667, 5653, 5802, 6396, 6142, 6004, 5683, 6184, 5926, 6070, 5675, 6128, 6388, 6247, 5672, 6227, 5737, 5999, 6109, 6377, 5864, 6392, 6024, 6232, 5679, 6378, 5691, 5846, 5673, 5678, 5994, 5683, 5902, 6000, 6872, 6113, 5669, 6097, 5748, 5816, 6204, 6053, 6237, 6413, 6888, 6281, 6229, 6812, 5840, 5671, 5815, 5742, 5897, 6323, 6277, 5686, 5957, 5674, 5671, 5789, 5681, 6502, 6119, 6133, 5674, 6346, 5792, 6134, 5840, 5745, 5733, 6208, 5689, 5900, 6121, 5686, 5667, 6293, 5791, 6405, 5992, 6078, 5906, 5665, 5671, 5764, 6866, 5680, 6069, 6230, 5863, 5734, 5671, 6221, 6122, 6064, 5654, 6277, 5869, 6815, 6038, 6197, 6074, 6133, 5692, 5713, 5800, 6585, 5929, 6074, 6429, 6302, 6823, 6352, 5903, 6150, 6329, 6005, 6252, 5951, 5955, 6132, 6364, 6445, 6757, 5758, 5670, 5947, 5849, 6220, 5902, 5689, 6075, 6874, 6055, 6079, 6016, 6169, 5802, 6287, 5755, 6162, 5862, 6186, 5676, 6777, 6357, 6225, 6378, 5919, 5814, 5676, 5669, 6033, 5695, 6238, 5684, 5842, 6164, 6270, 5745, 5673, 5693, 5801, 5914, 5745, 6105, 5676, 5683, 6059, 5780, 5800, 5681, 5841, 6707, 5799, 5675, 5676, 5940, 6008, 5953, 5736, 6101, 5679, 5700, 6219, 5763, 6602, 6468, 5924, 6069, 5702, 6399, 5861, 5666, 6273, 6005, 5899, 5704, 5955, 5666, 6170, 5847, 6021, 6077, 5669, 6230, 5673, 6025, 5673, 6669, 6406, 5972, 5737, 6074, 5943, 6003, 6078, 5679, 6527, 6122, 6121, 5909, 7197, 6443, 6598, 5674, 6481, 5677, 6082, 5989, 6238, 5952, 5785, 5948, 5845, 5901, 5686, 6060, 5891, 7057, 7170, 6335, 5688, 5837, 5925, 6235, 5953, 5749, 6178, 6026, 6339, 5811, 6410, 5680, 6024, 6759, 6075, 6109, 5869, 6333, 5962, 6164, 5659, 6059, 6110, 5665, 6265, 6762, 6063, 5730, 5920, 5681, 6328, 6030, 5769, 5914, 5816, 5744, 5694, 6164, 5666, 5683, 5666, 5665, 5687, 5676, 5896, 5661, 5673, 5685, 5897, 5655, 5687, 5739, 5676, 5799, 6292, 6125, 6056, 5678, 5683, 5726, 6005, 5678, 5674, 6232, 6387, 5667, 5961, 6051, 5854, 5667, 6490, 6810, 6089, 6291, 6173, 5844, 5838, 6187, 6272, 6238, 5849, 5690, 5681, 6077, 6344, 6265, 5903, 6064, 5672, 5659, 5790, 5667, 6430, 6170, 6328, 5695, 6023, 6278, 5697, 6392, 6650, 6217, 6110, 5740, 5980, 5671, 5802, 5673, 6700, 5944, 6226, 5656, 5945, 6224, 6446, 5672, 5681, 6304, 5663, 5970, 6122, 5954, 5693, 5701, 5682, 5919, 6393, 6232, 5758, 5802, 6019, 5674, 6567, 5848, 6121, 5658, 5740, 6711, 5832, 6351, 6115, 5670, 6605, 6166, 5744, 5657, 5694, 5703, 6351, 5682, 5683, 5662, 5906, 5667, 6116, 5681, 6220, 5668, 5804, 6384, 6004, 6157, 6478, 5837, 6084, 5899, 6335, 5785, 6374, 6190, 6403, 5670, 5663, 5792, 5753, 6024, 6380, 5687, 5676, 5952, 6346, 6119, 5705, 5677, 5680, 5782, 6291, 5732, 6000, 5676, 6159, 5655, 5652, 5949, 5670, 5964, 5961, 5941, 6124, 6497, 5973, 6235, 6202, 6424, 6045, 6256, 6600, 5682, 5673, 5658, 6326, 6391, 5741, 6433, 6015, 5680, 5670, 5661, 5670, 6091, 5687, 5671, 5741, 5662, 6015, 5662, 6059, 5893, 5663, 5969, 6347, 5838, 5664, 6303, 5897, 5699, 5681, 5751, 5678, 6916, 5941, 6412, 5912, 6192, 6082, 5677, 6001, 5686, 6232, 5814, 6512, 5682, 5677, 6371, 6427, 5671, 5825, 5845, 6553, 6391, 6006, 6338, 6066, 5962, 6047, 6413, 5743, 5966, 6504, 5846, 5668, 5671, 5653, 5655, 6337, 6005, 5898, 6003, 5665, 5660, 5941, 6536, 5680, 6280, 5973, 6300, 6495, 6225, 6372, 5675, 6165, 5846, 6230, 5902, 6405, 6139, 6198, 6247, 6033, 6451, 5660, 6388, 6177, 6435, 5910, 5679, 6654, 5901, 5991, 5882, 5679, 5795, 6012, 6033, 5659, 6190, 6917, 5709, 5669, 6066, 6007, 5800, 6089, 6615, 5664, 6328, 6446, 5732, 6396, 6119, 6562, 6411, 6503, 6227, 6609, 5897, 6338, 5692, 6195, 5739, 5968, 6142, 6291, 6537, 5666, 6273, 6529, 6056, 6391, 6170, 5847, 5685, 5907, 5904, 6230, 5736, 6129, 5839, 5844, 6163, 6058, 6076, 5655, 5817, 5657, 5953, 5662, 6427, 5690, 5996, 6342, 5754, 5665, 5671, 6219, 5675, 6116, 5839, 5846, 6656, 6114, 6322, 6219, 6277, 5650, 6286, 5660, 5654, 6164, 5891, 6175, 6111, 5946, 6800, 5660, 6249, 5692, 6311, 5656, 5655, 5680, 6327, 6227, 6061, 6563, 5655, 6009, 6055, 5669, 6009, 5944, 5667, 6011, 5664, 5739, 5654, 6222, 6479, 6013, 5662, 5765, 6405, 5965, 6556, 5975, 6613, 6154, 5795, 6898, 5878, 6123, 6248, 5859, 5753, 5666, 5701, 6325, 6370, 5759, 6552, 5891, 6693, 6114, 6643, 5819, 6811, 5698, 6012, 6683, 6113, 5676, 5687, 6072, 5889, 5683, 5657, 5948, 6291, 6181, 5713, 6233, 6469, 5735, 6601, 5670, 6043, 6226, 6222, 5939, 5801, 5663, 5687, 6446, 6331, 
Mejor solucion obtenida: 13, 33, 34, 32, 31, 10, 11, 9, 8, 6, 7, 5, 30, 29, 27, 28, 1, 2, 3, 36, 37, 39, 38, 41, 40, 42, 26, 25, 24, 21, 23, 22, 35, 0, 4, 15, 16, 20, 18, 19, 17, 14, 12, || Fitness: 5620;