Archivo Usado: p43.atsp
Tamaño de la Poblacion: 100
Reemplazo por Generacion: 5
Tamaño de los Torneos: 5
Cantidad de ciudades: 43
Probabilidad de cruce: 80000
Probabilidad mutacion simple: 18000
Probabilidad mutacion compleja: 15000
Cruces minimos de la mutacion compleja: 4
Iteraciones ejecutadas: 10000
Largo del cruce PMX: 6
Operador de Cruce: 0
Metodo seleccion de Padres: 0
Operador de Mutacion: 0
Metodo seleccion de Supervivientes: 1
Cantidad de threads a usar: 16
14, 12, 13, 34, 33, 32, 31, 9, 10, 11, 8, 5, 30, 29, 7, 6, 2, 3, 28, 27, 1, 36, 37, 39, 38, 42, 41, 40, 26, 25, 24, 21, 23, 22, 35, 0, 4, 16, 15, 17, 18, 19, 20, 
14, 12, 13, 34, 33, 32, 31, 9, 10, 11, 8, 7, 30, 29, 5, 6, 2, 3, 28, 27, 1, 36, 37, 39, 38, 42, 41, 40, 26, 25, 24, 21, 23, 22, 35, 0, 4, 16, 15, 17, 18, 19, 20, 
36, 37, 39, 38, 42, 40, 41, 26, 25, 24, 21, 23, 22, 35, 0, 4, 16, 15, 17, 18, 19, 20, 14, 12, 13, 34, 33, 32, 31, 9, 10, 11, 8, 7, 30, 29, 5, 6, 2, 3, 28, 27, 1, 
36, 37, 39, 38, 42, 41, 40, 26, 25, 24, 21, 23, 22, 35, 0, 4, 16, 15, 17, 18, 19, 20, 14, 12, 13, 34, 33, 32, 31, 9, 10, 11, 8, 7, 30, 29, 5, 6, 2, 3, 28, 27, 1, 
19, 20, 14, 12, 13, 34, 33, 32, 31, 9, 10, 11, 8, 7, 30, 29, 5, 6, 2, 3, 28, 27, 1, 36, 37, 39, 38, 42, 41, 40, 26, 25, 24, 21, 22, 23, 35, 0, 4, 16, 15, 17, 18, 
36, 37, 39, 38, 42, 41, 40, 26, 25, 24, 21, 23, 22, 35, 0, 4, 16, 15, 17, 18, 19, 20, 14, 12, 13, 34, 33, 32, 31, 9, 10, 11, 8, 5, 6, 7, 29, 30, 28, 27, 1, 3, 2, 
30, 29, 5, 6, 2, 3, 28, 27, 1, 36, 37, 39, 38, 42, 41, 40, 26, 25, 24, 21, 23, 22, 35, 0, 4, 16, 15, 17, 18, 19, 20, 14, 12, 13, 34, 33, 32, 31, 9, 10, 11, 8, 7, 
20, 14, 12, 13, 34, 33, 32, 31, 9, 10, 11, 8, 7, 30, 29, 5, 6, 2, 3, 28, 27, 1, 36, 37, 39, 38, 42, 41, 40, 26, 25, 24, 21, 23, 22, 35, 0, 4, 16, 15, 17, 18, 19, 
3, 28, 27, 1, 36, 37, 39, 38, 42, 41, 40, 26, 25, 24, 21, 22, 23, 35, 0, 4, 16, 15, 17, 18, 19, 20, 14, 12, 13, 34, 33, 32, 31, 9, 10, 11, 8, 7, 30, 29, 5, 6, 2, 
12, 13, 34, 33, 32, 31, 9, 10, 11, 8, 7, 30, 29, 5, 6, 2, 3, 28, 27, 1, 36, 37, 39, 38, 42, 41, 40, 26, 25, 24, 21, 23, 22, 35, 0, 4, 16, 15, 17, 18, 19, 20, 14, 
19, 20, 14, 12, 13, 34, 33, 32, 31, 9, 10, 11, 8, 7, 30, 29, 5, 6, 2, 3, 28, 27, 1, 36, 37, 39, 38, 42, 41, 40, 26, 25, 24, 21, 22, 23, 35, 0, 4, 16, 15, 17, 18, 
26, 25, 24, 21, 23, 22, 35, 0, 4, 16, 15, 17, 18, 19, 20, 14, 12, 13, 34, 33, 32, 31, 9, 10, 11, 8, 7, 30, 29, 5, 6, 2, 3, 28, 27, 1, 36, 37, 39, 38, 42, 41, 40, 
28, 27, 1, 36, 37, 39, 38, 42, 41, 40, 26, 25, 24, 21, 23, 22, 35, 0, 4, 16, 15, 17, 18, 19, 20, 14, 12, 13, 34, 33, 32, 31, 9, 10, 11, 8, 7, 30, 29, 5, 6, 2, 3, 
14, 12, 13, 34, 33, 32, 31, 9, 10, 11, 8, 7, 30, 29, 5, 6, 2, 3, 28, 27, 1, 36, 37, 39, 38, 42, 41, 40, 26, 25, 24, 21, 23, 22, 35, 0, 4, 16, 15, 17, 18, 19, 20, 
25, 24, 21, 23, 22, 35, 0, 4, 16, 15, 17, 18, 19, 20, 14, 12, 13, 34, 33, 32, 31, 9, 10, 11, 8, 7, 30, 29, 5, 6, 2, 3, 28, 27, 1, 36, 37, 39, 38, 42, 41, 40, 26, 
12, 13, 34, 33, 32, 31, 9, 10, 11, 8, 7, 30, 29, 5, 6, 2, 3, 28, 27, 1, 36, 37, 39, 38, 42, 41, 40, 26, 25, 24, 21, 23, 22, 35, 0, 4, 16, 15, 17, 18, 19, 20, 14, 
30, 29, 5, 6, 2, 3, 28, 27, 1, 36, 37, 39, 38, 42, 41, 40, 26, 25, 24, 21, 23, 22, 35, 0, 4, 16, 15, 17, 18, 19, 20, 14, 12, 13, 34, 33, 32, 31, 9, 10, 11, 8, 7, 
11, 8, 7, 30, 29, 5, 6, 2, 3, 28, 27, 1, 36, 37, 39, 38, 42, 41, 40, 26, 25, 24, 21, 22, 23, 35, 0, 4, 16, 15, 17, 18, 19, 20, 14, 12, 13, 34, 33, 32, 31, 9, 10, 
19, 20, 14, 12, 13, 34, 33, 32, 31, 9, 10, 11, 8, 7, 30, 29, 5, 6, 2, 3, 28, 27, 1, 36, 37, 39, 38, 42, 41, 40, 26, 25, 24, 21, 23, 22, 35, 0, 4, 16, 15, 17, 18, 
17, 18, 19, 20, 14, 12, 13, 34, 33, 32, 31, 9, 10, 11, 8, 7, 30, 29, 5, 6, 2, 3, 28, 27, 1, 36, 37, 39, 38, 42, 41, 40, 26, 25, 24, 21, 23, 22, 35, 0, 4, 16, 15, 
25, 24, 21, 22, 23, 35, 0, 4, 16, 15, 17, 18, 19, 20, 14, 12, 13, 34, 33, 32, 31, 9, 10, 11, 8, 7, 30, 29, 5, 6, 2, 3, 28, 27, 1, 36, 37, 39, 38, 42, 41, 40, 26, 
8, 7, 30, 29, 5, 6, 2, 3, 28, 27, 1, 36, 37, 39, 38, 42, 41, 40, 26, 25, 24, 21, 22, 23, 35, 0, 4, 16, 15, 17, 18, 19, 20, 14, 12, 13, 34, 33, 32, 31, 9, 10, 11, 
30, 7, 29, 5, 6, 2, 3, 28, 27, 1, 36, 37, 39, 38, 42, 41, 40, 26, 25, 24, 21, 23, 22, 35, 0, 4, 16, 15, 17, 18, 19, 20, 14, 12, 13, 34, 33, 32, 31, 9, 10, 11, 8, 
4, 0, 35, 23, 22, 21, 24, 25, 26, 40, 41, 42, 38, 39, 37, 36, 1, 27, 28, 3, 2, 6, 5, 29, 30, 7, 8, 11, 10, 9, 31, 32, 33, 34, 13, 12, 14, 20, 19, 18, 17, 15, 16, 
11, 10, 9, 31, 32, 33, 34, 13, 12, 14, 20, 19, 18, 17, 15, 16, 4, 0, 35, 22, 23, 21, 24, 25, 26, 40, 41, 42, 38, 39, 37, 36, 1, 27, 28, 3, 2, 6, 5, 29, 30, 7, 8, 
37, 36, 1, 27, 28, 3, 2, 6, 7, 29, 30, 5, 8, 11, 10, 9, 31, 32, 33, 34, 13, 12, 14, 20, 19, 18, 17, 15, 16, 4, 0, 35, 22, 23, 21, 24, 25, 26, 40, 41, 42, 38, 39, 
0, 35, 22, 23, 21, 24, 25, 26, 40, 41, 42, 38, 39, 37, 36, 1, 27, 28, 3, 2, 6, 7, 29, 30, 5, 8, 11, 10, 9, 31, 32, 33, 34, 13, 12, 14, 20, 19, 18, 17, 15, 16, 4, 
33, 34, 13, 12, 14, 20, 19, 18, 17, 15, 16, 4, 0, 35, 22, 23, 21, 24, 25, 26, 40, 41, 42, 38, 39, 37, 36, 1, 27, 28, 3, 2, 6, 5, 29, 30, 7, 8, 11, 10, 9, 31, 32, 
18, 17, 15, 16, 4, 0, 35, 22, 23, 21, 24, 25, 26, 40, 41, 42, 38, 39, 37, 36, 1, 27, 28, 3, 2, 6, 5, 29, 30, 7, 8, 11, 10, 9, 31, 32, 33, 34, 13, 12, 14, 20, 19, 
16, 4, 0, 35, 22, 23, 21, 24, 25, 26, 40, 41, 42, 38, 39, 37, 36, 1, 27, 28, 3, 2, 6, 7, 29, 30, 5, 8, 11, 10, 9, 31, 32, 33, 34, 13, 12, 14, 20, 19, 18, 17, 15, 
5, 29, 30, 6, 8, 11, 10, 9, 31, 32, 33, 34, 13, 12, 14, 20, 19, 18, 17, 15, 16, 4, 0, 35, 22, 23, 21, 24, 25, 26, 40, 41, 42, 38, 39, 37, 36, 1, 27, 28, 3, 2, 7, 
36, 1, 27, 28, 3, 2, 6, 5, 29, 30, 7, 8, 10, 11, 9, 31, 32, 33, 34, 13, 12, 14, 20, 19, 18, 17, 15, 16, 4, 0, 35, 22, 23, 21, 24, 25, 26, 40, 41, 42, 38, 39, 37, 
16, 4, 0, 35, 22, 23, 21, 24, 25, 26, 40, 41, 42, 38, 39, 37, 36, 1, 27, 28, 3, 2, 6, 5, 29, 30, 7, 8, 11, 10, 9, 31, 32, 33, 34, 13, 12, 14, 20, 19, 18, 17, 15, 
0, 35, 22, 23, 21, 24, 25, 26, 40, 41, 42, 38, 39, 37, 36, 1, 27, 28, 3, 2, 6, 5, 30, 29, 7, 8, 11, 10, 9, 31, 32, 33, 34, 13, 12, 14, 20, 19, 18, 17, 15, 16, 4, 
35, 22, 23, 21, 24, 25, 26, 40, 41, 42, 38, 39, 37, 36, 1, 27, 28, 3, 2, 6, 5, 29, 30, 7, 8, 11, 10, 9, 31, 32, 33, 34, 13, 12, 14, 20, 19, 18, 17, 15, 16, 4, 0, 
8, 11, 10, 9, 31, 32, 33, 34, 13, 12, 14, 20, 19, 18, 17, 15, 16, 4, 0, 35, 22, 23, 21, 24, 25, 26, 40, 41, 42, 38, 39, 37, 36, 1, 27, 28, 3, 2, 7, 5, 29, 30, 6, 
20, 19, 18, 17, 15, 16, 4, 0, 35, 22, 23, 21, 24, 25, 26, 40, 41, 42, 38, 39, 37, 36, 1, 27, 28, 3, 2, 6, 7, 29, 30, 5, 8, 11, 10, 9, 31, 32, 33, 34, 13, 12, 14, 
9, 31, 32, 33, 34, 13, 12, 14, 20, 19, 18, 17, 15, 16, 4, 0, 35, 22, 23, 21, 24, 25, 26, 40, 41, 42, 38, 39, 37, 36, 1, 27, 28, 3, 2, 6, 5, 29, 30, 7, 8, 11, 10, 
33, 34, 13, 12, 14, 20, 19, 18, 17, 15, 16, 4, 0, 35, 22, 23, 21, 24, 25, 26, 40, 41, 42, 38, 39, 37, 36, 1, 27, 28, 3, 2, 6, 5, 29, 30, 7, 8, 11, 10, 9, 31, 32, 
13, 12, 14, 20, 19, 18, 17, 15, 16, 4, 0, 35, 22, 23, 21, 24, 25, 26, 40, 41, 42, 38, 39, 37, 36, 1, 27, 28, 3, 2, 6, 5, 29, 30, 7, 8, 11, 10, 9, 31, 32, 33, 34, 
26, 40, 41, 42, 38, 39, 37, 36, 1, 27, 28, 3, 2, 6, 5, 29, 30, 7, 8, 11, 10, 9, 31, 32, 33, 34, 13, 12, 14, 20, 19, 18, 17, 15, 16, 4, 0, 35, 22, 23, 21, 24, 25, 
40, 41, 42, 38, 39, 37, 36, 1, 27, 28, 3, 2, 6, 5, 29, 30, 7, 8, 11, 10, 9, 31, 32, 33, 34, 13, 12, 14, 20, 19, 18, 17, 15, 16, 4, 0, 35, 22, 23, 21, 24, 25, 26, 
19, 18, 17, 15, 16, 4, 0, 35, 22, 23, 21, 24, 25, 26, 40, 41, 42, 38, 39, 37, 36, 1, 27, 28, 3, 2, 6, 5, 29, 30, 7, 8, 11, 10, 9, 31, 32, 33, 34, 13, 12, 14, 20, 
33, 32, 31, 9, 10, 11, 8, 5, 6, 2, 3, 28, 27, 1, 36, 37, 39, 38, 42, 41, 40, 26, 25, 24, 21, 23, 22, 35, 0, 4, 16, 15, 17, 18, 19, 20, 14, 12, 13, 34, 7, 29, 30, 
1, 27, 28, 3, 2, 6, 5, 29, 30, 7, 8, 11, 10, 9, 31, 32, 33, 34, 13, 12, 14, 20, 19, 18, 17, 15, 16, 4, 0, 35, 22, 23, 21, 24, 25, 26, 40, 41, 42, 38, 39, 37, 36, 
23, 22, 21, 24, 25, 26, 40, 41, 42, 38, 39, 37, 36, 1, 27, 28, 3, 2, 6, 5, 29, 30, 7, 8, 11, 10, 9, 31, 32, 33, 34, 13, 12, 14, 20, 19, 18, 17, 15, 16, 4, 0, 35, 
11, 10, 9, 31, 32, 33, 34, 13, 12, 14, 20, 19, 18, 17, 15, 16, 4, 0, 35, 22, 23, 21, 24, 25, 26, 40, 41, 42, 38, 39, 37, 36, 1, 27, 28, 3, 2, 6, 5, 29, 30, 7, 8, 
22, 23, 21, 24, 25, 26, 40, 41, 42, 38, 39, 37, 36, 1, 27, 28, 3, 2, 6, 5, 29, 30, 7, 8, 11, 10, 9, 31, 32, 33, 34, 13, 12, 14, 20, 19, 18, 17, 15, 16, 4, 0, 35, 
28, 3, 2, 6, 5, 29, 30, 7, 8, 11, 10, 9, 31, 32, 33, 34, 13, 12, 14, 20, 19, 18, 17, 15, 16, 4, 0, 35, 22, 23, 21, 24, 25, 26, 40, 41, 42, 38, 39, 37, 36, 1, 27, 
37, 36, 1, 27, 28, 3, 2, 6, 5, 29, 30, 7, 8, 11, 10, 9, 31, 32, 33, 34, 13, 12, 14, 20, 19, 18, 17, 15, 16, 4, 0, 35, 23, 22, 21, 24, 25, 26, 40, 41, 42, 38, 39, 
39, 37, 36, 1, 27, 28, 3, 2, 6, 7, 29, 30, 5, 8, 11, 10, 9, 31, 32, 33, 34, 13, 12, 14, 20, 19, 18, 17, 15, 16, 4, 0, 35, 22, 23, 21, 24, 25, 26, 40, 41, 42, 38, 
16, 4, 0, 35, 22, 23, 21, 24, 25, 26, 40, 41, 42, 38, 39, 37, 36, 1, 27, 28, 3, 2, 6, 7, 29, 30, 5, 8, 11, 10, 9, 31, 32, 33, 34, 13, 12, 14, 20, 19, 18, 17, 15, 
16, 4, 0, 35, 22, 23, 21, 24, 25, 26, 40, 41, 42, 38, 39, 37, 36, 1, 27, 28, 3, 2, 6, 5, 29, 30, 7, 8, 11, 10, 9, 31, 32, 33, 34, 13, 12, 14, 20, 19, 18, 17, 15, 
8, 11, 10, 9, 31, 32, 33, 34, 13, 12, 14, 20, 19, 18, 17, 15, 16, 4, 0, 35, 23, 22, 21, 24, 25, 26, 40, 41, 42, 38, 39, 37, 36, 1, 27, 28, 3, 2, 6, 7, 29, 30, 5, 
19, 18, 17, 15, 16, 4, 0, 35, 22, 23, 21, 24, 25, 26, 40, 41, 42, 38, 39, 37, 36, 1, 27, 28, 3, 2, 6, 5, 29, 30, 7, 8, 11, 10, 9, 31, 32, 33, 34, 13, 12, 14, 20, 
31, 32, 33, 34, 13, 12, 14, 20, 19, 18, 17, 15, 16, 4, 0, 35, 23, 22, 21, 24, 25, 26, 40, 41, 42, 38, 39, 37, 36, 1, 27, 28, 3, 2, 6, 5, 29, 30, 7, 8, 11, 10, 9, 
37, 36, 1, 27, 28, 3, 2, 6, 5, 29, 30, 7, 8, 11, 10, 9, 31, 32, 33, 34, 13, 12, 14, 20, 19, 18, 17, 15, 16, 4, 0, 35, 22, 23, 21, 24, 25, 26, 40, 41, 42, 38, 39, 
38, 39, 37, 36, 1, 27, 28, 3, 2, 6, 29, 5, 30, 7, 8, 11, 10, 9, 31, 32, 33, 34, 13, 12, 14, 20, 19, 18, 17, 15, 16, 4, 0, 35, 23, 22, 21, 24, 25, 26, 40, 41, 42, 
29, 5, 30, 7, 8, 11, 10, 9, 31, 32, 33, 34, 13, 12, 14, 20, 19, 18, 17, 15, 16, 4, 0, 35, 22, 23, 21, 24, 25, 26, 40, 41, 42, 38, 39, 37, 36, 1, 27, 28, 3, 2, 6, 
38, 39, 37, 36, 1, 27, 28, 3, 2, 6, 29, 5, 30, 7, 8, 11, 10, 9, 31, 32, 33, 34, 13, 12, 14, 20, 19, 18, 17, 15, 16, 4, 0, 35, 22, 23, 21, 24, 25, 26, 40, 41, 42, 
38, 39, 37, 36, 1, 27, 28, 3, 2, 6, 29, 5, 30, 7, 8, 11, 10, 9, 31, 32, 33, 34, 13, 12, 14, 20, 19, 18, 17, 15, 16, 4, 0, 35, 23, 22, 21, 24, 25, 26, 40, 41, 42, 
11, 10, 9, 31, 32, 33, 34, 13, 12, 14, 20, 19, 18, 17, 15, 16, 4, 0, 35, 22, 23, 21, 24, 25, 26, 40, 41, 42, 38, 39, 37, 36, 1, 27, 28, 3, 2, 6, 29, 5, 30, 7, 8, 
15, 16, 4, 0, 35, 22, 23, 21, 24, 25, 26, 40, 41, 42, 38, 39, 37, 36, 1, 27, 28, 3, 2, 32, 5, 29, 30, 7, 8, 11, 10, 9, 31, 6, 33, 34, 13, 12, 14, 20, 19, 18, 17, 
33, 32, 31, 9, 10, 11, 8, 7, 30, 29, 3, 6, 2, 5, 28, 27, 1, 36, 37, 39, 38, 42, 41, 40, 26, 25, 24, 21, 23, 22, 35, 0, 4, 16, 15, 17, 18, 19, 20, 14, 12, 13, 34, 
10, 11, 8, 27, 30, 29, 5, 6, 2, 3, 28, 7, 1, 36, 37, 39, 38, 42, 41, 40, 26, 25, 24, 21, 23, 22, 35, 0, 4, 16, 15, 17, 18, 19, 20, 14, 12, 13, 34, 33, 32, 31, 9, 
18, 19, 20, 14, 12, 13, 34, 33, 32, 31, 9, 10, 11, 8, 7, 6, 2, 3, 28, 27, 1, 36, 37, 39, 38, 42, 41, 40, 26, 25, 24, 21, 23, 22, 35, 0, 4, 16, 15, 17, 30, 29, 5, 
14, 12, 13, 34, 33, 32, 31, 9, 10, 11, 8, 5, 30, 29, 7, 6, 2, 3, 28, 27, 1, 36, 37, 39, 38, 42, 41, 40, 26, 25, 24, 21, 23, 22, 35, 0, 4, 16, 15, 19, 18, 17, 20, 
33, 32, 31, 9, 11, 10, 8, 7, 3, 30, 5, 6, 2, 29, 28, 27, 1, 36, 37, 39, 38, 42, 41, 40, 26, 25, 24, 21, 23, 22, 35, 0, 4, 16, 15, 17, 18, 19, 20, 14, 12, 13, 34, 
15, 17, 18, 19, 20, 14, 12, 13, 34, 33, 32, 31, 9, 10, 11, 8, 7, 30, 5, 6, 2, 3, 28, 27, 1, 36, 37, 39, 38, 42, 40, 41, 26, 25, 24, 21, 23, 22, 35, 0, 4, 16, 29, 
41, 42, 38, 39, 37, 36, 1, 27, 28, 3, 2, 6, 5, 29, 9, 7, 8, 11, 10, 30, 31, 32, 33, 34, 13, 12, 14, 20, 19, 18, 17, 15, 16, 4, 0, 35, 22, 23, 21, 24, 25, 26, 40, 
12, 14, 20, 19, 18, 17, 15, 5, 6, 2, 3, 28, 27, 1, 36, 37, 39, 38, 42, 41, 40, 26, 25, 24, 21, 23, 22, 35, 0, 4, 16, 29, 30, 7, 8, 11, 10, 9, 31, 32, 33, 34, 13, 
18, 17, 15, 16, 4, 0, 35, 22, 23, 21, 24, 25, 26, 40, 41, 42, 38, 39, 37, 36, 1, 27, 28, 3, 2, 6, 5, 10, 30, 7, 8, 11, 29, 9, 31, 32, 33, 34, 13, 12, 14, 20, 19, 
3, 28, 24, 21, 23, 22, 35, 0, 4, 16, 15, 17, 18, 19, 20, 14, 12, 13, 34, 33, 32, 31, 9, 10, 11, 8, 7, 30, 29, 5, 6, 2, 25, 26, 40, 41, 42, 38, 39, 37, 36, 1, 27, 
4, 0, 36, 23, 22, 21, 24, 25, 26, 40, 41, 42, 38, 39, 37, 35, 1, 27, 28, 3, 2, 6, 5, 29, 30, 7, 8, 11, 10, 9, 31, 32, 33, 34, 13, 12, 14, 20, 19, 18, 17, 15, 16, 
17, 18, 19, 20, 14, 12, 13, 34, 33, 32, 31, 9, 11, 8, 7, 30, 5, 6, 2, 3, 28, 27, 1, 36, 37, 39, 38, 42, 41, 40, 26, 25, 24, 21, 23, 22, 35, 0, 4, 16, 15, 10, 29, 
28, 3, 2, 6, 16, 29, 30, 7, 8, 11, 10, 9, 31, 32, 33, 34, 13, 12, 14, 20, 19, 18, 17, 15, 5, 4, 0, 35, 22, 23, 21, 24, 25, 26, 40, 41, 42, 38, 39, 37, 36, 1, 27, 
12, 14, 20, 19, 18, 17, 15, 16, 4, 0, 35, 22, 23, 21, 24, 25, 26, 40, 41, 42, 38, 39, 37, 7, 1, 27, 28, 3, 2, 6, 36, 29, 30, 5, 8, 11, 10, 9, 31, 32, 33, 34, 13, 
10, 3, 8, 7, 30, 29, 5, 6, 2, 11, 28, 27, 1, 36, 37, 39, 38, 42, 41, 40, 26, 25, 24, 21, 23, 22, 35, 0, 4, 16, 15, 17, 18, 19, 20, 14, 12, 13, 34, 33, 32, 31, 9, 
11, 10, 9, 31, 32, 33, 34, 13, 12, 14, 20, 19, 18, 17, 15, 16, 4, 0, 35, 22, 23, 21, 24, 25, 26, 41, 40, 42, 38, 39, 37, 36, 28, 3, 2, 6, 5, 29, 30, 7, 8, 1, 27, 
27, 28, 3, 2, 6, 5, 29, 30, 7, 8, 11, 10, 9, 31, 32, 33, 34, 13, 12, 14, 20, 19, 18, 17, 15, 36, 4, 0, 35, 22, 23, 21, 24, 25, 26, 40, 41, 42, 38, 39, 37, 16, 1, 
36, 31, 32, 33, 34, 13, 12, 14, 20, 19, 18, 17, 15, 16, 4, 0, 35, 22, 23, 21, 24, 25, 26, 41, 40, 42, 38, 39, 37, 11, 10, 9, 5, 29, 30, 7, 8, 27, 28, 3, 2, 6, 1, 
38, 39, 37, 36, 1, 27, 28, 3, 2, 6, 5, 29, 30, 7, 8, 11, 10, 9, 31, 32, 33, 34, 15, 12, 14, 20, 19, 18, 17, 13, 16, 4, 0, 35, 22, 23, 21, 24, 25, 26, 40, 41, 42, 
14, 12, 13, 34, 33, 32, 31, 9, 10, 11, 8, 7, 30, 29, 5, 25, 2, 3, 28, 27, 1, 36, 37, 39, 38, 42, 41, 40, 26, 6, 24, 21, 23, 22, 35, 0, 4, 16, 15, 17, 18, 19, 20, 
4, 16, 15, 26, 18, 19, 20, 14, 12, 13, 34, 33, 32, 31, 9, 10, 11, 8, 7, 30, 29, 5, 6, 2, 3, 28, 27, 1, 36, 37, 39, 38, 42, 41, 40, 17, 25, 24, 21, 23, 22, 35, 0, 
5, 8, 11, 10, 9, 31, 32, 33, 34, 13, 12, 14, 20, 19, 18, 17, 15, 16, 4, 0, 35, 22, 23, 21, 36, 25, 26, 40, 41, 42, 38, 39, 37, 24, 1, 27, 28, 3, 2, 6, 7, 29, 30, 
4, 16, 15, 17, 18, 19, 20, 14, 12, 13, 34, 33, 32, 31, 9, 10, 11, 25, 7, 30, 29, 5, 6, 2, 3, 28, 27, 1, 36, 37, 39, 38, 42, 41, 40, 26, 8, 24, 21, 23, 22, 35, 0, 
4, 16, 15, 17, 18, 19, 20, 14, 12, 13, 34, 33, 32, 25, 9, 10, 11, 8, 7, 30, 29, 5, 6, 2, 3, 28, 27, 1, 36, 37, 39, 38, 42, 41, 40, 26, 31, 24, 21, 23, 22, 35, 0, 
35, 0, 4, 16, 15, 17, 18, 19, 20, 14, 12, 13, 34, 33, 32, 31, 9, 10, 11, 8, 7, 30, 5, 6, 2, 3, 28, 27, 1, 36, 37, 39, 38, 42, 41, 40, 26, 25, 24, 21, 23, 22, 29, 
42, 38, 39, 37, 36, 1, 27, 28, 3, 2, 6, 5, 29, 30, 7, 8, 11, 10, 24, 31, 32, 33, 34, 13, 12, 14, 20, 19, 18, 17, 15, 16, 4, 0, 35, 22, 23, 21, 9, 25, 26, 40, 41, 
22, 23, 21, 24, 25, 26, 40, 41, 42, 38, 39, 37, 36, 1, 27, 28, 3, 2, 6, 5, 29, 19, 7, 8, 11, 10, 9, 31, 32, 33, 34, 13, 12, 14, 20, 30, 18, 17, 15, 16, 4, 0, 35, 
3, 2, 6, 5, 29, 30, 7, 8, 11, 10, 9, 31, 32, 33, 19, 13, 12, 14, 20, 34, 18, 17, 15, 16, 4, 0, 35, 22, 23, 21, 24, 25, 26, 41, 40, 42, 39, 38, 37, 36, 1, 27, 28, 
32, 33, 34, 13, 12, 37, 20, 19, 18, 17, 15, 16, 4, 0, 35, 22, 23, 21, 24, 25, 26, 40, 41, 42, 38, 39, 14, 36, 1, 27, 28, 3, 2, 6, 5, 29, 30, 7, 8, 11, 10, 9, 31, 
14, 4, 13, 34, 33, 32, 31, 9, 10, 8, 11, 7, 30, 29, 5, 6, 2, 3, 28, 27, 1, 36, 37, 39, 38, 42, 41, 40, 26, 25, 24, 21, 22, 23, 35, 0, 12, 16, 15, 20, 18, 19, 17, 
27, 28, 3, 2, 6, 5, 29, 30, 7, 8, 11, 10, 9, 31, 32, 33, 34, 13, 12, 14, 15, 16, 4, 0, 35, 22, 23, 21, 24, 25, 26, 40, 41, 42, 38, 39, 37, 36, 1, 18, 17, 19, 20, 
14, 12, 13, 34, 33, 32, 31, 9, 10, 11, 23, 5, 30, 29, 7, 6, 2, 3, 28, 27, 1, 36, 37, 39, 38, 42, 41, 40, 26, 25, 24, 21, 8, 22, 35, 0, 4, 16, 15, 17, 18, 19, 20, 
16, 4, 33, 35, 22, 23, 21, 24, 25, 26, 40, 41, 42, 38, 39, 37, 36, 1, 27, 28, 3, 2, 6, 5, 29, 30, 7, 8, 11, 10, 9, 31, 32, 0, 34, 13, 12, 14, 20, 19, 18, 17, 15, 
7, 8, 11, 10, 9, 31, 32, 33, 34, 13, 12, 14, 20, 19, 18, 17, 15, 16, 4, 26, 35, 22, 23, 21, 24, 25, 0, 40, 41, 42, 38, 39, 37, 36, 1, 27, 28, 3, 2, 6, 5, 30, 29, 
28, 3, 2, 6, 5, 29, 30, 7, 8, 11, 10, 9, 31, 32, 33, 34, 13, 12, 14, 20, 19, 18, 17, 15, 22, 4, 0, 35, 16, 23, 21, 24, 25, 26, 40, 41, 42, 38, 39, 37, 36, 1, 27, 
27, 12, 13, 34, 33, 32, 31, 26, 10, 11, 8, 7, 30, 29, 5, 6, 2, 3, 28, 14, 1, 36, 37, 39, 38, 42, 41, 40, 9, 25, 24, 21, 22, 4, 35, 0, 23, 16, 15, 17, 18, 19, 20, 
14, 12, 13, 34, 33, 32, 31, 9, 10, 11, 8, 7, 30, 29, 5, 6, 2, 3, 28, 27, 1, 36, 37, 39, 38, 42, 41, 40, 26, 25, 24, 21, 23, 22, 35, 17, 4, 16, 15, 0, 18, 19, 20, 
Tiempo de ejecucion (total): 36.076
Best fitness a lo largo del tiempo: 
16977, 12320, 6929, 6675, 6557, 6383, 6377, 6212, 6206, 6164, 6104, 6099, 6068, 6028, 6028, 5971, 5971, 5971, 5956, 5956, 5929, 5926, 5917, 5917, 5917, 5917, 5912, 5890, 5872, 5864, 5858, 5839, 5839, 5834, 5803, 5803, 5803, 5793, 5793, 5793, 5793, 5793, 5793, 5777, 5777, 5777, 5777, 5775, 5775, 5773, 5749, 5749, 5749, 5740, 5740, 5740, 5736, 5736, 5722, 5722, 5722, 5722, 5722, 5722, 5718, 5714, 5714, 5714, 5714, 5713, 5713, 5712, 5712, 5711, 5711, 5711, 5711, 5711, 5705, 5705, 5705, 5703, 5703, 5703, 5693, 5693, 5693, 5693, 5693, 5693, 5693, 5693, 5692, 5692, 5692, 5687, 5687, 5686, 5686, 5686, 5686, 5686, 5686, 5686, 5686, 5686, 5686, 5686, 5686, 5686, 5686, 5686, 5686, 5686, 5686, 5686, 5686, 5686, 5686, 5686, 5686, 5682, 5682, 5682, 5682, 5682, 5682, 5682, 5682, 5682, 5682, 5682, 5682, 5682, 5682, 5680, 5680, 5674, 5674, 5674, 5674, 5674, 5674, 5672, 5672, 5672, 5672, 5672, 5672, 5672, 5672, 5672, 5672, 5672, 5672, 5672, 5672, 5671, 5671, 5671, 5671, 5671, 5671, 5671, 5671, 5671, 5671, 5671, 5671, 5671, 5671, 5671, 5671, 5671, 5671, 5671, 5671, 5671, 5671, 5671, 5671, 5671, 5671, 5671, 5671, 5671, 5671, 5671, 5671, 5671, 5671, 5671, 5671, 5671, 5671, 5671, 5671, 5671, 5671, 5671, 5671, 5671, 5671, 5671, 5671, 5671, 5671, 5671, 5671, 5671, 5671, 5671, 5671, 5671, 5671, 5671, 5671, 5671, 5671, 5671, 5671, 5671, 5671, 5671, 5671, 5671, 5671, 5671, 5671, 5671, 5671, 5671, 5671, 5671, 5671, 5671, 5671, 5671, 5671, 5671, 5671, 5671, 5671, 5671, 5671, 5671, 5671, 5671, 5671, 5671, 5671, 5671, 5671, 5671, 5671, 5671, 5671, 5671, 5671, 5671, 5671, 5671, 5671, 5671, 5671, 5671, 5671, 5671, 5671, 5671, 5671, 5671, 5671, 5671, 5671, 5671, 5671, 5671, 5671, 5671, 5671, 5671, 5671, 5671, 5671, 5671, 5671, 5671, 5671, 5671, 5664, 5664, 5664, 5664, 5664, 5651, 5651, 5651, 5651, 5651, 5651, 5651, 5651, 5651, 5649, 5649, 5649, 5649, 5649, 5649, 5649, 5649, 5649, 5649, 5649, 5649, 5649, 5649, 5649, 5649, 5649, 5649, 5649, 5649, 5649, 5649, 5649, 5649, 5649, 5649, 5649, 5649, 5649, 5649, 5649, 5649, 5649, 5649, 5649, 5649, 5649, 5649, 5649, 5649, 5649, 5649, 5649, 5649, 5649, 5649, 5649, 5649, 5649, 5649, 5649, 5649, 5649, 5649, 5649, 5649, 5649, 5649, 5649, 5649, 5649, 5649, 5649, 5649, 5649, 5649, 5649, 5649, 5649, 5649, 5649, 5649, 5649, 5649, 5649, 5649, 5649, 5649, 5649, 5649, 5649, 5649, 5649, 5649, 5649, 5649, 5649, 5643, 5643, 5643, 5643, 5643, 5643, 5643, 5643, 5643, 5643, 5643, 5643, 5643, 5643, 5643, 5643, 5643, 5643, 5643, 5643, 5643, 5643, 5643, 5643, 5643, 5643, 5643, 5643, 5643, 5643, 5643, 5643, 5643, 5643, 5643, 5643, 5643, 5643, 5643, 5643, 5643, 5643, 5643, 5643, 5643, 5643, 5643, 5643, 5642, 5642, 5642, 5642, 5642, 5642, 5642, 5642, 5642, 5640, 5640, 5640, 5638, 5638, 5638, 5638, 5638, 5638, 5638, 5638, 5638, 5638, 5638, 5638, 5638, 5638, 5638, 5638, 5638, 5638, 5638, 5638, 5638, 5638, 5638, 5638, 5638, 5638, 5638, 5638, 5638, 5638, 5638, 5638, 5638, 5638, 5638, 5638, 5638, 5638, 5638, 5638, 5638, 5638, 5638, 5638, 5638, 5638, 5638, 5638, 5638, 5638, 5638, 5638, 5638, 5638, 5638, 5638, 5638, 5638, 5638, 5638, 5638, 5638, 5638, 5638, 5638, 5638, 5638, 5638, 5638, 5638, 5638, 5638, 5638, 5638, 5638, 5638, 5638, 5638, 5638, 5638, 5638, 5638, 5638, 5638, 5638, 5638, 5638, 5638, 5638, 5638, 5638, 5638, 5638, 5638, 5638, 5638, 5638, 5638, 5638, 5638, 5638, 5638, 5638, 5638, 5638, 5638, 5638, 5638, 5638, 5638, 5638, 5638, 5638, 5638, 5638, 5638, 5638, 5638, 5638, 5638, 5638, 5638, 5638, 5638, 5638, 5638, 5638, 5638, 5638, 5638, 5638, 5638, 5638, 5638, 5638, 5638, 5638, 5638, 5638, 5638, 5638, 5638, 5638, 5638, 5638, 5638, 5638, 5638, 5638, 5638, 5638, 5638, 5638, 5638, 5638, 5638, 5638, 5638, 5638, 5638, 5638, 5638, 5638, 5638, 5638, 5638, 5638, 5638, 5638, 5638, 5638, 5638, 5638, 5638, 5638, 5638, 5638, 5638, 5638, 5638, 5638, 5638, 5638, 5638, 5638, 5638, 5638, 5638, 5638, 5638, 5638, 5638, 5638, 5638, 5638, 5638, 5631, 5631, 5631, 5631, 5631, 5631, 5631, 5631, 5631, 5631, 5631, 5631, 5631, 5631, 5631, 5631, 5631, 5631, 5631, 5631, 5631, 5631, 5631, 5631, 5631, 5631, 5631, 5631, 5631, 5631, 5631, 5631, 5631, 5631, 5631, 5631, 5631, 5631, 5631, 5631, 5631, 5631, 5631, 5631, 5631, 5631, 5631, 5631, 5631, 5631, 5631, 5631, 5631, 5631, 5631, 5631, 5631, 5631, 5631, 5631, 5631, 5631, 5631, 5631, 5631, 5631, 5631, 5631, 5631, 5631, 5631, 5631, 5631, 5631, 5631, 5631, 5631, 5631, 5631, 5631, 5631, 5631, 5631, 5631, 5631, 5631, 5631, 5631, 5631, 5631, 5631, 5631, 5631, 5631, 5631, 5631, 5631, 5631, 5631, 5631, 5631, 5631, 5631, 5631, 5631, 5631, 5631, 5631, 5631, 5631, 5631, 5631, 5631, 5631, 5631, 5631, 5631, 5631, 5631, 5631, 5631, 5631, 5631, 5631, 5631, 5631, 5631, 5631, 5631, 5631, 5631, 5631, 5631, 5631, 5631, 5631, 5631, 5631, 5631, 5631, 5631, 5631, 5631, 5631, 5631, 5631, 5631, 5631, 5631, 5631, 5631, 5631, 5631, 5631, 5631, 5631, 5631, 5631, 5631, 5631, 5631, 5631, 5631, 5631, 5631, 5631, 5631, 5631, 5631, 5629, 5629, 5629, 5629, 5629, 5629, 5629, 5629, 5629, 5629, 5629, 5629, 5629, 5629, 5629, 5629, 5629, 5629, 5629, 5629, 5629, 5629, 5629, 5629, 5629, 5629, 5629, 5629, 5629, 5629, 5629, 5629, 5629, 5629, 5629, 5629, 5629, 5629, 5629, 5629, 5629, 5629, 5629, 5629, 5629, 5629, 5629, 5629, 5629, 5629, 5629, 5629, 5629, 5629, 5629, 5629, 5629, 5629, 5629, 5629, 5629, 5629, 5629, 5629, 5629, 5629, 5629, 5629, 5629, 5629, 5629, 5629, 5629, 5629, 5629, 5629, 5629, 5629, 5629, 5629, 5629, 5629, 5629, 5629, 5629, 5629, 5629, 5629, 5629, 5629, 5629, 5629, 5629, 5629, 5629, 5629, 5629, 5629, 5629, 5629, 5629, 5629, 5629, 5629, 5629, 5629, 5629, 5629, 5629, 5629, 5629, 5629, 5629, 5629, 5629, 5629, 5629, 5629, 5629, 5629, 5629, 5629, 5629, 5629, 5629, 5629, 5629, 5629, 5629, 5629, 5629, 5629, 5629, 5629, 5629, 5629, 5629, 5629, 5629, 5629, 5629, 5629, 5629, 5629, 5629, 5629, 5629, 5629, 5629, 5629, 5629, 5629, 5629, 5629, 5629, 5629, 5629, 5629, 5629, 5629, 5629, 5629, 5629, 5629, 5629, 5629, 5629, 5629, 5629, 5629, 5629, 5629, 5629, 5629, 5629, 5629, 5629, 5629, 5629, 5629, 5629, 5629, 5629, 5629, 5629, 5629, 5629, 5629, 5629, 5629, 5629, 5629, 5629, 5629, 5629, 5629, 5629, 5629, 5629, 5629, 5629, 5629, 5629, 5629, 5629, 5629, 5629, 5629, 5629, 5629, 5629, 5629, 5629, 5629, 5629, 5629, 5629, 5629, 5629, 5629, 5629, 5629, 5629, 5629, 5629, 5629, 5629, 5629, 5629, 5629, 5629, 5629, 5629, 5629, 5629, 5629, 5629, 5629, 5629, 5629, 5629, 5629, 5629, 5629, 5629, 5629, 5629, 5629, 5629, 5629, 5629, 5629, 5629, 5629, 5629, 5629, 5629, 5629, 5629, 5629, 5629, 5629, 5629, 5629, 5629, 5629, 5629, 5629, 5629, 5629, 5629, 5629, 5629, 5629, 5629, 5629, 5629, 5629, 5629, 5629, 5629, 5629, 5629, 5629, 5629, 5629, 5629, 5629, 5629, 5629, 5629, 5629, 5629, 5629, 5629, 5629, 5629, 5629, 5629, 5629, 5629, 5629, 5629, 5629, 5629, 5629, 5629, 5629, 5629, 5629, 5629, 5629, 5629, 5629, 5629, 5629, 5629, 5629, 5629, 5629, 5629, 5629, 5629, 5629, 5629, 5629, 5629, 5629, 5629, 5629, 5629, 5629, 5629, 5629, 5629, 5629, 5629, 5629, 5629, 5629, 5629, 5629, 5629, 5629, 5629, 5629, 5629, 5629, 5629, 5629, 5629, 5629, 5629, 5629, 5629, 5629, 5629, 5629, 5629, 5629, 5629, 5629, 5629, 5629, 5629, 5629, 5629, 5629, 5629, 5629, 5629, 5629, 5629, 5629, 5629, 5629, 5629, 5629, 5629, 5629, 5629, 5629, 5629, 5629, 5629, 5629, 5629, 5629, 5629, 5629, 5629, 5629, 5629, 5629, 5629, 5629, 5629, 5629, 5629, 5629, 5629, 5629, 5629, 5629, 5629, 5629, 5629, 5629, 5629, 5629, 5629, 5629, 5629, 5629, 5629, 5629, 5629, 5629, 5629, 5629, 5629, 5629, 5629, 5629, 5629, 5629, 5629, 5629, 5629, 5629, 5629, 5629, 5629, 5629, 5629, 5629, 5629, 5629, 5629, 5629, 5629, 5629, 5629, 5629, 5629, 5629, 5629, 5629, 5629, 5629, 5629, 5629, 5629, 5629, 5629, 5629, 5629, 5629, 5629, 5629, 5629, 5629, 5629, 5629, 5629, 5629, 5629, 5629, 5629, 5629, 5629, 5629, 5629, 5629, 5629, 5629, 5629, 5629, 5629, 5629, 5629, 5629, 5629, 5629, 5629, 5629, 5629, 5629, 5629, 5629, 5629, 5629, 5629, 5629, 5629, 5629, 5629, 5629, 5629, 5629, 5629, 5629, 5629, 5629, 5629, 5629, 5629, 5629, 5629, 5629, 5629, 5629, 5629, 5629, 5629, 5629, 5629, 5629, 5629, 5629, 5629, 5629, 5629, 5629, 5629, 5629, 5629, 5629, 5629, 5629, 5629, 5629, 5629, 5629, 5629, 5629, 5629, 5629, 5629, 5629, 5629, 5629, 5629, 5629, 5629, 5629, 5629, 5629, 5629, 5629, 5629, 5629, 5629, 5629, 5629, 5629, 5629, 5629, 5629, 5629, 5629, 5629, 5629, 5629, 5629, 5629, 5629, 5629, 5629, 5629, 5629, 5629, 5629, 5629, 5629, 5629, 5629, 5629, 5629, 5629, 5629, 5629, 5629, 5629, 5629, 5629, 5629, 5629, 5629, 5629, 5629, 5629, 5629, 5629, 5629, 5629, 5629, 5629, 5629, 5629, 5629, 5629, 5629, 5629, 5629, 5629, 5629, 5629, 5629, 5629, 5629, 5629, 5629, 5629, 5629, 5629, 5629, 5629, 5629, 5629, 5629, 5629, 5629, 5629, 5629, 5629, 5629, 5629, 5629, 5629, 5629, 5629, 5629, 5629, 5629, 5629, 5629, 5629, 5629, 5629, 5629, 5629, 5629, 5629, 5629, 5629, 5629, 5629, 5629, 5629, 5629, 5629, 5629, 5629, 5629, 5629, 5629, 5629, 5629, 5629, 5629, 5629, 5629, 5629, 5629, 5629, 5629, 5629, 5629, 5629, 5629, 5629, 5629, 5629, 5629, 5629, 5629, 5629, 5629, 5629, 5629, 5629, 5629, 5629, 5629, 5629, 5629, 5629, 5629, 5629, 5629, 5629, 5629, 5629, 5629, 5629, 5629, 5629, 5629, 5629, 5629, 5629, 5629, 5629, 5629, 5629, 5629, 5629, 5629, 5629, 5629, 5629, 5629, 5629, 5629, 5629, 5629, 5629, 5629, 5629, 5629, 5629, 5629, 5629, 5629, 5629, 5629, 5629, 5629, 5629, 5629, 5629, 5629, 5629, 5629, 5629, 5629, 5629, 5629, 5629, 5629, 5629, 5629, 5629, 5629, 5629, 5629, 5629, 5629, 5629, 5629, 5629, 5629, 5629, 5629, 5629, 5629, 5629, 5629, 5629, 5629, 5629, 5629, 5629, 5629, 5629, 5629, 5629, 5629, 5629, 5629, 5629, 5629, 5629, 5629, 5629, 5629, 5629, 5629, 5629, 5629, 5629, 5629, 5629, 5629, 5629, 5629, 5629, 5629, 5629, 5629, 5629, 5629, 5629, 5629, 5629, 5629, 5629, 5629, 5629, 5629, 5629, 5629, 5629, 5629, 5629, 5629, 5629, 5629, 5629, 5629, 5629, 5629, 5629, 5629, 5629, 5629, 5629, 5629, 5629, 5629, 5629, 5629, 5629, 5629, 5629, 5629, 5629, 5629, 5629, 5629, 5629, 5629, 5629, 5629, 5629, 5629, 5629, 5629, 5629, 5629, 5629, 5629, 5629, 5629, 5629, 5629, 5629, 5629, 5629, 5629, 5629, 5629, 5629, 5629, 5629, 5629, 5629, 5629, 5629, 5629, 5629, 5629, 5629, 5629, 5629, 5629, 5629, 5629, 5629, 5629, 5629, 5629, 5629, 5629, 5629, 5629, 5629, 5629, 5629, 5629, 5629, 5629, 5629, 5629, 5629, 5629, 5629, 5629, 5629, 5629, 5629, 5629, 5629, 5629, 5629, 5629, 5629, 5629, 5629, 5629, 5629, 5629, 5629, 5629, 5629, 5629, 5629, 5629, 5629, 5629, 5629, 5629, 5629, 5629, 5629, 5629, 5629, 5629, 5629, 5629, 5629, 5629, 5629, 5629, 5629, 5629, 5629, 5629, 5629, 5629, 5629, 5629, 5629, 5629, 5629, 5629, 5629, 5629, 5629, 5629, 5629, 5629, 5629, 5629, 5629, 5629, 5629, 5629, 5629, 5629, 5629, 5629, 5629, 5629, 5629, 5629, 5629, 5629, 5629, 5629, 5629, 5629, 5629, 5629, 5629, 5629, 5629, 5629, 5629, 5629, 5629, 5629, 5629, 5629, 5629, 5629, 5629, 5629, 5629, 5629, 5629, 5629, 5629, 5629, 5629, 5629, 5629, 5629, 5629, 5629, 5629, 5629, 5629, 5629, 5629, 5629, 5629, 5629, 5629, 5629, 5629, 5629, 5629, 5629, 5629, 5629, 5629, 5629, 5629, 5629, 5629, 5629, 5629, 5629, 5629, 5629, 5629, 5629, 5629, 5629, 5629, 5629, 5629, 5629, 5629, 5629, 5629, 5629, 5629, 5629, 5629, 5629, 5629, 5629, 5629, 5629, 5629, 5629, 5629, 5629, 5629, 5629, 5629, 5629, 5629, 5629, 5629, 5629, 5629, 5629, 5629, 5629, 5629, 5629, 5629, 5629, 5629, 5629, 5629, 5629, 5629, 5629, 5629, 5629, 5629, 5629, 5629, 5629, 5629, 5629, 5629, 5629, 5629, 5629, 5629, 5629, 5629, 5629, 5629, 5629, 5629, 5629, 5629, 5629, 5629, 5629, 5629, 5629, 5629, 5629, 5629, 5629, 5629, 5629, 5629, 5629, 5629, 5629, 5629, 5629, 5629, 5629, 5629, 5629, 5629, 5629, 5629, 5629, 5629, 5629, 5629, 5629, 5629, 5629, 5629, 5629, 5629, 5629, 5629, 5629, 5629, 5629, 5629, 5629, 5629, 5629, 5629, 5629, 5629, 5629, 5629, 5629, 5629, 5629, 5629, 5629, 5629, 5629, 5629, 5629, 5629, 5629, 5629, 5629, 5629, 5629, 5629, 5629, 5629, 5629, 5629, 5629, 5629, 5629, 5629, 5629, 5629, 5629, 5629, 5629, 5629, 5629, 5629, 5629, 5629, 5629, 5629, 5629, 5629, 5629, 5629, 5629, 5629, 5629, 5629, 5629, 5629, 5629, 5629, 5629, 5629, 5629, 5629, 5629, 5629, 5629, 5629, 5629, 5629, 5629, 5629, 5629, 5629, 5629, 5629, 5629, 5629, 5629, 5629, 5629, 5629, 5629, 5629, 5629, 5629, 5629, 5629, 5629, 5629, 5629, 5629, 5629, 5629, 5629, 5629, 5629, 5629, 5629, 5629, 5629, 5629, 5629, 5629, 5629, 5629, 5629, 5629, 5629, 5629, 5629, 5629, 5629, 5629, 5629, 5629, 5629, 5629, 5629, 5629, 5629, 5629, 5629, 5629, 5629, 5629, 5629, 5629, 5629, 5629, 5629, 5629, 5629, 5629, 5629, 5629, 5629, 5629, 5629, 5629, 5629, 5629, 5629, 5629, 5629, 5629, 5629, 5629, 5629, 5629, 5629, 5629, 5629, 5629, 5629, 5629, 5629, 5629, 5629, 5629, 5629, 5629, 5629, 5629, 5629, 5629, 5629, 5629, 5629, 5629, 5629, 5629, 5629, 5629, 5629, 5629, 5629, 5629, 5629, 5629, 5629, 5629, 5629, 5629, 5629, 5629, 5629, 5629, 5629, 5629, 5629, 5629, 5629, 5629, 5629, 5629, 5629, 5629, 5629, 5629, 5629, 5629, 5629, 5629, 5629, 5629, 5629, 5629, 5629, 5629, 5629, 5629, 5629, 5629, 5629, 5629, 5629, 5629, 5629, 5629, 5629, 5629, 5629, 5629, 5629, 5629, 5629, 5629, 5629, 5629, 5629, 5629, 5629, 5629, 5629, 5629, 5629, 5629, 5629, 5629, 5629, 5629, 5629, 5629, 5629, 5629, 5629, 5629, 5629, 5629, 5629, 5629, 5629, 5629, 5629, 5629, 5629, 5629, 5629, 5629, 5629, 5629, 5629, 5629, 5629, 5629, 5629, 5629, 5629, 5629, 5629, 5629, 5629, 5629, 5629, 5629, 5629, 5629, 5629, 5629, 5629, 5629, 5629, 5629, 5629, 5629, 5629, 5629, 5629, 5629, 5629, 5629, 5629, 5629, 5629, 5629, 5629, 5629, 5629, 5629, 5629, 5629, 5629, 5629, 5629, 5629, 5629, 5629, 5629, 5629, 5629, 5629, 5629, 5629, 5629, 5629, 5629, 5629, 5629, 5629, 5629, 5629, 5629, 5629, 5629, 5629, 5629, 5629, 5629, 5629, 5629, 5629, 5629, 5629, 5629, 5629, 5629, 5629, 5629, 5629, 5629, 5629, 5629, 5629, 5629, 5629, 5629, 5629, 5629, 5629, 5629, 5629, 5629, 5629, 5629, 5629, 5629, 5629, 5629, 5629, 5629, 5629, 5629, 5629, 5629, 5629, 5629, 5629, 5629, 5629, 5629, 5629, 5629, 5629, 5629, 5629, 5629, 5629, 5629, 5629, 5629, 5629, 5629, 5629, 5629, 5629, 5629, 5629, 5629, 5629, 5629, 5629, 5629, 5629, 5629, 5629, 5629, 5629, 5629, 5629, 5629, 5629, 5629, 5629, 5629, 5629, 5629, 5629, 5629, 5629, 5629, 5629, 5629, 5629, 5629, 5629, 5629, 5629, 5629, 5629, 5629, 5629, 5629, 5629, 5629, 5629, 5629, 5629, 5629, 5629, 5629, 5629, 5629, 5629, 5629, 5629, 5629, 5629, 5629, 5629, 5629, 5629, 5629, 5629, 5629, 5629, 5629, 5629, 5629, 5629, 5629, 5629, 5629, 5629, 5629, 5629, 5629, 5629, 5629, 5629, 5629, 5629, 5629, 5629, 5629, 5629, 5629, 5629, 5629, 5629, 5629, 5629, 5629, 5629, 5629, 5629, 5629, 5629, 5629, 5629, 5629, 5629, 5629, 5629, 5629, 5629, 5629, 5629, 5629, 5629, 5629, 5629, 5629, 5629, 5629, 5629, 5629, 5629, 5629, 5629, 5629, 5629, 5629, 5629, 5629, 5629, 5629, 5629, 5629, 5629, 5629, 5629, 5629, 5629, 5629, 5629, 5629, 5629, 5629, 5629, 5629, 5629, 5629, 5629, 5629, 5629, 5629, 5629, 5629, 5629, 5629, 5629, 5629, 5629, 5629, 5629, 5629, 5629, 5629, 5629, 5629, 5629, 5629, 5629, 5629, 5629, 5629, 5629, 5629, 5629, 5629, 5629, 5629, 5629, 5629, 5629, 5629, 5629, 5629, 5629, 5629, 5629, 5629, 5629, 5629, 5629, 5629, 5629, 5629, 5629, 5629, 5629, 5629, 5629, 5629, 5629, 5629, 5629, 5629, 5629, 5629, 5629, 5629, 5629, 5629, 5629, 5629, 5629, 5629, 5629, 5629, 5629, 5629, 5629, 5629, 5629, 5629, 5629, 5629, 5629, 5629, 5629, 5629, 5629, 5629, 5629, 5629, 5629, 5629, 5629, 5629, 5629, 5629, 5629, 5629, 5629, 5629, 5629, 5629, 5629, 5629, 5629, 5629, 5629, 5629, 5629, 5629, 5629, 5629, 5629, 5629, 5629, 5629, 5629, 5629, 5629, 5629, 5629, 5629, 5629, 5629, 5629, 5629, 5629, 5629, 5629, 5629, 5629, 5629, 5629, 5629, 5629, 5629, 5629, 5629, 5629, 5629, 5629, 5629, 5629, 5629, 5629, 5629, 5629, 5629, 5629, 5629, 5629, 5629, 5629, 5629, 5629, 5629, 5629, 5629, 5629, 5629, 5629, 5629, 5629, 5629, 5629, 5629, 5629, 5629, 5629, 5629, 5629, 5629, 5629, 5629, 5629, 5629, 5629, 5629, 5629, 5629, 5629, 5629, 5629, 5629, 5629, 5629, 5629, 5629, 5629, 5629, 5629, 5629, 5629, 5629, 5629, 5629, 5629, 5629, 5629, 5629, 5629, 5629, 5629, 5629, 5629, 5629, 5629, 5629, 5629, 5629, 5629, 5629, 5629, 5629, 5629, 5629, 5629, 5629, 5629, 5629, 5629, 5629, 5629, 5629, 5629, 5629, 5629, 5629, 5629, 5629, 5629, 5629, 5629, 5629, 5629, 5629, 5629, 5629, 5629, 5629, 5629, 5629, 5629, 5629, 5629, 5629, 5629, 5629, 5629, 5629, 5629, 5629, 5629, 5629, 5629, 5629, 5629, 5629, 5629, 5629, 5629, 5629, 5629, 5629, 5629, 5629, 5629, 5629, 5629, 5629, 5629, 5629, 5629, 5629, 5629, 5629, 5629, 5629, 5629, 5629, 5629, 5629, 5629, 5629, 5629, 5629, 5629, 5629, 5629, 5629, 5629, 5629, 5629, 5629, 5629, 5629, 5629, 5629, 5629, 5629, 5629, 5629, 5629, 5629, 5629, 5629, 5629, 5629, 5629, 5629, 5629, 5629, 5629, 5629, 5629, 5629, 5629, 5629, 5629, 5629, 5629, 5629, 5629, 5629, 5629, 5629, 5629, 5629, 5629, 5629, 5629, 5629, 5629, 5629, 5629, 5629, 5629, 5629, 5629, 5629, 5629, 5629, 5629, 5629, 5629, 5629, 5629, 5629, 5629, 5629, 5629, 5629, 5629, 5629, 5629, 5629, 5629, 5629, 5629, 5629, 5629, 5629, 5629, 5629, 5629, 5629, 5629, 5629, 5629, 5629, 5629, 5629, 5629, 5629, 5629, 5629, 5629, 5629, 5629, 5629, 5629, 5629, 5629, 5629, 5629, 5629, 5629, 5629, 5629, 5629, 5629, 5629, 5629, 5629, 5629, 5629, 5629, 5629, 5629, 5629, 5629, 5629, 5629, 5629, 5629, 5629, 5629, 5629, 5629, 5629, 5629, 5629, 5629, 5629, 5629, 5629, 5629, 5629, 5629, 5629, 5629, 5629, 5629, 5629, 5629, 5629, 5629, 5629, 5629, 5629, 5629, 5629, 5629, 5629, 5629, 5629, 5629, 5629, 5629, 5629, 5629, 5629, 5629, 5629, 5629, 5629, 5629, 5629, 5629, 5629, 5629, 5629, 5629, 5629, 5629, 5629, 5629, 5629, 5629, 5629, 5629, 5629, 5629, 5629, 5629, 5629, 5629, 5629, 5629, 5629, 5629, 5629, 5629, 5629, 5629, 5629, 5629, 5629, 5629, 5629, 5629, 5629, 5629, 5629, 5629, 5629, 5629, 5629, 5629, 5629, 5629, 5629, 5629, 5629, 5629, 5629, 5629, 5629, 5629, 5629, 5629, 5629, 5629, 5629, 5629, 5629, 5629, 5629, 5629, 5629, 5629, 5629, 5629, 5629, 5629, 5629, 5629, 5629, 5629, 5629, 5629, 5629, 5629, 5629, 5629, 5629, 5629, 5629, 5629, 5629, 5629, 5629, 5629, 5629, 5629, 5629, 5629, 5629, 5629, 5629, 5629, 5629, 5629, 5629, 5629, 5629, 5629, 5629, 5629, 5629, 5629, 5629, 5629, 5629, 5629, 5629, 5629, 5629, 5629, 5629, 5629, 5629, 5629, 5629, 5629, 5629, 5629, 5629, 5629, 5629, 5629, 5629, 5629, 5629, 5629, 5629, 5629, 5629, 5629, 5629, 5629, 5629, 5629, 5629, 5629, 5629, 5629, 5629, 5629, 5629, 5629, 5629, 5629, 5629, 5629, 5629, 5629, 5629, 5629, 5629, 5629, 5629, 5629, 5629, 5629, 5629, 5629, 5629, 5629, 5629, 5629, 5629, 5629, 5629, 5629, 5629, 5629, 5629, 5629, 5629, 5629, 5629, 5629, 5629, 5629, 5629, 5629, 5629, 5629, 5629, 5629, 5629, 5629, 5629, 5629, 5629, 5629, 5629, 5629, 5629, 5629, 5629, 5629, 5629, 5629, 5629, 5629, 5629, 5629, 5629, 5629, 5629, 5629, 5629, 5629, 5629, 5629, 5629, 5629, 5629, 5629, 5629, 5629, 5629, 5629, 5629, 5629, 5629, 5629, 5629, 5629, 5629, 5629, 5629, 5629, 5629, 5629, 5629, 5629, 5629, 5629, 5629, 5629, 5629, 5629, 5629, 5629, 5629, 5629, 5629, 5629, 5629, 5629, 5629, 5629, 5629, 5629, 5629, 5629, 5629, 5629, 5629, 5629, 5629, 5629, 5629, 5629, 5629, 5629, 5629, 5629, 5629, 5629, 5629, 5629, 5629, 5629, 5629, 5629, 5629, 5629, 5629, 5629, 5629, 5629, 5629, 5629, 5629, 5629, 5629, 5629, 5629, 5629, 5629, 5629, 5629, 5629, 5629, 5629, 5629, 5629, 5629, 5629, 5629, 5629, 5629, 5629, 5629, 5629, 5629, 5629, 5629, 5629, 5629, 5629, 5629, 5629, 5629, 5629, 5629, 5629, 5629, 5629, 5629, 5629, 5629, 5629, 5629, 5629, 5629, 5629, 5629, 5629, 5629, 5629, 5629, 5629, 5629, 5629, 5629, 5629, 5629, 5629, 5629, 5629, 5629, 5629, 5629, 5629, 5629, 5629, 5629, 5629, 5629, 5629, 5629, 5629, 5629, 5629, 5629, 5629, 5629, 5629, 5629, 5629, 5629, 5629, 5629, 5629, 5629, 5629, 5629, 5629, 5629, 5629, 5629, 5629, 5629, 5629, 5629, 5629, 5629, 5629, 5629, 5629, 5629, 5629, 5629, 5629, 5629, 5629, 5629, 5629, 5629, 5629, 5629, 5629, 5629, 5629, 5629, 5629, 5629, 5629, 5629, 5629, 5629, 5629, 5629, 5629, 5629, 5629, 5629, 5629, 5629, 5629, 5629, 5629, 5629, 5629, 5629, 5629, 5629, 5629, 5629, 5629, 5629, 5629, 5629, 5629, 5629, 5629, 5629, 5629, 5629, 5629, 5629, 5629, 5629, 5629, 5629, 5629, 5629, 5629, 5629, 5629, 5629, 5629, 5629, 5629, 5629, 5629, 5629, 5629, 5629, 5629, 5629, 5629, 5629, 5629, 5629, 5629, 5629, 5629, 5629, 5629, 5629, 5629, 5629, 5629, 5629, 5629, 5629, 5629, 5629, 5629, 5629, 5629, 5629, 5629, 5629, 5629, 5629, 5629, 5629, 5629, 5629, 5629, 5629, 5629, 5629, 5629, 5629, 5629, 5629, 5629, 5629, 5629, 5629, 5629, 5629, 5629, 5629, 5629, 5629, 5629, 5629, 5629, 5629, 5629, 5629, 5629, 5629, 5629, 5629, 5629, 5629, 5629, 5629, 5629, 5629, 5629, 5629, 5629, 5629, 5629, 5629, 5629, 5629, 5629, 5629, 5629, 5629, 5629, 5629, 5629, 5629, 5629, 5629, 5629, 5629, 5629, 5629, 5629, 5629, 5629, 5629, 5629, 5629, 5629, 5629, 5629, 5629, 5629, 5629, 5629, 5629, 5629, 5629, 5629, 5629, 5629, 5629, 5629, 5629, 5629, 5629, 5629, 5629, 5629, 5629, 5629, 5629, 5629, 5629, 5629, 5629, 5629, 5629, 5629, 5629, 5629, 5629, 5629, 5629, 5629, 5629, 5629, 5629, 5629, 5629, 5629, 5629, 5629, 5629, 5629, 5629, 5629, 5629, 5629, 5629, 5629, 5629, 5629, 5629, 5629, 5629, 5629, 5629, 5629, 5629, 5629, 5629, 5629, 5629, 5629, 5629, 5629, 5629, 5629, 5629, 5629, 5629, 5629, 5629, 5629, 5629, 5629, 5629, 5629, 5629, 5629, 5629, 5629, 5629, 5629, 5629, 5629, 5629, 5629, 5629, 5629, 5629, 5629, 5629, 5629, 5629, 5629, 5629, 5629, 5629, 5629, 5629, 5629, 5629, 5629, 5629, 5629, 5629, 5629, 5629, 5629, 5629, 5629, 5629, 5629, 5629, 5629, 5629, 5629, 5629, 5629, 5629, 5629, 5629, 5629, 5629, 5629, 5629, 5629, 5629, 5629, 5629, 5629, 5629, 5629, 5629, 5629, 5629, 5629, 5629, 5629, 5629, 5629, 5629, 5629, 5629, 5629, 5629, 5629, 5629, 5629, 5629, 5629, 5629, 5629, 5629, 5629, 5629, 5629, 5629, 5629, 5629, 5629, 5629, 5629, 5629, 5629, 5629, 5629, 5629, 5629, 5629, 5629, 5629, 5629, 5629, 5629, 5629, 5629, 5629, 5629, 5629, 5629, 5629, 5629, 5629, 5629, 5629, 5629, 5629, 5629, 5629, 5629, 5629, 5629, 5629, 5629, 5629, 5629, 5629, 5629, 5629, 5629, 5629, 5629, 5629, 5629, 5629, 5629, 5629, 5629, 5629, 5629, 5629, 5629, 5629, 5629, 5629, 5629, 5629, 5629, 5629, 5629, 5629, 5629, 5629, 5629, 5629, 5629, 5629, 5629, 5629, 5629, 5629, 5629, 5629, 5629, 5629, 5629, 5629, 5629, 5629, 5629, 5629, 5629, 5629, 5629, 5629, 5629, 5629, 5629, 5629, 5629, 5629, 5629, 5629, 5629, 5629, 5629, 5629, 5629, 5629, 5629, 5629, 5629, 5629, 5629, 5629, 5629, 5629, 5629, 5629, 5629, 5629, 5629, 5629, 5629, 5629, 5629, 5629, 5629, 5629, 5629, 5629, 5629, 5629, 5629, 5629, 5629, 5629, 5629, 5629, 5629, 5629, 5629, 5629, 5629, 5629, 5629, 5629, 5629, 5629, 5629, 5629, 5629, 5629, 5629, 5629, 5629, 5629, 5629, 5629, 5629, 5629, 5629, 5629, 5629, 5629, 5629, 5629, 5629, 5629, 5629, 5629, 5629, 5629, 5629, 5629, 5629, 5629, 5629, 5629, 5629, 5629, 5629, 5629, 5629, 5629, 5629, 5629, 5629, 5629, 5629, 5629, 5629, 5629, 5629, 5629, 5629, 5629, 5629, 5629, 5629, 5629, 5629, 5629, 5629, 5629, 5629, 5629, 5629, 5629, 5629, 5629, 5629, 5629, 5629, 5629, 5629, 5629, 5629, 5629, 5629, 5629, 5629, 5629, 5629, 5629, 5629, 5629, 5629, 5629, 5629, 5629, 5629, 5629, 5629, 5629, 5629, 5629, 5629, 5629, 5629, 5629, 5629, 5629, 5629, 5629, 5629, 5629, 5629, 5629, 5629, 5629, 5629, 5629, 5629, 5629, 5629, 5629, 5629, 5629, 5629, 5629, 5629, 5629, 5629, 5629, 5629, 5629, 5629, 5629, 5629, 5629, 5629, 5629, 5629, 5629, 5629, 5629, 5629, 5629, 5629, 5629, 5629, 5629, 5629, 5629, 5629, 5629, 5629, 5629, 5629, 5629, 5629, 5629, 5629, 5629, 5629, 5629, 5629, 5629, 5629, 5629, 5629, 5629, 5629, 5629, 5629, 5629, 5629, 5629, 5629, 5629, 5629, 5629, 5629, 5629, 5629, 5629, 5629, 5629, 5629, 5629, 5629, 5629, 5629, 5629, 5629, 5629, 5629, 5629, 5629, 5629, 5629, 5629, 5629, 5629, 5629, 5629, 5629, 5629, 5629, 5629, 5629, 5629, 5629, 5629, 5629, 5629, 5629, 5629, 5629, 5629, 5629, 5629, 5629, 5629, 5629, 5629, 5629, 5629, 5629, 5629, 5629, 5629, 5629, 5629, 5629, 5629, 5629, 5629, 5629, 5629, 5629, 5629, 5629, 5629, 5629, 5629, 5629, 5629, 5629, 5629, 5629, 5629, 5629, 5629, 5629, 5629, 5629, 5629, 5629, 5629, 5629, 5629, 5629, 5629, 5629, 5629, 5629, 5629, 5629, 5629, 5629, 5629, 5629, 5629, 5629, 5629, 5629, 5629, 5629, 5629, 5629, 5629, 5629, 5629, 5629, 5629, 5629, 5629, 5629, 5629, 5629, 5629, 5629, 5629, 5629, 5629, 5629, 5629, 5629, 5629, 5629, 5629, 5629, 5629, 5629, 5629, 5629, 5629, 5629, 5629, 5629, 5629, 5629, 5629, 5629, 5629, 5629, 5629, 5629, 5629, 5629, 5629, 5629, 5629, 5629, 5629, 5629, 5629, 5629, 5629, 5629, 5629, 5629, 5629, 5629, 5629, 5629, 5629, 5629, 5629, 5629, 5629, 5629, 5629, 5629, 5629, 5629, 5629, 5629, 5629, 5629, 5629, 5629, 5629, 5629, 5629, 5629, 5629, 5629, 5629, 5629, 5629, 5629, 5629, 5629, 5629, 5629, 5629, 5629, 5629, 5629, 5629, 5629, 5629, 5629, 5629, 5629, 5629, 5629, 5629, 5629, 5629, 5629, 5629, 5629, 5629, 5629, 5629, 5629, 5629, 5629, 5629, 5629, 5629, 5629, 5629, 5629, 5629, 5629, 5629, 5629, 5629, 5629, 5629, 5629, 5629, 5629, 5629, 5629, 5629, 5629, 5629, 5629, 5629, 5629, 5629, 5629, 5629, 5629, 5629, 5629, 5629, 5629, 5629, 5629, 5629, 5629, 5629, 5629, 5629, 5629, 5629, 5629, 5629, 5629, 5629, 5629, 5629, 5629, 5629, 5629, 5629, 5629, 5629, 5629, 5629, 5629, 5629, 5629, 5629, 5629, 5629, 5629, 5629, 5629, 5629, 5629, 5629, 5629, 5629, 5629, 5629, 5629, 5629, 5629, 5629, 5629, 5629, 5629, 5629, 5629, 5629, 5629, 5629, 5629, 5629, 5629, 5629, 5629, 5629, 5629, 5629, 5629, 5629, 5629, 5629, 5629, 5629, 5629, 5629, 5629, 5629, 5629, 5629, 5629, 5629, 5629, 5629, 5629, 5629, 5629, 5629, 5629, 5629, 5629, 5629, 5629, 5629, 5629, 5629, 5629, 5629, 5629, 5629, 5629, 5629, 5629, 5629, 5629, 5629, 5629, 5629, 5629, 5629, 5629, 5629, 5629, 5629, 5629, 5629, 5629, 5629, 5629, 5629, 5629, 5629, 5629, 5629, 5629, 5629, 5629, 5629, 5629, 5629, 5629, 5629, 5629, 5629, 5629, 5629, 5629, 5629, 5629, 5629, 5629, 5629, 5629, 5629, 5629, 5629, 5629, 5629, 5629, 5629, 5629, 5629, 5629, 5629, 5629, 5629, 5629, 5629, 5629, 5629, 5629, 5629, 5629, 5629, 5629, 5629, 5629, 5629, 5629, 5629, 5629, 5629, 5629, 5629, 5629, 5629, 5629, 5629, 5629, 5629, 5629, 5629, 5629, 5629, 5629, 5629, 5629, 5629, 5629, 5629, 5629, 5629, 5629, 5629, 5629, 5629, 5629, 5629, 5629, 5629, 5629, 5629, 5629, 5629, 5629, 5629, 5629, 5629, 5629, 5629, 5629, 5629, 5629, 5629, 5629, 5629, 5629, 5629, 5629, 5629, 5629, 5629, 5629, 5629, 5629, 5629, 5629, 5629, 5629, 5629, 5629, 5629, 5629, 5629, 5629, 5629, 5629, 5629, 5629, 5629, 5629, 5629, 5629, 5629, 5629, 5629, 5629, 5629, 5629, 5629, 5629, 5629, 5629, 5629, 5629, 5629, 5629, 5629, 5629, 5629, 5629, 5629, 5629, 5629, 5629, 5629, 5629, 5629, 5629, 5629, 5629, 5629, 5629, 5629, 5629, 5629, 5629, 5629, 5629, 5629, 5629, 5629, 5629, 5629, 5629, 5629, 5629, 5629, 5629, 5629, 5629, 5629, 5629, 5629, 5629, 5629, 5629, 5629, 5629, 5629, 5629, 5629, 5629, 5629, 5629, 5629, 5629, 5629, 5629, 5629, 5629, 5629, 5629, 5629, 5629, 5629, 5629, 5629, 5629, 5629, 5629, 5629, 5629, 5629, 5629, 5629, 5629, 5629, 5629, 5629, 5629, 5629, 5629, 5629, 5629, 5629, 5629, 5629, 5629, 5629, 5629, 5629, 5629, 5629, 5629, 5629, 5629, 5629, 5629, 5629, 5629, 5629, 5629, 5629, 5629, 5629, 5629, 5629, 5629, 5629, 5629, 5629, 5629, 5629, 5629, 5629, 5629, 5629, 5629, 5629, 5629, 5629, 5629, 5629, 5629, 5629, 5629, 5629, 5629, 5629, 5629, 5629, 5629, 5629, 5629, 5629, 5629, 5629, 5629, 5629, 5629, 5629, 5629, 5629, 5629, 5629, 5629, 5629, 5629, 5629, 5629, 5629, 5629, 5629, 5629, 5629, 5629, 5629, 5629, 5629, 5629, 5629, 5629, 5629, 5629, 5629, 5629, 5629, 5629, 5629, 5629, 5629, 5629, 5629, 5629, 5629, 5629, 5629, 5629, 5629, 5629, 5629, 5629, 5629, 5629, 5629, 5629, 5629, 5629, 5629, 5629, 5629, 5629, 5629, 5629, 5629, 5629, 5629, 5629, 5629, 5629, 5629, 5629, 5629, 5629, 5629, 5629, 5629, 5629, 5629, 5629, 5629, 5629, 5629, 5629, 5629, 5629, 5629, 5629, 5629, 5629, 5629, 5629, 5629, 5629, 5629, 5629, 5629, 5629, 5629, 5629, 5629, 5629, 5629, 5629, 5629, 5629, 5629, 5629, 5629, 5629, 5629, 5629, 5629, 5629, 5629, 5629, 5629, 5629, 5629, 5629, 5629, 5629, 5629, 5629, 5629, 5629, 5629, 5629, 5629, 5629, 5629, 5629, 5629, 5629, 5629, 5629, 5629, 5629, 5629, 5629, 5629, 5629, 5629, 5629, 5629, 5629, 5629, 5629, 5629, 5629, 5629, 5629, 5629, 5629, 5629, 5629, 5629, 5629, 5629, 5629, 5629, 5629, 5629, 5629, 5629, 5629, 5629, 5629, 5629, 5629, 5629, 5629, 5629, 5629, 5629, 5629, 5629, 5629, 5629, 5629, 5629, 5629, 5629, 5629, 5629, 5629, 5629, 5629, 5629, 5629, 5629, 5629, 5629, 5629, 5629, 5629, 5629, 5629, 5629, 5629, 5629, 5629, 5629, 5629, 5629, 5629, 5629, 5629, 5629, 5629, 5629, 5629, 5629, 5629, 5629, 5629, 5629, 5629, 5629, 5629, 5629, 5629, 5629, 5629, 5629, 5629, 5629, 5629, 5629, 5629, 5629, 5629, 5629, 5629, 5629, 5629, 5629, 5629, 5629, 5629, 5629, 5629, 5629, 5629, 5629, 5629, 5629, 5629, 5629, 5629, 5629, 5629, 5629, 5629, 5629, 5629, 5629, 5629, 5629, 5629, 5629, 5629, 5629, 5629, 5629, 5629, 5629, 5629, 5629, 5629, 5629, 5629, 5629, 5629, 5629, 5629, 5629, 5629, 5629, 5629, 5629, 5629, 5629, 5629, 5629, 5629, 5629, 5629, 5629, 5629, 5629, 5629, 5629, 5629, 5629, 5629, 5629, 5629, 5629, 5629, 5629, 5629, 5629, 5629, 5629, 5629, 5629, 5629, 5629, 5629, 5629, 5629, 5629, 5629, 5629, 5629, 5629, 5629, 5629, 5629, 5629, 5629, 5629, 5629, 5629, 5629, 5629, 5629, 5629, 5629, 5629, 5629, 5629, 5629, 5629, 5629, 5629, 5629, 5629, 5629, 5629, 5629, 5629, 5629, 5629, 5629, 5629, 5629, 5629, 5629, 5629, 5629, 5629, 5629, 5629, 5629, 5629, 5629, 5629, 5629, 5629, 5629, 5629, 5629, 5629, 5629, 5629, 5629, 5629, 5629, 5629, 5629, 5629, 5629, 5629, 5629, 5629, 5629, 5629, 5629, 5629, 5629, 5629, 5629, 5629, 5629, 5629, 5629, 5629, 5629, 5629, 5629, 5629, 5629, 5629, 5629, 5629, 5629, 5629, 5629, 5629, 5629, 5629, 5629, 5629, 5629, 5629, 5629, 5629, 5629, 5629, 5629, 5629, 5629, 5629, 5629, 5629, 5629, 5629, 5629, 5629, 5629, 5629, 5629, 5629, 5629, 5629, 5629, 5629, 5629, 5629, 5629, 5629, 5629, 5629, 5629, 5629, 5629, 5629, 5629, 5629, 5629, 5629, 5629, 5629, 5629, 5629, 5629, 5629, 5629, 5629, 5629, 5629, 5629, 5629, 5629, 5629, 5629, 5629, 5629, 5629, 5629, 5629, 5629, 5629, 5629, 5629, 5629, 5629, 5629, 5629, 5629, 5629, 5629, 5629, 5629, 5629, 5629, 5629, 5629, 5629, 5629, 5629, 5629, 5629, 5629, 5629, 5629, 5629, 5629, 5629, 5629, 5629, 5629, 5629, 5629, 5629, 5629, 5629, 5629, 5629, 5629, 5629, 5629, 5629, 5629, 5629, 5629, 5629, 5629, 5629, 5629, 5629, 5629, 5629, 5629, 5629, 5629, 5629, 5629, 5629, 5629, 5629, 5629, 5629, 5629, 5629, 5629, 5629, 5629, 5629, 5629, 5629, 5629, 5629, 5629, 5629, 5629, 5629, 5629, 5629, 5629, 5629, 5629, 5629, 5629, 5629, 5629, 5629, 5629, 5629, 5629, 5629, 5629, 5629, 5629, 5629, 5629, 5629, 5629, 5629, 5629, 5629, 5629, 5629, 5629, 5629, 5629, 5629, 5629, 5629, 5629, 5629, 5629, 5629, 5629, 5629, 5629, 5629, 5629, 5629, 5629, 5629, 5629, 5629, 5629, 5629, 5629, 5629, 5629, 5629, 5629, 5629, 5629, 5629, 5629, 5629, 5629, 5629, 5629, 5629, 5629, 5629, 5629, 5629, 5629, 5629, 5629, 5629, 5629, 5629, 5629, 5629, 5629, 5629, 5629, 5629, 5629, 5629, 5629, 5629, 5629, 5629, 5629, 5629, 5629, 5629, 5629, 5629, 5629, 5629, 5629, 5629, 5629, 5629, 5629, 5629, 5629, 5629, 5629, 5629, 5629, 5629, 5629, 5629, 5629, 5629, 5629, 5629, 5629, 5629, 5629, 5629, 5629, 5629, 5629, 5629, 5629, 5629, 5629, 5629, 5629, 5629, 5629, 5629, 5629, 5629, 5629, 5629, 5629, 5629, 5629, 5629, 5629, 5629, 5629, 5629, 5629, 5629, 5629, 5629, 5629, 5629, 5629, 5629, 5629, 5629, 5629, 5629, 5629, 5629, 5629, 5629, 5629, 5629, 5629, 5629, 5629, 5629, 5629, 5629, 5629, 5629, 5629, 5629, 5629, 5629, 5629, 5629, 5629, 5629, 5629, 5629, 5629, 5629, 5629, 5629, 5629, 5629, 5629, 5629, 5629, 5629, 5629, 5629, 5629, 5629, 5629, 5629, 5629, 5629, 5629, 5629, 5629, 5629, 5629, 5629, 5629, 5629, 5629, 5629, 5629, 5629, 5629, 5629, 5629, 5629, 5629, 5629, 5629, 5629, 5629, 5629, 5629, 5629, 5629, 5629, 5629, 5629, 5629, 5629, 5629, 5629, 5629, 5629, 5629, 5629, 5629, 5629, 5629, 5629, 5629, 5629, 5629, 5629, 5629, 5629, 5629, 5629, 5629, 5629, 5629, 5629, 5629, 5629, 5629, 5629, 5629, 5629, 5629, 5629, 5629, 5629, 5629, 5629, 5629, 5629, 5629, 5629, 5629, 5629, 5629, 5629, 5629, 5629, 5629, 5629, 5629, 5629, 5629, 5629, 5629, 5629, 5629, 5629, 5629, 5629, 5629, 5629, 5629, 5629, 5629, 5629, 5629, 5629, 5629, 5629, 5629, 5629, 5629, 5629, 5629, 5629, 5629, 5629, 5629, 5629, 5629, 5629, 5629, 5629, 5629, 5629, 5629, 5629, 5629, 5629, 5629, 5629, 5629, 5629, 5629, 5629, 5629, 5629, 5629, 5629, 5629, 5629, 5629, 5629, 5629, 5629, 5629, 5629, 5629, 5629, 5629, 5629, 5629, 5629, 5629, 5629, 5629, 5629, 5629, 5629, 5629, 5629, 5629, 5629, 5629, 5629, 5629, 5629, 5629, 5629, 5629, 5629, 5629, 5629, 5629, 5629, 5629, 5629, 5629, 5629, 5629, 5629, 5629, 5629, 5629, 5629, 5629, 5629, 5629, 5629, 5629, 5629, 5629, 5629, 5629, 5629, 5629, 5629, 5629, 5629, 5629, 5629, 5629, 5629, 5629, 5629, 5629, 5629, 5629, 5629, 5629, 5629, 5629, 5629, 5629, 5629, 5629, 5629, 5629, 5629, 5629, 5629, 5629, 5629, 5629, 5629, 5629, 5629, 5629, 5629, 5629, 5629, 5629, 5629, 5629, 5629, 5629, 5629, 5629, 5629, 5629, 5629, 5629, 5629, 5629, 5629, 5629, 5622, 5622, 5622, 5622, 5622, 5622, 5622, 5622, 5622, 5622, 5622, 5622, 5622, 5622, 5622, 5622, 5622, 5622, 5622, 5622, 5622, 5622, 5622, 5622, 5622, 5622, 5622, 5622, 5622, 5622, 5622, 5622, 5622, 5622, 5622, 5622, 5622, 5622, 5622, 5622, 5622, 5622, 5622, 5622, 5622, 5622, 5622, 5622, 5622, 5622, 5622, 5622, 5622, 5622, 5622, 5622, 5622, 5622, 5622, 5622, 5622, 5622, 5622, 5622, 5622, 5622, 5622, 5622, 5622, 5622, 5622, 5622, 5622, 5622, 5622, 5622, 5622, 5622, 5622, 5622, 5622, 5622, 5622, 5622, 5622, 5622, 5622, 5622, 5622, 5622, 5622, 5622, 5622, 5622, 5622, 5622, 5622, 5622, 5622, 5622, 5622, 5622, 5622, 5622, 5622, 5622, 5622, 5622, 5622, 5622, 5622, 5622, 5622, 5622, 5622, 5622, 5622, 5622, 5622, 5622, 5622, 5622, 5622, 5622, 5622, 5622, 5622, 5622, 5622, 5622, 5622, 5622, 5622, 5622, 5622, 5622, 5622, 5622, 5622, 5622, 5622, 5622, 5622, 5622, 5622, 5622, 5622, 5622, 5622, 5622, 5622, 5622, 5622, 5622, 5622, 5622, 5622, 5622, 5622, 5622, 5622, 5622, 5622, 5622, 5622, 5622, 5622, 5622, 5622, 5622, 5622, 5622, 5622, 5622, 5622, 5622, 5622, 5622, 5622, 5622, 5622, 5622, 5622, 5622, 5622, 5622, 5622, 5622, 5622, 5622, 5622, 5622, 5622, 5622, 5622, 5622, 5622, 5622, 5622, 5622, 5622, 5622, 5622, 5622, 5622, 5622, 5622, 5622, 5622, 5622, 5622, 5622, 5622, 5622, 5622, 5622, 5622, 5622, 5622, 5622, 5622, 5622, 5622, 5622, 5622, 5622, 5622, 5622, 5622, 5622, 5622, 5622, 5622, 5622, 5622, 5622, 5622, 5622, 5622, 5622, 5622, 5622, 5622, 5622, 5622, 5622, 5622, 5622, 5622, 5622, 5622, 5622, 5622, 5622, 5622, 5622, 5622, 5622, 5622, 5622, 5622, 5622, 5622, 5622, 5622, 5622, 5622, 5622, 5622, 5622, 5622, 5622, 5622, 5622, 5622, 5622, 5622, 5622, 5622, 5622, 5622, 5622, 5622, 5622, 5622, 5622, 5622, 5622, 5622, 5622, 5622, 5622, 5622, 5622, 5622, 5622, 5622, 5622, 5622, 5622, 5622, 5622, 5622, 5622, 5622, 5622, 5622, 5622, 5622, 5622, 5622, 5622, 5622, 5622, 5622, 5622, 5622, 5622, 5622, 5622, 5622, 5622, 5622, 5622, 5622, 5622, 5622, 5622, 5622, 5622, 5622, 5622, 5622, 5622, 5622, 5622, 5622, 5622, 5622, 5622, 5622, 5622, 5622, 5622, 5622, 5622, 5622, 5622, 5622, 5622, 5622, 5622, 5622, 5622, 5622, 5622, 5622, 5622, 5622, 5622, 5622, 5622, 5622, 5622, 5622, 5622, 5622, 5622, 5622, 5622, 5622, 5622, 5622, 5622, 5622, 5622, 5622, 5622, 5622, 5622, 5622, 5622, 5622, 5622, 5622, 5622, 5622, 5622, 5622, 5622, 5622, 5622, 5622, 5622, 5622, 5622, 5622, 5622, 5622, 5622, 5622, 5622, 5622, 5622, 5622, 5622, 5622, 5622, 5622, 5622, 5622, 5622, 5622, 5622, 5622, 5622, 5622, 5622, 5622, 5622, 5622, 5622, 5622, 5622, 5622, 5622, 5622, 5622, 5622, 5622, 5622, 5622, 5622, 5622, 5622, 5622, 5622, 5622, 5622, 5622, 5622, 5622, 5622, 5622, 5622, 5622, 5622, 5622, 5622, 5622, 5622, 5622, 5622, 5622, 5622, 5622, 5622, 5622, 5622, 5622, 5622, 5622, 5622, 5622, 5622, 5622, 5622, 5622, 5622, 5622, 5622, 5622, 5622, 5622, 5622, 5622, 5622, 5622, 5622, 5622, 5622, 5622, 5622, 5622, 5622, 5622, 5622, 5622, 5622, 5622, 5622, 5622, 5622, 5622, 5622, 5622, 5622, 5622, 5622, 5622, 5622, 5622, 5622, 5622, 5622, 5622, 5622, 5622, 5622, 5622, 5622, 5622, 5622, 5622, 5622, 5622, 5622, 5622, 5622, 5622, 5622, 5622, 5622, 5622, 5622, 5622, 5622, 5622, 5622, 5622, 5622, 5622, 5622, 5622, 5622, 5622, 5622, 5622, 5622, 5622, 5622, 5622, 5622, 5622, 5622, 5622, 5622, 5622, 5622, 5622, 5622, 5622, 5622, 5622, 5622, 5622, 5622, 5622, 5622, 5622, 5622, 5622, 5622, 5622, 5622, 5622, 5622, 5622, 5622, 5622, 5622, 5622, 5622, 5622, 5622, 5622, 5622, 5622, 5622, 5622, 5622, 5622, 5622, 5622, 5622, 5622, 5622, 5622, 5622, 5622, 5622, 5622, 5622, 5622, 5622, 5622, 5622, 5622, 5622, 5622, 5622, 5622, 5622, 5622, 5622, 5622, 5622, 5622, 5622, 5622, 5622, 5622, 5622, 5622, 5622, 5622, 5622, 5622, 5622, 5622, 5622, 5622, 5622, 5622, 5622, 5622, 5622, 5622, 5622, 5622, 5622, 5622, 5622, 5622, 5622, 5622, 5622, 5622, 5622, 5622, 5622, 5622, 5622, 5622, 5622, 5622, 5622, 5622, 5622, 5622, 5622, 5622, 5622, 5622, 5622, 5622, 5622, 5622, 5622, 5622, 5622, 5622, 5622, 5622, 5622, 5622, 5622, 5622, 5622, 5622, 5622, 5622, 5622, 5622, 5622, 5622, 5622, 5622, 5622, 5622, 5622, 5622, 5622, 5622, 5622, 5622, 5622, 5622, 5622, 5622, 5622, 5622, 5622, 5622, 5622, 5622, 5622, 5622, 5622, 5622, 5622, 5622, 5622, 5622, 5622, 5622, 5622, 5622, 5622, 5622, 5622, 5622, 5622, 5622, 5622, 5622, 5622, 5622, 5622, 5622, 5622, 5622, 5622, 5622, 5622, 5622, 5622, 5622, 5622, 5622, 5622, 5622, 5622, 5622, 5622, 5622, 5622, 5622, 5622, 5622, 5622, 5622, 5622, 5622, 5622, 5622, 5622, 5622, 5622, 5622, 5622, 5622, 5622, 5622, 5622, 5622, 5622, 5622, 5622, 5622, 5622, 5622, 5622, 5622, 5622, 5622, 5622, 5622, 5622, 5622, 5622, 5622, 5622, 5622, 5622, 5622, 5622, 5622, 5622, 5622, 5622, 5622, 5622, 5622, 5622, 5622, 5622, 5622, 5622, 5622, 5622, 5622, 5622, 5622, 5622, 5622, 5622, 5622, 5622, 5622, 5622, 5622, 5622, 5622, 5622, 5622, 5622, 5622, 5622, 5622, 5622, 5622, 5622, 5622, 5622, 5622, 5622, 5622, 5622, 5622, 5622, 5622, 5622, 5622, 5622, 5622, 5622, 5622, 5622, 5622, 5622, 5622, 5622, 5622, 5622, 5622, 5622, 5622, 5622, 5622, 5622, 5622, 5622, 5622, 5622, 5622, 5622, 5622, 5622, 5622, 5622, 5622, 5622, 5622, 5622, 5622, 5622, 5622, 5622, 5622, 5622, 5622, 5622, 5622, 5622, 5622, 5622, 5622, 5622, 5622, 5622, 5622, 5622, 5622, 5622, 5622, 5622, 5622, 5622, 5622, 5622, 5622, 5622, 5622, 5622, 5622, 5622, 5622, 5622, 5622, 5622, 5622, 5622, 5622, 5622, 5622, 5622, 5622, 5622, 5622, 5622, 5622, 5622, 5622, 5622, 5622, 5622, 5622, 5622, 5622, 5622, 5622, 5622, 5622, 5622, 5622, 5622, 5622, 5622, 5622, 5622, 5622, 5622, 5622, 5622, 5622, 5622, 5622, 5622, 5622, 5622, 5622, 5622, 5622, 5622, 5622, 5622, 5622, 5622, 5622, 5622, 5622, 5622, 5622, 5622, 5622, 5622, 5622, 5622, 5622, 5622, 5622, 5622, 5622, 5622, 5622, 5622, 5622, 5622, 5622, 5622, 5622, 5622, 5622, 5622, 5622, 5622, 5622, 5622, 5622, 5622, 5622, 5622, 5622, 5622, 5622, 5622, 5622, 5622, 5622, 5622, 5622, 5622, 5622, 5622, 5622, 5622, 5622, 5622, 5622, 5622, 5622, 5622, 5622, 5622, 5622, 5622, 5622, 5622, 5622, 5622, 5622, 5622, 5622, 5622, 5622, 5622, 5622, 5622, 5622, 5622, 5622, 5622, 5622, 5622, 5622, 5622, 5622, 5622, 5622, 5622, 5622, 5622, 5622, 5622, 5622, 5622, 5622, 5622, 5622, 5622, 5622, 5622, 5622, 5622, 5622, 5622, 5622, 5622, 5622, 5622, 5622, 5622, 5622, 5622, 5622, 5622, 5622, 5622, 5622, 5622, 5622, 5622, 5622, 5622, 5622, 5622, 5622, 5622, 5622, 5622, 5622, 5622, 5622, 5622, 5622, 5622, 5622, 5622, 5622, 5622, 5622, 5622, 5622, 5622, 5622, 5622, 5622, 5622, 5622, 5622, 5622, 5622, 5622, 5622, 5622, 5622, 5622, 5622, 5622, 5622, 5622, 5622, 5622, 5622, 5622, 5622, 5622, 5622, 5622, 5622, 5622, 5622, 5622, 5622, 5622, 5622, 5622, 5622, 5622, 5622, 5622, 5622, 5622, 5622, 5622, 5622, 5622, 5622, 5622, 5622, 5622, 5622, 5622, 5622, 5622, 5622, 5622, 5622, 5622, 5622, 5622, 5622, 5622, 5622, 5622, 5622, 5622, 5622, 5622, 5622, 5622, 5622, 5622, 5622, 5622, 5622, 5622, 5622, 5622, 5622, 5622, 5622, 5622, 5622, 5622, 5622, 5622, 5622, 5622, 5622, 5622, 5622, 5622, 5622, 5622, 5622, 5622, 5622, 5622, 5622, 5622, 5622, 5622, 5622, 5622, 5622, 5622, 5622, 5622, 5622, 5622, 5622, 5622, 5622, 5622, 5622, 5622, 5622, 5622, 5622, 5622, 5622, 5622, 5622, 5622, 5622, 5622, 5622, 5622, 5622, 5622, 5622, 5622, 5622, 5622, 5622, 5622, 5622, 5622, 5622, 5622, 5622, 5622, 5622, 5622, 5622, 5622, 5622, 5622, 5622, 5622, 5622, 5622, 5622, 5622, 5622, 5622, 5622, 5622, 5622, 5622, 5622, 5622, 5622, 5622, 5622, 5622, 5622, 5622, 5622, 5622, 5622, 5622, 5622, 5622, 5622, 5622, 5622, 5622, 5622, 5622, 5622, 5622, 5622, 5622, 5622, 5622, 5622, 5622, 5622, 5622, 5622, 5622, 5622, 5622, 5622, 5622, 5622, 5622, 5622, 5622, 5622, 5622, 5622, 5622, 5622, 5622, 5622, 5622, 5622, 5622, 5622, 5622, 5622, 5622, 5622, 5622, 5622, 5622, 5622, 5622, 5622, 5622, 5622, 5622, 5622, 5622, 5622, 5622, 5622, 5622, 5622, 5622, 5622, 5622, 5622, 5622, 5622, 5622, 5622, 5622, 5622, 5622, 5622, 5622, 5622, 5622, 5622, 5622, 5622, 5622, 5622, 5622, 5622, 5622, 5622, 5622, 5622, 5622, 5622, 5622, 5622, 5622, 5622, 5622, 5622, 5622, 5622, 5622, 5622, 5620, 
Fitness promedio a lo largo del tiempo: 
20737, 18149, 14637, 11364, 8176, 6981, 6810, 7208, 6868, 6810, 7095, 7087, 6408, 7036, 7000, 6892, 6382, 7448, 7373, 6876, 7067, 6680, 6188, 7062, 7749, 6831, 6506, 6748, 6375, 6566, 6720, 6926, 6775, 6981, 7341, 7114, 6847, 6503, 6812, 6977, 7188, 7501, 7612, 7327, 6626, 6585, 6784, 7323, 6932, 6675, 6677, 6355, 7004, 6501, 6589, 6198, 5929, 6315, 6519, 5910, 6652, 5791, 6283, 5814, 6484, 6819, 6126, 6449, 6556, 6923, 6214, 6000, 6162, 5750, 6438, 5775, 6854, 6311, 5908, 6077, 6144, 6506, 5749, 5734, 6137, 5750, 5908, 5867, 5721, 5850, 5728, 6065, 6076, 5954, 5731, 6125, 5708, 5716, 5736, 6171, 5793, 5948, 5744, 5706, 5900, 6047, 6011, 6423, 5856, 6011, 5786, 5720, 5750, 5704, 5870, 5709, 5839, 5702, 5718, 6703, 6270, 6292, 5884, 6265, 6274, 5724, 5709, 6427, 5903, 5717, 5718, 5882, 5723, 5830, 6324, 5888, 6162, 5773, 6370, 6163, 6065, 5892, 5685, 5729, 5826, 6702, 5983, 5939, 5818, 5736, 6657, 5939, 5998, 5732, 6681, 5716, 5715, 6399, 6396, 6212, 6366, 6110, 6341, 5762, 6857, 5960, 6475, 6157, 6535, 6358, 5874, 5705, 5853, 6031, 5692, 5992, 5702, 5711, 6131, 6079, 5875, 5706, 5982, 5736, 6355, 5695, 6012, 5709, 5839, 6586, 6053, 6046, 5707, 5945, 5690, 5732, 5988, 6161, 5692, 5775, 5698, 6570, 5695, 5708, 6194, 6438, 5689, 5728, 5719, 5692, 6197, 5829, 6051, 6635, 5712, 5830, 5989, 6044, 5693, 6081, 6081, 5990, 5722, 5874, 5704, 5692, 5701, 5710, 5830, 5714, 5876, 6044, 6056, 6361, 6386, 5821, 6323, 5693, 5932, 5689, 5768, 6024, 5831, 6324, 6520, 6054, 6041, 6190, 6415, 5882, 5702, 6110, 5690, 6051, 6324, 5720, 5708, 5699, 5719, 5987, 5824, 5913, 5694, 5699, 5681, 5710, 5945, 5726, 5691, 6350, 6394, 5917, 5721, 5768, 6316, 5980, 6166, 5729, 5939, 5865, 6412, 5692, 5737, 5733, 6093, 5696, 5993, 5827, 6598, 5710, 6094, 6222, 6375, 6173, 6051, 6774, 5703, 6073, 6464, 6139, 5685, 5717, 5704, 5673, 5935, 6139, 6139, 5808, 5689, 5911, 5738, 5681, 6574, 5699, 5672, 5873, 5868, 5687, 6012, 5684, 6407, 5743, 5809, 6029, 5684, 6564, 5852, 5923, 5702, 5674, 5675, 5961, 5691, 5675, 6611, 5667, 5688, 5806, 6062, 5668, 5916, 6014, 5984, 5797, 6087, 6008, 5806, 5670, 5966, 6021, 6651, 5679, 5671, 5675, 5665, 5695, 5691, 5903, 6443, 6411, 5988, 5669, 5757, 5677, 6389, 6072, 5866, 5792, 5685, 5689, 6198, 6316, 6501, 5660, 6240, 5815, 5870, 6134, 6023, 5677, 5901, 5698, 6089, 5675, 5658, 6306, 5666, 6303, 5817, 5871, 6150, 5965, 5685, 5684, 5852, 6466, 6876, 5673, 5674, 6272, 5742, 5680, 6021, 5668, 5670, 5659, 5743, 5801, 6811, 5669, 6068, 5769, 5959, 5864, 5665, 6254, 5691, 6175, 5674, 6285, 5672, 6386, 5859, 5675, 5945, 5902, 5698, 6616, 5750, 6066, 5967, 6199, 5909, 6299, 5966, 5799, 6241, 5667, 5974, 5966, 6064, 5743, 5955, 5794, 5966, 5670, 6168, 6183, 6352, 6012, 6235, 5677, 6185, 5706, 6241, 5804, 6130, 6075, 5730, 5966, 5689, 5975, 6361, 5920, 6890, 5692, 6259, 7108, 5699, 5849, 6507, 6607, 6835, 5694, 6327, 5849, 6024, 6867, 5913, 5836, 5677, 5743, 5793, 5854, 5660, 6075, 5706, 6268, 5876, 6233, 6092, 6256, 5691, 6339, 6660, 5680, 6173, 6192, 6019, 5675, 6381, 6574, 6247, 5672, 5673, 6116, 5694, 6120, 6069, 5669, 5668, 5675, 6452, 5676, 5680, 6182, 5697, 5743, 5669, 6022, 5691, 5688, 6067, 5668, 6178, 6173, 6489, 6233, 5687, 6007, 6063, 5679, 5673, 6402, 6287, 6509, 5683, 6060, 6133, 6079, 5972, 6621, 6187, 6078, 6014, 6070, 5680, 6279, 5824, 5674, 6194, 5758, 5856, 6011, 5656, 5811, 5887, 6551, 5729, 5666, 5679, 5693, 5836, 6187, 5950, 6015, 5773, 5874, 6127, 5837, 5742, 5667, 6218, 5667, 6011, 5971, 5679, 5689, 6216, 5834, 6338, 6138, 6213, 6265, 6026, 5678, 5955, 6067, 5667, 5661, 6127, 5702, 5801, 5837, 5966, 5749, 5673, 6135, 5959, 5949, 5868, 5902, 5942, 5911, 5682, 5908, 5795, 5685, 6080, 5675, 5978, 6384, 6184, 5853, 6133, 5859, 6714, 6281, 5668, 6168, 6067, 6400, 5668, 5661, 5683, 5787, 5804, 5953, 6300, 5918, 5914, 6005, 5734, 5669, 6235, 5789, 5851, 6182, 6017, 6235, 6047, 5666, 5667, 5710, 6756, 5688, 5691, 6133, 5672, 5695, 5867, 5760, 6300, 6471, 6028, 6192, 5905, 5837, 5945, 5664, 5944, 5671, 5792, 6321, 6176, 6023, 5674, 5654, 5734, 5651, 6065, 5957, 6282, 5848, 6409, 5660, 5911, 6495, 5662, 5666, 5677, 5701, 5873, 6502, 5676, 6006, 6121, 5684, 5684, 6169, 5670, 5680, 5682, 5678, 5777, 6159, 6488, 5681, 5660, 6012, 5955, 5691, 5956, 5800, 5670, 5673, 6287, 6058, 5948, 6171, 6712, 5946, 5845, 6069, 5687, 5791, 6484, 6138, 6053, 6428, 5900, 6071, 6287, 6177, 5797, 5662, 6449, 5673, 6549, 6032, 5911, 6391, 5654, 5677, 6052, 5733, 5666, 6166, 5794, 5975, 5667, 5954, 5917, 5686, 5662, 6113, 5658, 6265, 5920, 6130, 6509, 5901, 6350, 5921, 5904, 5785, 6445, 6384, 5695, 6219, 6076, 5682, 5661, 5790, 5650, 5996, 6437, 6068, 5665, 5667, 6154, 5673, 6029, 5782, 5746, 5676, 5843, 5678, 5654, 5658, 5648, 5663, 5676, 5791, 6215, 5659, 5885, 5679, 5675, 5915, 6176, 5686, 6168, 5844, 5700, 5751, 6173, 5732, 6110, 5674, 5690, 6085, 6389, 5821, 5802, 6315, 5792, 6134, 6017, 6434, 6101, 5908, 6089, 5678, 5723, 5861, 6007, 5699, 5864, 5664, 5664, 5653, 6081, 5898, 5743, 5655, 5664, 6048, 5993, 6159, 6049, 6069, 5775, 5719, 6274, 5664, 6058, 5658, 5683, 5656, 5667, 5641, 5740, 6303, 5679, 5661, 6183, 5733, 5672, 5649, 5659, 5664, 6289, 6125, 5852, 5658, 5641, 6454, 5653, 6429, 5652, 6223, 5665, 6220, 5786, 5657, 5647, 5790, 5668, 6064, 5653, 5650, 5738, 5684, 5746, 6399, 6102, 5892, 5669, 5931, 6171, 5663, 5729, 5645, 5657, 5652, 5924, 6315, 5766, 6377, 5668, 6049, 5663, 5735, 6532, 5722, 5838, 5895, 6440, 6126, 5665, 6013, 6596, 6354, 5907, 5785, 5905, 5656, 5649, 5666, 5783, 5672, 6157, 5985, 6050, 6317, 6554, 5687, 5658, 5656, 6035, 5693, 5857, 5678, 5840, 6054, 5672, 6533, 6230, 5682, 5999, 5725, 5655, 6079, 5678, 5796, 5671, 5892, 5796, 5743, 5653, 6530, 5833, 6050, 5658, 6120, 6067, 6271, 5676, 5665, 5943, 5934, 6102, 5649, 5947, 5666, 5670, 5766, 6052, 6376, 5661, 6176, 5666, 5665, 6184, 5686, 5908, 5647, 6092, 5656, 5672, 6178, 6487, 5668, 5650, 6378, 6212, 6112, 6160, 6333, 5666, 6274, 6005, 6289, 6763, 6025, 6102, 6458, 5772, 5640, 6168, 6125, 5671, 6372, 5654, 5849, 6314, 6423, 5652, 5953, 5657, 5722, 6244, 5986, 5649, 5661, 5670, 6115, 6439, 6375, 6074, 5872, 5888, 5657, 5828, 6564, 6065, 6160, 5676, 5656, 5645, 6106, 5784, 5975, 6421, 5647, 5730, 5670, 6002, 5792, 5656, 6004, 6196, 5673, 6112, 6000, 5660, 5930, 5850, 5668, 5641, 5769, 6105, 6159, 5850, 6125, 5654, 5669, 6060, 6003, 6062, 6122, 6164, 6042, 5994, 5901, 5792, 5932, 5660, 5677, 5674, 6039, 6535, 6165, 6165, 5853, 5670, 5721, 5975, 5846, 5659, 6316, 6645, 5655, 5694, 6488, 5653, 6383, 5949, 6377, 6051, 5684, 5945, 6061, 5665, 6226, 5671, 5674, 6154, 5670, 5723, 5663, 5650, 5661, 5659, 5679, 6296, 6215, 5948, 6051, 6065, 6290, 5650, 6024, 5661, 6228, 5722, 5648, 5685, 6168, 5684, 5665, 5682, 5699, 5661, 5665, 6052, 6489, 5661, 5678, 6007, 5655, 5651, 5652, 5678, 5845, 6245, 5765, 5671, 5656, 5664, 6286, 6054, 5900, 5663, 5656, 6594, 6052, 6100, 5954, 6127, 5675, 6339, 5786, 6125, 6096, 5672, 6070, 5666, 5662, 6352, 5669, 5682, 6028, 6105, 6127, 5798, 5657, 5948, 5938, 5736, 6011, 5664, 5668, 5710, 5671, 6216, 6546, 5683, 6161, 5741, 5650, 5658, 5693, 5698, 5780, 5801, 5655, 6320, 6548, 5664, 6223, 6702, 6194, 5648, 5994, 6042, 5879, 6638, 6160, 6110, 5679, 5664, 6214, 5679, 5898, 5949, 6061, 6358, 5842, 5838, 5666, 6447, 5671, 5885, 6002, 5792, 5665, 5778, 6012, 6113, 6067, 6270, 6537, 5899, 5724, 5998, 6152, 5664, 5656, 6172, 6697, 5957, 6751, 5656, 6252, 5737, 5725, 5849, 5940, 5904, 6429, 6019, 5903, 5906, 5964, 5667, 5655, 5738, 6167, 6209, 6505, 5656, 5653, 6019, 5654, 6026, 5894, 5652, 6092, 5668, 6040, 6347, 5664, 5675, 6059, 6497, 6172, 5677, 5877, 5660, 5656, 5907, 5807, 5939, 5965, 5669, 5689, 6055, 6540, 6129, 6008, 5659, 5909, 5907, 5883, 5737, 5997, 5653, 5885, 6112, 6075, 6219, 5679, 6458, 5668, 5940, 5669, 6458, 6364, 5674, 5674, 6339, 5685, 6162, 5777, 6058, 6224, 6544, 6060, 5902, 5849, 5794, 5657, 5649, 5887, 5953, 5669, 5780, 6105, 6228, 6255, 6389, 5743, 6435, 6023, 5734, 6098, 5795, 6662, 6108, 5655, 6260, 6322, 5661, 5963, 5671, 5685, 5990, 6048, 6078, 6158, 5667, 6104, 5836, 5677, 5644, 5653, 5659, 5999, 6290, 5648, 5693, 5858, 5943, 5665, 5733, 5654, 5872, 5947, 5682, 5794, 5658, 5808, 6067, 5659, 6088, 5891, 5896, 5882, 5708, 5938, 6037, 5655, 5674, 6488, 5663, 5669, 5769, 5649, 5852, 6046, 5656, 5895, 6009, 5884, 6002, 5657, 5674, 6071, 6005, 5944, 5654, 5681, 5667, 5764, 6389, 6110, 5647, 6176, 5644, 5959, 5651, 5894, 5902, 5651, 5664, 6324, 6859, 5661, 5956, 6321, 6440, 5670, 5646, 5750, 5664, 6027, 6115, 6327, 6207, 5674, 5674, 5656, 5657, 5682, 5809, 5649, 6332, 5839, 5802, 6002, 6698, 5961, 5666, 5845, 6482, 6549, 5682, 5880, 5653, 5651, 5747, 5892, 5841, 6004, 6279, 5665, 5782, 5704, 5647, 6431, 6484, 5666, 5948, 6244, 5662, 5744, 6122, 5674, 5848, 5656, 6488, 6009, 6386, 5645, 5660, 5657, 5657, 5956, 6102, 5666, 5880, 5781, 5916, 6290, 5884, 6111, 6018, 5678, 5869, 5666, 6000, 5672, 6048, 6025, 5674, 5836, 5678, 5894, 5656, 5657, 5648, 5889, 5943, 5973, 5846, 5647, 5659, 5731, 5649, 6008, 5849, 5798, 5898, 6053, 5953, 5655, 5640, 5847, 5651, 5666, 5671, 5647, 6436, 5656, 5682, 5683, 5845, 5647, 5652, 5644, 5693, 5679, 6136, 6119, 5655, 6053, 5972, 5683, 6271, 5744, 5925, 6219, 5651, 6426, 5889, 5745, 5992, 6045, 5779, 5663, 6263, 5849, 5669, 5640, 5831, 6229, 5792, 5955, 6801, 5655, 5941, 5658, 6067, 5834, 5683, 5652, 6055, 5699, 5800, 5684, 5647, 6077, 6132, 5669, 6156, 5653, 5675, 5652, 5668, 6121, 5719, 5995, 5676, 5894, 5659, 6052, 5789, 6431, 5819, 5667, 5889, 5670, 5672, 6231, 5785, 5688, 5649, 6220, 6478, 5789, 5681, 6006, 5650, 6213, 5789, 5896, 5689, 5674, 5654, 5900, 5728, 6379, 6690, 5677, 6169, 6323, 6052, 5651, 5666, 6379, 5826, 5999, 6106, 6121, 5880, 6072, 5810, 5851, 5663, 5667, 5657, 5952, 6371, 5657, 6298, 5652, 5658, 5671, 6115, 5674, 5989, 5664, 5902, 5662, 5651, 5665, 5650, 5781, 5856, 5651, 5656, 6229, 5838, 5659, 5840, 5840, 5683, 5837, 5652, 6368, 6275, 5664, 6136, 5689, 6107, 6065, 5679, 5939, 5656, 5996, 6223, 5905, 5791, 6219, 5669, 5664, 5949, 5935, 5788, 5691, 6118, 5691, 5885, 5888, 6057, 6602, 5959, 6045, 5839, 5758, 6062, 5956, 5941, 5691, 6535, 6211, 5662, 6426, 5660, 6221, 6156, 5727, 6282, 5955, 6060, 5654, 6545, 5791, 5657, 5841, 5669, 6163, 5664, 5738, 6236, 6064, 6104, 5675, 6219, 5685, 5894, 6160, 5894, 6719, 5675, 6217, 5745, 6210, 5852, 5666, 5709, 5738, 5830, 6134, 5846, 5851, 5650, 6008, 5840, 5787, 5850, 5781, 5665, 5902, 6380, 6111, 6165, 6076, 6249, 5658, 5648, 6396, 6426, 6058, 6065, 6264, 5650, 5991, 5873, 6013, 5998, 5656, 6278, 5944, 5656, 6277, 6216, 6601, 5658, 6265, 5656, 5669, 6490, 5842, 5654, 5736, 5777, 5670, 5947, 5795, 6048, 5670, 5651, 6097, 5785, 6239, 5687, 5848, 5682, 5650, 6220, 5681, 6121, 5949, 6288, 6718, 6181, 5663, 5667, 6007, 6124, 6490, 6284, 6229, 5998, 5662, 6221, 6814, 5848, 5692, 6494, 5662, 5665, 5961, 5682, 5737, 5890, 5652, 5950, 5950, 5677, 5734, 6311, 5657, 5653, 5845, 6114, 5785, 5679, 5659, 5794, 6215, 5882, 5658, 6156, 6164, 5642, 5663, 5914, 6231, 5669, 5662, 5810, 5648, 5650, 5651, 6107, 5691, 5652, 6205, 6496, 6336, 6010, 5979, 5644, 6437, 5841, 5667, 5670, 5666, 5669, 5685, 5667, 5652, 5668, 5654, 5875, 6320, 5645, 6228, 5684, 6330, 5840, 5964, 5694, 5848, 5668, 5695, 5931, 5758, 5661, 6052, 5676, 5669, 6098, 5661, 5647, 5679, 5663, 6612, 5675, 5651, 5954, 5669, 5679, 6329, 5657, 5644, 5758, 5677, 5895, 5673, 5647, 6151, 5682, 5665, 5656, 5654, 6537, 5662, 5729, 5838, 5675, 5942, 6024, 5651, 5650, 6013, 5666, 5663, 5787, 5655, 6210, 6016, 6053, 6324, 5667, 5942, 5781, 5737, 5885, 5651, 5949, 5651, 6312, 5896, 5686, 5664, 5961, 5891, 6098, 5955, 6274, 5686, 5840, 5659, 5833, 5663, 5959, 6192, 6291, 5672, 5662, 6111, 5656, 5654, 5646, 5669, 6095, 6502, 5664, 5856, 5777, 6154, 5667, 5663, 5838, 5743, 5660, 5664, 5840, 5829, 5996, 5664, 5662, 5782, 5849, 5675, 5658, 6264, 5683, 5986, 5833, 6316, 5770, 5781, 6254, 5654, 5953, 6237, 5737, 5832, 5670, 5912, 6337, 5723, 5671, 6265, 5837, 6317, 6050, 6254, 6020, 6599, 5663, 6336, 5660, 5657, 6053, 5655, 5649, 5650, 5654, 5672, 5650, 5889, 5765, 5949, 6003, 5661, 5644, 5649, 5651, 5674, 5657, 5666, 5686, 6472, 5658, 5912, 5642, 6357, 5653, 5663, 5871, 5895, 5664, 5662, 5655, 6209, 5656, 5691, 6132, 5661, 5957, 5659, 5660, 6051, 5649, 5886, 5690, 5665, 5841, 5673, 5648, 5863, 5912, 6055, 5664, 5674, 5650, 5959, 5666, 6285, 5658, 5657, 5861, 5845, 5663, 5944, 5656, 5994, 6269, 6276, 6054, 5654, 5676, 6212, 5739, 5999, 6170, 5984, 5774, 5827, 6228, 5686, 5987, 5901, 5933, 6115, 5677, 5644, 5734, 5661, 6009, 5798, 5731, 5847, 5724, 5662, 5805, 5647, 6109, 5675, 5655, 5657, 5890, 5653, 5846, 5650, 6631, 5654, 5670, 5658, 6095, 5656, 5654, 5834, 5667, 6055, 5960, 6116, 6061, 5672, 5670, 5676, 6125, 5645, 6016, 6060, 6439, 6000, 5672, 6026, 5688, 6078, 5670, 6395, 5649, 5835, 6591, 6447, 5668, 5680, 6666, 6661, 5784, 5839, 5778, 5726, 5690, 5746, 5947, 6114, 5656, 5672, 6001, 5673, 5666, 5955, 6491, 5656, 5666, 5718, 5775, 5919, 6160, 6454, 5838, 5671, 5659, 6259, 5646, 5807, 5672, 6095, 6543, 5782, 5805, 6017, 6164, 5772, 6024, 5998, 6271, 5778, 6280, 6432, 5652, 6107, 5666, 6058, 5909, 6491, 5678, 6288, 6227, 5671, 5792, 6063, 5894, 6063, 6238, 5997, 6057, 5907, 6163, 6455, 5662, 6008, 5666, 5993, 6555, 5682, 5956, 5889, 5690, 5956, 6592, 6080, 5658, 6004, 5688, 6000, 5733, 5683, 5836, 5673, 6079, 5890, 6677, 5655, 5898, 6476, 5948, 5659, 5666, 6024, 5891, 5741, 5834, 6521, 6058, 5833, 5656, 6280, 5665, 6278, 5680, 6106, 5779, 5661, 5983, 5862, 5905, 5653, 6123, 6735, 5965, 5655, 6057, 5655, 6799, 5948, 6160, 5671, 6163, 5932, 5946, 5781, 5654, 5665, 5922, 5838, 6059, 5659, 5677, 6207, 5843, 5674, 6106, 6272, 6065, 6165, 6000, 6328, 5885, 5732, 5882, 5647, 5736, 5744, 5670, 6020, 5664, 5645, 6373, 5670, 6290, 5693, 6406, 6109, 6003, 5661, 5805, 5678, 6055, 5881, 5655, 6006, 6294, 5782, 6437, 6376, 6015, 5864, 5993, 6598, 5886, 5665, 5662, 5767, 5998, 5673, 5662, 6317, 5663, 5705, 5739, 5679, 6011, 5660, 5735, 6421, 5667, 5794, 6215, 5679, 5856, 5677, 5655, 5994, 5773, 5963, 6243, 6236, 5664, 5664, 5682, 6121, 5734, 6488, 6152, 5654, 5791, 5732, 5953, 5650, 5974, 6346, 5993, 6060, 6693, 5790, 5663, 5907, 5943, 6125, 6539, 6377, 5881, 6124, 6182, 5675, 5743, 5655, 5685, 6803, 6587, 5686, 5792, 5897, 6121, 6500, 5943, 5684, 5649, 5672, 6593, 5989, 6545, 5792, 5657, 5691, 5835, 5869, 6165, 6325, 6211, 5656, 6259, 6099, 6066, 5672, 5664, 6232, 5916, 6337, 6012, 5665, 5659, 5671, 5890, 5650, 5656, 5674, 5677, 6592, 5651, 5669, 5956, 5657, 5650, 5919, 5649, 5941, 6264, 5942, 5663, 6463, 5843, 6044, 5671, 6270, 5678, 5643, 5687, 5788, 6427, 5659, 5795, 5956, 5667, 6563, 6174, 6123, 6444, 5936, 5842, 5959, 5664, 5857, 6429, 5657, 5657, 6307, 5656, 6027, 5659, 5798, 5896, 5949, 6129, 6048, 6331, 5994, 5650, 5858, 6204, 6282, 5966, 6057, 6691, 6064, 6079, 5914, 6028, 5653, 5653, 6655, 5786, 6205, 5801, 5857, 5666, 5941, 6011, 6108, 5686, 5948, 5658, 6165, 5675, 5693, 6171, 6280, 6007, 5802, 5797, 6012, 6374, 5709, 5783, 5653, 5659, 5670, 5690, 6315, 5665, 5655, 6230, 5654, 6536, 5845, 5938, 6237, 5671, 5659, 5648, 5658, 5901, 6125, 5655, 6279, 5787, 5955, 5898, 5649, 5949, 6167, 5807, 6012, 6131, 5662, 6053, 6167, 5650, 5677, 5898, 5937, 5996, 5898, 5648, 6631, 5903, 6056, 5688, 5784, 6065, 5674, 5649, 6061, 5662, 5831, 5667, 5702, 5834, 6284, 5659, 5995, 5659, 5654, 6003, 6000, 5883, 6293, 6041, 6112, 6388, 5810, 6110, 6020, 5735, 5898, 5727, 6372, 5952, 5657, 5683, 5676, 5844, 5648, 5663, 6219, 6154, 6470, 5956, 5955, 6098, 5722, 5946, 5894, 5696, 5738, 5788, 6009, 6003, 5652, 5670, 5899, 5941, 5790, 6434, 5656, 5659, 5655, 6058, 5950, 5664, 5641, 5685, 5943, 5658, 6121, 5677, 6081, 5949, 6296, 5841, 5731, 5762, 5944, 6161, 6063, 6613, 5948, 5839, 5950, 5892, 5737, 5669, 5747, 6318, 6650, 5942, 5718, 5676, 6139, 5658, 5899, 6057, 5646, 5685, 5664, 6399, 5843, 5783, 5895, 5737, 6165, 6051, 5653, 5961, 6014, 6226, 5672, 5656, 5930, 5682, 6159, 6335, 6128, 6343, 6186, 6590, 5892, 5900, 6137, 5777, 5760, 5828, 6117, 6057, 5653, 5654, 5845, 5843, 6181, 5897, 5781, 5674, 5681, 5719, 5777, 6111, 5658, 6173, 5652, 6057, 5850, 6109, 5646, 5994, 6225, 6060, 5723, 5673, 5656, 5679, 5951, 5965, 6753, 6122, 5870, 6703, 5670, 5655, 5661, 6000, 5650, 5961, 5852, 5679, 5652, 6106, 5652, 5846, 5668, 5659, 6047, 5649, 5656, 6458, 5921, 5845, 5898, 5944, 5673, 5661, 5643, 6055, 6009, 5669, 5667, 6231, 6008, 5836, 5667, 5836, 5753, 5848, 6211, 6129, 5659, 5677, 5663, 5675, 5692, 5646, 5988, 5959, 5665, 5660, 6450, 5802, 5939, 5661, 6598, 6138, 6003, 6376, 5947, 5653, 6444, 6585, 5659, 5733, 6391, 5963, 5877, 5848, 6168, 5662, 5694, 5884, 5693, 5671, 5960, 5798, 6032, 5806, 5783, 6157, 6367, 5838, 6353, 5901, 6206, 5955, 6040, 5952, 5890, 6223, 6226, 5652, 5954, 5897, 6067, 5650, 6022, 6923, 5870, 6267, 6038, 5649, 5660, 6276, 5674, 6115, 5720, 6060, 5667, 6188, 5687, 5944, 5775, 5967, 5916, 6174, 5653, 5658, 5641, 5892, 5660, 6224, 5780, 5893, 5839, 5749, 6024, 6173, 5678, 6298, 6058, 6720, 5852, 5647, 5904, 6212, 5905, 6048, 6014, 5680, 5885, 5835, 6011, 5660, 5682, 5792, 5689, 5655, 5957, 6164, 5649, 5906, 5655, 5854, 6074, 5662, 5733, 5960, 5942, 5654, 5657, 6002, 6398, 5661, 5948, 5661, 6015, 5859, 5660, 6292, 5665, 5894, 6364, 5704, 6693, 5650, 5674, 5948, 5671, 5661, 5940, 5839, 6001, 5661, 6035, 5801, 6320, 5649, 5960, 5728, 5840, 5663, 5651, 5673, 5690, 5662, 5658, 5799, 6696, 5665, 5847, 5647, 6031, 5688, 5833, 5909, 6172, 5814, 6212, 5667, 5644, 5842, 5662, 6257, 5645, 6217, 6804, 5838, 5752, 6107, 6070, 6000, 5656, 5844, 6636, 5683, 6069, 5956, 6376, 5903, 5651, 5800, 5952, 6034, 5653, 5937, 5726, 6005, 6114, 5844, 6127, 5667, 5964, 6461, 5669, 5901, 6179, 6007, 5668, 5652, 5669, 5939, 5839, 5959, 5654, 6588, 6062, 6265, 5844, 6014, 5948, 6162, 6117, 5676, 5669, 5661, 5908, 6283, 6059, 5653, 5687, 5678, 5677, 5782, 5827, 5977, 5890, 6016, 5847, 5649, 5998, 6104, 5684, 6487, 6059, 5666, 5771, 6178, 5675, 5666, 5988, 6370, 5659, 5656, 5684, 6217, 6013, 6018, 5701, 5657, 5679, 5665, 6702, 6134, 6244, 5667, 6091, 6373, 6061, 5660, 5656, 5673, 5794, 5661, 6190, 5674, 6390, 6053, 5659, 5792, 5829, 5988, 5659, 6001, 5644, 5940, 6152, 5645, 6064, 5794, 5895, 6395, 5889, 6004, 6054, 5696, 6497, 6080, 5695, 5889, 6795, 5717, 5785, 6471, 6472, 5733, 6070, 5654, 6002, 6641, 5953, 5832, 5715, 5664, 5660, 5728, 6020, 5943, 5651, 5776, 5652, 5671, 5682, 5673, 5858, 6159, 6452, 6184, 5663, 6482, 5654, 5832, 5683, 5882, 5651, 5670, 5951, 5772, 5663, 6074, 5689, 5676, 6107, 5856, 5890, 5647, 6265, 5653, 5656, 5897, 6003, 5960, 5681, 5952, 5652, 6150, 5644, 5902, 5654, 6157, 5794, 5667, 5647, 6918, 5797, 6062, 5716, 5810, 6208, 5679, 6168, 5944, 6541, 6279, 5647, 5724, 5657, 5654, 5669, 5676, 6104, 5676, 6317, 5646, 5649, 6164, 5854, 6332, 5839, 5859, 5824, 6100, 5643, 5659, 5892, 6224, 5670, 5674, 6439, 6126, 6537, 5648, 6171, 5662, 5848, 5946, 5731, 5778, 5787, 5806, 6331, 6001, 5659, 5946, 5799, 5906, 6432, 5943, 5995, 5837, 5944, 5815, 5655, 5652, 5954, 5768, 5661, 5652, 5731, 5652, 5671, 5658, 5647, 5648, 5664, 5889, 6328, 5845, 5670, 5653, 5652, 6008, 5789, 5683, 6052, 5694, 5853, 5831, 5743, 5659, 5949, 5790, 6173, 5840, 6385, 5661, 5671, 5728, 6585, 5657, 5960, 5739, 5731, 6001, 5679, 5798, 5673, 5677, 6177, 5842, 6181, 5844, 5658, 5660, 5666, 5894, 5765, 6331, 6390, 5658, 5662, 5658, 6156, 5660, 6006, 5941, 6173, 5793, 5793, 6179, 5678, 6000, 5886, 5718, 6262, 5711, 6493, 5645, 5951, 5731, 5731, 5920, 5693, 5678, 5837, 5704, 6151, 5653, 5796, 5888, 6001, 6055, 5936, 5880, 6387, 5673, 5952, 5891, 6213, 5679, 5945, 5663, 5695, 5912, 6476, 5831, 5655, 5682, 5713, 6538, 6280, 5671, 5642, 6178, 6070, 5665, 5683, 6048, 5958, 5914, 5938, 5656, 6026, 5671, 6053, 5654, 6218, 5899, 5680, 5670, 6485, 5677, 5648, 5690, 6120, 5905, 6442, 5676, 5782, 5660, 6878, 6388, 6698, 6493, 5889, 5808, 5836, 5723, 6384, 5839, 5848, 6269, 5655, 6509, 5887, 6016, 5682, 6168, 5664, 6037, 6049, 5653, 5839, 5651, 5861, 5667, 6703, 5987, 5654, 6161, 5672, 5666, 6543, 5946, 5755, 6072, 5786, 5721, 6004, 5964, 5909, 6440, 5676, 5664, 5652, 5831, 5661, 6752, 6106, 5885, 5657, 5664, 5686, 5765, 5673, 6008, 5668, 6489, 5945, 5673, 6052, 5673, 5666, 5998, 6283, 5745, 5778, 6106, 5645, 5673, 5662, 6222, 6216, 5911, 6164, 5786, 6323, 5658, 6000, 5827, 6115, 5771, 6384, 6112, 5646, 6095, 5699, 6026, 5890, 5986, 5644, 6228, 6172, 5768, 5738, 6391, 6441, 5675, 5755, 5880, 5952, 6060, 5647, 5919, 5724, 5660, 5781, 5678, 5679, 6292, 5672, 5656, 5659, 6118, 5664, 6024, 5676, 5673, 6058, 6116, 6319, 5830, 5895, 5649, 6486, 5732, 5964, 5673, 6401, 5835, 5697, 5952, 5680, 5668, 5793, 6119, 6100, 6430, 5657, 5655, 6007, 5653, 5686, 6672, 5682, 5994, 6117, 6252, 6328, 5903, 6499, 6120, 5653, 5956, 6533, 5808, 5665, 6055, 6256, 5667, 5733, 6293, 5657, 5668, 6154, 5664, 5784, 5968, 6229, 6048, 6071, 6443, 5670, 5648, 6427, 6122, 6076, 5657, 6054, 6118, 5796, 5673, 5666, 5653, 6328, 5935, 6687, 6190, 5907, 5692, 5745, 6398, 6169, 6277, 5676, 5974, 6535, 5892, 5835, 5888, 6293, 6485, 6180, 5692, 5657, 6198, 6169, 6201, 5731, 5800, 5649, 6124, 5656, 7192, 6117, 5689, 5952, 5666, 5986, 6096, 6077, 5979, 5878, 6107, 5679, 5662, 6287, 5771, 5672, 5909, 5651, 5958, 5655, 5664, 6024, 6424, 5828, 5957, 6172, 5654, 6043, 5943, 6046, 6325, 5665, 5647, 6066, 5678, 5661, 5653, 5669, 6066, 6437, 5658, 6593, 6099, 5659, 5724, 5650, 5649, 6486, 5896, 5999, 5794, 5732, 5893, 5819, 6102, 5659, 6198, 5671, 5651, 5693, 6417, 5652, 5646, 5773, 6063, 5906, 5657, 5682, 5654, 5682, 6455, 5683, 5642, 5912, 6002, 5789, 5674, 5660, 5887, 5843, 6009, 5678, 6218, 5657, 6165, 6005, 6116, 5655, 6310, 5648, 6433, 5824, 6600, 5889, 5695, 5959, 7020, 6056, 5941, 6265, 5643, 5940, 6439, 5782, 5658, 5648, 5647, 6030, 5663, 5837, 5658, 6015, 5663, 6492, 5991, 5660, 5660, 6485, 5657, 6314, 5652, 5657, 5743, 5906, 5662, 6224, 6173, 5945, 6668, 6184, 5692, 5743, 5660, 5840, 5731, 6156, 6553, 6329, 5661, 5690, 6346, 6170, 6179, 5674, 5650, 6110, 5992, 6020, 6701, 5786, 6152, 5666, 6010, 5667, 5964, 5662, 6596, 5777, 5831, 6155, 5908, 6171, 5860, 5939, 5842, 6118, 6046, 5651, 6321, 5641, 6473, 5663, 5960, 5660, 5647, 5650, 5655, 5663, 5663, 5776, 6607, 5671, 6014, 6538, 5643, 5998, 5653, 5841, 6066, 6224, 6384, 5669, 5652, 5835, 5946, 5692, 5791, 6001, 5655, 6068, 6157, 5681, 5943, 5942, 5670, 5654, 6111, 5741, 5664, 6275, 5655, 5985, 6317, 5907, 5807, 5660, 5660, 5935, 5673, 6068, 6198, 5650, 6021, 6060, 6223, 5672, 5665, 6097, 6216, 6275, 6968, 5664, 6331, 5730, 5785, 6697, 6110, 5649, 5797, 5732, 5677, 5895, 6383, 6001, 5964, 5642, 5782, 5686, 6321, 6271, 6010, 6410, 5663, 5909, 5674, 6161, 5662, 5664, 5952, 5648, 5708, 5644, 5656, 5651, 5955, 5927, 5666, 6148, 5806, 5902, 6151, 5657, 6319, 6326, 5853, 5661, 5648, 5660, 5664, 5795, 5879, 5952, 5838, 5958, 5661, 5650, 5798, 6443, 5730, 5896, 5852, 5902, 5682, 6261, 6383, 5648, 5826, 5957, 5644, 6093, 5658, 6259, 6275, 6105, 5674, 5664, 5668, 5671, 6197, 6288, 5864, 6125, 5666, 5678, 6209, 5685, 5837, 5949, 6540, 5662, 6009, 5655, 5649, 6358, 5664, 5663, 6114, 5661, 6014, 6499, 5693, 6051, 6423, 6589, 6333, 6263, 6064, 5901, 5654, 5656, 5944, 5654, 5738, 6365, 6206, 5651, 5664, 5675, 5660, 5644, 5661, 5728, 5877, 6274, 5790, 5659, 5650, 6762, 6000, 5664, 6225, 5776, 6323, 5741, 5656, 6497, 6436, 6313, 5949, 5666, 5681, 5647, 6229, 6164, 5654, 6072, 6277, 6284, 5845, 5653, 6166, 6116, 5669, 5879, 5904, 5651, 6371, 5841, 5643, 6201, 5671, 6138, 6108, 5675, 5903, 6310, 6053, 5810, 5649, 6526, 5661, 5678, 6159, 6369, 6106, 6088, 6449, 5649, 5670, 6008, 5948, 5656, 5880, 6069, 5667, 5674, 5645, 6233, 6426, 5739, 5679, 5672, 6021, 5781, 6591, 6357, 5674, 5725, 5790, 5659, 5662, 6338, 5969, 5737, 5718, 6159, 5685, 5650, 5664, 5656, 5945, 5660, 5647, 5716, 5961, 5726, 5659, 6380, 5789, 5678, 5659, 5879, 6264, 5666, 5745, 5652, 6418, 5663, 5950, 6056, 5690, 6272, 5666, 5643, 5693, 6094, 5789, 5647, 6163, 5662, 6487, 5903, 5651, 6438, 5658, 5656, 5669, 5670, 5965, 5660, 6760, 6473, 5683, 6067, 6061, 5663, 6261, 5664, 5825, 6058, 6074, 6537, 5658, 6323, 5889, 6462, 5944, 5907, 5834, 5668, 5730, 6181, 6696, 6375, 6105, 5656, 5655, 5680, 5830, 5758, 6058, 6693, 5847, 5658, 5720, 5794, 6714, 6172, 5992, 6110, 5800, 5673, 6151, 6173, 6235, 6161, 5666, 5665, 5660, 5914, 5690, 5924, 5870, 6170, 6602, 5651, 6245, 6100, 6064, 6055, 5671, 5671, 6103, 5957, 5904, 5684, 6088, 5643, 6657, 5676, 5826, 5667, 6194, 5658, 5849, 5661, 5667, 5649, 5957, 5714, 5958, 5677, 6061, 5783, 5847, 5679, 5955, 6138, 6153, 5672, 5657, 5850, 5680, 5878, 6067, 6188, 5668, 6228, 6108, 5684, 6209, 5651, 5947, 5997, 5659, 5642, 6029, 5686, 5663, 6166, 5658, 6395, 6157, 5665, 5680, 6324, 5668, 6428, 6227, 5755, 6000, 5855, 5890, 6532, 6264, 5670, 6007, 6271, 5664, 5670, 6007, 5675, 5831, 5787, 5891, 5836, 5652, 5949, 6552, 5650, 6120, 5654, 5686, 6180, 5663, 5664, 5683, 5656, 5646, 5885, 5980, 5667, 6016, 5663, 6053, 5840, 6180, 5785, 6163, 6325, 5826, 5658, 5648, 5899, 5666, 6227, 6222, 5952, 5892, 6240, 6584, 5672, 5895, 6059, 5664, 6585, 5649, 6428, 6847, 5803, 5947, 5662, 5646, 5674, 5650, 6163, 5904, 5920, 5836, 5926, 5639, 5676, 5896, 6159, 5660, 5659, 5953, 5653, 5650, 5684, 5680, 5790, 6069, 5844, 5648, 5661, 5865, 5666, 6324, 6206, 5674, 5676, 5649, 5682, 5944, 5664, 5801, 5645, 5750, 5654, 6019, 5661, 5667, 5642, 6007, 5694, 6048, 6171, 5967, 6181, 6158, 5961, 6004, 5883, 5955, 5650, 6217, 6116, 5654, 5734, 6003, 6300, 6214, 5751, 5664, 5895, 5679, 5650, 6069, 6487, 5789, 5698, 5941, 5649, 5735, 6047, 5671, 5684, 5850, 5976, 5651, 6217, 5694, 5653, 5672, 6165, 5747, 5697, 6347, 5660, 6422, 5663, 5856, 6017, 5656, 5665, 5665, 6236, 5661, 5786, 5951, 6334, 6026, 6527, 5658, 6316, 5948, 5659, 6608, 6848, 5803, 5998, 5789, 5897, 5650, 5648, 6317, 5682, 5666, 6581, 5695, 5894, 5670, 5896, 6007, 6156, 6000, 6501, 5950, 5673, 5929, 5659, 6332, 5727, 5955, 5819, 5670, 5664, 5962, 6007, 6236, 5673, 5955, 6830, 6163, 5847, 6167, 5796, 5806, 5651, 5654, 6491, 5713, 5650, 5651, 5666, 5790, 5742, 5839, 5934, 5649, 5649, 5643, 5665, 5738, 5661, 5844, 5941, 5740, 5668, 5659, 6226, 5651, 5903, 5838, 6328, 6063, 6287, 6328, 5665, 6168, 6216, 5651, 5646, 5656, 6292, 6064, 5955, 5688, 5913, 5661, 6008, 5842, 5660, 5666, 6009, 5659, 5686, 5654, 5655, 6119, 5843, 6307, 6009, 6125, 5724, 6390, 5773, 6662, 6061, 6259, 5654, 5651, 5664, 5654, 5713, 5888, 5655, 5649, 5648, 5771, 6187, 6131, 6758, 5783, 5956, 5959, 7187, 5721, 5724, 5886, 6323, 5702, 5891, 6051, 6135, 5785, 6203, 5688, 5734, 6003, 5906, 5683, 5808, 6317, 6017, 5656, 6152, 6387, 6330, 5864, 5649, 5649, 5664, 5654, 6392, 6431, 5683, 5798, 6217, 5957, 6011, 5835, 5662, 6442, 6217, 5823, 5663, 5665, 6329, 5721, 6235, 5865, 5935, 6495, 5741, 5679, 6348, 5685, 6033, 5693, 6271, 6221, 6098, 6480, 5647, 5896, 6333, 6081, 6185, 5647, 5665, 5957, 5648, 5793, 5908, 5668, 5809, 6068, 6192, 5675, 6598, 5955, 5737, 5999, 5646, 5650, 6169, 6121, 5653, 5818, 5791, 5654, 5718, 5643, 5647, 6018, 5652, 5726, 5840, 5743, 6471, 5954, 5671, 5848, 6115, 5855, 5873, 5674, 5653, 5649, 5670, 5909, 5904, 5652, 5870, 5957, 5652, 5656, 6029, 5676, 5661, 5661, 5675, 5700, 5670, 5656, 6158, 6056, 5658, 5774, 5992, 6108, 5850, 5658, 5736, 5754, 5961, 6120, 6421, 6325, 5670, 5790, 6336, 5658, 5655, 5665, 5956, 5650, 5649, 5748, 5663, 5672, 5999, 6268, 6035, 6713, 5882, 5955, 5912, 5835, 5896, 6210, 5734, 5682, 5948, 5651, 5848, 6064, 5743, 5742, 5943, 5955, 6483, 5898, 6120, 6330, 6762, 6870, 5663, 5901, 5952, 5684, 5951, 5653, 5936, 6052, 5659, 6221, 5843, 5809, 5719, 6057, 6014, 6233, 5799, 6491, 5659, 6009, 5646, 5800, 6013, 5667, 5795, 5854, 5642, 5716, 5656, 6485, 6122, 5799, 6021, 6357, 6355, 5798, 5845, 5846, 6269, 5683, 5650, 5676, 5659, 5752, 5761, 6169, 5789, 5797, 6060, 5658, 6376, 6221, 5642, 5662, 6166, 6048, 5667, 6064, 5653, 5831, 5671, 5680, 5664, 6317, 6236, 6161, 5654, 5668, 5667, 5668, 5672, 5653, 5666, 5666, 5663, 5729, 6236, 6286, 5655, 6688, 5652, 5649, 6492, 5688, 6078, 6277, 5672, 5667, 5673, 5677, 5709, 5662, 5653, 6649, 6059, 6163, 6016, 6407, 5646, 6091, 5677, 5735, 5665, 6026, 5682, 5654, 6692, 6062, 5660, 6327, 5649, 5649, 6055, 6355, 6394, 5847, 6283, 5666, 6487, 5654, 6272, 6345, 5674, 5663, 5662, 5782, 6493, 5673, 6171, 5657, 5665, 5680, 5683, 5646, 6372, 5732, 5799, 6663, 5902, 5666, 5663, 6436, 5669, 6593, 5660, 5953, 5677, 5798, 6224, 6200, 5705, 6545, 5658, 5646, 6047, 5903, 6064, 5663, 6157, 6015, 5850, 6142, 5843, 5660, 5666, 6381, 5958, 5649, 5669, 6723, 5680, 5955, 5646, 5740, 6244, 5950, 5844, 5664, 5973, 5789, 5998, 5692, 6021, 5653, 5828, 5942, 5665, 5663, 5665, 6109, 6010, 6371, 5666, 5956, 5863, 6266, 5987, 5695, 5850, 5663, 5788, 6171, 5646, 5897, 5656, 5954, 5858, 6062, 5666, 6362, 5899, 5664, 5778, 5953, 5843, 5643, 6125, 5665, 5675, 5800, 5672, 5660, 6119, 5665, 5666, 6017, 5645, 5647, 5842, 6335, 5646, 6185, 5734, 6325, 5906, 5807, 6488, 5872, 6160, 5740, 6174, 5660, 5846, 5656, 6225, 5659, 6430, 5665, 6223, 5673, 5674, 5673, 6125, 5662, 6282, 5667, 5664, 5891, 5995, 6012, 5660, 5857, 5901, 6459, 5702, 6120, 6111, 6712, 6267, 5662, 5861, 6111, 6216, 5960, 5807, 5907, 5656, 5823, 5666, 5730, 6117, 6474, 5666, 5637, 6533, 5887, 5849, 6060, 5780, 6456, 5655, 5654, 5670, 5838, 5654, 6062, 5957, 5693, 5680, 6211, 6082, 6268, 5677, 6134, 6281, 5678, 6277, 5692, 5667, 6316, 6285, 6111, 6120, 6336, 5657, 5657, 5687, 5657, 5654, 5664, 5667, 6100, 6023, 6015, 6544, 5946, 5885, 6499, 5668, 6665, 5655, 6114, 6412, 5745, 5945, 5660, 6397, 5681, 5896, 5657, 6380, 6129, 5787, 5654, 5953, 6062, 5648, 5670, 5655, 6165, 6178, 5671, 5896, 6105, 5870, 6105, 5649, 5687, 5911, 5644, 5665, 5656, 6331, 5807, 6540, 6339, 5943, 5667, 6107, 5873, 6381, 5652, 5690, 5650, 5674, 5783, 5652, 5880, 6167, 5683, 5671, 5662, 5649, 6343, 5734, 6109, 5671, 5681, 5657, 6325, 5905, 5958, 5995, 5651, 5662, 6317, 5745, 6642, 6126, 5786, 5790, 6336, 5654, 5839, 6207, 5983, 5670, 5741, 6066, 5859, 5672, 5672, 6062, 6166, 6382, 6396, 6063, 5959, 6006, 5846, 6115, 5671, 6169, 6240, 5727, 5648, 5671, 6322, 5835, 5654, 5786, 6161, 5862, 5659, 5679, 6053, 5691, 5657, 6214, 5682, 5655, 5942, 6274, 6026, 6802, 6391, 6498, 5820, 6700, 5676, 6339, 5747, 6180, 5672, 5861, 5891, 5676, 6156, 5953, 5698, 6103, 6433, 5672, 5656, 5654, 6229, 5662, 6342, 5662, 5957, 5746, 6069, 6799, 6801, 5655, 6065, 5651, 6493, 5847, 6296, 5679, 5998, 5845, 5842, 6070, 6138, 6015, 5986, 6141, 5687, 5908, 5795, 6280, 5952, 5862, 5649, 5821, 5662, 5656, 5938, 6499, 6005, 5954, 5662, 6115, 5658, 5659, 5728, 6173, 5864, 6551, 6508, 6337, 5654, 6164, 6917, 5663, 5888, 6213, 5892, 6482, 5842, 6169, 5671, 5844, 6279, 6005, 6473, 5883, 5844, 6343, 5882, 5952, 5716, 5648, 5898, 5860, 6204, 6121, 5682, 6455, 6285, 5974, 5698, 6486, 5673, 5672, 6164, 6117, 6219, 6228, 5845, 5675, 5660, 5867, 6060, 5678, 6105, 5721, 5949, 6661, 6232, 6476, 5679, 6070, 5949, 6381, 5658, 5840, 5887, 6119, 6495, 5842, 5678, 5730, 5648, 5790, 6063, 6156, 5951, 5659, 6069, 5842, 6168, 5667, 5679, 6300, 6282, 6148, 5745, 5698, 5661, 5956, 5674, 5779, 6269, 6062, 5667, 6114, 5682, 6276, 5683, 6170, 5845, 5666, 6440, 6020, 5953, 5655, 6065, 5664, 5845, 6486, 6989, 5648, 5689, 5671, 5921, 5672, 5676, 5674, 5923, 5649, 6317, 5948, 5767, 5674, 5650, 5888, 5741, 6267, 6381, 5690, 6062, 6590, 5728, 6066, 6278, 5669, 5667, 5843, 6058, 5688, 5950, 5656, 6214, 6064, 5886, 5666, 5994, 5663, 5649, 5785, 6173, 6185, 5826, 5674, 5648, 6198, 5676, 5734, 5674, 6103, 5907, 5999, 6376, 5659, 5720, 6073, 5662, 5783, 6215, 5735, 5794, 6371, 5659, 5661, 5855, 6047, 5664, 6116, 5959, 5782, 6965, 5657, 5660, 5651, 5670, 5678, 5674, 6175, 5697, 5724, 5781, 5669, 5729, 5672, 5919, 6172, 5653, 6281, 5667, 6060, 5839, 6106, 6221, 5654, 5834, 6115, 5919, 5831, 6263, 6121, 6172, 6041, 5891, 6602, 5664, 5657, 6615, 5950, 5829, 5872, 5899, 6277, 5677, 5652, 5933, 5926, 5669, 5837, 5646, 5655, 5915, 5687, 6109, 5728, 6266, 5646, 5939, 6152, 5650, 6873, 5657, 5894, 5641, 6127, 6119, 5946, 5652, 6645, 5646, 6075, 5655, 5652, 5669, 6068, 5938, 5661, 6058, 6480, 6042, 5693, 6176, 6276, 6002, 5654, 5779, 5780, 5660, 5971, 5680, 5960, 6064, 5766, 5844, 6164, 6248, 5943, 6547, 6139, 6100, 6599, 5656, 5951, 5964, 6591, 6106, 5651, 5903, 6075, 5909, 5646, 5960, 5974, 6110, 5657, 6011, 5675, 5662, 5885, 5651, 5875, 5655, 5647, 6008, 5653, 5667, 5727, 6523, 6165, 5659, 5776, 5675, 5935, 5666, 5988, 6219, 6341, 6345, 6003, 5652, 5645, 5650, 5680, 5667, 5657, 5878, 5665, 6159, 6094, 5653, 5772, 5951, 5641, 5674, 6009, 5675, 5649, 5917, 5718, 6216, 5994, 6598, 6123, 5667, 6050, 5647, 5890, 5787, 6111, 6281, 5660, 6384, 6200, 5753, 6091, 6216, 6109, 6383, 6042, 6133, 6480, 5726, 5667, 5999, 6211, 6159, 5655, 6313, 5679, 5655, 6064, 5774, 5946, 5843, 5649, 5651, 6212, 6118, 6204, 5803, 5766, 5905, 5950, 5654, 5736, 5669, 5959, 6091, 5645, 5684, 6638, 5774, 5731, 6050, 5665, 5652, 6061, 5690, 5828, 6156, 5677, 6102, 5675, 5648, 6328, 5895, 5667, 5664, 5787, 6651, 6556, 5776, 5659, 5665, 5722, 6438, 5666, 6593, 6212, 5681, 6050, 6342, 5699, 5655, 6035, 6432, 6131, 5843, 5643, 6148, 5683, 5682, 5890, 5969, 5667, 5657, 5940, 5815, 6623, 5927, 6240, 6815, 6223, 6118, 5675, 5881, 5658, 5667, 5649, 5646, 5653, 6097, 6427, 6218, 6239, 6132, 5658, 6335, 6173, 5969, 5971, 6463, 5915, 5997, 5985, 5832, 5648, 5797, 6187, 5665, 6070, 6431, 5875, 6071, 5887, 5739, 6236, 5751, 5779, 6011, 5664, 6333, 6606, 5662, 6317, 6060, 5663, 5663, 5660, 5674, 5800, 5880, 5737, 5843, 5844, 5892, 5904, 5688, 6155, 5830, 5671, 5655, 6496, 5988, 5671, 5942, 5655, 5959, 5661, 5671, 6214, 5894, 6550, 5650, 5678, 5678, 5747, 6335, 5674, 5672, 5675, 5725, 6540, 6587, 5701, 5776, 5697, 5967, 5703, 6221, 6651, 5725, 6481, 5699, 5843, 5658, 5669, 6122, 6277, 5664, 5660, 5661, 5674, 5930, 5851, 6227, 5660, 5650, 6169, 5688, 6455, 6924, 5731, 5656, 5694, 6692, 5856, 5731, 6283, 5665, 5795, 6045, 5890, 5752, 5904, 5649, 6171, 5720, 5898, 5961, 6002, 5685, 5691, 5948, 6438, 5742, 5673, 5668, 6648, 6212, 5667, 6115, 6375, 6127, 5657, 6113, 5682, 6704, 6211, 6120, 5942, 6163, 6156, 5916, 5840, 5670, 6381, 5666, 6179, 5734, 6000, 5804, 5656, 5955, 6263, 5666, 6172, 5667, 5668, 5684, 5950, 5828, 5664, 5683, 6530, 6432, 6192, 5667, 5664, 6102, 5672, 5655, 5696, 5890, 5671, 6169, 5911, 5657, 5744, 5654, 5958, 6111, 5665, 6077, 6548, 6454, 5941, 6337, 5674, 6113, 5796, 6556, 5912, 5662, 5662, 6380, 5840, 5666, 6390, 6367, 6277, 5669, 6575, 6056, 6499, 5654, 5829, 5725, 5738, 5658, 5917, 6166, 5972, 5683, 5832, 5664, 5719, 5707, 6422, 5665, 6755, 5897, 6094, 6722, 5672, 5657, 6012, 5650, 5835, 6097, 6055, 6016, 5661, 6441, 5647, 5665, 5648, 5822, 6171, 5980, 6400, 5928, 5991, 5688, 6073, 5683, 6266, 5969, 6064, 5681, 6224, 6442, 5978, 6170, 6371, 5784, 6440, 5955, 6367, 6209, 6102, 6269, 5867, 6112, 6182, 5689, 5647, 6230, 5836, 5889, 6010, 6287, 5682, 5837, 6276, 5650, 6315, 6124, 5779, 6172, 5654, 6750, 5946, 6008, 5663, 6157, 5876, 6263, 5745, 6864, 5669, 5672, 5863, 6491, 5664, 5845, 6035, 6598, 6023, 5686, 6329, 6231, 6171, 5658, 6001, 6426, 6639, 6643, 5682, 6440, 5730, 5947, 5988, 6170, 5683, 5728, 6967, 6281, 5786, 6481, 6395, 5961, 6325, 5934, 6057, 5652, 5736, 5954, 5670, 6285, 6212, 5648, 5653, 6325, 5691, 5663, 6521, 5660, 5661, 6203, 5683, 6125, 5795, 5639, 5676, 5735, 5945, 5650, 5832, 6418, 5650, 6847, 5706, 5653, 6548, 5672, 5661, 5680, 5664, 5952, 5780, 5678, 6204, 6283, 5674, 6111, 6008, 6058, 5751, 6281, 5657, 5666, 6607, 5823, 5660, 6019, 6520, 5668, 5738, 5831, 6432, 6160, 6004, 6217, 5657, 5688, 5652, 6533, 5785, 5662, 5667, 6352, 5658, 5650, 5657, 5649, 5645, 5865, 5841, 5680, 6529, 5796, 6163, 5793, 5659, 5675, 6424, 5891, 6219, 5646, 5674, 5662, 5668, 5666, 5837, 5658, 5650, 5752, 6815, 5678, 6145, 5807, 5770, 5661, 5671, 5801, 6158, 5700, 5879, 5654, 5651, 6272, 5831, 6121, 5781, 6645, 5861, 5666, 6110, 5690, 5994, 6335, 6426, 5683, 6102, 5859, 5888, 5671, 5941, 5724, 6543, 6127, 6106, 5668, 5695, 5829, 5644, 5656, 6179, 6024, 5924, 6022, 5660, 5994, 6224, 5928, 5668, 5738, 6132, 5671, 5890, 5674, 5656, 5959, 5718, 5747, 6434, 5829, 5890, 5940, 5778, 5842, 5770, 5660, 6006, 5669, 5947, 5949, 6172, 6215, 5663, 5668, 5723, 5687, 5994, 5698, 5674, 6213, 6045, 5669, 6053, 5898, 5683, 5652, 6222, 5678, 6333, 6482, 6500, 5912, 5662, 5648, 5677, 6590, 5680, 5955, 5719, 6369, 5848, 6148, 6177, 5662, 5886, 6113, 6209, 6342, 5904, 5677, 5726, 5652, 6521, 6237, 6352, 5660, 6072, 5862, 5652, 5954, 6651, 6053, 6172, 6009, 5648, 6052, 5657, 6600, 5692, 5730, 5669, 5654, 5785, 6011, 5898, 6058, 6319, 6325, 6023, 5736, 5669, 5729, 5653, 6067, 6053, 6267, 5660, 5654, 6056, 5729, 5793, 5662, 6251, 5656, 5653, 5660, 5891, 6853, 6644, 6439, 6111, 5845, 5904, 5664, 6252, 5668, 6330, 5654, 6437, 5846, 6206, 6072, 6504, 5912, 5960, 5660, 6012, 5792, 5664, 5664, 6285, 6003, 5842, 5880, 6061, 5958, 5947, 6443, 5660, 5660, 6013, 6004, 5651, 6056, 5856, 6323, 5918, 5654, 6220, 6012, 6795, 6057, 6063, 5920, 6218, 6342, 6552, 5730, 5986, 5796, 6453, 5796, 5655, 5949, 5881, 5671, 5684, 5672, 5730, 5645, 6398, 5750, 5676, 6039, 5906, 6106, 5666, 6322, 6158, 5662, 6169, 5940, 5786, 5829, 5656, 6284, 5989, 5994, 6217, 6118, 5679, 5664, 6046, 5675, 6429, 6172, 6363, 5736, 6175, 5644, 5657, 5795, 6008, 5699, 6112, 5646, 6498, 5790, 6438, 6481, 5660, 5681, 5660, 5942, 5734, 6322, 6328, 5645, 5661, 5680, 5680, 6537, 5886, 5663, 5654, 5675, 6172, 6010, 6310, 5854, 5959, 5795, 6260, 5710, 5826, 6146, 6051, 6101, 5654, 6166, 5658, 5671, 5668, 5649, 5954, 5650, 5654, 5701, 5800, 6177, 5696, 6480, 5680, 5949, 6025, 5673, 5951, 5964, 5789, 5942, 6489, 5937, 5690, 6006, 5821, 5679, 5786, 6563, 5791, 5656, 5941, 5660, 5782, 5720, 5658, 5678, 5845, 6100, 6179, 5659, 6613, 6087, 6176, 6012, 6158, 6175, 5795, 6203, 6112, 5894, 5831, 6623, 5656, 5827, 5670, 5962, 6101, 6117, 5839, 5672, 5829, 5644, 5939, 5666, 6062, 6063, 5896, 6476, 5663, 5895, 5943, 6656, 5836, 6118, 5665, 5663, 5657, 5781, 6074, 5670, 6280, 5733, 5681, 5689, 5662, 6004, 6218, 5646, 5656, 5883, 6222, 5659, 6454, 6109, 6333, 5670, 6825, 5681, 5897, 5665, 6254, 5653, 6659, 6154, 5794, 5693, 6118, 5650, 6656, 5737, 5676, 5683, 5679, 5660, 6002, 5730, 5669, 5652, 5642, 5658, 6115, 5831, 5659, 5655, 6051, 6026, 6380, 6039, 6045, 5780, 5671, 6320, 6314, 5832, 6224, 5937, 6225, 5842, 6353, 5881, 5669, 5653, 5648, 6274, 5844, 5670, 5673, 5661, 6433, 5828, 5664, 6166, 6149, 5832, 5963, 6103, 5681, 6097, 5785, 6338, 5838, 5957, 5767, 6114, 5900, 5645, 5753, 5674, 6124, 5648, 6444, 5738, 5652, 5656, 6109, 5656, 6004, 5831, 6324, 5658, 6075, 5785, 5892, 5680, 5684, 5680, 5691, 5788, 6433, 6421, 5653, 5674, 5687, 5668, 5738, 5649, 5839, 5845, 6259, 6229, 6543, 5962, 6000, 5854, 5778, 5642, 5828, 5658, 6537, 5655, 5688, 6482, 5676, 6759, 5837, 6272, 6058, 5680, 5659, 6614, 5961, 6267, 5647, 5674, 5660, 6066, 5653, 5944, 5674, 5999, 5661, 6537, 6167, 6002, 6321, 6132, 5664, 5667, 5679, 5659, 5952, 5963, 5661, 5893, 6490, 5643, 5705, 5912, 5660, 5667, 5999, 6227, 5784, 5654, 5686, 5667, 5996, 6040, 5732, 6426, 5777, 6380, 5645, 6057, 5959, 5986, 6109, 5675, 5901, 5726, 5666, 5650, 5663, 6104, 5658, 5655, 5715, 5661, 5863, 5664, 6493, 5673, 5672, 6168, 5837, 5740, 5811, 5669, 6277, 5671, 6219, 5666, 5771, 6165, 5660, 5863, 5956, 5775, 5946, 5780, 6161, 5954, 6224, 6057, 5898, 5942, 6095, 5672, 6661, 6727, 6862, 5958, 5649, 5650, 5951, 6164, 5657, 5677, 5894, 6180, 5653, 5818, 5662, 5647, 5937, 6171, 5789, 5653, 5801, 5669, 5661, 6160, 6337, 5658, 5657, 5938, 5648, 5660, 5680, 5881, 5843, 6820, 6226, 5682, 5695, 6138, 5909, 6164, 5648, 5671, 6263, 5657, 5662, 5696, 5685, 6215, 6656, 5918, 6693, 5943, 5950, 5846, 6662, 5661, 5877, 5661, 5784, 6042, 6002, 5667, 5939, 5656, 5722, 6138, 5665, 5883, 5891, 5931, 5735, 6725, 5971, 5661, 5856, 6062, 5906, 5654, 5655, 5867, 6288, 6093, 5889, 5683, 6037, 6117, 5841, 5657, 5835, 5762, 6743, 5737, 5858, 5845, 6366, 6295, 6640, 6189, 5666, 6365, 6330, 5683, 5799, 5658, 5669, 6311, 5909, 5672, 6330, 6066, 6399, 5782, 5753, 6021, 5659, 5654, 5780, 6161, 6004, 5651, 6001, 6321, 6477, 5690, 6154, 5888, 6501, 6316, 6495, 5660, 6496, 5722, 6751, 5656, 5785, 5676, 5902, 5659, 5732, 6098, 5655, 5929, 6026, 5824, 5845, 5936, 5679, 5719, 5952, 5657, 5845, 6924, 5679, 6287, 5933, 5657, 5894, 5644, 5725, 6044, 6470, 5902, 5653, 5656, 5792, 6371, 5732, 6375, 6108, 6063, 5733, 5943, 5891, 5687, 5783, 6063, 5936, 6171, 5652, 5675, 5889, 6064, 5665, 5666, 5741, 5963, 6534, 6224, 5778, 5757, 6050, 6060, 5747, 5677, 6293, 6118, 5910, 6651, 6333, 6003, 5729, 5885, 6489, 6069, 5850, 5660, 6108, 6468, 5950, 5669, 5944, 5952, 5660, 5730, 6655, 5721, 5719, 5653, 6296, 5645, 5671, 6282, 5953, 6133, 5772, 6119, 6111, 6100, 6038, 6073, 6568, 6054, 5687, 5664, 5645, 6016, 5658, 6178, 5668, 5674, 5666, 5670, 6025, 6822, 5891, 5649, 6225, 5653, 6111, 6366, 5684, 5844, 6159, 6030, 6114, 5664, 5728, 6103, 5648, 5651, 5748, 5652, 5797, 6283, 6227, 6275, 6375, 5888, 6104, 6047, 5676, 5673, 5655, 6003, 5941, 5657, 6091, 5797, 5657, 5839, 5748, 5946, 6376, 5882, 5940, 6003, 5854, 5641, 5677, 6057, 5730, 5673, 6159, 6059, 5845, 6911, 6159, 5652, 5649, 6210, 5728, 5664, 
Mejor solucion obtenida: 36, 37, 39, 38, 42, 41, 40, 26, 25, 24, 21, 23, 22, 35, 0, 4, 16, 15, 17, 18, 19, 20, 14, 12, 13, 34, 33, 32, 31, 9, 10, 11, 8, 5, 6, 7, 29, 30, 28, 27, 1, 3, 2, || Fitness: 5620;