Archivo Usado: p43.atsp
Tamaño de la Poblacion: 100
Reemplazo por Generacion: 5
Tamaño de los Torneos: 7
Cantidad de ciudades: 43
Probabilidad de cruce: 90000
Probabilidad mutacion simple: 13000
Probabilidad mutacion compleja: 15000
Cruces minimos de la mutacion compleja: 4
Iteraciones ejecutadas: 10000
Largo del cruce PMX: 6
Operador de Cruce: 0
Metodo seleccion de Padres: 0
Operador de Mutacion: 0
Metodo seleccion de Supervivientes: 1
Cantidad de threads a usar: 16
37, 38, 39, 40, 42, 41, 26, 25, 24, 21, 23, 22, 35, 0, 4, 7, 5, 6, 15, 17, 20, 19, 18, 16, 13, 12, 14, 33, 34, 32, 31, 8, 11, 10, 9, 30, 29, 27, 28, 3, 1, 2, 36, 
32, 31, 8, 11, 10, 9, 30, 29, 27, 28, 3, 1, 2, 36, 37, 38, 39, 40, 42, 41, 26, 25, 24, 21, 23, 22, 35, 0, 4, 7, 5, 6, 15, 17, 20, 19, 18, 16, 13, 12, 14, 33, 34, 
9, 30, 29, 27, 28, 3, 1, 2, 36, 37, 38, 39, 40, 42, 41, 26, 25, 24, 21, 23, 22, 35, 0, 4, 7, 5, 6, 17, 15, 20, 18, 19, 16, 13, 12, 14, 33, 34, 32, 31, 8, 11, 10, 
15, 17, 20, 19, 18, 16, 13, 12, 14, 33, 34, 32, 31, 8, 11, 10, 9, 30, 29, 27, 28, 3, 1, 2, 36, 37, 38, 39, 40, 42, 41, 26, 25, 24, 21, 23, 22, 35, 0, 4, 7, 5, 6, 
36, 37, 38, 39, 40, 42, 41, 26, 25, 24, 21, 23, 22, 35, 0, 4, 7, 5, 6, 15, 17, 20, 18, 19, 16, 13, 12, 14, 33, 34, 32, 31, 8, 11, 10, 9, 30, 29, 27, 28, 3, 1, 2, 
30, 29, 27, 28, 3, 1, 2, 36, 37, 38, 39, 40, 42, 41, 26, 25, 24, 21, 23, 22, 35, 0, 4, 17, 15, 20, 19, 18, 16, 13, 12, 14, 33, 34, 32, 31, 8, 11, 10, 9, 5, 6, 7, 
26, 25, 24, 21, 23, 22, 35, 0, 4, 7, 5, 6, 15, 17, 20, 19, 18, 16, 13, 12, 14, 33, 34, 32, 31, 8, 11, 10, 9, 30, 29, 27, 28, 3, 1, 2, 36, 37, 38, 39, 40, 42, 41, 
38, 39, 40, 42, 41, 26, 25, 24, 21, 23, 22, 35, 0, 4, 7, 5, 6, 15, 17, 20, 19, 18, 16, 13, 12, 14, 33, 34, 32, 31, 8, 11, 10, 9, 30, 29, 27, 28, 3, 1, 2, 36, 37, 
34, 32, 31, 8, 11, 10, 9, 30, 29, 27, 28, 3, 1, 2, 36, 37, 38, 39, 40, 42, 41, 26, 25, 24, 21, 23, 22, 35, 0, 4, 7, 5, 6, 17, 15, 20, 19, 18, 16, 13, 12, 14, 33, 
18, 19, 16, 13, 12, 14, 33, 34, 32, 31, 8, 11, 10, 9, 30, 29, 27, 28, 3, 1, 2, 36, 37, 38, 39, 40, 42, 41, 26, 25, 24, 21, 23, 22, 35, 0, 4, 7, 5, 6, 15, 17, 20, 
13, 12, 14, 33, 34, 32, 31, 8, 11, 10, 9, 30, 29, 27, 28, 3, 1, 2, 36, 37, 38, 39, 40, 42, 41, 26, 25, 24, 21, 23, 22, 35, 0, 4, 7, 5, 6, 17, 16, 18, 19, 20, 15, 
16, 13, 12, 14, 33, 34, 32, 31, 8, 11, 10, 9, 30, 29, 27, 28, 3, 1, 2, 36, 37, 38, 39, 40, 42, 41, 26, 25, 24, 21, 23, 22, 35, 0, 4, 7, 5, 6, 15, 17, 20, 18, 19, 
23, 22, 35, 0, 4, 7, 5, 6, 15, 17, 20, 18, 19, 16, 13, 12, 14, 33, 34, 32, 31, 8, 11, 10, 9, 30, 29, 27, 28, 3, 1, 2, 36, 37, 38, 39, 40, 42, 41, 26, 25, 24, 21, 
16, 13, 12, 14, 33, 34, 32, 31, 8, 11, 10, 9, 30, 29, 27, 28, 3, 1, 2, 36, 37, 38, 39, 40, 42, 41, 26, 25, 24, 21, 23, 22, 35, 0, 4, 7, 5, 6, 15, 17, 20, 18, 19, 
15, 17, 20, 18, 19, 16, 13, 12, 14, 33, 34, 32, 31, 8, 11, 10, 9, 30, 29, 27, 28, 3, 1, 2, 36, 37, 38, 39, 40, 42, 41, 26, 25, 24, 21, 23, 22, 35, 0, 4, 7, 5, 6, 
17, 15, 20, 18, 19, 16, 13, 12, 14, 33, 34, 32, 31, 8, 11, 10, 9, 30, 29, 27, 28, 3, 1, 2, 36, 37, 38, 39, 40, 42, 41, 26, 24, 25, 21, 23, 22, 35, 0, 4, 7, 5, 6, 
25, 24, 21, 23, 22, 35, 0, 4, 7, 5, 6, 15, 17, 20, 19, 18, 16, 13, 12, 14, 33, 34, 32, 31, 8, 11, 10, 9, 30, 29, 27, 28, 3, 1, 2, 36, 37, 38, 39, 40, 42, 41, 26, 
25, 24, 21, 23, 22, 35, 0, 4, 7, 5, 6, 15, 17, 20, 18, 19, 16, 13, 12, 14, 33, 34, 32, 31, 8, 11, 10, 9, 30, 29, 27, 28, 3, 1, 2, 36, 37, 38, 39, 40, 42, 41, 26, 
4, 7, 5, 6, 15, 17, 20, 19, 18, 16, 13, 12, 14, 33, 34, 32, 31, 8, 11, 10, 9, 30, 29, 27, 28, 3, 1, 2, 36, 37, 38, 39, 40, 42, 41, 26, 25, 24, 21, 23, 22, 35, 0, 
23, 22, 35, 0, 4, 7, 5, 6, 17, 15, 20, 18, 19, 16, 13, 12, 14, 33, 34, 32, 31, 8, 11, 10, 9, 30, 29, 27, 28, 3, 1, 2, 36, 37, 38, 39, 40, 42, 41, 26, 25, 24, 21, 
19, 18, 16, 13, 12, 14, 33, 34, 32, 31, 8, 11, 10, 9, 30, 29, 27, 28, 3, 1, 2, 36, 37, 38, 39, 40, 42, 41, 26, 25, 24, 21, 23, 22, 35, 0, 4, 7, 5, 6, 15, 17, 20, 
16, 13, 12, 14, 33, 34, 32, 31, 8, 11, 10, 9, 30, 29, 27, 28, 3, 1, 2, 36, 37, 38, 39, 40, 42, 41, 26, 25, 24, 21, 23, 22, 35, 0, 4, 7, 5, 6, 15, 17, 20, 18, 19, 
26, 25, 24, 21, 23, 22, 35, 0, 4, 7, 5, 6, 17, 15, 20, 19, 18, 16, 13, 12, 14, 33, 34, 32, 31, 8, 11, 10, 9, 30, 29, 27, 28, 3, 1, 2, 36, 37, 38, 39, 40, 42, 41, 
24, 21, 23, 22, 35, 0, 4, 7, 5, 6, 15, 17, 20, 19, 18, 16, 13, 12, 14, 33, 34, 32, 31, 8, 11, 10, 9, 30, 29, 27, 28, 3, 1, 2, 36, 37, 38, 39, 40, 42, 41, 26, 25, 
6, 15, 17, 20, 19, 18, 16, 13, 12, 14, 33, 34, 32, 31, 8, 11, 10, 9, 30, 29, 27, 28, 3, 1, 2, 36, 37, 38, 39, 40, 42, 41, 26, 25, 24, 21, 23, 22, 35, 0, 4, 7, 5, 
36, 37, 38, 39, 40, 42, 41, 26, 24, 25, 21, 23, 22, 35, 0, 4, 7, 5, 6, 17, 15, 20, 18, 19, 16, 13, 12, 14, 33, 34, 32, 31, 8, 11, 10, 9, 30, 29, 27, 28, 3, 1, 2, 
3, 1, 2, 36, 37, 38, 39, 40, 42, 41, 26, 25, 24, 21, 23, 22, 35, 0, 4, 7, 5, 6, 15, 17, 20, 19, 18, 16, 13, 12, 14, 33, 34, 32, 31, 8, 11, 10, 9, 30, 29, 27, 28, 
5, 6, 15, 17, 20, 18, 19, 16, 13, 12, 14, 33, 34, 32, 31, 8, 11, 10, 9, 30, 29, 27, 28, 3, 1, 2, 36, 37, 38, 39, 40, 42, 41, 26, 25, 24, 21, 23, 22, 35, 0, 4, 7, 
4, 7, 5, 6, 17, 15, 20, 19, 18, 16, 13, 12, 14, 33, 34, 32, 31, 8, 11, 10, 9, 30, 29, 27, 28, 3, 1, 2, 36, 37, 38, 39, 40, 42, 41, 26, 25, 24, 21, 23, 22, 35, 0, 
11, 10, 9, 30, 29, 27, 28, 3, 1, 2, 36, 37, 38, 39, 40, 42, 41, 26, 24, 25, 21, 23, 22, 35, 0, 4, 7, 5, 6, 17, 15, 20, 19, 18, 16, 13, 12, 14, 33, 34, 32, 31, 8, 
5, 6, 15, 17, 20, 18, 19, 16, 13, 12, 14, 33, 34, 32, 31, 8, 11, 10, 9, 30, 29, 27, 28, 3, 1, 2, 36, 37, 38, 39, 40, 42, 41, 26, 25, 24, 21, 23, 22, 35, 0, 4, 7, 
14, 33, 34, 32, 31, 8, 11, 10, 9, 30, 29, 27, 28, 3, 1, 2, 36, 37, 38, 39, 40, 42, 41, 26, 25, 24, 21, 23, 22, 35, 0, 4, 7, 5, 6, 17, 15, 20, 19, 18, 16, 13, 12, 
30, 29, 27, 28, 3, 1, 2, 36, 37, 38, 39, 40, 42, 41, 26, 25, 24, 21, 23, 22, 35, 0, 4, 7, 5, 6, 17, 15, 20, 18, 19, 16, 13, 12, 14, 33, 34, 32, 31, 8, 11, 10, 9, 
4, 7, 5, 6, 15, 17, 20, 18, 19, 16, 13, 12, 14, 33, 34, 32, 31, 8, 11, 10, 9, 30, 29, 27, 28, 3, 1, 2, 36, 37, 38, 39, 40, 42, 41, 26, 25, 24, 21, 23, 22, 35, 0, 
23, 22, 35, 0, 4, 7, 5, 6, 15, 17, 20, 19, 18, 16, 13, 12, 14, 33, 34, 32, 31, 8, 11, 10, 9, 30, 29, 27, 28, 3, 1, 2, 36, 37, 38, 39, 40, 42, 41, 26, 25, 24, 21, 
38, 39, 40, 42, 41, 26, 25, 24, 21, 23, 22, 35, 0, 4, 7, 5, 6, 15, 17, 20, 19, 18, 16, 13, 12, 14, 33, 34, 32, 31, 8, 11, 10, 9, 30, 29, 27, 28, 3, 1, 2, 36, 37, 
29, 27, 28, 3, 1, 2, 36, 37, 38, 39, 40, 42, 41, 26, 25, 24, 21, 23, 22, 35, 0, 4, 7, 5, 6, 15, 17, 20, 18, 19, 16, 13, 12, 14, 33, 34, 32, 31, 8, 11, 10, 9, 30, 
39, 40, 42, 41, 26, 25, 24, 21, 23, 22, 35, 0, 4, 7, 5, 6, 17, 15, 20, 19, 18, 16, 13, 12, 14, 33, 34, 32, 31, 8, 11, 10, 9, 30, 29, 27, 28, 3, 1, 2, 36, 37, 38, 
22, 35, 0, 4, 7, 5, 6, 15, 17, 20, 18, 19, 16, 13, 12, 14, 33, 34, 32, 31, 9, 11, 10, 8, 30, 29, 27, 28, 3, 1, 2, 36, 37, 38, 39, 40, 42, 41, 26, 25, 24, 21, 23, 
3, 1, 2, 36, 37, 38, 39, 40, 42, 41, 26, 25, 24, 21, 23, 22, 35, 0, 4, 7, 5, 6, 15, 17, 20, 18, 19, 16, 13, 12, 14, 33, 34, 32, 31, 8, 11, 10, 9, 30, 29, 27, 28, 
28, 3, 1, 2, 36, 37, 38, 39, 40, 42, 41, 26, 25, 24, 21, 23, 22, 35, 0, 4, 7, 5, 6, 15, 17, 20, 18, 19, 16, 13, 12, 14, 33, 34, 32, 31, 8, 11, 10, 9, 30, 29, 27, 
25, 21, 23, 22, 35, 0, 4, 7, 5, 6, 15, 17, 20, 18, 19, 16, 13, 12, 14, 33, 34, 32, 31, 8, 11, 10, 9, 30, 29, 27, 28, 3, 1, 2, 36, 37, 38, 39, 40, 42, 41, 26, 24, 
15, 17, 20, 18, 19, 16, 13, 12, 14, 33, 34, 32, 31, 8, 11, 10, 9, 30, 29, 27, 28, 3, 1, 2, 36, 37, 38, 39, 40, 42, 41, 26, 25, 24, 21, 23, 22, 35, 0, 4, 7, 5, 6, 
3, 1, 2, 36, 37, 38, 39, 40, 42, 41, 26, 25, 24, 21, 23, 22, 35, 0, 4, 7, 5, 6, 15, 17, 20, 18, 19, 16, 13, 12, 14, 33, 34, 32, 31, 8, 11, 10, 9, 30, 29, 27, 28, 
20, 19, 18, 16, 13, 12, 14, 33, 34, 32, 31, 8, 11, 10, 9, 30, 29, 27, 28, 3, 1, 2, 36, 37, 38, 39, 40, 42, 41, 26, 25, 24, 21, 23, 22, 35, 0, 4, 7, 5, 6, 17, 15, 
20, 18, 19, 16, 13, 12, 14, 33, 34, 32, 31, 8, 11, 10, 9, 30, 29, 27, 28, 3, 1, 2, 36, 37, 38, 39, 40, 42, 41, 26, 25, 24, 21, 23, 22, 35, 0, 4, 7, 5, 6, 15, 17, 
11, 10, 9, 30, 29, 27, 28, 3, 1, 2, 36, 37, 38, 39, 40, 42, 41, 26, 25, 24, 21, 23, 22, 35, 0, 4, 7, 5, 6, 15, 17, 20, 18, 19, 16, 13, 12, 14, 33, 34, 32, 31, 8, 
18, 19, 16, 13, 12, 14, 33, 34, 32, 31, 8, 11, 10, 9, 30, 29, 27, 28, 3, 1, 2, 36, 37, 38, 39, 40, 42, 41, 26, 25, 24, 21, 23, 22, 35, 0, 4, 7, 5, 6, 15, 17, 20, 
42, 41, 26, 25, 24, 21, 23, 22, 35, 0, 4, 7, 5, 6, 15, 17, 20, 19, 18, 16, 13, 12, 14, 33, 34, 32, 31, 8, 11, 10, 9, 30, 29, 27, 28, 3, 1, 2, 36, 37, 38, 39, 40, 
8, 11, 10, 9, 30, 29, 27, 28, 3, 1, 2, 36, 37, 38, 39, 40, 42, 41, 26, 25, 24, 21, 23, 22, 35, 0, 4, 7, 5, 6, 15, 17, 20, 18, 19, 16, 13, 12, 14, 33, 34, 32, 31, 
21, 23, 22, 35, 0, 4, 7, 5, 6, 15, 17, 20, 19, 18, 16, 13, 12, 14, 33, 34, 32, 31, 8, 11, 10, 9, 30, 29, 27, 28, 3, 1, 2, 36, 37, 38, 39, 40, 42, 41, 26, 25, 24, 
37, 38, 39, 40, 42, 41, 26, 25, 24, 21, 23, 22, 35, 0, 4, 7, 5, 6, 17, 15, 20, 19, 18, 16, 13, 12, 14, 33, 34, 32, 31, 8, 11, 10, 9, 30, 29, 27, 28, 3, 1, 2, 36, 
16, 13, 12, 14, 33, 34, 32, 31, 8, 11, 10, 9, 30, 29, 27, 28, 3, 1, 2, 36, 37, 38, 39, 40, 42, 41, 26, 25, 24, 21, 23, 22, 35, 0, 4, 7, 5, 6, 17, 15, 20, 19, 18, 
21, 23, 22, 35, 0, 4, 7, 5, 6, 17, 15, 20, 18, 19, 16, 13, 12, 14, 33, 34, 32, 31, 8, 11, 10, 9, 30, 29, 27, 28, 3, 1, 2, 36, 37, 38, 39, 40, 42, 41, 26, 24, 25, 
17, 15, 20, 19, 18, 16, 13, 12, 14, 33, 34, 32, 31, 8, 11, 10, 9, 30, 29, 27, 28, 3, 1, 2, 36, 37, 38, 39, 40, 42, 41, 26, 25, 24, 21, 23, 22, 35, 0, 4, 7, 5, 6, 
42, 41, 26, 25, 24, 21, 23, 22, 35, 0, 4, 7, 5, 6, 15, 17, 20, 18, 19, 16, 13, 12, 14, 33, 34, 32, 31, 8, 11, 10, 9, 30, 29, 27, 28, 3, 1, 2, 36, 37, 38, 39, 40, 
35, 0, 4, 7, 5, 6, 17, 15, 20, 18, 19, 16, 13, 12, 14, 33, 34, 32, 31, 8, 11, 10, 9, 30, 29, 27, 28, 3, 1, 2, 36, 37, 38, 39, 40, 42, 41, 26, 25, 24, 21, 23, 22, 
21, 24, 25, 26, 41, 42, 40, 39, 38, 37, 36, 2, 1, 3, 28, 27, 29, 30, 9, 10, 11, 8, 31, 32, 34, 33, 14, 12, 13, 16, 18, 19, 20, 17, 15, 6, 5, 7, 4, 0, 35, 22, 23, 
34, 33, 14, 12, 13, 16, 18, 19, 20, 17, 15, 6, 5, 7, 4, 0, 35, 22, 23, 21, 24, 25, 26, 41, 42, 40, 39, 38, 37, 36, 2, 1, 3, 28, 27, 29, 30, 9, 10, 11, 8, 31, 32, 
26, 41, 42, 40, 39, 38, 37, 36, 2, 1, 3, 28, 27, 29, 30, 9, 10, 11, 8, 31, 32, 34, 33, 14, 12, 13, 16, 18, 19, 20, 15, 17, 6, 5, 7, 4, 0, 35, 22, 23, 21, 24, 25, 
29, 30, 9, 10, 11, 8, 31, 32, 34, 33, 14, 12, 13, 16, 19, 18, 20, 15, 17, 6, 5, 7, 4, 0, 35, 22, 23, 21, 24, 25, 26, 41, 42, 40, 39, 38, 37, 36, 2, 1, 3, 28, 27, 
31, 32, 34, 33, 14, 12, 13, 16, 19, 18, 20, 15, 17, 6, 5, 7, 4, 0, 35, 22, 23, 21, 24, 25, 26, 41, 42, 40, 39, 38, 37, 36, 2, 1, 3, 28, 27, 29, 30, 9, 10, 11, 8, 
21, 24, 25, 26, 41, 42, 40, 39, 38, 37, 36, 2, 1, 3, 28, 27, 29, 30, 9, 10, 11, 8, 31, 32, 34, 33, 14, 12, 13, 16, 18, 19, 20, 17, 15, 6, 5, 7, 4, 0, 35, 22, 23, 
25, 26, 41, 42, 40, 39, 38, 37, 36, 2, 1, 3, 28, 27, 29, 30, 9, 10, 11, 8, 31, 32, 34, 33, 14, 12, 13, 16, 19, 18, 20, 17, 15, 6, 5, 7, 4, 0, 35, 22, 23, 21, 24, 
28, 27, 29, 30, 9, 10, 11, 8, 31, 32, 34, 33, 14, 12, 13, 16, 19, 18, 20, 17, 15, 6, 5, 7, 4, 0, 35, 22, 23, 21, 24, 25, 26, 41, 42, 40, 39, 38, 37, 36, 2, 1, 3, 
26, 41, 42, 40, 39, 38, 37, 36, 2, 1, 3, 28, 27, 29, 30, 9, 10, 11, 8, 31, 32, 34, 33, 14, 12, 13, 16, 18, 19, 20, 17, 15, 6, 5, 7, 4, 0, 35, 22, 23, 21, 24, 25, 
37, 38, 39, 40, 42, 41, 26, 25, 24, 21, 23, 22, 35, 0, 4, 7, 5, 13, 15, 17, 20, 19, 18, 16, 6, 12, 14, 33, 34, 32, 31, 8, 11, 10, 9, 30, 29, 27, 28, 3, 1, 2, 36, 
34, 33, 14, 12, 13, 16, 19, 18, 20, 15, 17, 6, 5, 7, 4, 0, 35, 22, 23, 21, 24, 25, 26, 41, 42, 40, 39, 38, 37, 36, 2, 1, 3, 28, 27, 29, 30, 9, 10, 11, 8, 31, 32, 
22, 23, 21, 24, 25, 26, 41, 42, 40, 39, 38, 37, 36, 2, 1, 3, 28, 27, 29, 30, 9, 10, 11, 8, 31, 32, 34, 33, 14, 12, 13, 16, 19, 18, 20, 15, 17, 6, 5, 7, 4, 0, 35, 
29, 30, 9, 10, 11, 8, 31, 32, 34, 33, 14, 12, 13, 16, 19, 18, 20, 17, 15, 6, 5, 7, 4, 0, 35, 22, 23, 21, 24, 25, 26, 41, 42, 40, 39, 38, 37, 36, 2, 1, 3, 28, 27, 
8, 31, 32, 34, 33, 14, 12, 13, 16, 18, 19, 20, 15, 17, 6, 5, 7, 4, 0, 35, 22, 23, 21, 25, 24, 26, 41, 42, 40, 39, 38, 37, 36, 2, 1, 3, 28, 27, 29, 30, 9, 10, 11, 
1, 3, 28, 27, 29, 30, 9, 10, 11, 8, 31, 32, 34, 33, 14, 12, 13, 16, 18, 19, 20, 15, 17, 6, 5, 7, 4, 0, 35, 22, 23, 21, 24, 25, 26, 41, 42, 40, 39, 38, 37, 36, 2, 
30, 9, 10, 11, 8, 31, 32, 34, 33, 14, 12, 13, 16, 19, 18, 20, 15, 17, 6, 5, 7, 4, 0, 35, 22, 23, 21, 24, 25, 26, 41, 42, 40, 39, 38, 37, 36, 2, 1, 3, 28, 27, 29, 
20, 15, 17, 6, 5, 7, 4, 0, 35, 22, 23, 21, 24, 25, 26, 41, 42, 40, 39, 38, 37, 36, 2, 1, 3, 28, 27, 29, 30, 9, 10, 11, 8, 31, 32, 34, 33, 14, 12, 13, 16, 19, 18, 
42, 40, 39, 38, 37, 36, 2, 1, 3, 28, 27, 29, 30, 9, 10, 11, 8, 31, 32, 34, 33, 14, 12, 13, 16, 19, 18, 20, 17, 15, 6, 5, 7, 4, 0, 35, 22, 23, 21, 24, 25, 26, 41, 
4, 0, 35, 22, 23, 21, 24, 25, 26, 41, 42, 40, 39, 38, 37, 36, 2, 1, 3, 28, 27, 29, 30, 9, 10, 11, 8, 31, 32, 34, 33, 14, 12, 13, 16, 19, 18, 20, 17, 15, 6, 5, 7, 
9, 10, 11, 8, 31, 32, 34, 33, 14, 12, 13, 16, 18, 19, 20, 17, 15, 6, 5, 7, 4, 0, 35, 22, 23, 21, 24, 25, 26, 41, 42, 40, 39, 38, 37, 36, 2, 1, 3, 28, 27, 29, 30, 
21, 24, 25, 26, 41, 42, 40, 39, 38, 37, 36, 2, 1, 3, 28, 27, 29, 30, 9, 10, 11, 8, 31, 32, 34, 33, 14, 12, 13, 16, 18, 19, 20, 17, 15, 6, 5, 7, 4, 0, 35, 22, 23, 
37, 36, 2, 1, 3, 28, 27, 29, 30, 9, 10, 11, 8, 31, 32, 34, 33, 14, 12, 13, 16, 19, 18, 20, 15, 17, 6, 5, 7, 4, 0, 35, 22, 23, 21, 24, 25, 26, 41, 42, 40, 39, 38, 
41, 42, 40, 39, 38, 37, 36, 2, 1, 3, 28, 27, 29, 30, 9, 10, 11, 8, 31, 32, 34, 33, 14, 12, 13, 16, 19, 18, 20, 15, 17, 6, 5, 7, 4, 0, 35, 22, 23, 21, 24, 25, 26, 
39, 38, 37, 36, 2, 1, 3, 28, 27, 29, 30, 9, 10, 11, 8, 31, 32, 34, 33, 14, 12, 13, 16, 19, 18, 20, 17, 15, 6, 5, 7, 4, 0, 35, 22, 23, 21, 24, 25, 26, 41, 42, 40, 
28, 27, 29, 30, 9, 10, 11, 8, 31, 32, 34, 33, 14, 12, 13, 16, 19, 18, 20, 15, 17, 6, 5, 7, 4, 0, 35, 22, 23, 21, 24, 25, 26, 41, 42, 40, 39, 38, 37, 36, 2, 1, 3, 
7, 4, 0, 35, 22, 23, 21, 24, 25, 26, 41, 42, 40, 39, 38, 37, 36, 2, 1, 3, 28, 27, 29, 30, 9, 10, 11, 8, 31, 32, 34, 33, 14, 12, 13, 16, 19, 18, 20, 15, 17, 6, 5, 
35, 22, 23, 21, 24, 25, 26, 41, 42, 40, 39, 38, 37, 36, 2, 1, 3, 28, 27, 29, 30, 9, 10, 11, 8, 31, 32, 34, 33, 14, 12, 13, 16, 19, 18, 20, 15, 17, 6, 5, 7, 4, 0, 
30, 29, 27, 28, 3, 1, 2, 36, 37, 38, 39, 40, 42, 41, 26, 25, 24, 21, 23, 22, 35, 0, 4, 7, 5, 6, 15, 20, 19, 18, 16, 13, 12, 14, 33, 34, 32, 31, 8, 11, 10, 9, 17, 
4, 7, 5, 6, 15, 17, 20, 18, 19, 16, 13, 30, 14, 33, 34, 32, 31, 8, 11, 10, 9, 12, 29, 27, 28, 3, 1, 2, 36, 37, 38, 39, 40, 42, 41, 26, 25, 24, 21, 23, 22, 35, 0, 
41, 26, 25, 24, 21, 23, 22, 35, 0, 4, 7, 5, 6, 15, 17, 20, 18, 19, 16, 13, 12, 14, 33, 34, 32, 31, 8, 11, 10, 9, 30, 29, 27, 28, 3, 1, 2, 36, 37, 38, 40, 39, 42, 
9, 30, 29, 27, 28, 3, 1, 2, 36, 37, 38, 39, 40, 42, 41, 26, 25, 24, 21, 23, 22, 35, 0, 4, 7, 5, 6, 15, 20, 19, 18, 16, 13, 12, 14, 33, 34, 32, 31, 8, 11, 10, 17, 
5, 7, 4, 0, 35, 22, 23, 21, 24, 25, 26, 41, 42, 40, 39, 38, 37, 36, 2, 1, 6, 28, 27, 29, 30, 9, 10, 11, 8, 31, 32, 34, 33, 14, 12, 13, 16, 19, 18, 20, 17, 15, 3, 
4, 0, 35, 22, 23, 21, 24, 25, 26, 41, 42, 40, 39, 38, 37, 36, 2, 1, 3, 28, 27, 29, 30, 9, 5, 31, 32, 34, 33, 14, 12, 13, 16, 19, 18, 20, 15, 17, 6, 8, 7, 11, 10, 
9, 30, 29, 27, 28, 3, 1, 2, 36, 37, 38, 39, 40, 42, 41, 26, 25, 24, 21, 23, 22, 35, 0, 4, 15, 5, 6, 17, 7, 20, 18, 19, 16, 13, 12, 14, 33, 34, 32, 31, 8, 11, 10, 
41, 42, 40, 39, 38, 37, 11, 2, 1, 3, 28, 27, 29, 30, 9, 10, 36, 8, 31, 32, 34, 33, 14, 12, 13, 16, 19, 18, 20, 15, 17, 6, 5, 7, 4, 0, 35, 22, 23, 21, 24, 25, 26, 
18, 19, 20, 15, 17, 6, 5, 7, 4, 0, 35, 22, 23, 21, 24, 25, 26, 41, 42, 40, 39, 38, 37, 36, 2, 14, 3, 28, 27, 29, 30, 9, 10, 11, 8, 31, 32, 34, 33, 1, 12, 13, 16, 
32, 34, 33, 14, 12, 26, 16, 18, 19, 20, 15, 17, 6, 5, 7, 4, 0, 35, 22, 23, 21, 24, 25, 13, 41, 42, 40, 39, 38, 37, 36, 2, 1, 3, 28, 27, 29, 30, 9, 10, 11, 8, 31, 
9, 30, 29, 27, 28, 3, 1, 2, 36, 37, 38, 39, 40, 42, 41, 26, 25, 24, 21, 23, 22, 35, 0, 4, 7, 5, 6, 15, 20, 17, 11, 10, 13, 12, 14, 33, 34, 32, 31, 8, 18, 19, 16, 
24, 25, 26, 41, 42, 40, 39, 38, 37, 36, 2, 1, 3, 28, 27, 29, 30, 9, 33, 14, 12, 13, 16, 19, 18, 20, 15, 17, 6, 5, 7, 4, 0, 35, 22, 23, 21, 32, 34, 10, 11, 8, 31, 
15, 6, 5, 7, 4, 0, 35, 22, 23, 21, 24, 25, 3, 41, 42, 40, 39, 38, 37, 36, 2, 1, 26, 28, 27, 29, 30, 9, 10, 11, 8, 31, 32, 34, 33, 14, 12, 13, 16, 19, 18, 20, 17, 
1, 2, 36, 37, 38, 39, 40, 42, 41, 26, 24, 25, 21, 3, 22, 35, 0, 4, 7, 5, 6, 15, 17, 20, 19, 18, 16, 13, 12, 14, 33, 34, 32, 31, 8, 11, 10, 9, 30, 29, 27, 28, 23, 
41, 42, 40, 39, 38, 37, 36, 2, 1, 3, 28, 27, 29, 30, 9, 18, 20, 15, 17, 6, 5, 7, 4, 0, 35, 22, 23, 21, 24, 25, 26, 32, 34, 33, 14, 12, 13, 16, 19, 8, 31, 11, 10, 
12, 14, 33, 34, 32, 31, 8, 11, 10, 9, 30, 29, 27, 28, 3, 1, 2, 36, 37, 38, 39, 40, 42, 41, 26, 25, 24, 21, 23, 22, 35, 0, 4, 18, 16, 13, 19, 20, 15, 17, 6, 5, 7, 
Tiempo de ejecucion (total): 41.009
Best fitness a lo largo del tiempo: 
17058, 12038, 11654, 11654, 6372, 6280, 6140, 6131, 6082, 6043, 6035, 5944, 5944, 5944, 5918, 5897, 5885, 5881, 5875, 5869, 5844, 5844, 5836, 5834, 5827, 5813, 5799, 5799, 5774, 5753, 5753, 5753, 5719, 5719, 5719, 5713, 5713, 5706, 5705, 5704, 5691, 5691, 5691, 5683, 5683, 5683, 5683, 5681, 5675, 5675, 5667, 5667, 5667, 5667, 5667, 5667, 5667, 5667, 5667, 5667, 5667, 5667, 5667, 5665, 5665, 5665, 5665, 5665, 5665, 5665, 5665, 5665, 5665, 5665, 5665, 5665, 5665, 5665, 5665, 5665, 5665, 5665, 5665, 5665, 5665, 5665, 5665, 5665, 5665, 5665, 5665, 5665, 5665, 5665, 5665, 5665, 5665, 5665, 5665, 5665, 5665, 5665, 5665, 5665, 5665, 5665, 5665, 5665, 5665, 5665, 5665, 5665, 5665, 5665, 5665, 5665, 5665, 5665, 5665, 5664, 5664, 5664, 5664, 5664, 5664, 5664, 5664, 5664, 5664, 5664, 5664, 5664, 5664, 5664, 5664, 5664, 5664, 5664, 5664, 5664, 5664, 5664, 5664, 5664, 5664, 5664, 5662, 5662, 5662, 5662, 5662, 5662, 5662, 5662, 5662, 5662, 5662, 5662, 5662, 5662, 5662, 5662, 5662, 5662, 5662, 5662, 5662, 5662, 5662, 5662, 5662, 5662, 5662, 5662, 5662, 5662, 5662, 5662, 5662, 5662, 5662, 5662, 5662, 5662, 5662, 5662, 5662, 5662, 5662, 5662, 5662, 5662, 5662, 5662, 5662, 5662, 5662, 5662, 5662, 5662, 5662, 5662, 5662, 5662, 5662, 5662, 5662, 5662, 5662, 5662, 5662, 5662, 5662, 5662, 5662, 5662, 5662, 5662, 5662, 5662, 5662, 5662, 5662, 5662, 5662, 5662, 5662, 5662, 5662, 5662, 5662, 5662, 5662, 5662, 5662, 5662, 5662, 5662, 5662, 5662, 5662, 5662, 5662, 5662, 5662, 5662, 5662, 5662, 5662, 5662, 5662, 5662, 5662, 5662, 5662, 5662, 5662, 5662, 5662, 5662, 5662, 5662, 5662, 5662, 5662, 5662, 5662, 5662, 5662, 5662, 5662, 5662, 5662, 5662, 5662, 5662, 5662, 5662, 5662, 5662, 5662, 5662, 5662, 5662, 5662, 5662, 5662, 5662, 5662, 5662, 5662, 5662, 5662, 5662, 5662, 5662, 5662, 5662, 5662, 5662, 5662, 5662, 5662, 5662, 5662, 5662, 5662, 5662, 5662, 5662, 5662, 5662, 5662, 5662, 5662, 5662, 5662, 5662, 5662, 5662, 5662, 5662, 5662, 5662, 5662, 5662, 5662, 5662, 5662, 5662, 5662, 5662, 5662, 5662, 5662, 5662, 5662, 5662, 5662, 5662, 5662, 5662, 5662, 5662, 5662, 5662, 5662, 5662, 5662, 5662, 5662, 5662, 5662, 5662, 5662, 5662, 5662, 5662, 5662, 5662, 5662, 5662, 5662, 5662, 5662, 5662, 5662, 5662, 5662, 5662, 5662, 5662, 5662, 5662, 5662, 5662, 5662, 5662, 5662, 5662, 5662, 5662, 5662, 5662, 5662, 5662, 5662, 5662, 5662, 5662, 5662, 5662, 5662, 5662, 5662, 5662, 5662, 5662, 5662, 5662, 5662, 5662, 5662, 5662, 5661, 5661, 5661, 5661, 5661, 5661, 5661, 5661, 5661, 5661, 5661, 5661, 5661, 5661, 5661, 5661, 5661, 5661, 5661, 5661, 5661, 5661, 5661, 5661, 5661, 5661, 5661, 5661, 5661, 5661, 5661, 5661, 5661, 5661, 5661, 5661, 5661, 5661, 5661, 5661, 5661, 5661, 5661, 5661, 5661, 5661, 5661, 5661, 5661, 5661, 5661, 5661, 5661, 5661, 5661, 5661, 5661, 5661, 5661, 5661, 5661, 5661, 5661, 5661, 5661, 5661, 5661, 5661, 5661, 5661, 5661, 5661, 5661, 5661, 5661, 5661, 5661, 5661, 5661, 5661, 5661, 5661, 5661, 5661, 5661, 5661, 5661, 5661, 5661, 5661, 5661, 5661, 5661, 5661, 5661, 5661, 5661, 5661, 5661, 5661, 5661, 5661, 5661, 5661, 5661, 5661, 5661, 5661, 5661, 5661, 5661, 5661, 5661, 5661, 5661, 5661, 5661, 5661, 5661, 5661, 5661, 5661, 5661, 5661, 5661, 5661, 5661, 5661, 5661, 5661, 5661, 5661, 5661, 5661, 5661, 5661, 5661, 5661, 5661, 5661, 5661, 5661, 5661, 5661, 5661, 5661, 5661, 5661, 5661, 5661, 5661, 5661, 5661, 5661, 5661, 5661, 5661, 5661, 5661, 5661, 5661, 5661, 5661, 5661, 5661, 5661, 5661, 5661, 5661, 5661, 5661, 5661, 5661, 5661, 5661, 5661, 5661, 5661, 5661, 5661, 5661, 5661, 5661, 5661, 5661, 5661, 5661, 5661, 5661, 5661, 5661, 5661, 5661, 5661, 5661, 5661, 5661, 5661, 5661, 5661, 5661, 5661, 5661, 5661, 5661, 5661, 5661, 5661, 5661, 5661, 5661, 5661, 5661, 5661, 5661, 5661, 5661, 5661, 5661, 5661, 5661, 5661, 5661, 5661, 5661, 5661, 5661, 5661, 5661, 5661, 5661, 5661, 5661, 5661, 5661, 5661, 5661, 5661, 5661, 5661, 5661, 5661, 5661, 5661, 5661, 5661, 5661, 5661, 5661, 5661, 5661, 5661, 5661, 5661, 5661, 5661, 5661, 5661, 5661, 5661, 5661, 5661, 5661, 5661, 5661, 5661, 5661, 5661, 5661, 5661, 5661, 5661, 5661, 5661, 5661, 5661, 5661, 5661, 5661, 5661, 5661, 5661, 5661, 5661, 5661, 5661, 5661, 5661, 5661, 5661, 5661, 5661, 5661, 5661, 5661, 5661, 5661, 5661, 5661, 5661, 5661, 5661, 5661, 5661, 5661, 5661, 5661, 5661, 5661, 5661, 5661, 5661, 5661, 5661, 5661, 5661, 5661, 5661, 5661, 5661, 5661, 5661, 5661, 5661, 5661, 5661, 5661, 5661, 5661, 5661, 5661, 5661, 5661, 5661, 5661, 5661, 5661, 5661, 5661, 5661, 5661, 5661, 5661, 5661, 5661, 5661, 5661, 5661, 5661, 5661, 5661, 5661, 5661, 5661, 5661, 5661, 5661, 5661, 5661, 5661, 5661, 5661, 5661, 5661, 5661, 5661, 5661, 5661, 5661, 5661, 5661, 5661, 5661, 5661, 5661, 5661, 5661, 5661, 5661, 5661, 5661, 5661, 5661, 5661, 5661, 5661, 5661, 5661, 5661, 5661, 5661, 5661, 5661, 5661, 5661, 5661, 5661, 5661, 5661, 5661, 5661, 5661, 5661, 5661, 5661, 5661, 5661, 5661, 5661, 5661, 5661, 5661, 5661, 5661, 5661, 5661, 5661, 5661, 5661, 5661, 5661, 5661, 5661, 5661, 5661, 5661, 5661, 5661, 5661, 5661, 5661, 5661, 5661, 5661, 5661, 5661, 5661, 5661, 5661, 5661, 5661, 5661, 5661, 5661, 5661, 5661, 5661, 5661, 5661, 5661, 5661, 5661, 5661, 5661, 5661, 5661, 5661, 5661, 5661, 5661, 5661, 5661, 5661, 5661, 5661, 5661, 5661, 5661, 5661, 5661, 5661, 5661, 5661, 5661, 5661, 5661, 5661, 5661, 5661, 5661, 5661, 5661, 5661, 5661, 5661, 5661, 5661, 5661, 5661, 5661, 5661, 5661, 5661, 5661, 5661, 5661, 5661, 5661, 5661, 5661, 5661, 5661, 5661, 5661, 5661, 5661, 5661, 5661, 5661, 5661, 5661, 5661, 5661, 5661, 5661, 5661, 5661, 5661, 5661, 5661, 5661, 5661, 5661, 5661, 5661, 5661, 5661, 5661, 5661, 5661, 5661, 5661, 5661, 5661, 5661, 5661, 5661, 5661, 5661, 5661, 5661, 5661, 5661, 5661, 5661, 5661, 5661, 5661, 5661, 5661, 5661, 5661, 5661, 5661, 5661, 5661, 5661, 5661, 5661, 5661, 5661, 5661, 5661, 5661, 5661, 5661, 5661, 5661, 5661, 5661, 5661, 5661, 5661, 5661, 5661, 5661, 5661, 5661, 5661, 5661, 5661, 5661, 5661, 5661, 5661, 5661, 5661, 5661, 5661, 5661, 5661, 5661, 5661, 5661, 5661, 5661, 5661, 5661, 5661, 5661, 5661, 5661, 5661, 5661, 5661, 5661, 5661, 5661, 5661, 5661, 5661, 5661, 5661, 5661, 5661, 5661, 5661, 5661, 5661, 5661, 5661, 5661, 5661, 5661, 5661, 5661, 5661, 5661, 5661, 5661, 5661, 5661, 5661, 5661, 5661, 5661, 5661, 5661, 5661, 5661, 5661, 5661, 5661, 5661, 5661, 5661, 5661, 5661, 5661, 5661, 5661, 5661, 5661, 5661, 5661, 5661, 5661, 5661, 5661, 5661, 5661, 5661, 5661, 5661, 5661, 5661, 5661, 5661, 5661, 5661, 5661, 5661, 5661, 5661, 5661, 5661, 5661, 5661, 5661, 5661, 5661, 5661, 5661, 5661, 5661, 5661, 5661, 5661, 5661, 5661, 5661, 5661, 5661, 5661, 5661, 5661, 5661, 5661, 5661, 5661, 5661, 5661, 5661, 5661, 5661, 5661, 5661, 5661, 5661, 5661, 5661, 5661, 5661, 5661, 5661, 5661, 5661, 5661, 5661, 5661, 5661, 5661, 5661, 5661, 5661, 5661, 5661, 5661, 5661, 5661, 5661, 5661, 5661, 5661, 5661, 5661, 5659, 5659, 5657, 5657, 5657, 5657, 5657, 5657, 5657, 5657, 5657, 5657, 5657, 5657, 5657, 5657, 5657, 5657, 5657, 5657, 5657, 5657, 5657, 5657, 5657, 5657, 5657, 5657, 5657, 5657, 5657, 5657, 5657, 5657, 5657, 5657, 5657, 5657, 5657, 5657, 5657, 5657, 5657, 5657, 5657, 5657, 5657, 5657, 5657, 5657, 5657, 5657, 5657, 5657, 5657, 5657, 5657, 5657, 5657, 5657, 5657, 5657, 5657, 5657, 5657, 5657, 5657, 5657, 5657, 5657, 5657, 5657, 5657, 5657, 5657, 5657, 5657, 5657, 5657, 5657, 5657, 5657, 5657, 5648, 5648, 5648, 5648, 5648, 5648, 5648, 5648, 5648, 5648, 5648, 5648, 5648, 5648, 5648, 5648, 5648, 5648, 5648, 5648, 5648, 5648, 5648, 5648, 5648, 5648, 5648, 5648, 5648, 5648, 5648, 5648, 5648, 5648, 5648, 5648, 5648, 5648, 5648, 5648, 5648, 5648, 5648, 5648, 5648, 5648, 5648, 5648, 5648, 5648, 5648, 5648, 5648, 5648, 5648, 5648, 5648, 5648, 5648, 5648, 5648, 5648, 5648, 5648, 5648, 5648, 5648, 5648, 5648, 5648, 5648, 5648, 5648, 5648, 5648, 5648, 5648, 5648, 5648, 5648, 5648, 5648, 5648, 5648, 5648, 5648, 5648, 5648, 5642, 5642, 5642, 5642, 5642, 5642, 5642, 5642, 5642, 5642, 5636, 5636, 5636, 5624, 5624, 5624, 5624, 5624, 5624, 5624, 5624, 5624, 5624, 5624, 5624, 5624, 5624, 5624, 5624, 5624, 5624, 5624, 5624, 5624, 5624, 5624, 5624, 5624, 5624, 5624, 5624, 5624, 5624, 5624, 5624, 5624, 5624, 5624, 5624, 5624, 5624, 5624, 5624, 5624, 5624, 5624, 5624, 5624, 5624, 5624, 5624, 5624, 5624, 5624, 5624, 5624, 5624, 5624, 5624, 5624, 5624, 5624, 5624, 5624, 5624, 5624, 5624, 5624, 5624, 5624, 5624, 5624, 5624, 5624, 5624, 5624, 5624, 5624, 5624, 5624, 5624, 5624, 5624, 5624, 5624, 5624, 5624, 5624, 5624, 5624, 5624, 5624, 5624, 5624, 5624, 5624, 5624, 5624, 5624, 5624, 5624, 5624, 5624, 5624, 5624, 5624, 5624, 5624, 5624, 5624, 5624, 5624, 5624, 5624, 5624, 5624, 5624, 5624, 5624, 5624, 5624, 5624, 5624, 5624, 5624, 5624, 5624, 5624, 5624, 5624, 5624, 5624, 5624, 5624, 5624, 5624, 5624, 5624, 5624, 5624, 5624, 5624, 5624, 5624, 5624, 5624, 5624, 5624, 5624, 5624, 5624, 5624, 5624, 5624, 5624, 5624, 5624, 5624, 5624, 5624, 5624, 5624, 5624, 5624, 5624, 5624, 5624, 5624, 5624, 5624, 5624, 5624, 5624, 5624, 5624, 5624, 5624, 5624, 5624, 5624, 5624, 5624, 5624, 5624, 5624, 5624, 5624, 5624, 5624, 5624, 5624, 5624, 5624, 5624, 5624, 5624, 5624, 5624, 5624, 5624, 5624, 5624, 5624, 5624, 5624, 5624, 5624, 5624, 5624, 5624, 5624, 5624, 5624, 5624, 5624, 5624, 5624, 5624, 5624, 5624, 5624, 5624, 5624, 5624, 5624, 5624, 5624, 5624, 5624, 5624, 5624, 5624, 5624, 5624, 5624, 5624, 5624, 5624, 5624, 5624, 5624, 5624, 5624, 5624, 5624, 5624, 5624, 5624, 5624, 5624, 5624, 5624, 5624, 5624, 5624, 5624, 5624, 5624, 5624, 5624, 5624, 5624, 5624, 5624, 5624, 5624, 5624, 5624, 5624, 5624, 5624, 5624, 5624, 5624, 5624, 5624, 5624, 5624, 5624, 5624, 5624, 5624, 5624, 5624, 5624, 5624, 5624, 5624, 5624, 5624, 5624, 5624, 5624, 5624, 5624, 5624, 5624, 5624, 5624, 5624, 5624, 5624, 5624, 5624, 5624, 5624, 5624, 5624, 5624, 5624, 5624, 5624, 5624, 5624, 5624, 5624, 5624, 5624, 5624, 5624, 5624, 5624, 5624, 5624, 5624, 5624, 5624, 5624, 5624, 5624, 5624, 5624, 5624, 5624, 5624, 5624, 5624, 5624, 5624, 5624, 5624, 5624, 5624, 5624, 5624, 5624, 5624, 5624, 5624, 5624, 5624, 5624, 5624, 5624, 5624, 5624, 5624, 5624, 5624, 5624, 5624, 5624, 5624, 5624, 5624, 5624, 5624, 5624, 5624, 5624, 5624, 5624, 5624, 5624, 5624, 5624, 5624, 5624, 5624, 5624, 5624, 5624, 5624, 5624, 5624, 5624, 5624, 5624, 5624, 5624, 5624, 5624, 5624, 5624, 5624, 5624, 5624, 5624, 5624, 5624, 5624, 5624, 5624, 5624, 5624, 5624, 5624, 5624, 5624, 5624, 5624, 5624, 5624, 5624, 5624, 5624, 5624, 5624, 5624, 5624, 5624, 5624, 5624, 5624, 5624, 5624, 5624, 5624, 5624, 5624, 5624, 5624, 5624, 5624, 5624, 5624, 5624, 5624, 5624, 5624, 5624, 5624, 5624, 5624, 5624, 5624, 5624, 5624, 5624, 5624, 5624, 5624, 5624, 5624, 5624, 5624, 5624, 5624, 5624, 5624, 5624, 5624, 5624, 5624, 5624, 5624, 5624, 5624, 5624, 5624, 5624, 5624, 5624, 5624, 5624, 5624, 5624, 5624, 5624, 5624, 5624, 5624, 5624, 5624, 5624, 5624, 5624, 5624, 5624, 5624, 5624, 5624, 5624, 5624, 5624, 5624, 5624, 5624, 5624, 5624, 5624, 5624, 5624, 5624, 5624, 5624, 5624, 5624, 5624, 5624, 5624, 5624, 5624, 5624, 5624, 5624, 5624, 5624, 5624, 5624, 5624, 5624, 5624, 5624, 5624, 5624, 5624, 5624, 5624, 5624, 5624, 5624, 5624, 5624, 5624, 5624, 5624, 5624, 5624, 5624, 5624, 5624, 5624, 5624, 5624, 5624, 5624, 5624, 5624, 5624, 5624, 5624, 5624, 5624, 5624, 5624, 5624, 5624, 5624, 5624, 5624, 5624, 5624, 5624, 5624, 5624, 5624, 5624, 5624, 5624, 5624, 5624, 5624, 5624, 5624, 5624, 5624, 5624, 5624, 5624, 5624, 5624, 5624, 5624, 5624, 5624, 5624, 5624, 5624, 5624, 5624, 5624, 5624, 5624, 5624, 5624, 5624, 5624, 5624, 5624, 5624, 5624, 5624, 5624, 5624, 5624, 5624, 5624, 5624, 5624, 5624, 5624, 5624, 5624, 5624, 5624, 5624, 5624, 5624, 5624, 5624, 5624, 5624, 5624, 5624, 5624, 5624, 5624, 5624, 5624, 5624, 5624, 5624, 5624, 5624, 5624, 5624, 5624, 5624, 5624, 5624, 5624, 5624, 5624, 5624, 5624, 5624, 5624, 5624, 5624, 5624, 5624, 5624, 5624, 5624, 5624, 5624, 5624, 5624, 5624, 5624, 5624, 5624, 5624, 5624, 5624, 5624, 5624, 5624, 5624, 5624, 5624, 5624, 5624, 5624, 5624, 5624, 5624, 5624, 5624, 5624, 5624, 5624, 5624, 5624, 5624, 5624, 5624, 5624, 5624, 5624, 5624, 5624, 5624, 5624, 5624, 5624, 5624, 5624, 5624, 5624, 5624, 5624, 5624, 5624, 5624, 5624, 5624, 5624, 5624, 5624, 5624, 5624, 5624, 5624, 5624, 5624, 5624, 5624, 5624, 5624, 5624, 5624, 5624, 5624, 5624, 5624, 5624, 5624, 5624, 5624, 5624, 5624, 5624, 5624, 5624, 5624, 5624, 5624, 5624, 5624, 5624, 5624, 5624, 5624, 5624, 5624, 5624, 5624, 5624, 5624, 5624, 5624, 5624, 5624, 5624, 5624, 5624, 5624, 5624, 5624, 5624, 5624, 5624, 5624, 5624, 5624, 5624, 5624, 5624, 5624, 5624, 5624, 5624, 5624, 5624, 5624, 5624, 5624, 5624, 5624, 5624, 5624, 5624, 5624, 5624, 5624, 5624, 5624, 5624, 5624, 5624, 5624, 5624, 5624, 5624, 5624, 5624, 5624, 5624, 5624, 5624, 5624, 5624, 5624, 5624, 5624, 5624, 5624, 5624, 5624, 5624, 5624, 5624, 5624, 5624, 5624, 5624, 5624, 5624, 5624, 5624, 5624, 5624, 5624, 5624, 5624, 5624, 5624, 5624, 5624, 5624, 5624, 5624, 5624, 5624, 5624, 5624, 5624, 5624, 5624, 5624, 5624, 5624, 5624, 5624, 5624, 5624, 5624, 5624, 5624, 5624, 5624, 5624, 5624, 5624, 5624, 5624, 5624, 5624, 5624, 5624, 5624, 5624, 5624, 5624, 5624, 5624, 5624, 5624, 5624, 5624, 5624, 5624, 5624, 5624, 5624, 5624, 5624, 5624, 5624, 5624, 5624, 5624, 5624, 5624, 5624, 5624, 5624, 5624, 5624, 5624, 5624, 5624, 5624, 5624, 5624, 5624, 5624, 5624, 5624, 5624, 5624, 5624, 5624, 5624, 5624, 5624, 5624, 5624, 5624, 5624, 5624, 5624, 5624, 5624, 5624, 5624, 5624, 5624, 5624, 5624, 5624, 5624, 5624, 5624, 5624, 5624, 5624, 5624, 5624, 5624, 5624, 5624, 5624, 5624, 5624, 5624, 5624, 5624, 5624, 5624, 5624, 5624, 5624, 5624, 5624, 5624, 5624, 5624, 5624, 5624, 5624, 5624, 5624, 5624, 5624, 5624, 5624, 5624, 5624, 5624, 5624, 5624, 5624, 5624, 5624, 5624, 5624, 5624, 5624, 5624, 5624, 5624, 5624, 5624, 5624, 5624, 5624, 5624, 5624, 5624, 5624, 5624, 5624, 5624, 5624, 5624, 5624, 5624, 5624, 5624, 5624, 5624, 5624, 5624, 5624, 5624, 5624, 5624, 5624, 5624, 5624, 5624, 5624, 5624, 5624, 5624, 5624, 5624, 5624, 5624, 5624, 5624, 5624, 5624, 5624, 5624, 5624, 5624, 5624, 5624, 5624, 5624, 5624, 5624, 5624, 5624, 5624, 5624, 5624, 5624, 5624, 5624, 5624, 5624, 5624, 5624, 5624, 5624, 5624, 5624, 5624, 5624, 5624, 5624, 5624, 5624, 5624, 5624, 5624, 5624, 5624, 5624, 5624, 5624, 5624, 5624, 5624, 5624, 5624, 5624, 5624, 5624, 5624, 5624, 5624, 5624, 5624, 5624, 5624, 5624, 5624, 5624, 5624, 5624, 5624, 5624, 5624, 5624, 5624, 5624, 5624, 5624, 5624, 5624, 5624, 5624, 5624, 5624, 5624, 5624, 5624, 5624, 5624, 5624, 5624, 5624, 5624, 5624, 5624, 5624, 5624, 5624, 5624, 5624, 5624, 5624, 5624, 5624, 5624, 5624, 5624, 5624, 5624, 5624, 5624, 5624, 5624, 5624, 5624, 5624, 5624, 5624, 5624, 5624, 5624, 5624, 5624, 5624, 5624, 5624, 5624, 5624, 5624, 5624, 5624, 5624, 5624, 5624, 5624, 5624, 5624, 5624, 5624, 5624, 5624, 5624, 5624, 5624, 5624, 5624, 5624, 5624, 5624, 5624, 5624, 5624, 5624, 5624, 5624, 5624, 5624, 5624, 5624, 5624, 5624, 5624, 5624, 5624, 5624, 5624, 5624, 5624, 5624, 5624, 5624, 5624, 5624, 5624, 5624, 5624, 5624, 5624, 5624, 5624, 5624, 5624, 5624, 5624, 5624, 5624, 5624, 5624, 5624, 5624, 5624, 5624, 5624, 5624, 5624, 5624, 5624, 5624, 5624, 5624, 5624, 5624, 5624, 5624, 5624, 5624, 5624, 5624, 5624, 5624, 5624, 5624, 5624, 5624, 5624, 5624, 5624, 5624, 5624, 5624, 5624, 5624, 5624, 5624, 5624, 5624, 5624, 5624, 5624, 5624, 5624, 5624, 5624, 5624, 5624, 5624, 5624, 5624, 5624, 5624, 5624, 5624, 5624, 5624, 5624, 5624, 5624, 5624, 5624, 5624, 5624, 5624, 5624, 5624, 5624, 5624, 5624, 5624, 5624, 5624, 5624, 5624, 5624, 5624, 5624, 5624, 5624, 5624, 5624, 5624, 5624, 5624, 5624, 5624, 5624, 5624, 5624, 5624, 5624, 5624, 5624, 5624, 5624, 5624, 5624, 5624, 5624, 5624, 5624, 5624, 5624, 5624, 5624, 5624, 5624, 5624, 5624, 5624, 5624, 5624, 5624, 5624, 5624, 5624, 5624, 5624, 5624, 5624, 5624, 5624, 5624, 5624, 5624, 5624, 5624, 5624, 5624, 5624, 5624, 5624, 5624, 5624, 5624, 5624, 5624, 5624, 5624, 5624, 5624, 5624, 5624, 5624, 5624, 5624, 5624, 5624, 5624, 5624, 5624, 5624, 5624, 5624, 5624, 5624, 5624, 5624, 5624, 5624, 5624, 5624, 5624, 5624, 5624, 5624, 5624, 5624, 5624, 5624, 5624, 5624, 5624, 5624, 5624, 5624, 5624, 5624, 5624, 5624, 5624, 5624, 5624, 5624, 5624, 5624, 5624, 5624, 5624, 5624, 5624, 5624, 5624, 5624, 5624, 5624, 5624, 5624, 5624, 5624, 5624, 5624, 5624, 5624, 5624, 5624, 5624, 5624, 5624, 5624, 5624, 5624, 5624, 5624, 5624, 5624, 5624, 5624, 5624, 5624, 5624, 5624, 5624, 5624, 5624, 5624, 5624, 5624, 5624, 5624, 5624, 5624, 5624, 5624, 5624, 5624, 5624, 5624, 5624, 5624, 5624, 5624, 5624, 5624, 5624, 5624, 5624, 5624, 5624, 5624, 5624, 5624, 5624, 5624, 5624, 5624, 5624, 5624, 5624, 5624, 5624, 5624, 5624, 5624, 5624, 5624, 5624, 5624, 5624, 5624, 5624, 5624, 5624, 5624, 5624, 5624, 5624, 5624, 5624, 5624, 5624, 5624, 5624, 5624, 5624, 5624, 5624, 5624, 5624, 5624, 5624, 5624, 5624, 5624, 5624, 5624, 5624, 5624, 5624, 5624, 5624, 5624, 5624, 5624, 5624, 5624, 5624, 5624, 5624, 5624, 5624, 5624, 5624, 5624, 5624, 5624, 5624, 5624, 5624, 5624, 5624, 5624, 5624, 5624, 5624, 5624, 5624, 5624, 5624, 5624, 5624, 5624, 5624, 5624, 5624, 5624, 5624, 5624, 5624, 5624, 5624, 5624, 5624, 5624, 5624, 5624, 5624, 5624, 5624, 5624, 5624, 5624, 5624, 5624, 5624, 5624, 5624, 5624, 5624, 5624, 5624, 5624, 5624, 5624, 5624, 5624, 5624, 5624, 5624, 5624, 5624, 5624, 5624, 5624, 5624, 5624, 5624, 5624, 5624, 5624, 5624, 5624, 5624, 5624, 5624, 5624, 5624, 5624, 5624, 5624, 5624, 5624, 5624, 5624, 5624, 5624, 5624, 5624, 5624, 5624, 5624, 5624, 5624, 5624, 5624, 5624, 5624, 5624, 5624, 5624, 5624, 5624, 5624, 5624, 5624, 5624, 5624, 5624, 5624, 5624, 5624, 5624, 5624, 5624, 5624, 5624, 5624, 5624, 5624, 5624, 5624, 5624, 5624, 5624, 5624, 5624, 5624, 5624, 5624, 5624, 5624, 5624, 5624, 5624, 5624, 5624, 5624, 5624, 5624, 5624, 5624, 5624, 5624, 5624, 5624, 5624, 5624, 5624, 5624, 5624, 5624, 5624, 5624, 5624, 5624, 5624, 5624, 5624, 5624, 5624, 5624, 5624, 5624, 5624, 5624, 5624, 5624, 5624, 5624, 5624, 5624, 5624, 5624, 5624, 5624, 5624, 5624, 5624, 5624, 5624, 5624, 5624, 5624, 5624, 5624, 5624, 5624, 5624, 5624, 5624, 5624, 5624, 5624, 5624, 5624, 5624, 5624, 5624, 5624, 5624, 5624, 5624, 5624, 5624, 5624, 5624, 5624, 5624, 5624, 5624, 5624, 5624, 5624, 5624, 5624, 5624, 5624, 5624, 5624, 5624, 5624, 5624, 5624, 5624, 5624, 5624, 5624, 5624, 5624, 5624, 5624, 5624, 5624, 5624, 5624, 5624, 5624, 5624, 5624, 5624, 5624, 5624, 5624, 5624, 5624, 5624, 5624, 5624, 5624, 5624, 5624, 5624, 5624, 5624, 5624, 5624, 5624, 5624, 5624, 5624, 5624, 5624, 5624, 5624, 5624, 5624, 5624, 5624, 5624, 5624, 5624, 5624, 5624, 5624, 5624, 5624, 5624, 5624, 5624, 5624, 5624, 5624, 5624, 5624, 5624, 5624, 5624, 5624, 5624, 5624, 5624, 5624, 5624, 5624, 5624, 5624, 5624, 5624, 5624, 5624, 5624, 5624, 5624, 5624, 5624, 5624, 5624, 5624, 5624, 5624, 5624, 5624, 5624, 5624, 5624, 5624, 5624, 5624, 5624, 5624, 5624, 5624, 5624, 5624, 5624, 5624, 5624, 5624, 5624, 5624, 5624, 5624, 5624, 5624, 5624, 5624, 5624, 5624, 5624, 5624, 5624, 5624, 5624, 5624, 5624, 5624, 5624, 5624, 5624, 5624, 5624, 5624, 5624, 5624, 5624, 5624, 5624, 5624, 5624, 5624, 5624, 5624, 5624, 5624, 5624, 5624, 5624, 5624, 5624, 5624, 5624, 5624, 5624, 5624, 5624, 5624, 5624, 5624, 5624, 5624, 5624, 5624, 5624, 5624, 5624, 5624, 5622, 5622, 5622, 5622, 5622, 5622, 5622, 5622, 5622, 5622, 5622, 5622, 5622, 5622, 5622, 5622, 5622, 5622, 5622, 5622, 5622, 5622, 5622, 5622, 5622, 5622, 5622, 5622, 5622, 5622, 5622, 5622, 5622, 5622, 5622, 5622, 5622, 5622, 5622, 5622, 5622, 5622, 5622, 5622, 5622, 5622, 5622, 5622, 5622, 5622, 5622, 5622, 5622, 5622, 5622, 5622, 5622, 5622, 5622, 5622, 5622, 5622, 5622, 5622, 5622, 5622, 5622, 5622, 5622, 5622, 5622, 5622, 5622, 5622, 5622, 5622, 5622, 5622, 5622, 5622, 5622, 5622, 5622, 5622, 5622, 5622, 5622, 5622, 5622, 5622, 5622, 5622, 5622, 5622, 5622, 5622, 5622, 5622, 5622, 5622, 5622, 5622, 5622, 5622, 5622, 5622, 5622, 5622, 5622, 5622, 5622, 5622, 5622, 5622, 5622, 5622, 5622, 5622, 5622, 5622, 5622, 5622, 5622, 5622, 5622, 5622, 5622, 5622, 5622, 5622, 5622, 5622, 5622, 5622, 5622, 5622, 5622, 5622, 5622, 5622, 5622, 5622, 5622, 5622, 5622, 5622, 5622, 5622, 5622, 5622, 5622, 5622, 5622, 5622, 5622, 5622, 5622, 5622, 5622, 5622, 5622, 5622, 5622, 5622, 5622, 5622, 5622, 5622, 5622, 5622, 5622, 5622, 5622, 5622, 5622, 5622, 5622, 5622, 5622, 5622, 5622, 5622, 5622, 5622, 5622, 5622, 5622, 5622, 5622, 5622, 5622, 5622, 5622, 5622, 5622, 5622, 5622, 5622, 5622, 5622, 5622, 5622, 5622, 5622, 5622, 5622, 5622, 5622, 5622, 5622, 5622, 5622, 5622, 5622, 5622, 5622, 5622, 5622, 5622, 5622, 5622, 5622, 5622, 5622, 5622, 5622, 5622, 5622, 5622, 5622, 5622, 5622, 5622, 5622, 5622, 5622, 5622, 5622, 5622, 5622, 5622, 5622, 5622, 5622, 5622, 5622, 5622, 5622, 5622, 5622, 5622, 5622, 5622, 5622, 5622, 5622, 5622, 5622, 5622, 5622, 5622, 5622, 5622, 5622, 5622, 5622, 5622, 5622, 5622, 5622, 5622, 5622, 5622, 5622, 5622, 5622, 5622, 5622, 5622, 5622, 5622, 5622, 5622, 5622, 5622, 5622, 5622, 5622, 5622, 5622, 5622, 5622, 5622, 5622, 5622, 5622, 5622, 5622, 5622, 5622, 5622, 5622, 5622, 5622, 5622, 5622, 5622, 5622, 5622, 5622, 5622, 5622, 5622, 5622, 5622, 5622, 5622, 5622, 5622, 5622, 5622, 5622, 5622, 5622, 5622, 5622, 5622, 5622, 5622, 5622, 5622, 5622, 5622, 5622, 5622, 5622, 5622, 5622, 5622, 5622, 5622, 5622, 5622, 5622, 5622, 5622, 5622, 5622, 5622, 5622, 5622, 5622, 5622, 5622, 5622, 5622, 5622, 5622, 5622, 5622, 5622, 5622, 5622, 5622, 5622, 5622, 5622, 5622, 5622, 5622, 5622, 5622, 5622, 5622, 5622, 5622, 5622, 5622, 5622, 5622, 5622, 5622, 5622, 5622, 5622, 5622, 5622, 5622, 5622, 5622, 5622, 5622, 5622, 5622, 5622, 5622, 5622, 5622, 5622, 5622, 5622, 5622, 5622, 5622, 5622, 5622, 5622, 5622, 5622, 5622, 5622, 5622, 5622, 5622, 5622, 5622, 5622, 5622, 5622, 5622, 5622, 5622, 5622, 5622, 5622, 5622, 5622, 5622, 5622, 5622, 5622, 5622, 5622, 5622, 5622, 5622, 5622, 5622, 5622, 5622, 5622, 5622, 5622, 5622, 5622, 5622, 5622, 5622, 5622, 5622, 5622, 5622, 5622, 5622, 5622, 5622, 5622, 5622, 5622, 5622, 5622, 5622, 5622, 5622, 5622, 5622, 5622, 5622, 5622, 5622, 5622, 5622, 5622, 5622, 5622, 5622, 5622, 5622, 5622, 5622, 5622, 5622, 5622, 5622, 5622, 5622, 5622, 5622, 5622, 5622, 5622, 5622, 5622, 5622, 5622, 5622, 5622, 5622, 5622, 5622, 5622, 5622, 5622, 5622, 5622, 5622, 5622, 5622, 5622, 5622, 5622, 5622, 5622, 5622, 5622, 5622, 5622, 5622, 5622, 5622, 5622, 5622, 5622, 5622, 5622, 5622, 5622, 5622, 5622, 5622, 5622, 5622, 5622, 5622, 5622, 5622, 5622, 5622, 5622, 5622, 5622, 5622, 5622, 5622, 5622, 5622, 5622, 5622, 5622, 5622, 5622, 5622, 5622, 5622, 5622, 5622, 5622, 5622, 5622, 5622, 5622, 5622, 5622, 5622, 5622, 5622, 5622, 5622, 5622, 5622, 5622, 5622, 5622, 5622, 5622, 5622, 5622, 5622, 5622, 5622, 5622, 5622, 5622, 5622, 5622, 5622, 5622, 5622, 5622, 5622, 5622, 5622, 5622, 5622, 5622, 5622, 5622, 5622, 5622, 5622, 5622, 5622, 5622, 5622, 5622, 5622, 5622, 5622, 5622, 5622, 5622, 5622, 5622, 5622, 5622, 5622, 5622, 5622, 5622, 5622, 5622, 5622, 5622, 5622, 5622, 5622, 5622, 5622, 5622, 5622, 5622, 5622, 5622, 5622, 5622, 5622, 5622, 5622, 5622, 5622, 5622, 5622, 5622, 5622, 5622, 5622, 5622, 5622, 5622, 5622, 5622, 5622, 5622, 5622, 5622, 5622, 5622, 5622, 5622, 5622, 5622, 5622, 5622, 5622, 5622, 5622, 5622, 5622, 5622, 5622, 5622, 5622, 5622, 5622, 5622, 5622, 5622, 5622, 5622, 5622, 5622, 5622, 5622, 5622, 5622, 5622, 5622, 5622, 5622, 5622, 5622, 5622, 5622, 5622, 5622, 5622, 5622, 5622, 5622, 5622, 5622, 5622, 5622, 5622, 5622, 5622, 5622, 5622, 5622, 5622, 5622, 5622, 5622, 5622, 5622, 5622, 5622, 5622, 5622, 5622, 5622, 5622, 5622, 5622, 5622, 5622, 5622, 5622, 5622, 5622, 5622, 5622, 5622, 5622, 5622, 5622, 5622, 5622, 5622, 5622, 5622, 5622, 5622, 5622, 5622, 5622, 5622, 5622, 5622, 5622, 5622, 5622, 5622, 5622, 5622, 5622, 5622, 5622, 5622, 5622, 5622, 5622, 5622, 5622, 5622, 5622, 5622, 5622, 5622, 5622, 5622, 5622, 5622, 5622, 5622, 5622, 5622, 5622, 5622, 5622, 5622, 5622, 5622, 5622, 5622, 5622, 5622, 5622, 5622, 5622, 5622, 5622, 5622, 5622, 5622, 5622, 5622, 5622, 5622, 5622, 5622, 5622, 5622, 5622, 5622, 5622, 5622, 5622, 5622, 5622, 5622, 5622, 5622, 5622, 5622, 5622, 5622, 5622, 5622, 5622, 5622, 5622, 5622, 5622, 5622, 5622, 5622, 5622, 5622, 5622, 5622, 5622, 5622, 5622, 5622, 5622, 5622, 5622, 5622, 5622, 5622, 5622, 5622, 5622, 5622, 5622, 5622, 5622, 5622, 5622, 5622, 5622, 5622, 5622, 5622, 5622, 5622, 5622, 5622, 5622, 5622, 5622, 5622, 5622, 5622, 5622, 5622, 5622, 5622, 5622, 5622, 5622, 5622, 5622, 5622, 5622, 5622, 5622, 5622, 5622, 5622, 5622, 5622, 5622, 5622, 5622, 5622, 5622, 5622, 5622, 5622, 5622, 5622, 5622, 5622, 5622, 5622, 5622, 5622, 5622, 5622, 5622, 5622, 5622, 5622, 5622, 5622, 5622, 5622, 5622, 5622, 5622, 5622, 5622, 5622, 5622, 5622, 5622, 5622, 5622, 5622, 5622, 5622, 5622, 5622, 5622, 5622, 5622, 5622, 5622, 5622, 5622, 5622, 5622, 5622, 5622, 5622, 5622, 5622, 5622, 5622, 5622, 5622, 5622, 5622, 5622, 5622, 5622, 5622, 5622, 5622, 5622, 5622, 5622, 5622, 5622, 5622, 5622, 5622, 5622, 5622, 5622, 5622, 5622, 5622, 5622, 5622, 5622, 5622, 5622, 5622, 5622, 5622, 5622, 5622, 5622, 5622, 5622, 5622, 5622, 5622, 5622, 5622, 5622, 5622, 5622, 5622, 5622, 5622, 5622, 5622, 5622, 5622, 5622, 5622, 5622, 5622, 5622, 5622, 5622, 5622, 5622, 5622, 5622, 5622, 5622, 5622, 5622, 5622, 5622, 5622, 5622, 5622, 5622, 5622, 5622, 5622, 5622, 5622, 5622, 5622, 5622, 5622, 5622, 5622, 5622, 5622, 5622, 5622, 5622, 5622, 5622, 5622, 5622, 5622, 5622, 5622, 5622, 5622, 5622, 5622, 5622, 5622, 5622, 5622, 5622, 5622, 5622, 5622, 5622, 5622, 5622, 5622, 5622, 5622, 5622, 5622, 5622, 5622, 5622, 5622, 5622, 5622, 5622, 5622, 5622, 5622, 5622, 5622, 5622, 5622, 5622, 5622, 5622, 5622, 5622, 5622, 5622, 5622, 5622, 5622, 5622, 5622, 5622, 5622, 5622, 5622, 5622, 5622, 5622, 5622, 5622, 5622, 5622, 5622, 5622, 5622, 5622, 5622, 5622, 5622, 5622, 5622, 5622, 5622, 5622, 5622, 5622, 5622, 5622, 5622, 5622, 5622, 5622, 5622, 5622, 5622, 5622, 5622, 5622, 5622, 5622, 5622, 5622, 5622, 5622, 5622, 5622, 5622, 5622, 5622, 5622, 5622, 5622, 5622, 5622, 5622, 5622, 5622, 5622, 5622, 5622, 5622, 5622, 5622, 5622, 5622, 5622, 5622, 5622, 5622, 5622, 5622, 5622, 5622, 5622, 5622, 5622, 5622, 5622, 5622, 5622, 5622, 5622, 5622, 5622, 5622, 5622, 5622, 5622, 5622, 5622, 5622, 5622, 5622, 5622, 5622, 5622, 5622, 5622, 5622, 5622, 5622, 5622, 5622, 5622, 5622, 5622, 5622, 5622, 5622, 5622, 5622, 5622, 5622, 5622, 5622, 5622, 5622, 5622, 5622, 5622, 5622, 5622, 5622, 5622, 5622, 5622, 5622, 5622, 5622, 5622, 5622, 5622, 5622, 5622, 5622, 5622, 5622, 5622, 5622, 5622, 5622, 5622, 5622, 5622, 5622, 5622, 5622, 5622, 5622, 5622, 5622, 5622, 5622, 5622, 5622, 5622, 5622, 5622, 5622, 5622, 5622, 5622, 5622, 5622, 5622, 5622, 5622, 5622, 5622, 5622, 5622, 5622, 5622, 5622, 5622, 5622, 5622, 5622, 5622, 5622, 5622, 5622, 5622, 5622, 5622, 5622, 5622, 5622, 5622, 5622, 5622, 5622, 5622, 5622, 5622, 5622, 5622, 5622, 5622, 5622, 5622, 5622, 5622, 5622, 5622, 5622, 5622, 5622, 5622, 5622, 5622, 5622, 5622, 5622, 5622, 5622, 5622, 5622, 5622, 5622, 5622, 5622, 5622, 5622, 5622, 5622, 5622, 5622, 5622, 5622, 5622, 5622, 5622, 5622, 5622, 5622, 5622, 5622, 5622, 5622, 5622, 5622, 5622, 5622, 5622, 5622, 5622, 5622, 5622, 5622, 5622, 5622, 5622, 5622, 5622, 5622, 5622, 5622, 5622, 5622, 5622, 5622, 5622, 5622, 5622, 5622, 5622, 5622, 5622, 5622, 5622, 5622, 5622, 5622, 5622, 5622, 5622, 5622, 5622, 5622, 5622, 5622, 5622, 5622, 5622, 5622, 5622, 5622, 5622, 5622, 5622, 5622, 5622, 5622, 5622, 5622, 5622, 5622, 5622, 5622, 5622, 5622, 5622, 5622, 5622, 5622, 5622, 5622, 5622, 5622, 5622, 5622, 5622, 5622, 5622, 5622, 5622, 5622, 5622, 5622, 5622, 5622, 5622, 5622, 5622, 5622, 5622, 5622, 5622, 5622, 5622, 5622, 5622, 5622, 5622, 5622, 5622, 5622, 5622, 5622, 5622, 5622, 5622, 5622, 5622, 5622, 5622, 5622, 5622, 5622, 5622, 5622, 5622, 5622, 5622, 5622, 5622, 5622, 5622, 5622, 5622, 5622, 5622, 5622, 5622, 5622, 5622, 5622, 5622, 5622, 5622, 5622, 5622, 5622, 5622, 5622, 5622, 5622, 5622, 5622, 5622, 5622, 5622, 5622, 5622, 5622, 5622, 5622, 5622, 5622, 5622, 5622, 5622, 5622, 5622, 5622, 5622, 5622, 5622, 5622, 5622, 5622, 5622, 5622, 5622, 5622, 5622, 5622, 5622, 5622, 5622, 5622, 5622, 5622, 5622, 5622, 5622, 5622, 5622, 5622, 5622, 5622, 5622, 5622, 5622, 5622, 5622, 5622, 5622, 5622, 5622, 5622, 5622, 5622, 5622, 5622, 5622, 5622, 5622, 5622, 5622, 5622, 5622, 5622, 5622, 5622, 5622, 5622, 5622, 5622, 5622, 5622, 5622, 5622, 5622, 5622, 5622, 5622, 5622, 5622, 5622, 5622, 5622, 5622, 5622, 5622, 5622, 5622, 5622, 5622, 5622, 5622, 5622, 5622, 5622, 5622, 5622, 5622, 5622, 5622, 5622, 5622, 5622, 5622, 5622, 5622, 5622, 5622, 5622, 5622, 5622, 5622, 5622, 5622, 5622, 5622, 5622, 5622, 5622, 5622, 5622, 5622, 5622, 5622, 5622, 5622, 5622, 5622, 5622, 5622, 5622, 5622, 5622, 5622, 5622, 5622, 5622, 5622, 5622, 5622, 5622, 5622, 5622, 5622, 5622, 5622, 5622, 5622, 5622, 5622, 5622, 5622, 5622, 5622, 5622, 5622, 5622, 5622, 5622, 5622, 5622, 5622, 5622, 5622, 5622, 5622, 5622, 5622, 5622, 5622, 5622, 5622, 5622, 5622, 5622, 5622, 5622, 5622, 5622, 5622, 5622, 5622, 5622, 5622, 5622, 5622, 5622, 5622, 5622, 5622, 5622, 5622, 5622, 5622, 5622, 5622, 5622, 5622, 5622, 5622, 5622, 5622, 5622, 5622, 5622, 5622, 5622, 5622, 5622, 5622, 5622, 5622, 5622, 5622, 5622, 5622, 5622, 5622, 5622, 5622, 5622, 5622, 5622, 5622, 5622, 5622, 5622, 5622, 5622, 5622, 5622, 5622, 5622, 5622, 5622, 5622, 5622, 5622, 5622, 5622, 5622, 5622, 5622, 5622, 5622, 5622, 5622, 5622, 5622, 5622, 5622, 5622, 5622, 5622, 5622, 5622, 5622, 5622, 5622, 5622, 5622, 5622, 5622, 5622, 5622, 5622, 5622, 5622, 5622, 5622, 5622, 5622, 5622, 5622, 5622, 5622, 5622, 5622, 5622, 5622, 5622, 5622, 5622, 5622, 5622, 5622, 5622, 5622, 5622, 5622, 5622, 5622, 5622, 5622, 5622, 5622, 5622, 5622, 5622, 5622, 5622, 5622, 5622, 5622, 5622, 5622, 5622, 5622, 5622, 5622, 5622, 5622, 5622, 5622, 5622, 5622, 5622, 5622, 5622, 5622, 5622, 5622, 5622, 5622, 5622, 5622, 5622, 5622, 5622, 5622, 5622, 5622, 5622, 5622, 5622, 5622, 5622, 5622, 5622, 5622, 5622, 5622, 5622, 5622, 5622, 5622, 5622, 5622, 5622, 5622, 5622, 5622, 5622, 5622, 5622, 5622, 5622, 5622, 5622, 5622, 5622, 5622, 5622, 5622, 5622, 5622, 5622, 5622, 5622, 5622, 5622, 5622, 5622, 5622, 5622, 5622, 5622, 5622, 5622, 5622, 5622, 5622, 5622, 5622, 5622, 5622, 5622, 5622, 5622, 5622, 5622, 5622, 5622, 5622, 5622, 5622, 5622, 5622, 5622, 5622, 5622, 5622, 5622, 5622, 5622, 5622, 5622, 5622, 5622, 5622, 5622, 5622, 5622, 5622, 5622, 5622, 5622, 5622, 5622, 5622, 5622, 5622, 5622, 5622, 5622, 5622, 5622, 5622, 5622, 5622, 5622, 5622, 5622, 5622, 5622, 5622, 5622, 5622, 5622, 5622, 5622, 5622, 5622, 5622, 5622, 5622, 5622, 5622, 5622, 5622, 5622, 5622, 5622, 5622, 5622, 5622, 5622, 5622, 5622, 5622, 5622, 5622, 5622, 5622, 5622, 5622, 5622, 5622, 5622, 5622, 5622, 5622, 5622, 5622, 5622, 5622, 5622, 5622, 5622, 5622, 5622, 5622, 5622, 5622, 5622, 5622, 5622, 5622, 5622, 5622, 5622, 5622, 5622, 5622, 5622, 5622, 5622, 5622, 5622, 5622, 5622, 5622, 5622, 5622, 5622, 5622, 5622, 5622, 5622, 5622, 5622, 5622, 5622, 5622, 5622, 5622, 5622, 5622, 5622, 5622, 5622, 5622, 5622, 5622, 5622, 5622, 5622, 5622, 5622, 5622, 5622, 5622, 5622, 5622, 5622, 5622, 5622, 5622, 5622, 5622, 5622, 5622, 5622, 5622, 5622, 5622, 5622, 5622, 5622, 5622, 5622, 5622, 5622, 5622, 5622, 5622, 5622, 5622, 5622, 5622, 5622, 5622, 5622, 5622, 5622, 5622, 5622, 5622, 5622, 5622, 5622, 5622, 5622, 5622, 5622, 5622, 5622, 5622, 5622, 5622, 5622, 5622, 5622, 5622, 5622, 5622, 5622, 5622, 5622, 5622, 5622, 5622, 5622, 5622, 5622, 5622, 5622, 5622, 5622, 5622, 5622, 5622, 5622, 5622, 5622, 5622, 5622, 5622, 5622, 5622, 5622, 5622, 5622, 5622, 5622, 5622, 5622, 5622, 5622, 5622, 5622, 5622, 5622, 5622, 5622, 5622, 5622, 5622, 5622, 5622, 5622, 5622, 5622, 5622, 5622, 5622, 5622, 5622, 5622, 5622, 5622, 5622, 5622, 5622, 5622, 5622, 5622, 5622, 5622, 5622, 5622, 5622, 5622, 5622, 5622, 5622, 5622, 5622, 5622, 5622, 5622, 5622, 5622, 5622, 5622, 5622, 5622, 5622, 5622, 5622, 5622, 5622, 5622, 5622, 5622, 5622, 5622, 5622, 5622, 5622, 5622, 5622, 5622, 5622, 5622, 5622, 5622, 5622, 5622, 5622, 5622, 5622, 5622, 5622, 5622, 5622, 5622, 5622, 5622, 5622, 5622, 5622, 5622, 5622, 5622, 5622, 5622, 5622, 5622, 5622, 5622, 5622, 5622, 5622, 5622, 5622, 5622, 5622, 5622, 5622, 5622, 5622, 5622, 5622, 5622, 5622, 5622, 5622, 5622, 5622, 5622, 5622, 5622, 5622, 5622, 5622, 5622, 5622, 5622, 5622, 5622, 5622, 5622, 5622, 5622, 5622, 5622, 5622, 5622, 5622, 5622, 5622, 5622, 5622, 5622, 5622, 5622, 5622, 5622, 5622, 5622, 5622, 5622, 5622, 5622, 5622, 5622, 5622, 5622, 5622, 5622, 5622, 5622, 5622, 5622, 5622, 5622, 5622, 5622, 5622, 5622, 5622, 5622, 5622, 5622, 5622, 5622, 5622, 5622, 5622, 5622, 5622, 5622, 5622, 5622, 5622, 5622, 5622, 5622, 5622, 5622, 5622, 5622, 5622, 5622, 5622, 5622, 5622, 5622, 5622, 5622, 5622, 5622, 5622, 5622, 5622, 5622, 5622, 5622, 5622, 5622, 5622, 5622, 5622, 5622, 5622, 5622, 5622, 5622, 5622, 5622, 5622, 5622, 5622, 5622, 5622, 5622, 5622, 5622, 5622, 5622, 5622, 5622, 5622, 5622, 5622, 5622, 5622, 5622, 5622, 5622, 5622, 5622, 5622, 5622, 5622, 5622, 5622, 5622, 5622, 5622, 5622, 5622, 5622, 5622, 5622, 5622, 5622, 5622, 5622, 5622, 5622, 5622, 5622, 5622, 5622, 5622, 5622, 5622, 5622, 5622, 5622, 5622, 5622, 5622, 5622, 5622, 5622, 5622, 5622, 5622, 5622, 5622, 5622, 5622, 5622, 5622, 5622, 5622, 5622, 5622, 5622, 5622, 5622, 5622, 5622, 5622, 5622, 5622, 5622, 5622, 5622, 5622, 5622, 5622, 5622, 5622, 5622, 5622, 5622, 5622, 5622, 5622, 5622, 5622, 5622, 5622, 5622, 5622, 5622, 5622, 5622, 5622, 5622, 5622, 5622, 5622, 5622, 5622, 5622, 5622, 5622, 5622, 5622, 5622, 5622, 5622, 5622, 5622, 5622, 5622, 5622, 5622, 5622, 5622, 5622, 5622, 5622, 5622, 5622, 5622, 5622, 5622, 5622, 5622, 5622, 5622, 5622, 5622, 5622, 5622, 5622, 5622, 5622, 5622, 5622, 5622, 5622, 5622, 5622, 5622, 5622, 5622, 5622, 5622, 5622, 5622, 5622, 5622, 5622, 5622, 5622, 5622, 5622, 5622, 5622, 5622, 5622, 5622, 5622, 5622, 5622, 5622, 5622, 5622, 5622, 5622, 5622, 5622, 5622, 5622, 5622, 5622, 5622, 5622, 5622, 5622, 5622, 5622, 5622, 5622, 5622, 5622, 5622, 5622, 5622, 5622, 5622, 5622, 5622, 5622, 5622, 5622, 5622, 5622, 5622, 5622, 5622, 5622, 5622, 5622, 5622, 5622, 5622, 5622, 5622, 5622, 5622, 5622, 5622, 5622, 5622, 5622, 5622, 5622, 5622, 5622, 5622, 5622, 5622, 5622, 5622, 5622, 5622, 5622, 5622, 5622, 5622, 5622, 5622, 5622, 5622, 5622, 5622, 5622, 5622, 5622, 5622, 5622, 5622, 5622, 5622, 5622, 5622, 5622, 5622, 5622, 5622, 5622, 5622, 5622, 5622, 5622, 5622, 5622, 5622, 5622, 5622, 5622, 5622, 5622, 5622, 5622, 5622, 5622, 5622, 5622, 5622, 5622, 5622, 5622, 5622, 5622, 5622, 5622, 5622, 5622, 5622, 5622, 5622, 5622, 5622, 5622, 5622, 5622, 5622, 5622, 5622, 5622, 5622, 5622, 5622, 5622, 5622, 5622, 5622, 5622, 5622, 5622, 5622, 5622, 5622, 5622, 5622, 5622, 5622, 5622, 5622, 5622, 5622, 5622, 5622, 5622, 5622, 5622, 5622, 5622, 5622, 5622, 5622, 5622, 5622, 5622, 5622, 5622, 5622, 5622, 5622, 5622, 5622, 5622, 5622, 5622, 5622, 5622, 5622, 5622, 5622, 5622, 5622, 5622, 5622, 5622, 5622, 5622, 5622, 5622, 5622, 5622, 5622, 5622, 5622, 5622, 5622, 5622, 5622, 5622, 5622, 5622, 5622, 5622, 5622, 5622, 5622, 5622, 5622, 5622, 5622, 5622, 5622, 5622, 5622, 5622, 5622, 5622, 5622, 5622, 5622, 5622, 5622, 5622, 5622, 5622, 5622, 5622, 5622, 5622, 5622, 5622, 5622, 5622, 5622, 5622, 5622, 5622, 5622, 5622, 5622, 5622, 5622, 5622, 5622, 5622, 5622, 5622, 5622, 5622, 5622, 5622, 5622, 5622, 5622, 5622, 5622, 5622, 5622, 5622, 5622, 5622, 5622, 5622, 5622, 5622, 5622, 5622, 5622, 5622, 5622, 5622, 5622, 5622, 5622, 5622, 5622, 5622, 5622, 5622, 5622, 5622, 5622, 5622, 5622, 5622, 5622, 5622, 5622, 5622, 5622, 5622, 5622, 5622, 5622, 5622, 5622, 5622, 5622, 5622, 5622, 5622, 5622, 5622, 5622, 5622, 5622, 5622, 5622, 5622, 5622, 5622, 5622, 5622, 5622, 5622, 5622, 5622, 5622, 5622, 5622, 5622, 5622, 5622, 5622, 5622, 5622, 5622, 5622, 5622, 5622, 5622, 5622, 5622, 5622, 5622, 5622, 5622, 5622, 5622, 5622, 5622, 5622, 5622, 5622, 5622, 5622, 5622, 5622, 5622, 5622, 5622, 5622, 5622, 5622, 5622, 5622, 5622, 5622, 5622, 5622, 5622, 5622, 5622, 5622, 5622, 5622, 5622, 5622, 5622, 5622, 5622, 5622, 5622, 5622, 5622, 5622, 5622, 5622, 5622, 5622, 5622, 5622, 5622, 5622, 5622, 5622, 5622, 5622, 5622, 5622, 5622, 5622, 5622, 5622, 5622, 5622, 5622, 5622, 5622, 5622, 5622, 5622, 5622, 5622, 5622, 5622, 5622, 5622, 5622, 5622, 5622, 5622, 5622, 5622, 5622, 5622, 5622, 5622, 5622, 5622, 5622, 5622, 5622, 5622, 5622, 5622, 5622, 5622, 5622, 5622, 5622, 5622, 5622, 5622, 5622, 5622, 5622, 5622, 5622, 5622, 5622, 5622, 5622, 5622, 5622, 5622, 5622, 5622, 5622, 5622, 5622, 5622, 5622, 5622, 5622, 5622, 5622, 5622, 5622, 5622, 5622, 5622, 5622, 5622, 5622, 5622, 5622, 5622, 5622, 5622, 5622, 5622, 5622, 5622, 5622, 5622, 5622, 5622, 5622, 5622, 5622, 5622, 5622, 5622, 5622, 5622, 5622, 5622, 5622, 5622, 5622, 5622, 5622, 5622, 5622, 5622, 5622, 5622, 5622, 5622, 5622, 5622, 5622, 5622, 5622, 5622, 5622, 5622, 5622, 5622, 5622, 5622, 5622, 5622, 5622, 5622, 5622, 5622, 5622, 5622, 5622, 5622, 5622, 5622, 5622, 5622, 5622, 5622, 5622, 5622, 5622, 5622, 5622, 5622, 5622, 5622, 5622, 5622, 5622, 5622, 5622, 5622, 5622, 5622, 5622, 5622, 5622, 5622, 5622, 5622, 5622, 5622, 5622, 5622, 5622, 5622, 5622, 5622, 5622, 5622, 5622, 5622, 5622, 5622, 5622, 5622, 5622, 5622, 5622, 5622, 5622, 5622, 5622, 5622, 5622, 5622, 5622, 5622, 5622, 5622, 5622, 5622, 5622, 5622, 5622, 5622, 5622, 5622, 5622, 5622, 5622, 5622, 5622, 5622, 5622, 5622, 5622, 5622, 5622, 5622, 5622, 5622, 5622, 5622, 5622, 5622, 5622, 5622, 5622, 5622, 5622, 5622, 5622, 5622, 5622, 5622, 5622, 5622, 5622, 5622, 5622, 5622, 5622, 5622, 5622, 5622, 5622, 5622, 5622, 5622, 5622, 5622, 5622, 5622, 5622, 5622, 5622, 5622, 5622, 5622, 5622, 5622, 5622, 5622, 5622, 5622, 5622, 5622, 5622, 5622, 5622, 5622, 5622, 5622, 5622, 5622, 5622, 5622, 5622, 5622, 5622, 5622, 5622, 5622, 5622, 5622, 5622, 5622, 5622, 5622, 5622, 5622, 5622, 5622, 5622, 5622, 5622, 5622, 5622, 5622, 5622, 5622, 5622, 5622, 5622, 5622, 5622, 5622, 5622, 5622, 5622, 5622, 5622, 5622, 5622, 5622, 5622, 5622, 5622, 5622, 5622, 5622, 5622, 5622, 5622, 5622, 5622, 5622, 5622, 5622, 5622, 5622, 5622, 5622, 5622, 5622, 5622, 5622, 5622, 5622, 5622, 5622, 5622, 5622, 5622, 5622, 5622, 5622, 5622, 5622, 5622, 5622, 5622, 5622, 5622, 5622, 5622, 5622, 5622, 5622, 5622, 5622, 5622, 5622, 5622, 5622, 5622, 5622, 5622, 5622, 5622, 5622, 5622, 5622, 5622, 5622, 5622, 5622, 5622, 5622, 5622, 5622, 5622, 5622, 5622, 5622, 5622, 5622, 5622, 5622, 5622, 5622, 5622, 5622, 5622, 5622, 5622, 5622, 5622, 5622, 5622, 5622, 5622, 5622, 5622, 5622, 5622, 5622, 5622, 5622, 5622, 5622, 5622, 5622, 5622, 5622, 5622, 5622, 5622, 5622, 5622, 5622, 5622, 5622, 5622, 5622, 5622, 5622, 5622, 5622, 5622, 5622, 5622, 5622, 5622, 5622, 5622, 5622, 5622, 5622, 5622, 5622, 5622, 5622, 5622, 5622, 5622, 5622, 5622, 5622, 5622, 5622, 5622, 5622, 5622, 5622, 5622, 5622, 5622, 5622, 5622, 5622, 5622, 5622, 5622, 5622, 5622, 5622, 5622, 5622, 5622, 5622, 5622, 5622, 5622, 5622, 5622, 5622, 5622, 5622, 5622, 5622, 5622, 5622, 5622, 5622, 5622, 5622, 5622, 5622, 5622, 5622, 5622, 5622, 5622, 5622, 5622, 5622, 5622, 5622, 5622, 5622, 5622, 5622, 5622, 5622, 5622, 5622, 5622, 5622, 5622, 5622, 5622, 5622, 5622, 5622, 5622, 5622, 5620, 
Fitness promedio a lo largo del tiempo: 
21135, 18187, 15386, 13471, 10756, 8834, 7061, 6792, 6991, 7086, 7180, 6536, 7036, 7014, 7213, 6572, 7047, 6499, 7098, 6878, 7185, 6623, 6413, 6132, 6225, 6593, 6921, 6577, 6831, 5922, 6495, 6261, 6506, 6736, 6782, 6284, 6820, 5831, 6402, 6254, 6092, 6208, 6607, 5864, 5760, 5745, 5756, 5972, 6542, 5716, 6220, 5701, 5684, 5674, 5678, 5677, 5721, 5678, 5674, 5682, 5800, 5912, 5690, 5812, 5889, 6255, 6037, 5715, 5693, 5826, 5748, 5695, 5686, 5677, 5676, 5808, 5690, 5820, 5911, 5677, 5677, 5677, 5678, 5704, 5970, 5881, 5687, 5677, 5703, 5676, 5961, 5679, 5678, 5674, 6125, 5684, 5694, 5676, 5806, 5970, 5673, 5684, 5675, 5681, 5706, 5702, 5765, 5818, 5687, 6067, 5679, 5674, 5676, 5679, 5807, 5760, 5684, 5692, 5674, 5671, 5680, 5674, 5925, 5764, 5698, 5709, 5679, 5708, 5810, 5691, 5818, 5684, 5678, 5754, 5699, 5683, 5817, 5701, 5861, 5669, 5673, 5671, 5687, 5676, 5673, 5677, 5922, 5688, 5800, 6024, 5803, 5856, 5675, 5671, 5672, 5671, 5956, 5670, 5698, 6238, 5698, 5906, 5671, 5676, 5980, 5682, 5714, 5676, 5801, 5686, 5705, 5669, 5682, 5678, 5909, 5685, 5669, 5755, 5709, 5668, 5798, 5674, 6129, 5684, 5678, 5976, 5849, 5678, 5686, 5678, 5671, 6079, 5916, 5861, 6279, 6074, 5748, 5682, 5675, 5671, 5672, 5813, 5743, 5681, 5673, 5668, 5696, 5669, 5670, 5786, 5917, 5675, 6016, 5701, 5854, 5668, 5687, 5970, 5693, 5670, 5669, 6185, 5671, 5680, 5942, 5670, 5691, 5688, 5684, 5674, 5743, 5685, 5673, 5673, 5749, 5750, 5676, 5672, 5677, 5672, 6077, 5676, 5674, 5666, 5702, 5683, 5673, 5672, 5673, 5671, 5669, 6292, 5705, 5670, 5727, 5756, 6126, 5673, 5747, 5804, 5746, 5674, 5675, 5677, 5667, 5673, 5673, 5673, 5678, 5674, 5670, 5858, 5857, 5686, 5689, 5694, 5675, 5695, 5674, 5673, 5908, 6187, 5701, 5677, 5689, 5669, 5810, 6083, 5679, 5846, 5674, 5673, 5875, 5682, 5671, 5908, 5673, 5673, 5674, 5683, 5979, 6123, 5670, 5747, 5672, 6076, 5682, 5667, 5923, 5984, 5670, 5674, 5697, 5680, 5803, 5916, 5671, 5852, 5676, 6280, 5674, 5914, 5692, 5667, 5670, 5929, 5676, 5675, 5669, 5869, 5795, 5690, 5683, 5679, 5674, 5684, 5907, 5670, 5799, 5680, 5672, 5764, 5767, 6136, 5857, 5676, 5678, 5669, 5672, 5677, 5673, 5682, 5677, 5671, 5751, 5670, 5684, 5670, 5671, 5861, 6139, 5677, 5747, 5672, 5802, 5669, 5969, 5666, 5671, 5669, 5669, 5675, 5671, 5670, 5670, 5671, 5693, 5700, 5851, 6070, 5677, 5674, 5677, 5810, 5812, 5674, 5855, 5908, 5680, 6279, 5744, 5704, 5680, 5672, 5853, 5808, 5677, 5675, 5704, 5675, 5671, 5967, 5755, 5696, 5878, 5744, 5681, 5675, 6079, 5908, 5747, 5674, 5672, 5860, 5682, 5677, 5752, 5680, 5676, 5676, 5716, 5688, 5686, 5671, 5747, 5669, 5675, 6026, 5677, 5690, 5683, 5955, 5859, 6392, 5674, 5744, 5984, 5802, 5857, 5809, 5673, 5680, 5675, 5680, 5673, 5674, 5694, 5677, 5791, 5977, 5759, 5675, 5802, 5708, 5672, 5676, 5676, 5674, 5813, 5694, 5967, 5666, 5672, 5672, 5671, 5960, 5792, 5670, 5671, 5954, 5853, 5669, 5677, 5671, 5671, 5675, 5740, 6021, 5673, 5671, 5683, 5816, 5670, 5681, 5674, 6070, 5912, 5675, 5925, 5688, 5680, 5666, 5673, 5693, 5695, 5677, 5670, 5745, 5679, 5684, 5679, 5703, 5803, 5676, 5683, 6024, 5860, 5805, 5674, 5670, 5684, 5681, 6003, 5679, 5683, 5683, 5669, 5673, 5672, 5681, 5674, 5685, 5677, 5688, 5689, 5964, 5875, 5681, 5689, 5684, 5683, 5707, 5677, 5743, 5674, 6031, 5682, 5684, 5680, 5683, 5850, 5914, 5678, 5973, 5670, 5670, 6184, 5744, 5671, 5677, 5919, 5741, 5911, 5684, 5676, 5795, 5800, 5675, 5677, 5676, 5914, 6080, 5684, 6239, 5696, 5693, 5921, 5674, 5672, 5683, 5686, 5705, 5689, 5904, 5694, 5671, 5677, 5675, 5691, 5677, 5667, 5687, 6011, 5689, 5670, 5671, 6019, 5681, 5963, 5682, 5678, 5893, 5852, 5678, 5673, 5801, 5676, 6190, 6395, 5695, 5793, 5672, 5843, 5686, 5674, 6178, 5677, 5674, 5968, 5859, 5860, 5810, 5686, 5669, 5682, 5683, 6082, 5683, 5801, 5679, 5690, 6443, 5682, 5678, 5910, 5918, 5669, 5961, 5672, 5799, 5678, 5674, 5677, 5693, 5674, 5669, 5905, 5675, 5684, 5863, 5816, 5678, 5902, 5690, 5812, 5681, 6015, 5676, 5673, 5763, 5669, 5673, 5680, 5967, 5870, 5675, 5665, 5688, 5671, 5683, 6075, 5670, 6202, 5677, 5686, 5684, 5857, 5682, 5674, 5694, 5664, 5672, 5969, 6231, 6023, 5756, 5667, 5744, 5806, 5744, 5698, 5755, 5681, 5912, 5674, 5681, 5667, 5857, 5673, 5671, 5670, 5700, 5734, 5857, 5909, 5671, 5670, 5727, 5677, 5805, 5678, 5849, 5667, 5694, 6168, 5677, 5670, 5960, 5690, 5685, 5960, 5854, 5668, 5695, 5806, 5671, 5703, 5668, 5902, 5864, 5667, 5679, 5668, 6020, 5673, 5858, 5691, 5738, 5672, 5685, 5758, 5677, 5671, 5691, 5680, 5904, 5676, 5857, 5971, 5913, 5679, 5679, 6034, 5693, 5868, 5756, 6076, 5691, 5674, 6437, 5695, 6235, 5679, 5679, 5674, 5677, 5677, 5680, 5696, 6234, 5753, 5673, 5907, 5678, 6015, 5679, 5746, 5732, 5957, 5809, 5686, 5907, 5762, 5671, 5672, 5669, 5676, 5670, 5676, 5668, 5689, 5677, 5673, 6006, 6190, 5674, 6125, 5875, 6254, 6029, 5909, 5680, 5679, 5683, 5676, 5957, 5682, 6063, 5670, 5670, 5859, 5669, 5679, 5670, 5672, 5681, 5693, 5678, 5674, 5973, 5679, 5671, 5675, 5679, 5908, 5676, 5696, 5965, 5962, 5743, 5983, 6076, 5673, 5674, 5673, 5815, 5805, 5671, 5682, 5813, 5670, 6030, 6187, 5675, 5796, 5676, 5669, 5847, 6138, 6013, 5670, 6099, 5691, 5676, 5742, 5673, 5667, 5853, 5808, 5673, 5964, 5701, 5672, 5760, 5855, 5698, 5674, 5685, 5750, 5698, 5674, 5675, 5683, 5696, 6009, 5684, 5683, 5670, 5685, 5700, 6073, 5927, 5678, 5676, 5864, 5758, 5680, 5869, 5678, 5807, 5681, 6448, 5689, 5682, 5665, 5669, 5896, 5858, 5682, 5676, 5670, 5684, 5845, 5689, 5701, 5675, 5672, 5788, 5680, 5855, 5917, 5852, 5682, 5672, 6079, 5739, 5670, 5679, 5962, 5675, 6033, 5670, 5967, 5697, 5674, 5675, 5858, 5957, 5796, 5919, 5700, 6006, 6173, 5674, 5690, 5688, 5676, 5681, 5673, 5675, 5858, 5676, 5868, 5670, 5706, 5900, 5978, 5675, 6075, 5808, 5672, 5684, 5700, 5688, 5802, 5803, 5861, 5669, 5681, 5683, 5671, 5682, 5934, 5765, 5671, 5808, 5672, 5706, 5682, 5672, 5695, 5962, 6623, 5752, 5677, 6188, 5675, 5674, 5909, 5959, 5972, 6113, 5757, 5673, 5761, 5670, 5679, 5846, 5675, 5748, 5692, 5759, 5675, 5857, 5688, 6438, 5684, 6226, 5714, 5672, 5695, 5674, 5674, 5861, 5689, 5966, 5738, 5915, 5687, 5684, 5677, 5674, 5676, 5675, 5808, 5676, 5680, 6195, 5693, 6303, 5917, 5690, 5669, 5706, 5699, 5685, 5688, 5669, 5682, 5675, 5692, 5670, 6048, 6024, 5680, 5841, 5693, 5743, 5687, 5747, 5671, 5667, 5846, 5753, 6137, 5683, 5678, 5684, 5965, 5667, 5857, 5698, 6237, 5805, 5855, 5958, 5688, 5669, 5672, 5670, 5676, 5902, 5962, 5687, 5808, 5681, 5673, 5675, 5672, 5690, 6132, 5979, 6019, 5694, 5687, 5677, 5796, 5757, 5675, 5699, 5679, 5669, 5688, 5678, 5708, 5676, 5685, 5967, 5684, 6173, 5702, 5716, 5675, 5960, 5678, 5792, 5692, 5674, 5698, 5677, 5858, 5671, 5683, 6505, 5672, 5744, 5678, 5689, 5675, 5800, 5865, 5690, 6015, 5680, 5682, 6365, 5672, 5675, 6081, 5679, 6064, 5855, 5689, 5692, 5675, 6232, 5765, 5710, 5797, 5667, 6086, 5690, 5911, 5905, 6142, 5750, 5977, 5676, 5755, 6152, 5682, 5687, 5803, 5681, 6138, 5879, 5677, 5677, 5687, 5697, 6183, 5684, 5694, 6082, 6102, 5966, 6090, 5866, 5690, 5682, 5917, 5694, 5696, 5669, 5768, 5664, 5671, 5670, 5672, 5696, 5804, 5667, 6012, 5857, 5716, 5675, 5685, 5859, 5671, 5908, 5679, 5690, 5695, 5854, 5701, 5673, 6191, 5916, 5852, 5674, 5694, 5669, 5669, 6010, 5673, 5676, 5669, 5677, 5685, 5675, 5664, 5702, 5674, 5804, 5692, 5674, 5669, 5670, 5667, 5688, 5684, 5811, 5917, 5677, 5689, 5671, 5687, 5698, 5677, 5857, 5681, 6398, 5688, 5678, 5679, 5686, 5682, 5670, 5672, 5671, 6029, 5902, 5685, 5983, 6189, 6239, 6145, 5672, 6129, 5667, 5801, 5676, 5675, 6005, 5664, 6128, 6165, 5670, 5665, 5844, 5657, 5661, 5915, 5661, 5735, 5744, 5748, 5663, 5657, 5862, 5656, 5965, 5659, 5663, 5836, 5895, 5741, 5662, 5662, 5793, 5659, 6002, 5730, 5664, 5656, 5855, 5659, 5797, 5673, 5667, 5670, 5670, 5656, 5663, 5667, 5667, 6111, 5661, 5668, 5665, 5728, 5871, 5663, 5670, 5659, 5694, 5664, 5777, 5792, 5734, 5685, 5805, 5679, 6388, 5897, 5664, 5805, 5664, 5668, 5684, 5667, 5668, 5746, 5658, 5671, 5789, 5664, 5679, 5680, 5727, 5688, 5700, 6025, 5675, 5651, 5673, 6094, 5728, 5890, 5670, 5653, 5897, 5728, 5664, 6036, 5674, 5644, 6166, 5670, 5648, 5654, 5727, 5640, 5645, 5651, 5644, 5643, 5640, 5643, 5668, 5651, 5631, 5814, 5945, 6110, 5640, 6002, 5649, 5653, 5761, 5654, 5678, 5659, 5635, 5640, 5669, 5839, 5640, 5830, 5663, 5641, 5641, 5896, 5639, 6260, 5663, 5635, 5781, 6222, 5647, 5635, 5830, 5650, 5641, 5730, 5640, 5637, 5653, 5634, 5773, 5632, 5641, 6032, 5656, 5658, 5667, 5991, 5639, 5653, 5738, 5973, 5665, 5636, 5719, 5645, 5871, 5724, 5638, 5770, 5644, 5635, 5774, 5644, 5666, 5647, 5886, 5637, 5659, 5635, 5668, 5713, 5730, 5654, 5757, 5632, 5707, 5639, 5714, 5929, 5639, 5646, 5829, 5645, 5651, 5861, 6031, 6196, 5677, 6139, 5641, 5636, 5638, 5641, 5640, 5647, 5645, 5640, 5646, 5635, 5642, 5668, 5660, 5979, 5643, 5655, 6149, 5779, 5651, 5646, 5659, 5660, 5640, 5877, 5826, 5653, 5641, 5639, 5640, 5651, 5985, 5636, 5868, 5638, 5657, 5640, 5647, 5640, 5650, 5775, 6077, 5660, 5631, 5640, 5658, 5660, 5658, 5640, 5639, 5637, 5645, 5719, 5696, 5729, 5636, 5639, 5636, 5642, 5632, 5755, 5633, 5853, 5640, 5661, 5667, 5637, 5638, 5637, 5635, 5731, 5810, 6051, 5730, 5639, 5638, 5639, 5718, 5679, 5639, 5705, 5639, 5639, 5646, 6378, 5765, 5644, 5641, 5639, 5665, 5727, 5636, 5639, 5758, 5772, 5636, 5656, 5649, 5636, 5731, 5635, 5661, 5636, 5661, 5644, 5641, 5651, 5811, 5639, 5874, 5769, 5667, 5637, 5642, 5633, 5647, 5653, 5641, 5642, 5820, 5630, 5638, 5709, 5666, 5833, 5650, 5649, 5642, 5821, 5647, 5637, 5651, 5765, 5647, 5635, 5654, 5659, 5638, 5642, 5773, 5826, 6158, 5654, 5653, 6035, 5643, 5665, 5652, 5974, 6047, 5651, 5716, 5708, 5641, 5634, 5948, 5645, 5650, 5783, 5834, 5649, 5638, 5669, 6151, 5782, 5643, 6153, 5644, 5680, 5640, 5983, 5871, 5645, 5640, 5649, 5639, 5643, 5672, 5637, 5656, 5630, 5942, 6031, 5636, 5717, 5666, 5642, 5650, 5822, 5641, 5635, 5839, 5833, 5642, 5631, 5638, 5996, 5840, 5861, 5645, 5636, 6095, 5716, 5821, 5633, 5875, 5642, 5685, 5638, 5829, 5635, 5830, 5646, 5645, 5630, 5945, 5984, 5641, 5776, 5645, 5653, 5642, 5900, 5719, 5653, 5874, 5642, 5643, 5644, 5668, 5633, 5983, 5633, 5645, 5653, 5928, 5716, 5641, 5646, 5937, 5637, 5640, 5634, 5642, 5637, 5769, 5635, 5641, 5648, 5639, 5640, 5637, 5633, 5639, 5644, 5767, 5635, 5640, 5633, 5647, 5667, 5661, 5665, 5666, 5714, 5648, 5633, 5671, 5633, 5642, 5650, 6003, 5771, 6055, 5648, 5830, 5632, 5642, 5634, 5765, 5632, 5645, 5629, 5649, 5647, 5656, 5633, 5726, 5757, 5663, 5770, 5684, 5931, 5649, 5921, 5877, 5777, 5662, 5632, 5673, 5653, 6145, 5683, 5647, 5656, 5935, 5774, 5782, 5656, 5647, 5655, 6043, 5643, 5636, 5643, 5641, 5643, 5637, 5634, 5637, 5635, 5637, 5876, 5676, 5635, 5661, 5637, 5641, 5659, 6046, 5633, 5644, 6043, 5660, 5638, 5933, 5825, 5714, 5658, 5649, 5638, 5636, 5876, 5641, 5636, 5663, 5654, 5634, 5721, 5770, 6206, 5633, 5637, 5632, 5654, 5636, 5639, 5654, 5640, 5640, 5639, 5640, 5639, 5869, 5645, 5643, 5642, 5634, 5639, 5642, 5658, 5663, 5640, 5662, 5638, 5634, 5651, 5992, 5640, 5652, 5654, 5770, 5638, 5644, 5640, 5647, 5868, 5812, 5641, 5649, 5720, 5644, 5785, 6099, 6041, 5636, 5647, 5769, 5655, 5636, 5867, 5919, 5723, 5977, 5638, 5873, 5822, 5665, 5649, 5638, 5742, 5638, 5658, 5648, 5641, 5925, 5645, 5659, 5640, 5638, 5637, 5784, 5734, 6199, 5642, 5632, 5660, 5881, 5640, 5899, 5640, 5641, 5648, 5635, 5825, 5884, 5641, 5632, 5642, 5643, 5638, 5637, 5721, 5771, 5644, 5638, 5643, 5635, 5639, 5718, 5645, 5632, 5641, 5631, 5678, 6001, 5777, 5638, 5658, 5667, 5841, 6133, 5635, 5636, 5644, 5637, 5828, 5664, 5652, 5833, 6054, 5646, 5644, 5641, 5721, 5638, 5635, 5720, 5642, 5638, 5642, 5640, 5656, 5660, 5643, 5660, 5767, 5772, 5781, 5823, 5822, 5650, 5639, 5709, 5640, 5878, 5638, 5989, 5777, 5982, 5652, 5772, 5651, 5991, 5662, 5664, 5761, 5646, 5643, 5654, 5639, 5696, 5645, 5699, 5774, 5634, 5651, 6134, 5638, 5767, 5637, 5648, 6143, 5636, 5770, 5885, 5670, 5636, 5639, 5638, 5665, 5663, 6146, 5654, 5648, 5642, 5660, 5933, 6140, 5639, 5641, 5652, 5647, 5641, 5639, 6040, 5645, 5648, 5817, 5643, 5637, 5825, 5650, 5644, 5880, 5911, 5650, 5981, 5655, 5979, 5821, 5640, 5642, 5650, 5639, 5650, 5636, 5635, 5635, 5643, 5882, 5639, 5713, 5662, 5930, 5632, 5644, 5633, 5792, 5653, 5656, 5634, 5887, 5639, 5921, 5875, 5640, 5631, 5662, 5663, 5637, 6035, 5667, 5920, 5661, 5714, 5643, 5635, 5643, 5775, 5719, 5768, 6145, 5658, 5641, 5654, 5823, 5646, 5727, 5655, 5641, 5646, 5637, 5647, 5637, 5638, 5922, 5653, 6034, 5653, 5760, 5681, 5641, 5713, 5650, 5932, 5634, 5667, 6198, 5660, 5872, 5654, 5638, 5640, 5643, 5645, 5651, 5876, 5640, 5659, 5881, 5682, 5639, 5641, 5754, 5682, 5644, 5646, 5895, 5640, 5650, 5641, 5881, 6217, 5712, 5729, 5653, 5639, 5635, 5636, 6468, 5672, 5936, 5661, 5637, 5635, 5639, 5636, 5642, 5663, 5634, 5869, 5638, 5651, 5654, 5986, 5664, 5636, 5642, 5666, 5642, 5876, 5653, 5649, 5824, 5781, 5637, 5640, 5642, 5743, 5645, 5878, 5675, 5722, 5639, 5634, 5638, 5662, 5639, 5666, 5638, 5870, 5716, 5819, 5644, 5975, 5774, 5769, 6108, 5655, 5638, 5634, 5643, 5876, 5641, 5926, 5659, 5812, 5645, 5659, 5642, 5657, 5654, 5767, 5644, 5632, 5726, 5713, 5641, 5771, 5644, 6380, 5674, 5871, 5660, 6299, 5660, 5786, 5638, 5652, 5870, 5638, 5643, 5885, 5658, 5637, 6047, 5651, 5653, 5654, 5631, 5638, 5634, 5639, 5655, 5820, 5638, 5666, 5638, 5639, 5780, 5647, 5635, 5653, 5636, 5635, 5716, 5649, 5652, 5775, 5637, 5639, 5641, 5637, 5868, 5639, 5672, 5695, 5643, 5639, 5824, 5643, 5637, 5640, 5762, 5662, 5649, 5632, 5650, 5652, 5653, 5809, 5644, 5658, 5660, 6331, 5638, 5733, 5929, 5834, 5641, 5636, 5645, 5637, 5772, 5637, 5886, 5633, 5779, 5632, 5639, 5870, 6047, 5654, 5721, 5925, 5671, 5697, 5641, 5660, 5654, 5647, 5640, 5761, 5649, 5636, 5726, 6037, 5660, 5820, 5662, 5661, 5779, 6031, 5637, 5655, 5638, 5709, 5777, 5647, 5716, 5975, 5776, 5648, 5885, 5871, 5641, 5660, 5657, 5637, 5636, 6003, 5635, 5641, 5639, 5833, 5639, 5644, 5705, 5825, 5641, 5637, 5639, 5838, 5647, 5946, 6097, 5658, 6155, 5647, 5665, 5639, 5640, 5874, 5658, 5643, 5640, 5771, 5640, 5919, 5637, 5922, 5657, 5654, 5638, 5637, 5651, 5636, 5780, 5631, 5649, 5638, 5639, 5634, 5638, 5637, 5721, 5655, 5640, 5645, 5925, 5646, 5715, 5663, 5638, 5637, 5640, 5638, 5644, 5663, 5640, 5861, 5921, 5648, 5640, 5639, 5775, 5635, 5832, 6090, 5874, 5646, 5637, 5633, 5637, 5646, 5673, 5671, 5644, 5653, 5777, 5631, 5649, 5778, 5666, 5634, 5637, 5657, 5640, 5637, 5646, 5641, 5669, 5641, 5636, 5770, 5641, 5642, 5927, 5711, 5653, 5630, 5659, 5984, 5660, 6141, 5637, 5648, 5657, 5634, 5767, 5648, 5723, 5635, 5644, 5652, 5838, 5717, 5660, 5725, 5679, 5636, 5637, 5659, 5650, 5657, 5642, 5642, 5641, 5656, 6096, 5664, 5657, 5646, 5638, 6038, 5636, 5636, 5643, 5636, 5652, 6084, 5649, 5635, 5655, 5724, 5648, 5644, 5643, 5666, 5934, 5820, 5637, 5634, 5642, 5647, 5653, 5636, 5641, 5874, 5639, 5649, 5648, 5638, 5640, 5808, 5644, 5661, 5639, 5823, 5652, 5661, 6197, 5679, 5872, 5645, 5766, 5638, 5869, 5644, 5662, 5640, 5664, 5984, 5653, 5777, 5773, 5761, 5828, 5939, 5826, 5636, 5654, 5634, 5713, 5634, 5643, 5634, 5650, 5685, 5647, 5637, 5767, 5646, 5639, 5628, 5642, 5647, 5930, 5884, 5638, 5889, 5647, 5647, 5658, 5816, 5834, 5648, 5650, 5636, 5655, 5820, 5651, 5662, 5651, 5635, 5640, 5642, 5643, 5640, 5934, 5671, 5885, 5637, 5989, 5821, 5737, 5726, 5944, 6096, 5636, 5632, 5823, 5645, 5877, 5634, 5637, 5638, 5890, 5639, 6144, 5633, 5644, 5786, 5645, 5645, 5662, 5635, 5648, 5643, 5640, 5725, 5874, 5636, 5640, 5718, 5639, 5636, 5655, 5766, 5645, 5880, 5646, 5633, 5656, 5984, 5641, 5758, 5881, 5923, 5660, 5818, 5654, 5630, 5645, 5650, 5680, 5633, 5639, 5655, 5645, 5767, 5889, 5641, 5637, 5814, 5727, 5672, 6166, 5641, 5982, 5645, 5637, 5881, 5643, 5649, 5728, 5636, 5987, 5634, 5668, 5661, 5779, 5654, 5652, 5639, 5640, 5635, 5824, 6039, 5739, 5925, 5646, 5632, 5639, 5631, 5636, 5643, 5880, 5981, 5644, 5663, 5640, 5629, 5640, 5930, 5650, 5642, 5641, 5636, 5895, 5637, 5636, 5785, 5736, 5637, 5638, 5662, 5639, 5638, 5639, 5943, 5719, 5641, 5638, 6083, 5774, 5642, 5639, 5649, 5635, 5644, 5884, 5635, 6091, 5642, 5670, 5641, 5646, 5640, 5637, 5632, 5645, 5657, 5642, 5650, 5640, 5656, 5661, 5641, 5656, 5646, 5650, 5662, 5639, 5640, 5660, 5641, 5766, 5635, 5653, 5639, 5644, 5644, 5881, 5633, 5660, 5830, 5663, 5712, 5640, 5633, 5663, 5879, 5645, 5632, 5777, 5632, 5637, 5656, 5648, 5653, 5651, 5631, 5764, 5641, 5639, 5931, 5645, 5633, 5637, 5654, 5640, 5636, 5647, 5633, 5656, 6081, 6308, 5634, 5645, 5677, 5647, 5638, 5643, 5678, 5825, 5921, 5643, 5761, 5665, 5634, 5643, 5634, 5636, 5881, 5640, 5634, 5662, 5716, 5647, 6113, 5764, 5999, 5775, 5714, 5637, 5635, 6044, 5633, 5640, 5637, 5893, 5634, 5656, 5639, 5658, 5648, 5768, 5633, 5638, 5656, 5642, 5642, 5640, 5631, 5640, 5634, 5674, 5645, 5636, 5948, 5768, 5675, 5654, 5648, 5642, 5649, 5654, 5639, 5657, 5640, 5684, 5649, 5638, 5832, 5880, 5869, 6040, 5637, 5734, 5635, 5928, 5646, 5988, 5640, 5882, 5642, 5864, 5889, 5641, 5879, 5641, 6148, 5661, 5638, 5636, 5773, 5657, 5636, 5663, 5630, 5636, 5777, 5820, 6033, 5656, 5638, 6102, 5653, 5639, 5816, 5654, 5648, 5928, 5640, 6085, 5645, 5720, 6040, 5818, 6356, 5641, 5761, 5820, 5655, 5642, 5656, 5685, 5923, 5643, 5983, 5703, 5830, 5929, 5636, 5642, 5637, 5637, 6207, 5658, 5896, 5639, 5674, 5644, 5639, 5634, 5638, 5651, 5644, 5827, 5651, 5639, 5878, 5634, 5644, 5633, 5640, 5633, 5949, 5634, 5659, 5655, 5775, 6049, 6093, 5655, 5678, 5949, 5660, 6322, 5636, 5637, 5924, 5644, 5637, 6195, 5636, 6257, 5641, 5654, 5649, 5657, 5666, 5821, 5673, 5879, 5637, 5967, 5715, 5634, 5639, 5664, 5732, 5754, 5661, 5721, 5677, 5632, 5665, 5820, 5642, 5643, 5645, 5761, 5723, 5635, 5639, 5634, 5708, 6029, 5707, 5871, 5637, 5644, 5778, 5635, 5888, 5652, 5641, 5644, 5651, 5636, 5662, 5633, 5639, 5724, 5668, 5644, 5942, 5708, 6034, 5635, 5664, 5636, 5638, 5782, 5673, 5636, 5670, 5666, 5641, 5637, 5639, 5657, 5874, 5640, 5720, 5639, 5775, 5633, 5641, 5651, 5646, 5655, 5719, 5661, 5641, 5642, 5659, 5633, 5704, 6158, 5641, 5878, 5654, 5633, 5638, 5635, 5644, 5638, 5657, 5661, 5639, 5632, 5647, 5660, 5673, 5633, 5876, 5646, 5914, 5666, 5639, 5643, 5761, 5664, 5931, 5642, 5726, 5635, 5642, 5647, 5669, 5943, 5637, 5640, 6005, 5641, 5768, 5778, 5636, 5638, 5826, 5773, 5665, 5665, 5683, 5640, 5630, 5640, 5643, 5674, 5632, 5709, 5629, 5635, 5768, 5649, 5638, 5783, 5642, 5641, 5929, 5782, 6048, 5708, 5650, 5646, 5638, 5638, 5639, 5635, 5638, 5645, 5635, 5658, 5823, 5669, 6043, 5642, 5768, 5654, 5924, 5649, 5645, 5995, 5658, 5636, 5640, 5642, 5644, 5654, 5642, 5652, 5926, 5632, 5644, 5929, 5764, 5641, 5651, 5656, 5646, 5632, 5837, 5640, 5645, 5922, 5926, 5639, 5646, 5700, 6044, 5637, 5672, 5919, 5639, 5871, 5671, 5650, 5773, 5760, 5641, 5722, 5991, 6421, 5661, 5634, 5641, 5637, 5642, 5768, 5645, 5718, 5788, 5640, 5930, 5698, 5641, 5660, 5821, 5719, 5650, 5661, 5641, 6032, 5644, 5638, 5723, 5633, 5834, 5644, 5639, 5643, 5676, 6037, 5640, 5637, 5641, 5632, 5640, 5639, 5711, 5700, 5718, 5762, 5658, 5721, 5880, 5834, 5647, 5888, 5647, 5638, 5638, 5814, 5643, 5695, 5651, 5645, 5654, 5941, 5647, 5719, 5716, 5636, 5640, 5632, 5645, 5638, 5656, 5644, 5640, 6208, 5645, 5637, 5640, 5732, 5644, 5868, 5656, 5660, 5643, 5635, 5823, 5639, 5884, 5986, 5940, 5631, 5934, 5667, 5943, 5644, 5637, 5656, 5879, 5647, 5641, 5645, 5841, 5634, 5642, 6352, 5638, 5704, 5657, 5637, 5736, 5637, 5642, 5636, 5644, 5660, 5645, 6198, 5657, 5635, 5711, 5635, 6157, 5733, 5638, 5636, 5698, 5762, 5644, 5634, 5724, 5651, 5666, 5642, 5640, 5639, 5640, 5642, 5645, 5805, 5641, 5764, 5648, 5644, 5713, 5653, 5639, 5643, 5639, 5641, 5824, 5641, 5781, 5656, 5674, 5875, 5651, 5828, 5995, 5634, 5796, 5940, 5674, 5649, 6322, 5641, 5636, 5728, 5636, 5636, 5639, 5639, 5636, 6103, 5635, 5645, 5636, 5636, 5760, 5636, 5839, 5637, 5671, 5645, 5632, 5657, 5635, 5671, 5770, 5645, 5648, 5763, 5638, 5674, 5952, 5646, 5650, 5948, 5650, 6146, 5647, 5640, 5665, 5646, 5649, 5973, 5669, 5665, 5654, 5656, 5927, 5727, 5650, 5777, 5632, 5637, 5629, 5640, 5645, 5882, 5781, 5637, 5637, 6028, 5634, 5643, 5725, 5656, 5722, 5646, 5637, 5953, 5645, 5637, 5662, 5652, 5638, 5713, 5654, 5669, 5936, 5633, 5642, 5645, 5717, 5637, 5649, 5650, 5636, 5645, 5632, 5886, 5637, 5658, 5635, 5645, 5653, 5660, 5654, 5639, 5645, 5720, 5675, 6044, 5643, 5640, 5887, 5641, 5646, 5652, 5713, 5882, 5644, 5644, 5640, 5641, 5652, 5637, 5631, 5641, 5632, 5643, 5649, 5637, 5631, 5637, 5990, 5641, 5644, 5641, 5631, 5669, 5634, 5647, 5637, 5643, 5637, 5676, 5702, 5638, 6082, 5660, 5639, 5672, 5936, 5654, 5669, 5832, 5636, 5643, 5762, 5700, 5638, 5981, 5928, 5667, 5636, 5661, 5643, 5642, 5634, 5672, 5653, 5677, 5760, 5680, 5932, 5647, 5711, 5637, 5666, 5639, 5644, 5638, 5650, 5652, 5764, 5718, 5878, 5939, 5644, 5837, 5646, 5656, 5832, 5650, 5648, 5653, 5633, 5713, 5821, 5768, 5636, 6101, 5654, 5988, 5878, 5877, 5823, 5655, 5636, 5787, 5649, 5775, 6004, 5645, 5774, 5639, 5642, 5778, 5642, 5774, 5636, 5639, 5647, 6155, 5634, 5650, 5757, 5674, 5662, 5648, 5927, 5643, 5640, 5839, 5717, 5640, 5634, 5673, 5633, 5644, 5650, 5650, 5952, 5640, 5636, 5645, 5818, 5664, 5661, 5935, 5636, 5647, 5637, 5892, 5716, 5638, 5635, 5642, 5678, 5666, 5668, 5660, 5782, 6155, 5641, 5644, 5661, 5649, 5669, 5647, 5657, 5709, 5630, 5642, 5631, 5648, 5665, 5682, 5646, 5647, 5655, 5647, 5668, 5636, 5789, 5794, 5648, 5824, 5669, 5644, 5638, 6324, 5660, 5639, 5639, 5638, 6148, 5637, 5657, 5652, 6307, 5643, 5660, 5889, 5774, 5638, 5654, 5935, 5643, 5641, 5653, 5781, 5640, 5885, 5651, 5666, 5950, 5720, 5672, 5635, 5768, 5641, 5923, 5839, 5649, 5637, 6105, 5647, 5639, 5642, 5639, 5871, 5720, 5666, 5879, 5728, 5784, 5649, 5834, 5654, 5643, 5869, 5771, 5884, 5683, 5644, 5642, 5633, 5985, 5640, 5651, 5635, 6059, 5664, 5639, 5941, 5880, 5828, 5642, 5892, 5666, 5653, 5643, 5630, 5984, 5925, 6083, 5635, 5635, 5639, 5889, 5642, 5948, 5644, 5643, 5637, 5643, 5714, 5935, 5644, 6047, 5733, 5636, 5634, 5638, 5654, 5648, 5755, 5647, 6150, 5934, 5641, 5643, 5638, 5647, 5631, 5988, 5817, 5926, 5647, 5660, 5642, 5651, 5631, 5644, 6029, 5669, 5632, 6040, 5673, 5668, 5635, 5765, 5636, 6112, 5646, 5637, 5875, 5646, 5635, 5819, 5779, 6019, 5643, 5674, 6145, 5853, 5829, 5649, 5636, 5642, 5922, 5646, 5640, 5639, 5631, 5637, 5978, 5642, 6033, 5649, 5924, 5876, 5834, 5886, 5636, 5639, 5761, 5760, 5719, 6355, 5648, 5661, 5634, 5640, 5638, 5893, 5631, 5639, 5712, 5639, 5638, 5722, 5678, 5640, 5667, 5878, 5665, 6124, 5662, 5645, 5673, 5650, 5628, 5941, 5649, 6003, 5874, 5764, 5867, 5934, 5632, 6158, 5719, 5878, 5633, 5635, 5637, 6269, 5833, 5832, 5667, 5646, 5919, 5638, 5637, 5638, 5827, 5662, 5655, 5646, 5666, 5882, 6033, 5939, 5836, 5821, 5649, 5677, 5641, 5656, 5660, 5831, 5636, 5643, 5929, 5939, 5753, 5820, 5635, 5643, 5649, 5726, 5633, 5652, 5667, 5723, 5656, 5659, 5632, 5665, 5630, 5641, 5707, 6144, 6272, 5640, 5630, 5644, 5641, 5661, 5705, 6031, 5976, 5659, 5640, 5639, 5660, 6041, 6088, 5643, 5633, 5640, 5713, 5658, 5645, 5880, 5634, 5657, 5637, 5835, 5646, 5766, 5819, 5650, 5665, 5640, 5630, 5657, 5631, 5648, 5826, 5645, 5655, 5643, 5656, 5739, 5633, 5787, 5765, 5649, 5631, 5658, 5636, 5644, 5642, 5944, 5636, 5642, 5632, 5834, 5949, 5637, 5709, 5641, 5635, 5766, 5928, 5663, 5722, 5667, 5642, 6144, 5641, 5638, 5635, 5772, 5825, 5639, 5635, 5707, 5654, 5648, 5708, 5662, 5648, 5637, 5817, 5636, 5642, 5641, 5991, 5642, 5661, 5819, 5641, 5646, 5636, 5638, 5642, 5635, 5757, 5653, 5648, 5667, 5981, 5835, 5810, 5670, 5662, 6144, 6173, 5980, 5670, 5649, 5667, 5645, 5664, 5642, 5661, 5845, 5643, 5726, 5869, 5653, 6145, 5883, 5645, 5637, 5633, 5650, 5631, 5647, 5658, 5771, 5649, 5843, 5633, 5817, 5645, 5638, 5674, 5636, 5887, 5639, 5770, 5639, 5640, 5657, 5642, 5640, 5638, 5641, 5636, 5664, 5643, 5812, 5645, 5642, 5654, 5722, 5644, 5721, 5646, 5646, 5722, 5675, 5669, 5638, 5886, 5636, 5655, 5642, 5659, 5643, 5645, 5827, 5867, 5637, 5718, 5702, 5640, 5823, 5643, 5644, 5762, 5640, 5659, 5662, 5656, 5878, 6150, 5640, 5652, 5764, 5636, 5723, 5785, 5655, 5644, 5643, 5703, 5652, 5633, 5643, 5635, 5642, 5868, 5648, 5634, 5643, 5817, 6206, 5638, 5639, 5635, 5659, 5644, 5666, 5986, 5643, 5641, 5636, 5642, 6199, 5811, 5940, 5633, 5722, 5633, 5930, 5865, 5646, 5824, 5648, 5818, 5953, 5642, 5823, 5637, 5644, 5630, 5646, 5636, 5650, 5655, 5642, 5660, 5650, 5645, 5639, 5640, 5648, 5641, 5642, 5645, 5939, 5648, 5639, 5659, 5664, 5639, 5654, 5663, 5635, 5897, 5821, 5646, 5632, 5668, 5664, 5639, 5635, 5636, 5644, 5643, 5638, 5683, 5637, 5674, 5650, 5642, 5636, 5638, 5637, 5767, 5659, 6141, 5660, 5650, 6148, 5644, 5670, 5955, 5635, 5641, 5675, 5653, 5642, 5640, 5718, 5780, 5675, 5636, 5834, 5637, 5641, 5650, 5639, 5637, 6537, 5639, 5660, 5826, 5649, 5982, 5829, 5650, 5638, 5648, 5638, 5632, 5720, 5644, 5637, 5811, 5637, 5877, 5931, 5888, 5642, 5886, 5644, 5646, 5682, 6218, 5638, 5647, 5642, 5635, 5656, 5637, 5645, 5648, 5641, 5725, 5638, 5639, 5767, 5640, 5829, 5632, 5659, 5648, 5641, 6048, 5776, 5980, 5642, 5633, 5790, 5940, 5637, 5871, 5680, 5638, 5782, 5636, 5638, 5651, 5821, 5633, 5641, 5652, 5638, 5637, 5648, 5643, 5657, 5646, 5646, 5714, 5834, 5886, 5638, 5763, 5644, 6003, 5637, 5636, 5722, 5635, 6030, 5655, 5713, 5770, 5642, 5635, 5643, 5660, 6195, 5733, 5784, 5840, 5714, 5634, 5936, 5640, 5661, 5763, 5675, 5648, 5712, 5676, 5678, 5636, 5647, 5636, 6088, 5633, 5741, 5631, 5640, 5655, 6034, 5888, 5665, 5665, 6307, 5638, 5656, 5658, 5674, 5638, 5661, 5655, 5889, 5663, 5637, 5653, 5887, 5638, 5787, 5670, 5776, 5942, 5649, 5654, 5641, 5667, 5840, 5647, 5652, 5634, 5861, 5633, 5638, 5666, 5779, 5636, 5641, 5741, 6303, 5680, 5653, 5642, 5767, 5979, 5633, 5634, 5926, 5646, 5660, 5635, 5647, 5640, 5652, 5638, 5646, 5676, 5643, 5629, 5641, 5629, 6002, 5658, 5672, 5636, 6463, 5643, 5639, 5629, 5766, 6530, 5980, 5629, 5678, 5767, 5651, 6050, 5643, 5636, 5644, 5640, 5711, 5643, 5637, 5816, 5654, 5648, 5641, 5995, 5643, 5639, 5648, 5641, 6190, 5880, 5636, 5636, 5637, 5631, 5649, 5632, 5655, 5899, 5654, 5639, 5640, 5881, 5644, 5637, 5639, 5727, 5648, 5634, 5649, 5634, 5647, 5763, 5642, 5651, 5638, 5680, 5645, 5648, 5830, 6105, 5643, 5650, 5639, 5637, 5923, 5712, 5723, 5655, 5642, 5664, 5658, 5879, 6041, 5660, 5945, 5634, 5832, 5641, 5637, 5636, 5645, 5866, 5668, 5636, 5655, 5821, 5644, 5637, 5927, 5781, 5721, 5979, 5727, 5630, 5646, 5767, 5651, 5653, 5641, 5822, 5736, 5647, 6005, 6144, 5887, 5707, 5952, 5662, 5646, 5824, 5670, 5654, 5645, 5635, 5650, 5832, 5644, 5628, 5650, 5642, 5890, 5634, 5727, 5639, 5642, 5641, 5646, 5650, 5667, 5743, 5655, 5646, 5640, 5653, 5639, 5864, 5879, 5668, 5638, 5633, 5639, 5646, 5819, 5868, 5640, 5633, 5644, 5660, 5646, 5644, 5643, 5645, 5646, 5635, 5938, 5643, 5636, 5770, 5668, 5715, 5641, 5875, 5636, 5641, 5644, 5710, 5633, 5664, 5638, 5646, 5657, 5662, 5635, 5661, 5715, 5640, 5764, 5842, 6252, 5651, 5636, 5767, 5641, 5648, 5636, 5637, 5878, 5641, 5860, 5637, 5631, 5779, 5633, 5639, 6050, 5982, 5633, 5639, 5720, 5646, 5658, 5987, 5920, 5923, 5829, 5637, 5667, 5641, 5922, 5827, 5653, 5641, 5631, 5655, 5645, 5726, 5653, 5827, 5650, 5773, 6094, 5638, 5635, 5637, 5653, 5784, 5666, 6415, 5648, 5645, 5638, 5640, 5636, 5641, 5631, 5640, 5660, 5644, 6043, 5832, 5841, 5884, 5787, 5844, 5945, 5637, 5657, 5650, 5634, 5888, 5652, 5651, 5634, 5651, 5635, 5975, 5632, 5641, 5644, 5658, 5646, 5643, 6312, 5647, 5726, 5638, 5765, 5648, 5644, 5718, 5714, 5733, 5645, 5922, 5634, 5672, 6091, 5838, 5634, 5644, 5634, 5651, 5635, 5634, 5947, 5957, 6038, 5639, 5684, 5897, 5779, 5639, 5651, 5648, 5634, 5639, 5662, 5731, 5915, 5638, 5655, 5650, 5657, 5644, 5646, 5666, 5644, 5725, 5844, 5643, 5633, 5656, 5643, 5724, 5644, 5636, 5661, 5767, 5712, 5666, 5926, 6150, 5824, 5646, 5644, 5652, 5632, 5637, 6101, 5825, 6029, 5821, 5642, 5637, 5634, 5673, 5645, 5651, 5636, 5641, 5636, 5637, 5763, 5827, 5650, 5970, 5728, 5638, 5936, 5638, 5637, 5650, 5631, 5663, 5657, 5670, 5848, 5637, 5991, 5646, 5637, 5828, 5645, 5666, 5643, 5948, 5664, 5672, 5644, 5650, 5637, 5943, 5639, 5646, 5641, 5659, 5669, 5660, 5818, 5651, 5637, 5646, 5641, 5639, 5643, 5724, 5668, 5642, 5638, 5635, 5983, 5869, 5639, 5645, 5641, 5782, 5632, 5663, 5639, 5722, 5631, 5710, 5980, 5659, 5638, 5644, 5633, 5642, 5629, 5648, 5703, 5641, 5633, 5647, 5836, 5640, 5637, 5660, 5633, 5651, 5656, 6138, 5647, 5665, 5643, 5639, 5639, 5637, 5761, 5663, 5652, 5645, 5826, 5729, 5641, 5646, 5712, 5644, 5657, 6031, 5657, 5672, 5867, 5773, 5645, 5644, 5629, 5649, 5634, 5649, 5675, 5783, 5643, 5840, 5819, 5640, 5784, 5644, 5634, 5759, 5667, 5638, 5881, 5831, 5648, 5635, 5637, 5652, 5984, 5841, 5635, 5651, 5639, 6031, 5776, 5637, 5648, 5642, 5635, 5636, 5638, 5642, 5652, 5654, 5830, 5658, 5842, 5636, 5660, 5738, 5636, 6029, 5643, 5730, 5771, 5673, 5649, 5775, 5648, 5638, 5632, 5650, 5970, 5640, 5638, 5945, 5713, 5640, 5641, 5651, 5955, 6270, 6053, 5674, 5640, 5668, 5667, 5661, 5640, 5640, 5820, 5737, 5959, 5787, 5673, 5709, 5992, 5996, 5710, 5656, 5652, 5630, 5641, 5652, 5772, 5637, 5783, 5642, 5675, 5870, 5640, 5822, 5672, 5654, 5777, 5657, 5671, 5650, 5644, 5640, 5788, 5806, 5653, 5628, 5637, 5630, 5998, 5653, 5654, 5632, 5654, 5772, 5647, 5631, 6090, 5664, 5670, 6031, 5655, 6033, 5650, 5868, 5642, 5643, 5646, 5647, 5719, 5644, 5638, 5677, 5678, 5816, 5877, 5661, 5657, 5636, 5652, 5879, 5768, 5708, 5640, 6042, 5644, 5643, 5656, 5648, 5651, 5642, 5717, 5665, 5652, 5636, 5638, 5636, 5653, 5663, 5648, 5654, 6055, 5649, 5644, 5639, 5891, 5650, 5639, 5664, 5887, 5826, 5652, 5656, 5642, 5872, 5651, 5631, 5659, 5867, 6096, 5657, 5642, 5635, 5769, 5801, 5677, 5636, 5861, 5905, 5662, 5640, 5641, 5653, 5687, 5786, 5672, 5645, 5656, 5760, 6146, 5650, 5643, 5642, 5637, 5674, 5637, 5641, 5644, 5650, 5639, 5659, 5925, 5925, 5638, 5889, 5676, 5759, 5653, 6041, 5842, 5707, 5767, 5634, 5644, 5658, 6256, 5908, 6167, 5651, 5642, 5632, 5988, 5636, 5943, 5638, 5734, 5640, 5643, 5640, 5667, 5658, 5766, 5653, 5638, 5708, 5830, 5735, 5634, 5643, 5647, 5951, 5639, 5639, 5640, 5633, 5640, 5659, 5637, 5635, 5761, 5630, 5713, 5654, 5640, 5631, 5650, 5654, 5782, 5635, 5648, 5652, 5834, 5817, 5882, 5633, 5669, 5656, 5674, 5823, 5666, 5641, 5646, 5646, 5653, 5646, 5639, 5900, 5739, 5933, 5761, 5831, 5946, 5649, 5649, 5647, 5813, 5650, 5659, 5631, 5638, 5644, 5638, 5643, 5643, 5820, 5705, 5631, 5646, 5651, 5921, 5637, 5638, 5634, 5651, 5645, 5831, 5640, 5683, 5637, 5639, 6049, 5637, 5633, 5637, 5642, 5662, 5631, 5643, 5777, 5986, 5654, 5661, 5637, 5676, 5639, 5672, 5647, 5658, 5857, 5651, 5639, 5645, 5641, 5642, 5947, 5635, 5652, 5770, 5649, 5780, 5647, 5640, 5641, 5647, 6038, 5885, 5645, 5632, 5638, 5872, 5659, 5634, 5978, 5709, 5926, 5648, 5825, 5886, 5650, 5645, 5642, 5633, 5635, 5665, 5656, 5656, 5639, 5634, 5638, 5636, 5648, 5637, 5648, 5635, 6096, 5823, 5949, 5634, 5635, 5645, 5834, 5864, 5659, 5631, 5637, 5635, 5639, 5634, 6096, 5629, 5728, 5835, 5639, 5637, 5655, 5631, 5656, 5648, 5639, 5639, 5637, 5644, 5642, 5935, 5637, 5814, 5786, 6091, 5642, 6034, 5873, 5638, 5723, 5667, 5723, 5637, 5657, 5820, 5637, 5650, 5635, 5641, 5642, 5821, 5645, 5644, 5656, 5639, 5890, 5659, 6047, 5650, 5712, 5635, 5737, 5646, 5635, 5647, 5635, 5818, 5663, 5662, 5648, 5768, 5820, 5644, 5643, 5631, 5662, 5671, 5876, 5632, 5882, 5643, 5638, 5684, 5670, 6309, 5659, 5641, 5871, 5673, 5660, 5821, 5635, 5709, 5714, 5651, 5984, 5704, 5642, 5636, 5654, 5637, 5641, 5933, 5662, 5648, 5639, 5662, 5660, 5726, 6166, 5992, 5641, 5728, 5638, 5635, 5662, 5926, 5649, 5639, 5649, 5669, 5658, 5644, 6043, 5724, 5660, 5636, 5645, 5782, 5635, 5711, 5639, 5636, 5890, 5929, 5645, 5641, 5707, 5635, 5642, 5666, 5648, 5884, 5656, 5648, 5877, 5639, 5651, 5713, 5654, 5636, 5644, 5781, 6311, 5665, 5844, 5656, 5776, 5874, 5639, 5649, 5635, 5661, 5641, 5931, 5654, 5639, 5680, 5647, 5635, 5650, 5640, 5704, 5640, 5661, 5839, 5728, 5642, 5635, 5763, 5941, 5636, 5647, 5640, 5659, 5639, 5633, 5637, 5629, 5636, 5641, 5826, 5814, 5639, 5658, 5637, 5633, 6167, 5642, 5670, 5634, 5883, 5635, 5652, 5828, 5637, 5673, 5830, 5875, 5641, 5728, 5664, 5654, 5640, 5638, 5668, 5652, 5662, 5869, 5644, 5642, 5655, 5919, 5640, 5646, 5725, 5636, 5940, 5938, 5642, 5633, 5720, 5645, 5636, 5643, 5687, 5775, 5775, 5641, 5636, 5634, 6211, 5767, 5875, 5710, 5834, 5637, 5658, 5867, 5826, 5831, 5775, 5628, 5773, 5649, 5663, 5647, 5642, 5643, 5721, 5650, 5934, 5714, 5986, 5643, 5663, 5631, 6140, 5650, 5654, 5635, 5668, 5718, 5871, 5649, 5640, 5637, 5664, 5761, 5640, 5727, 5636, 5829, 5637, 6030, 5638, 5881, 5635, 5942, 5636, 5644, 5992, 5880, 5630, 5926, 5965, 6209, 5883, 5651, 5637, 5630, 5663, 5629, 5882, 5655, 5812, 5635, 5647, 5637, 5645, 5653, 5645, 5638, 5653, 6319, 5678, 5636, 5638, 5637, 5657, 5643, 5653, 5639, 6033, 5632, 6213, 5638, 5653, 5670, 6207, 5644, 5715, 5633, 5658, 5839, 5669, 5635, 5639, 5668, 5647, 5665, 5643, 5639, 5733, 5996, 5637, 5633, 5944, 5666, 5836, 5755, 5640, 5645, 5894, 5629, 5639, 5631, 5670, 5646, 5636, 5719, 5664, 5648, 5637, 5634, 5645, 5638, 5927, 5658, 5657, 5647, 5645, 5889, 5712, 5660, 5776, 5643, 5641, 5661, 5655, 5824, 5657, 5638, 6203, 5635, 5639, 5674, 5666, 5647, 5650, 5782, 5988, 5762, 5636, 5639, 5817, 5637, 5652, 5733, 5774, 5870, 5782, 5646, 5997, 5985, 5640, 5630, 6034, 5646, 5646, 5673, 5640, 5994, 5722, 6100, 5639, 5635, 5636, 5637, 5935, 5642, 5636, 5833, 5647, 6311, 5633, 5781, 5842, 5639, 5899, 5655, 5635, 5708, 5636, 5645, 5876, 5878, 5665, 5659, 5718, 5772, 5677, 5647, 5870, 5732, 5998, 5829, 5641, 5639, 5633, 5642, 5654, 5648, 5631, 5938, 5630, 5728, 5634, 5639, 5656, 5778, 5645, 5642, 5889, 5646, 5629, 5645, 5660, 6498, 5631, 5659, 5660, 5639, 5637, 5648, 5827, 5756, 5634, 5657, 5863, 5665, 5888, 5942, 5652, 5831, 5642, 5642, 5633, 5643, 5634, 5655, 5976, 5650, 5987, 5640, 6261, 5643, 5638, 5644, 5655, 5663, 5640, 6043, 5638, 5875, 5647, 5642, 5639, 5766, 5633, 5892, 5632, 5651, 5640, 5638, 5632, 5654, 5664, 5640, 5644, 5644, 5639, 5675, 5635, 5644, 5768, 6086, 5681, 5673, 5638, 5642, 5637, 5641, 5847, 6153, 5782, 5764, 5887, 5638, 5671, 5872, 5654, 5634, 5731, 5722, 5650, 5648, 5642, 5631, 5724, 5631, 5947, 5773, 5982, 5636, 5652, 5635, 5638, 5664, 6416, 5653, 5638, 5640, 5778, 5655, 5889, 5926, 5730, 5886, 5640, 5659, 5636, 6218, 6000, 5649, 5651, 5929, 5928, 5713, 5643, 5634, 5904, 5650, 5640, 5632, 5650, 5828, 5760, 5635, 5876, 5927, 5638, 5662, 5639, 5656, 5885, 5732, 5708, 5724, 5640, 5646, 5705, 5667, 5635, 5712, 5825, 5643, 5673, 6087, 5658, 5632, 5642, 5666, 5775, 5632, 5637, 5654, 5663, 5838, 5645, 5679, 5640, 5819, 6101, 5777, 6209, 5637, 5638, 5658, 5667, 5874, 5639, 5825, 5642, 5634, 5640, 5640, 5667, 5641, 5702, 5980, 5639, 5935, 5721, 6044, 5650, 5896, 5641, 5632, 5937, 5888, 5639, 5843, 5841, 5664, 6247, 5641, 5685, 6144, 5635, 5914, 5650, 5639, 5894, 6048, 5648, 5939, 5673, 5644, 5637, 5812, 5640, 5772, 5667, 5638, 5653, 5655, 5651, 6571, 5648, 5639, 5647, 6033, 5637, 5634, 5643, 5650, 5660, 5634, 5648, 5706, 5636, 5642, 5771, 5878, 5645, 6091, 5639, 5638, 5645, 5649, 5730, 5633, 5656, 5681, 5648, 5651, 5647, 5820, 5643, 5633, 5642, 5637, 6007, 5665, 5637, 5655, 5637, 5649, 5635, 5667, 5639, 5638, 5639, 5629, 5768, 5711, 5647, 5657, 5636, 5632, 5639, 5987, 5650, 5631, 6085, 5644, 5659, 5647, 5817, 5639, 5666, 5662, 5641, 5984, 5947, 5636, 5637, 5788, 5725, 5648, 5638, 5936, 5654, 5652, 5651, 5641, 5727, 6263, 5638, 5633, 5716, 5639, 5827, 6043, 6043, 5632, 5675, 5661, 5710, 5646, 5873, 5644, 5774, 5637, 5671, 5680, 5639, 5822, 5647, 5635, 5703, 5649, 5637, 5814, 5645, 5645, 5666, 5632, 5636, 5788, 5673, 5772, 5666, 5663, 5660, 5830, 5641, 5645, 5638, 5665, 5642, 5713, 5645, 6031, 5669, 5646, 5832, 5645, 5642, 5644, 5636, 5658, 5641, 6300, 5633, 5682, 5767, 5654, 5668, 6162, 5638, 5776, 5871, 5642, 5834, 5885, 5634, 5645, 5637, 5878, 5633, 5656, 5731, 5939, 5951, 5886, 5637, 5646, 5997, 6196, 5984, 5886, 5640, 5650, 5936, 5659, 5646, 5729, 5658, 5650, 5836, 5649, 6124, 5941, 6403, 5833, 5650, 5643, 5827, 5643, 5646, 5973, 5642, 5818, 5868, 5637, 5641, 5644, 5642, 5645, 5638, 5664, 5650, 5640, 5818, 5656, 5654, 5943, 5831, 6049, 5902, 5777, 5638, 5824, 5643, 5662, 5638, 5634, 5651, 5646, 5650, 5663, 5824, 5766, 5670, 5640, 5649, 5637, 5801, 5664, 5641, 5634, 5634, 5759, 5919, 5641, 5867, 5639, 5631, 5638, 5634, 5708, 5663, 5638, 5635, 5940, 5864, 5713, 5640, 5636, 5714, 5647, 5827, 5643, 5646, 5641, 5994, 5638, 5886, 5639, 5716, 5639, 5637, 5708, 5661, 6141, 5637, 5638, 5718, 5644, 5649, 5642, 5827, 5936, 6142, 5644, 5668, 5877, 5644, 5936, 5636, 5885, 5637, 5730, 5825, 5643, 5634, 5645, 5670, 5643, 5635, 5721, 5821, 5827, 5649, 5684, 5640, 5816, 5822, 5944, 5655, 5965, 5635, 5644, 5650, 5649, 5649, 5731, 5636, 5666, 5891, 5634, 5632, 5637, 5986, 5658, 5785, 5638, 5716, 5988, 5654, 5637, 5640, 5636, 5636, 5628, 5637, 5683, 5655, 5653, 5658, 5643, 6158, 5650, 6052, 5631, 5663, 5674, 5640, 5645, 5726, 5637, 5641, 5633, 5713, 5630, 5654, 5633, 5635, 5641, 5638, 6301, 5671, 5664, 5656, 5638, 5659, 5706, 5874, 5652, 5643, 5646, 5637, 5777, 5728, 5631, 5656, 5950, 5637, 5645, 5634, 5734, 5636, 5637, 5654, 5835, 5642, 5638, 5627, 5722, 5637, 5644, 5645, 6047, 5645, 5872, 5635, 5647, 5634, 5643, 5647, 6418, 5657, 5641, 5933, 6495, 5627, 6144, 5661, 5771, 5713, 6257, 6092, 6261, 5636, 5912, 5634, 5934, 5635, 5643, 5648, 5974, 5636, 5647, 5726, 5892, 5929, 5730, 5635, 5643, 5643, 5637, 5648, 5644, 5734, 5641, 5888, 5638, 5635, 5638, 5641, 5820, 5640, 5636, 5767, 5720, 5648, 5648, 5772, 6203, 5751, 5646, 5635, 5640, 5875, 5644, 5713, 5717, 5640, 5638, 5636, 5842, 5719, 5770, 5818, 5651, 5636, 5639, 5928, 5840, 5716, 5640, 5629, 5640, 5630, 5638, 5886, 5635, 5646, 6206, 5633, 5994, 5633, 5648, 5651, 5637, 5773, 6149, 5649, 5641, 5628, 5658, 5976, 5976, 5872, 5833, 5630, 5635, 5779, 6056, 5648, 5646, 5661, 5953, 5713, 5770, 5641, 5792, 5639, 5728, 5638, 5635, 5661, 5706, 5644, 5644, 5924, 5634, 5643, 5980, 5641, 5865, 5643, 5662, 5775, 5983, 5792, 5655, 5639, 5669, 6309, 5823, 5670, 5681, 5763, 6065, 5666, 5678, 5830, 5648, 5645, 5828, 5636, 5644, 5642, 5678, 5713, 5658, 5765, 5664, 5649, 5637, 5662, 5641, 5637, 5669, 5644, 6207, 5732, 5645, 5649, 5881, 5833, 5641, 5634, 5718, 5637, 5828, 5657, 5869, 5985, 6059, 5643, 5640, 5926, 5641, 5631, 5882, 5877, 5641, 5770, 5775, 5645, 5787, 5774, 5664, 5650, 5635, 5766, 5639, 5653, 5880, 6041, 5824, 5646, 5780, 5766, 6036, 5665, 5649, 5637, 5657, 5638, 5638, 5768, 5773, 5631, 5650, 5726, 5641, 5632, 6218, 5655, 5652, 5636, 5881, 5636, 5644, 5635, 5774, 5640, 5663, 5657, 5639, 5647, 5846, 5929, 5649, 5635, 5767, 5633, 5929, 5647, 5995, 5652, 5644, 5635, 5723, 5646, 5815, 5632, 5661, 5632, 5647, 6044, 5639, 6082, 5651, 5636, 5646, 5648, 5645, 5713, 5875, 5866, 5726, 5650, 6090, 5889, 6098, 5636, 6080, 5636, 5647, 5845, 6065, 5698, 5639, 5708, 5661, 5925, 5643, 5789, 5647, 5634, 5731, 5644, 5637, 5876, 5828, 5662, 5634, 5639, 5665, 5634, 5638, 5631, 5634, 5646, 5814, 6091, 5637, 5646, 5642, 5669, 5642, 5784, 5641, 5767, 5635, 5993, 5639, 5654, 5937, 5638, 5637, 5653, 5722, 5669, 5634, 5664, 5640, 5670, 5639, 5644, 5662, 5634, 5661, 5639, 5645, 5639, 5884, 5653, 5640, 5633, 5712, 5881, 5645, 5731, 5642, 5651, 5824, 5638, 5652, 5647, 5665, 5631, 5693, 5654, 5685, 5822, 5642, 5643, 5755, 5642, 5649, 5651, 5667, 5639, 5641, 5638, 5637, 5767, 5642, 5649, 5882, 5630, 5995, 5671, 5638, 5634, 5637, 6155, 5650, 5924, 5998, 5636, 5639, 6185, 5702, 5825, 5635, 5631, 5771, 5647, 5643, 5637, 5652, 5638, 5638, 5649, 5651, 5633, 5639, 5924, 5660, 5824, 5655, 5976, 6049, 5640, 5656, 5649, 5778, 5639, 5658, 5658, 5654, 5650, 5638, 5873, 5671, 5881, 5641, 5653, 5655, 6031, 5671, 5767, 5645, 5639, 5680, 5675, 5638, 5754, 5635, 5645, 5655, 5658, 5753, 5778, 5679, 5656, 5830, 5657, 5640, 5645, 5637, 5657, 5646, 5634, 
Mejor solucion obtenida: 30, 29, 27, 28, 3, 1, 2, 36, 37, 38, 39, 40, 42, 41, 26, 25, 24, 21, 23, 22, 35, 0, 4, 17, 15, 20, 19, 18, 16, 13, 12, 14, 33, 34, 32, 31, 8, 11, 10, 9, 5, 6, 7, || Fitness: 5620;