Archivo Usado: p43.atsp
Tamaño de la Poblacion: 100
Reemplazo por Generacion: 5
Tamaño de los Torneos: 7
Cantidad de ciudades: 43
Probabilidad de cruce: 70000
Probabilidad mutacion simple: 8000
Probabilidad mutacion compleja: 10000
Cruces minimos de la mutacion compleja: 4
Iteraciones ejecutadas: 10000
Largo del cruce PMX: 6
Operador de Cruce: 0
Metodo seleccion de Padres: 0
Operador de Mutacion: 0
Metodo seleccion de Supervivientes: 1
Cantidad de threads a usar: 16
27, 2, 36, 37, 38, 39, 40, 42, 41, 26, 24, 25, 21, 22, 23, 35, 0, 4, 17, 15, 19, 20, 18, 16, 13, 14, 12, 34, 33, 32, 31, 10, 11, 8, 9, 5, 7, 6, 29, 30, 1, 3, 28, 
21, 22, 23, 35, 0, 4, 17, 15, 19, 20, 18, 16, 13, 14, 12, 34, 33, 32, 31, 10, 11, 8, 9, 5, 7, 6, 29, 30, 1, 3, 28, 27, 2, 36, 37, 38, 39, 40, 42, 41, 26, 24, 25, 
11, 9, 5, 7, 6, 29, 30, 1, 3, 28, 27, 2, 36, 37, 38, 39, 40, 42, 41, 26, 25, 24, 21, 22, 23, 35, 0, 4, 17, 15, 19, 20, 18, 16, 13, 14, 12, 34, 33, 32, 31, 8, 10, 
8, 9, 5, 7, 6, 29, 30, 1, 3, 28, 27, 2, 36, 37, 38, 39, 40, 42, 41, 26, 25, 24, 21, 22, 23, 35, 0, 4, 17, 15, 19, 20, 18, 16, 13, 14, 12, 34, 33, 32, 31, 10, 11, 
33, 32, 31, 8, 9, 11, 10, 5, 7, 6, 29, 30, 1, 3, 28, 27, 2, 36, 37, 38, 39, 40, 42, 41, 26, 25, 24, 21, 22, 23, 35, 0, 4, 17, 15, 19, 20, 18, 16, 13, 14, 12, 34, 
2, 36, 37, 38, 39, 40, 42, 41, 26, 24, 25, 21, 22, 23, 35, 0, 4, 17, 15, 19, 20, 18, 16, 13, 14, 12, 34, 33, 32, 31, 10, 11, 8, 9, 5, 7, 6, 30, 29, 27, 28, 3, 1, 
21, 22, 23, 35, 0, 4, 17, 15, 16, 20, 18, 19, 13, 14, 12, 34, 33, 32, 31, 10, 11, 8, 9, 5, 7, 6, 29, 30, 1, 3, 28, 27, 2, 36, 37, 38, 39, 40, 42, 41, 26, 24, 25, 
33, 32, 31, 10, 11, 8, 9, 5, 7, 6, 29, 30, 1, 3, 28, 27, 2, 36, 37, 38, 39, 40, 42, 41, 26, 24, 25, 21, 22, 23, 35, 0, 4, 17, 15, 19, 20, 18, 16, 13, 14, 12, 34, 
39, 40, 42, 41, 26, 24, 25, 21, 22, 23, 35, 0, 4, 17, 15, 19, 20, 18, 16, 13, 14, 12, 34, 33, 32, 31, 10, 11, 8, 9, 5, 7, 6, 29, 30, 1, 3, 28, 27, 2, 36, 37, 38, 
6, 29, 30, 1, 3, 28, 27, 2, 36, 37, 38, 39, 40, 42, 41, 26, 25, 24, 21, 22, 23, 35, 0, 4, 17, 15, 19, 20, 18, 16, 13, 14, 12, 34, 33, 32, 31, 10, 11, 8, 9, 5, 7, 
37, 38, 39, 40, 42, 41, 26, 25, 24, 21, 22, 23, 35, 0, 4, 17, 15, 19, 20, 18, 16, 13, 14, 12, 34, 33, 32, 31, 8, 10, 11, 9, 5, 7, 6, 29, 30, 1, 3, 28, 27, 2, 36, 
19, 20, 18, 16, 13, 14, 12, 34, 33, 32, 31, 10, 11, 8, 9, 5, 7, 6, 29, 30, 1, 3, 28, 27, 2, 36, 37, 38, 39, 40, 42, 41, 26, 25, 24, 21, 22, 23, 35, 0, 4, 17, 15, 
21, 22, 23, 35, 0, 4, 17, 15, 18, 20, 19, 16, 13, 14, 12, 34, 33, 32, 31, 10, 11, 8, 9, 5, 7, 6, 29, 30, 1, 3, 28, 27, 2, 36, 37, 38, 39, 40, 42, 41, 26, 24, 25, 
4, 17, 15, 19, 20, 18, 16, 13, 14, 12, 34, 33, 32, 31, 10, 11, 8, 9, 5, 7, 6, 29, 30, 1, 3, 28, 27, 2, 36, 37, 38, 39, 40, 42, 41, 26, 25, 24, 21, 22, 23, 35, 0, 
42, 41, 26, 25, 24, 21, 22, 23, 35, 0, 4, 17, 15, 19, 20, 18, 16, 13, 14, 12, 34, 33, 32, 31, 10, 11, 8, 9, 30, 7, 6, 29, 5, 1, 3, 28, 27, 2, 36, 37, 38, 39, 40, 
39, 40, 42, 41, 26, 25, 24, 21, 22, 23, 35, 0, 4, 17, 15, 19, 20, 18, 16, 13, 14, 12, 34, 33, 32, 8, 31, 10, 11, 9, 5, 7, 6, 29, 30, 1, 3, 28, 27, 2, 36, 37, 38, 
27, 2, 36, 37, 38, 39, 40, 42, 41, 26, 24, 25, 21, 22, 23, 35, 0, 4, 17, 15, 19, 20, 18, 16, 13, 14, 12, 34, 33, 9, 31, 10, 11, 8, 32, 5, 7, 6, 29, 30, 1, 3, 28, 
38, 37, 36, 2, 27, 28, 3, 1, 30, 29, 6, 7, 5, 9, 8, 11, 10, 31, 32, 33, 34, 12, 14, 13, 16, 18, 20, 19, 15, 17, 4, 0, 35, 23, 22, 21, 24, 25, 26, 41, 42, 40, 39, 
33, 34, 12, 14, 13, 16, 18, 20, 19, 15, 17, 4, 0, 35, 23, 22, 21, 24, 25, 26, 41, 42, 40, 39, 38, 37, 36, 2, 27, 28, 3, 1, 30, 29, 6, 7, 5, 9, 8, 10, 11, 31, 32, 
2, 27, 28, 3, 1, 30, 29, 6, 7, 5, 9, 8, 11, 10, 31, 32, 33, 34, 12, 14, 13, 16, 18, 20, 19, 15, 17, 4, 0, 35, 23, 22, 21, 24, 25, 26, 41, 42, 40, 39, 38, 37, 36, 
1, 30, 29, 6, 7, 5, 9, 8, 11, 10, 31, 32, 33, 34, 12, 14, 13, 16, 18, 20, 19, 15, 17, 4, 0, 35, 23, 22, 21, 25, 24, 26, 41, 42, 40, 39, 38, 37, 36, 2, 27, 28, 3, 
8, 32, 31, 33, 34, 12, 14, 13, 16, 18, 20, 19, 15, 17, 4, 0, 35, 23, 22, 21, 24, 25, 26, 41, 42, 40, 39, 38, 37, 36, 2, 27, 28, 3, 1, 30, 29, 6, 7, 5, 9, 11, 10, 
14, 13, 16, 18, 20, 19, 15, 17, 4, 0, 35, 23, 22, 21, 24, 25, 26, 41, 42, 40, 39, 38, 37, 36, 2, 27, 28, 3, 1, 30, 29, 6, 7, 5, 9, 11, 10, 8, 31, 32, 33, 34, 12, 
29, 6, 7, 5, 9, 8, 11, 10, 31, 32, 33, 34, 12, 14, 13, 16, 18, 20, 19, 15, 17, 4, 0, 35, 23, 22, 21, 25, 24, 26, 41, 42, 40, 39, 38, 37, 36, 2, 27, 28, 3, 1, 30, 
24, 25, 26, 41, 42, 40, 39, 38, 37, 36, 2, 27, 28, 3, 1, 30, 29, 6, 7, 5, 9, 11, 10, 8, 31, 32, 33, 34, 12, 14, 13, 16, 18, 20, 19, 15, 17, 4, 0, 35, 23, 22, 21, 
6, 7, 5, 9, 8, 11, 10, 31, 32, 33, 34, 12, 14, 13, 16, 18, 20, 19, 15, 17, 4, 0, 35, 23, 22, 21, 25, 24, 26, 41, 42, 40, 39, 38, 37, 36, 2, 27, 28, 3, 1, 30, 29, 
32, 31, 33, 34, 12, 14, 13, 16, 18, 20, 19, 15, 17, 4, 0, 35, 23, 22, 21, 25, 24, 26, 41, 42, 40, 39, 38, 37, 36, 2, 27, 28, 3, 1, 30, 29, 6, 7, 5, 9, 8, 10, 11, 
42, 40, 39, 38, 37, 36, 2, 27, 28, 3, 1, 30, 29, 6, 7, 5, 9, 8, 11, 10, 31, 32, 33, 34, 12, 14, 13, 16, 18, 20, 19, 15, 17, 4, 0, 35, 23, 22, 21, 25, 24, 26, 41, 
25, 26, 41, 42, 40, 39, 38, 37, 36, 2, 27, 28, 3, 1, 30, 29, 6, 7, 5, 9, 11, 10, 8, 31, 32, 33, 34, 12, 14, 13, 16, 18, 20, 19, 15, 17, 4, 0, 35, 23, 22, 21, 24, 
8, 9, 5, 7, 6, 1, 30, 29, 3, 28, 27, 2, 36, 37, 38, 39, 40, 42, 41, 26, 25, 24, 21, 22, 23, 35, 0, 4, 17, 15, 19, 20, 18, 16, 13, 14, 12, 34, 33, 32, 31, 10, 11, 
6, 7, 5, 9, 8, 11, 10, 31, 32, 33, 34, 12, 14, 13, 16, 18, 20, 19, 15, 17, 4, 0, 35, 23, 22, 21, 25, 24, 26, 41, 42, 40, 39, 38, 37, 36, 2, 27, 28, 3, 1, 30, 29, 
11, 8, 31, 32, 33, 34, 12, 14, 13, 16, 18, 20, 19, 15, 17, 4, 0, 35, 23, 22, 21, 24, 25, 26, 41, 42, 40, 39, 38, 37, 36, 2, 27, 28, 3, 1, 30, 29, 6, 7, 5, 9, 10, 
7, 5, 9, 8, 11, 10, 31, 32, 33, 34, 12, 14, 13, 16, 18, 20, 19, 15, 17, 4, 0, 35, 23, 22, 21, 25, 24, 26, 41, 42, 40, 39, 38, 37, 36, 2, 27, 28, 3, 1, 30, 29, 6, 
13, 16, 18, 20, 19, 15, 17, 4, 0, 35, 23, 22, 21, 25, 24, 26, 41, 42, 40, 39, 38, 37, 36, 2, 27, 28, 3, 1, 30, 29, 6, 7, 5, 8, 9, 11, 10, 31, 32, 33, 34, 12, 14, 
4, 0, 35, 23, 22, 21, 24, 25, 26, 41, 42, 40, 39, 38, 37, 36, 2, 27, 28, 3, 1, 30, 29, 6, 7, 5, 9, 8, 10, 11, 31, 32, 33, 34, 12, 14, 13, 16, 18, 20, 19, 15, 17, 
17, 4, 0, 35, 23, 22, 21, 25, 24, 26, 41, 42, 40, 39, 38, 37, 36, 2, 27, 28, 3, 1, 30, 29, 6, 7, 5, 9, 8, 11, 10, 31, 32, 33, 34, 12, 14, 13, 16, 18, 20, 19, 15, 
40, 39, 38, 37, 36, 2, 27, 28, 3, 1, 30, 29, 6, 7, 5, 9, 11, 10, 31, 8, 32, 33, 34, 12, 14, 13, 16, 18, 20, 19, 15, 17, 4, 0, 35, 23, 22, 21, 25, 24, 26, 41, 42, 
32, 33, 34, 12, 14, 13, 16, 18, 20, 19, 15, 17, 4, 0, 35, 23, 22, 21, 25, 24, 26, 41, 42, 40, 39, 38, 37, 36, 2, 27, 28, 3, 1, 30, 29, 6, 7, 5, 9, 11, 10, 31, 8, 
20, 19, 15, 17, 4, 0, 35, 23, 22, 21, 25, 24, 26, 41, 42, 40, 39, 38, 37, 36, 2, 27, 28, 3, 1, 30, 29, 6, 7, 5, 9, 11, 10, 31, 8, 32, 33, 34, 12, 14, 13, 16, 18, 
33, 32, 31, 8, 9, 11, 10, 5, 7, 6, 29, 30, 1, 3, 28, 27, 37, 36, 2, 38, 39, 40, 42, 41, 26, 25, 24, 21, 22, 23, 35, 0, 4, 17, 15, 19, 20, 18, 16, 13, 14, 12, 34, 
7, 5, 8, 32, 31, 33, 34, 12, 14, 13, 16, 18, 20, 19, 15, 17, 4, 0, 35, 23, 22, 21, 25, 24, 26, 41, 42, 40, 39, 38, 37, 36, 2, 27, 28, 3, 1, 30, 29, 6, 10, 11, 9, 
16, 18, 20, 19, 15, 17, 4, 0, 35, 23, 22, 21, 24, 25, 26, 41, 42, 40, 39, 38, 37, 36, 2, 27, 28, 3, 1, 30, 29, 6, 7, 5, 9, 11, 10, 31, 32, 33, 34, 12, 14, 13, 8, 
32, 33, 34, 12, 14, 13, 16, 18, 20, 19, 15, 17, 4, 0, 35, 23, 22, 21, 25, 24, 26, 41, 42, 40, 39, 38, 37, 36, 2, 27, 28, 3, 1, 30, 29, 11, 10, 8, 31, 6, 7, 5, 9, 
21, 22, 23, 35, 0, 4, 17, 15, 19, 20, 18, 13, 16, 14, 12, 34, 33, 32, 31, 10, 11, 8, 9, 5, 7, 6, 29, 30, 1, 3, 28, 27, 2, 36, 37, 38, 39, 40, 42, 41, 26, 24, 25, 
21, 22, 23, 35, 0, 4, 17, 15, 19, 20, 18, 16, 13, 14, 5, 34, 33, 32, 31, 10, 11, 8, 9, 12, 7, 6, 29, 30, 1, 3, 28, 27, 2, 36, 37, 38, 39, 40, 42, 41, 26, 24, 25, 
8, 9, 5, 7, 6, 29, 30, 13, 3, 28, 27, 2, 36, 37, 38, 39, 40, 42, 41, 26, 25, 24, 21, 22, 23, 35, 0, 4, 17, 15, 19, 20, 18, 16, 1, 14, 12, 34, 33, 32, 31, 10, 11, 
34, 12, 14, 13, 16, 18, 20, 19, 15, 17, 4, 0, 35, 23, 22, 21, 24, 25, 26, 41, 42, 40, 39, 38, 37, 36, 2, 27, 28, 3, 1, 30, 29, 6, 7, 5, 9, 8, 31, 32, 33, 10, 11, 
11, 10, 31, 32, 33, 34, 12, 14, 13, 16, 18, 20, 19, 15, 17, 4, 0, 35, 23, 22, 21, 25, 24, 26, 41, 42, 40, 39, 38, 37, 36, 2, 8, 9, 5, 7, 6, 29, 30, 1, 3, 28, 27, 
37, 36, 2, 27, 28, 3, 1, 30, 29, 6, 7, 5, 9, 8, 31, 32, 33, 34, 12, 14, 13, 16, 18, 20, 19, 15, 17, 4, 0, 35, 23, 22, 21, 24, 25, 26, 41, 42, 40, 39, 38, 10, 11, 
27, 2, 36, 1, 38, 39, 40, 42, 41, 26, 24, 25, 21, 22, 23, 35, 0, 4, 17, 15, 19, 20, 18, 16, 13, 14, 12, 34, 33, 32, 9, 10, 11, 8, 31, 3, 7, 6, 29, 30, 37, 5, 28, 
41, 26, 24, 25, 21, 22, 23, 35, 0, 4, 17, 15, 19, 20, 18, 16, 13, 14, 12, 34, 33, 32, 8, 31, 10, 11, 28, 5, 7, 6, 29, 30, 1, 3, 9, 27, 2, 36, 37, 38, 39, 40, 42, 
7, 5, 34, 11, 10, 8, 31, 32, 33, 9, 12, 14, 13, 16, 18, 20, 19, 15, 17, 4, 0, 35, 23, 22, 21, 24, 25, 26, 41, 42, 40, 39, 38, 37, 36, 2, 27, 28, 3, 1, 30, 29, 6, 
34, 12, 14, 13, 16, 18, 20, 19, 15, 29, 4, 0, 35, 23, 22, 21, 24, 25, 26, 41, 42, 40, 39, 38, 37, 36, 2, 27, 28, 3, 1, 30, 17, 6, 5, 7, 9, 8, 11, 10, 31, 32, 33, 
32, 33, 34, 12, 14, 13, 5, 18, 20, 19, 15, 17, 4, 0, 35, 23, 22, 21, 25, 24, 26, 41, 42, 40, 39, 38, 37, 36, 2, 27, 28, 3, 1, 30, 29, 6, 7, 16, 9, 8, 11, 10, 31, 
9, 8, 11, 10, 31, 32, 28, 34, 12, 14, 13, 16, 18, 20, 19, 15, 17, 4, 0, 35, 23, 22, 21, 25, 24, 26, 41, 42, 40, 39, 38, 37, 36, 2, 27, 33, 3, 1, 30, 29, 6, 7, 5, 
42, 41, 26, 25, 24, 21, 22, 23, 35, 0, 4, 17, 15, 19, 20, 18, 16, 13, 3, 12, 34, 33, 32, 31, 10, 11, 8, 9, 5, 7, 6, 29, 30, 1, 14, 28, 27, 2, 36, 37, 38, 39, 40, 
33, 32, 31, 8, 9, 11, 10, 5, 7, 6, 29, 30, 1, 3, 28, 34, 2, 36, 37, 38, 39, 40, 42, 41, 26, 25, 24, 21, 22, 23, 35, 0, 4, 17, 15, 19, 20, 18, 16, 13, 14, 12, 27, 
33, 32, 31, 8, 9, 11, 10, 5, 7, 6, 29, 15, 1, 3, 28, 27, 2, 36, 37, 38, 39, 40, 42, 41, 26, 25, 24, 21, 22, 23, 35, 0, 4, 17, 30, 19, 20, 18, 16, 13, 14, 12, 34, 
12, 34, 33, 32, 31, 10, 11, 8, 9, 5, 7, 6, 29, 30, 1, 3, 28, 27, 2, 36, 37, 38, 39, 40, 42, 41, 26, 24, 21, 22, 23, 35, 0, 4, 17, 15, 19, 20, 18, 16, 13, 14, 25, 
13, 1, 30, 29, 6, 5, 7, 9, 8, 11, 10, 31, 32, 33, 34, 12, 14, 3, 16, 18, 20, 19, 15, 17, 4, 0, 35, 23, 22, 21, 24, 25, 26, 41, 42, 40, 39, 38, 37, 36, 2, 27, 28, 
26, 41, 42, 40, 39, 38, 37, 36, 2, 27, 28, 3, 1, 30, 29, 6, 7, 5, 10, 8, 31, 32, 33, 34, 12, 14, 13, 16, 18, 20, 19, 15, 17, 4, 0, 35, 23, 22, 21, 24, 25, 11, 9, 
5, 9, 8, 31, 32, 33, 34, 12, 14, 13, 16, 18, 20, 19, 15, 17, 4, 0, 35, 23, 22, 21, 24, 26, 41, 42, 40, 39, 38, 37, 36, 2, 27, 28, 3, 1, 30, 29, 6, 7, 11, 10, 25, 
8, 11, 10, 31, 32, 33, 34, 12, 14, 13, 16, 18, 20, 19, 15, 17, 4, 0, 35, 23, 22, 21, 24, 26, 41, 42, 40, 39, 38, 37, 36, 2, 27, 28, 3, 1, 30, 29, 6, 7, 5, 9, 25, 
38, 39, 40, 42, 41, 26, 25, 24, 21, 22, 23, 35, 0, 4, 17, 15, 19, 20, 18, 16, 13, 14, 12, 36, 33, 32, 8, 31, 10, 11, 9, 5, 7, 6, 29, 30, 1, 3, 28, 27, 2, 34, 37, 
13, 16, 18, 20, 19, 15, 17, 4, 0, 35, 23, 22, 21, 24, 26, 41, 42, 40, 39, 38, 37, 36, 2, 27, 28, 3, 1, 30, 29, 6, 7, 5, 9, 8, 11, 10, 31, 32, 33, 34, 12, 14, 25, 
2, 36, 37, 38, 39, 40, 42, 41, 12, 25, 24, 21, 22, 23, 35, 0, 4, 17, 15, 19, 20, 18, 16, 13, 14, 26, 34, 33, 32, 31, 10, 11, 8, 9, 5, 29, 6, 7, 30, 1, 3, 28, 27, 
26, 25, 24, 21, 22, 23, 35, 28, 4, 17, 15, 19, 20, 18, 16, 13, 14, 12, 34, 33, 32, 31, 8, 10, 11, 9, 5, 7, 6, 29, 30, 1, 3, 0, 27, 2, 36, 37, 38, 39, 40, 42, 41, 
27, 2, 36, 37, 38, 39, 40, 42, 41, 26, 24, 25, 21, 22, 23, 35, 0, 10, 17, 15, 19, 20, 18, 16, 13, 14, 12, 34, 33, 32, 31, 4, 11, 8, 9, 5, 7, 6, 29, 30, 1, 3, 28, 
27, 28, 3, 1, 30, 29, 6, 7, 5, 9, 8, 20, 10, 31, 32, 18, 34, 12, 16, 13, 14, 33, 11, 19, 15, 17, 4, 0, 35, 23, 22, 21, 24, 25, 26, 41, 42, 40, 39, 38, 37, 36, 2, 
2, 15, 37, 38, 39, 40, 42, 41, 26, 25, 24, 21, 22, 23, 35, 0, 4, 17, 36, 19, 20, 18, 16, 13, 14, 12, 34, 33, 32, 31, 10, 11, 8, 9, 5, 29, 6, 7, 30, 1, 3, 28, 27, 
42, 41, 26, 25, 33, 21, 22, 23, 35, 0, 4, 17, 15, 19, 20, 18, 16, 13, 14, 12, 34, 24, 32, 31, 10, 11, 8, 9, 5, 7, 6, 29, 30, 1, 3, 28, 27, 2, 36, 37, 38, 39, 40, 
2, 36, 37, 38, 39, 40, 42, 41, 26, 25, 24, 21, 22, 23, 35, 0, 4, 17, 15, 19, 30, 18, 16, 13, 14, 12, 34, 33, 32, 31, 10, 11, 8, 9, 5, 29, 6, 7, 20, 1, 3, 28, 27, 
27, 11, 36, 37, 38, 39, 40, 42, 41, 26, 24, 30, 21, 22, 23, 35, 0, 4, 25, 15, 19, 20, 18, 16, 13, 14, 12, 34, 33, 32, 31, 10, 2, 8, 9, 5, 7, 6, 29, 17, 1, 3, 28, 
19, 15, 17, 4, 7, 35, 23, 22, 21, 24, 25, 26, 41, 42, 40, 39, 38, 37, 36, 2, 27, 28, 3, 1, 30, 29, 6, 0, 5, 9, 11, 10, 8, 32, 31, 33, 34, 12, 14, 13, 16, 18, 20, 
24, 22, 23, 35, 0, 4, 17, 5, 19, 20, 18, 16, 13, 14, 1, 34, 33, 32, 29, 10, 11, 8, 9, 15, 7, 6, 31, 30, 12, 3, 28, 27, 2, 36, 37, 38, 39, 40, 42, 41, 26, 21, 25, 
32, 33, 34, 12, 14, 13, 16, 18, 20, 19, 15, 17, 22, 0, 35, 23, 4, 21, 25, 24, 26, 41, 42, 40, 39, 38, 37, 36, 2, 27, 28, 3, 1, 30, 29, 6, 7, 5, 9, 8, 11, 10, 31, 
17, 15, 19, 20, 18, 16, 13, 14, 12, 34, 33, 32, 31, 10, 11, 9, 22, 5, 7, 6, 29, 30, 1, 3, 28, 27, 2, 36, 37, 38, 39, 40, 42, 41, 26, 24, 25, 21, 8, 23, 35, 0, 4, 
32, 33, 34, 12, 14, 13, 4, 18, 20, 19, 15, 17, 16, 0, 35, 23, 22, 21, 25, 24, 26, 41, 42, 40, 39, 38, 37, 36, 2, 27, 28, 3, 1, 30, 29, 6, 7, 5, 9, 8, 11, 10, 31, 
34, 12, 14, 7, 16, 18, 20, 19, 15, 17, 4, 6, 35, 23, 22, 21, 24, 25, 26, 41, 42, 40, 39, 38, 37, 36, 2, 27, 28, 3, 1, 30, 29, 0, 13, 5, 9, 8, 11, 10, 31, 32, 33, 
8, 9, 5, 7, 6, 29, 30, 1, 3, 28, 27, 2, 36, 37, 38, 39, 40, 42, 41, 26, 25, 24, 10, 22, 23, 35, 0, 4, 17, 15, 19, 20, 18, 16, 13, 14, 31, 34, 33, 32, 12, 21, 11, 
17, 15, 19, 20, 18, 16, 13, 14, 12, 34, 33, 22, 31, 10, 11, 9, 8, 5, 7, 6, 29, 30, 1, 3, 28, 27, 2, 36, 37, 38, 39, 40, 42, 41, 26, 24, 25, 21, 32, 23, 35, 0, 4, 
8, 9, 5, 7, 6, 29, 33, 1, 3, 28, 27, 2, 36, 30, 38, 39, 40, 42, 41, 37, 25, 24, 21, 22, 23, 35, 11, 4, 17, 15, 19, 20, 18, 16, 13, 14, 12, 34, 26, 32, 31, 10, 0, 
8, 9, 5, 7, 6, 29, 30, 1, 3, 28, 27, 2, 36, 37, 38, 39, 40, 42, 41, 26, 25, 24, 21, 22, 23, 33, 0, 4, 17, 15, 19, 20, 18, 16, 13, 14, 12, 34, 35, 32, 31, 10, 11, 
7, 5, 9, 11, 10, 8, 31, 32, 33, 34, 0, 14, 13, 16, 18, 20, 19, 15, 17, 4, 12, 35, 23, 22, 21, 24, 25, 26, 41, 42, 40, 39, 38, 37, 36, 2, 27, 28, 3, 1, 30, 29, 6, 
21, 25, 24, 26, 41, 42, 40, 39, 38, 37, 18, 2, 27, 28, 3, 1, 30, 29, 6, 7, 5, 9, 8, 11, 10, 31, 32, 33, 34, 12, 14, 13, 16, 36, 20, 19, 15, 17, 4, 0, 35, 23, 22, 
3, 1, 30, 29, 6, 5, 7, 9, 8, 11, 10, 31, 32, 33, 34, 12, 14, 22, 16, 18, 20, 19, 15, 17, 4, 0, 35, 23, 13, 21, 24, 25, 26, 41, 42, 40, 39, 38, 37, 36, 2, 27, 28, 
39, 40, 42, 41, 26, 25, 24, 21, 22, 23, 14, 0, 10, 17, 15, 19, 20, 18, 16, 13, 35, 12, 34, 33, 32, 31, 4, 11, 8, 9, 5, 7, 6, 29, 30, 1, 3, 28, 27, 2, 36, 37, 38, 
11, 9, 5, 7, 6, 29, 30, 1, 3, 28, 27, 2, 36, 37, 38, 39, 40, 42, 41, 26, 25, 24, 21, 22, 15, 35, 0, 4, 17, 23, 19, 20, 18, 16, 13, 14, 12, 34, 33, 32, 31, 8, 10, 
29, 6, 7, 5, 9, 8, 11, 10, 31, 32, 33, 34, 12, 14, 13, 16, 18, 35, 19, 15, 17, 4, 0, 20, 23, 22, 21, 24, 25, 26, 41, 42, 40, 39, 38, 37, 36, 2, 27, 28, 3, 1, 30, 
27, 2, 36, 37, 25, 39, 40, 42, 41, 26, 24, 38, 21, 22, 23, 35, 0, 4, 17, 15, 19, 20, 18, 16, 13, 14, 12, 34, 33, 32, 31, 10, 11, 8, 9, 5, 7, 6, 29, 30, 1, 3, 28, 
40, 39, 38, 37, 36, 2, 27, 28, 3, 1, 30, 29, 6, 7, 5, 8, 32, 31, 33, 34, 12, 14, 13, 16, 18, 20, 19, 15, 17, 4, 0, 35, 23, 22, 21, 25, 24, 26, 41, 42, 9, 11, 10, 
40, 39, 38, 37, 36, 2, 27, 28, 3, 1, 30, 29, 6, 7, 5, 9, 11, 10, 31, 32, 33, 34, 12, 14, 13, 16, 18, 20, 19, 15, 17, 4, 0, 35, 23, 22, 21, 24, 25, 26, 41, 42, 8, 
40, 39, 38, 37, 36, 2, 27, 28, 3, 1, 30, 29, 11, 10, 8, 31, 32, 33, 34, 12, 14, 13, 16, 18, 20, 19, 15, 17, 4, 0, 35, 23, 22, 21, 24, 25, 26, 41, 42, 9, 5, 7, 6, 
41, 26, 25, 24, 21, 22, 23, 35, 0, 4, 17, 15, 19, 20, 18, 16, 13, 14, 12, 34, 33, 32, 31, 8, 9, 11, 10, 29, 6, 7, 5, 28, 3, 1, 30, 38, 37, 36, 2, 27, 42, 40, 39, 
21, 25, 24, 26, 41, 42, 40, 39, 31, 37, 36, 2, 27, 28, 3, 1, 30, 29, 6, 7, 5, 9, 8, 11, 10, 38, 32, 33, 34, 12, 14, 13, 16, 18, 20, 19, 15, 17, 4, 0, 35, 23, 22, 
25, 26, 9, 42, 40, 39, 38, 37, 36, 2, 27, 28, 3, 1, 30, 29, 6, 7, 5, 41, 8, 11, 10, 31, 32, 33, 34, 12, 14, 13, 16, 18, 20, 19, 15, 17, 4, 0, 35, 23, 22, 21, 24, 
18, 20, 19, 15, 17, 4, 0, 35, 23, 22, 21, 25, 24, 26, 10, 42, 40, 39, 38, 37, 36, 2, 27, 28, 3, 1, 30, 29, 6, 7, 5, 9, 8, 11, 41, 31, 32, 33, 34, 12, 14, 13, 16, 
40, 39, 38, 37, 36, 2, 27, 28, 3, 1, 30, 29, 6, 7, 5, 9, 8, 11, 10, 31, 32, 33, 34, 12, 14, 13, 16, 18, 20, 19, 15, 17, 4, 0, 35, 23, 22, 21, 41, 24, 26, 25, 42, 
42, 40, 39, 38, 37, 36, 2, 27, 28, 3, 1, 30, 29, 6, 7, 5, 9, 8, 11, 10, 31, 32, 22, 34, 12, 14, 13, 16, 18, 20, 19, 15, 17, 4, 0, 35, 23, 33, 21, 24, 26, 41, 25, 
18, 20, 19, 15, 17, 4, 0, 35, 23, 22, 21, 25, 24, 26, 41, 42, 40, 3, 38, 37, 36, 2, 27, 28, 39, 1, 30, 29, 6, 7, 5, 9, 8, 11, 10, 31, 32, 33, 34, 12, 14, 13, 16, 
Tiempo de ejecucion (total): 27.198
Best fitness a lo largo del tiempo: 
17191, 11696, 11696, 6653, 6356, 6216, 6159, 6144, 6044, 6044, 6019, 6007, 5991, 5966, 5942, 5933, 5923, 5898, 5895, 5895, 5890, 5880, 5877, 5858, 5837, 5837, 5827, 5825, 5790, 5788, 5788, 5780, 5757, 5755, 5755, 5755, 5755, 5755, 5754, 5729, 5729, 5729, 5729, 5721, 5721, 5721, 5719, 5713, 5711, 5705, 5705, 5703, 5703, 5703, 5697, 5691, 5691, 5691, 5691, 5691, 5687, 5685, 5685, 5683, 5675, 5675, 5675, 5675, 5675, 5675, 5675, 5675, 5675, 5675, 5675, 5675, 5675, 5675, 5675, 5675, 5675, 5675, 5675, 5675, 5673, 5673, 5673, 5670, 5670, 5670, 5670, 5670, 5670, 5670, 5670, 5670, 5670, 5670, 5670, 5670, 5670, 5670, 5670, 5670, 5670, 5670, 5670, 5670, 5664, 5664, 5664, 5664, 5664, 5664, 5664, 5664, 5664, 5664, 5664, 5664, 5664, 5664, 5664, 5664, 5664, 5664, 5664, 5664, 5664, 5664, 5664, 5664, 5664, 5664, 5664, 5664, 5664, 5664, 5664, 5664, 5664, 5664, 5664, 5664, 5664, 5664, 5664, 5664, 5664, 5664, 5664, 5664, 5664, 5664, 5664, 5664, 5664, 5664, 5664, 5664, 5664, 5664, 5664, 5664, 5664, 5664, 5664, 5664, 5664, 5664, 5664, 5664, 5664, 5664, 5664, 5664, 5664, 5664, 5664, 5664, 5664, 5664, 5664, 5664, 5664, 5664, 5664, 5664, 5664, 5664, 5664, 5664, 5664, 5664, 5664, 5664, 5664, 5664, 5664, 5664, 5664, 5664, 5664, 5664, 5664, 5664, 5664, 5664, 5664, 5664, 5664, 5664, 5664, 5664, 5664, 5664, 5664, 5664, 5664, 5664, 5664, 5664, 5664, 5664, 5664, 5664, 5664, 5664, 5664, 5664, 5664, 5664, 5664, 5664, 5664, 5664, 5664, 5664, 5664, 5664, 5664, 5664, 5664, 5664, 5664, 5664, 5664, 5664, 5664, 5664, 5664, 5664, 5664, 5664, 5664, 5664, 5664, 5664, 5664, 5664, 5664, 5664, 5664, 5664, 5664, 5664, 5664, 5664, 5664, 5664, 5664, 5664, 5664, 5664, 5664, 5664, 5664, 5664, 5664, 5664, 5664, 5664, 5664, 5664, 5664, 5664, 5664, 5664, 5664, 5664, 5664, 5664, 5664, 5664, 5664, 5664, 5664, 5664, 5664, 5664, 5664, 5664, 5664, 5664, 5664, 5664, 5664, 5664, 5664, 5664, 5664, 5664, 5664, 5664, 5664, 5664, 5664, 5664, 5664, 5664, 5664, 5664, 5664, 5664, 5664, 5664, 5664, 5664, 5664, 5664, 5664, 5664, 5664, 5664, 5664, 5664, 5664, 5664, 5664, 5664, 5664, 5664, 5664, 5664, 5664, 5664, 5664, 5664, 5664, 5664, 5664, 5664, 5664, 5664, 5664, 5664, 5664, 5664, 5664, 5664, 5664, 5664, 5664, 5664, 5664, 5664, 5664, 5664, 5664, 5664, 5664, 5664, 5664, 5658, 5658, 5646, 5646, 5646, 5642, 5642, 5642, 5634, 5634, 5634, 5634, 5634, 5634, 5634, 5634, 5634, 5634, 5634, 5634, 5634, 5634, 5634, 5634, 5634, 5634, 5634, 5634, 5634, 5634, 5634, 5634, 5634, 5634, 5634, 5634, 5634, 5632, 5632, 5632, 5632, 5632, 5632, 5632, 5632, 5632, 5632, 5632, 5632, 5632, 5632, 5632, 5632, 5632, 5632, 5632, 5632, 5632, 5632, 5632, 5632, 5632, 5632, 5632, 5632, 5632, 5632, 5632, 5632, 5632, 5632, 5632, 5632, 5632, 5632, 5632, 5632, 5632, 5632, 5632, 5632, 5632, 5632, 5632, 5632, 5632, 5632, 5632, 5632, 5632, 5632, 5632, 5632, 5632, 5632, 5632, 5632, 5632, 5632, 5632, 5632, 5632, 5632, 5632, 5632, 5632, 5632, 5632, 5632, 5632, 5632, 5632, 5632, 5632, 5632, 5632, 5632, 5632, 5632, 5632, 5632, 5632, 5632, 5632, 5632, 5632, 5632, 5632, 5632, 5632, 5632, 5632, 5632, 5632, 5632, 5632, 5632, 5632, 5632, 5632, 5632, 5632, 5632, 5632, 5632, 5632, 5632, 5632, 5632, 5632, 5632, 5632, 5632, 5632, 5632, 5632, 5632, 5632, 5632, 5632, 5632, 5632, 5632, 5632, 5632, 5632, 5632, 5632, 5632, 5632, 5632, 5632, 5632, 5632, 5632, 5632, 5632, 5632, 5632, 5632, 5632, 5632, 5632, 5632, 5632, 5632, 5632, 5632, 5632, 5632, 5632, 5632, 5632, 5632, 5632, 5632, 5632, 5632, 5632, 5632, 5632, 5632, 5632, 5632, 5632, 5632, 5632, 5632, 5632, 5632, 5632, 5632, 5632, 5632, 5632, 5632, 5632, 5632, 5632, 5632, 5632, 5632, 5632, 5632, 5632, 5632, 5632, 5632, 5632, 5632, 5632, 5632, 5632, 5632, 5632, 5632, 5632, 5632, 5632, 5632, 5632, 5632, 5632, 5632, 5632, 5632, 5632, 5632, 5632, 5632, 5632, 5632, 5632, 5632, 5632, 5632, 5632, 5632, 5632, 5632, 5632, 5632, 5632, 5632, 5632, 5632, 5632, 5632, 5632, 5632, 5632, 5632, 5632, 5632, 5632, 5632, 5632, 5632, 5632, 5632, 5632, 5632, 5632, 5632, 5632, 5632, 5632, 5632, 5632, 5632, 5632, 5632, 5632, 5632, 5632, 5632, 5632, 5632, 5632, 5632, 5632, 5632, 5632, 5632, 5632, 5632, 5632, 5632, 5632, 5632, 5632, 5632, 5632, 5632, 5632, 5632, 5632, 5632, 5632, 5632, 5632, 5632, 5632, 5632, 5632, 5632, 5632, 5632, 5632, 5632, 5632, 5632, 5632, 5632, 5632, 5632, 5632, 5632, 5632, 5632, 5632, 5632, 5632, 5632, 5632, 5632, 5632, 5632, 5632, 5632, 5632, 5632, 5632, 5632, 5632, 5632, 5632, 5632, 5632, 5632, 5632, 5632, 5632, 5632, 5632, 5632, 5632, 5632, 5632, 5632, 5632, 5632, 5632, 5632, 5632, 5632, 5632, 5632, 5632, 5632, 5632, 5632, 5632, 5632, 5632, 5632, 5632, 5632, 5632, 5632, 5632, 5632, 5632, 5632, 5632, 5632, 5632, 5632, 5632, 5632, 5632, 5632, 5632, 5632, 5632, 5632, 5632, 5632, 5632, 5632, 5632, 5632, 5632, 5632, 5632, 5632, 5632, 5632, 5632, 5632, 5632, 5632, 5632, 5632, 5632, 5632, 5632, 5632, 5632, 5632, 5632, 5632, 5632, 5632, 5632, 5632, 5632, 5632, 5632, 5632, 5632, 5632, 5632, 5632, 5632, 5632, 5632, 5632, 5632, 5632, 5632, 5632, 5632, 5632, 5632, 5632, 5632, 5632, 5632, 5632, 5632, 5632, 5632, 5632, 5628, 5628, 5628, 5628, 5628, 5628, 5628, 5628, 5628, 5628, 5628, 5628, 5628, 5628, 5628, 5628, 5628, 5628, 5628, 5628, 5628, 5628, 5628, 5628, 5628, 5628, 5628, 5628, 5628, 5628, 5628, 5628, 5628, 5628, 5628, 5628, 5628, 5628, 5628, 5628, 5628, 5628, 5628, 5628, 5628, 5628, 5628, 5628, 5628, 5628, 5628, 5628, 5628, 5628, 5628, 5628, 5628, 5628, 5628, 5628, 5628, 5628, 5628, 5628, 5628, 5628, 5628, 5628, 5628, 5628, 5628, 5628, 5628, 5628, 5628, 5628, 5628, 5628, 5628, 5628, 5628, 5628, 5628, 5628, 5628, 5628, 5628, 5628, 5628, 5628, 5628, 5628, 5628, 5628, 5628, 5628, 5628, 5628, 5628, 5628, 5628, 5628, 5628, 5628, 5628, 5628, 5628, 5628, 5628, 5628, 5628, 5628, 5628, 5628, 5628, 5628, 5628, 5628, 5628, 5628, 5628, 5628, 5628, 5628, 5628, 5628, 5628, 5628, 5628, 5628, 5628, 5628, 5628, 5628, 5628, 5628, 5628, 5628, 5628, 5628, 5628, 5628, 5628, 5628, 5628, 5628, 5628, 5628, 5628, 5628, 5628, 5628, 5628, 5628, 5628, 5628, 5628, 5628, 5628, 5628, 5628, 5628, 5628, 5628, 5628, 5628, 5628, 5628, 5628, 5628, 5628, 5628, 5628, 5628, 5628, 5628, 5628, 5628, 5628, 5628, 5628, 5628, 5628, 5628, 5628, 5628, 5628, 5628, 5628, 5628, 5628, 5628, 5628, 5628, 5628, 5628, 5628, 5628, 5628, 5628, 5628, 5628, 5628, 5628, 5628, 5628, 5628, 5628, 5628, 5628, 5628, 5628, 5628, 5628, 5628, 5628, 5628, 5628, 5628, 5628, 5628, 5628, 5628, 5628, 5628, 5628, 5628, 5628, 5628, 5628, 5628, 5628, 5628, 5628, 5628, 5628, 5628, 5628, 5628, 5628, 5628, 5628, 5628, 5628, 5628, 5628, 5628, 5628, 5628, 5628, 5628, 5628, 5628, 5628, 5628, 5628, 5628, 5628, 5628, 5628, 5628, 5628, 5628, 5628, 5628, 5628, 5628, 5628, 5628, 5628, 5628, 5628, 5628, 5628, 5628, 5628, 5628, 5628, 5628, 5628, 5628, 5628, 5628, 5628, 5628, 5628, 5628, 5628, 5628, 5628, 5628, 5628, 5628, 5628, 5628, 5628, 5628, 5628, 5628, 5628, 5628, 5628, 5628, 5628, 5628, 5628, 5628, 5628, 5628, 5628, 5628, 5628, 5628, 5628, 5628, 5628, 5628, 5628, 5628, 5628, 5628, 5628, 5628, 5628, 5628, 5628, 5628, 5628, 5628, 5628, 5628, 5628, 5628, 5628, 5628, 5628, 5628, 5628, 5628, 5628, 5628, 5628, 5628, 5628, 5628, 5628, 5628, 5628, 5628, 5628, 5628, 5628, 5628, 5628, 5628, 5628, 5628, 5628, 5628, 5628, 5628, 5628, 5628, 5628, 5628, 5628, 5628, 5628, 5628, 5628, 5628, 5628, 5628, 5628, 5628, 5628, 5628, 5628, 5628, 5628, 5628, 5628, 5628, 5628, 5628, 5628, 5628, 5628, 5628, 5628, 5628, 5628, 5628, 5628, 5628, 5628, 5628, 5628, 5628, 5628, 5628, 5628, 5628, 5628, 5628, 5628, 5628, 5628, 5628, 5628, 5628, 5628, 5628, 5628, 5628, 5628, 5628, 5628, 5628, 5628, 5628, 5628, 5628, 5628, 5628, 5628, 5628, 5628, 5628, 5628, 5628, 5628, 5628, 5628, 5628, 5628, 5628, 5628, 5628, 5628, 5628, 5628, 5628, 5628, 5628, 5628, 5628, 5628, 5628, 5628, 5628, 5628, 5628, 5628, 5628, 5628, 5628, 5628, 5628, 5628, 5628, 5628, 5628, 5628, 5628, 5628, 5628, 5628, 5628, 5628, 5628, 5628, 5628, 5628, 5628, 5628, 5628, 5628, 5628, 5628, 5628, 5628, 5628, 5628, 5628, 5628, 5628, 5628, 5628, 5628, 5628, 5628, 5628, 5628, 5628, 5628, 5628, 5628, 5628, 5628, 5628, 5628, 5628, 5628, 5628, 5628, 5628, 5628, 5628, 5628, 5628, 5628, 5628, 5628, 5628, 5628, 5628, 5628, 5628, 5628, 5628, 5628, 5628, 5628, 5628, 5628, 5628, 5628, 5628, 5628, 5628, 5628, 5628, 5628, 5628, 5628, 5628, 5628, 5628, 5628, 5628, 5628, 5628, 5628, 5628, 5628, 5628, 5628, 5628, 5628, 5628, 5628, 5628, 5628, 5628, 5628, 5628, 5628, 5628, 5628, 5628, 5628, 5628, 5628, 5628, 5628, 5628, 5628, 5628, 5628, 5628, 5628, 5628, 5628, 5628, 5628, 5628, 5628, 5628, 5628, 5628, 5628, 5628, 5628, 5628, 5628, 5628, 5628, 5628, 5628, 5628, 5628, 5628, 5628, 5628, 5628, 5628, 5628, 5628, 5628, 5628, 5628, 5628, 5628, 5628, 5628, 5628, 5628, 5628, 5628, 5628, 5628, 5628, 5628, 5628, 5628, 5628, 5628, 5628, 5628, 5628, 5628, 5628, 5628, 5628, 5628, 5628, 5628, 5628, 5628, 5628, 5628, 5628, 5628, 5628, 5628, 5628, 5628, 5628, 5628, 5628, 5628, 5628, 5628, 5628, 5628, 5628, 5628, 5628, 5628, 5628, 5628, 5628, 5628, 5628, 5628, 5628, 5628, 5628, 5628, 5628, 5628, 5628, 5628, 5628, 5628, 5628, 5628, 5628, 5628, 5628, 5628, 5628, 5628, 5628, 5628, 5628, 5628, 5628, 5628, 5628, 5628, 5628, 5628, 5628, 5628, 5628, 5628, 5628, 5628, 5628, 5628, 5628, 5628, 5628, 5628, 5628, 5628, 5628, 5628, 5628, 5628, 5628, 5628, 5628, 5628, 5628, 5628, 5628, 5628, 5628, 5628, 5628, 5628, 5628, 5628, 5628, 5628, 5628, 5628, 5628, 5628, 5628, 5628, 5628, 5628, 5628, 5628, 5628, 5628, 5628, 5628, 5628, 5628, 5628, 5628, 5628, 5628, 5628, 5628, 5628, 5628, 5628, 5628, 5628, 5628, 5628, 5628, 5628, 5628, 5628, 5628, 5628, 5628, 5628, 5626, 5626, 5626, 5626, 5626, 5626, 5626, 5626, 5626, 5626, 5626, 5626, 5626, 5626, 5626, 5626, 5626, 5626, 5626, 5626, 5626, 5626, 5626, 5626, 5626, 5626, 5626, 5626, 5626, 5626, 5626, 5626, 5626, 5626, 5626, 5626, 5626, 5626, 5626, 5626, 5626, 5626, 5626, 5626, 5626, 5626, 5626, 5626, 5626, 5626, 5626, 5626, 5626, 5626, 5626, 5626, 5626, 5626, 5626, 5626, 5626, 5626, 5626, 5626, 5626, 5626, 5626, 5626, 5626, 5626, 5626, 5626, 5626, 5626, 5626, 5626, 5626, 5626, 5626, 5626, 5626, 5626, 5626, 5626, 5626, 5626, 5626, 5626, 5626, 5626, 5626, 5626, 5626, 5626, 5626, 5626, 5626, 5626, 5626, 5626, 5626, 5626, 5626, 5626, 5626, 5626, 5626, 5626, 5626, 5626, 5626, 5626, 5626, 5626, 5626, 5626, 5626, 5626, 5626, 5626, 5626, 5626, 5626, 5626, 5626, 5626, 5626, 5626, 5626, 5626, 5626, 5626, 5626, 5626, 5626, 5626, 5626, 5626, 5626, 5626, 5626, 5626, 5626, 5626, 5626, 5626, 5626, 5626, 5626, 5626, 5626, 5626, 5626, 5626, 5626, 5626, 5626, 5626, 5626, 5626, 5626, 5626, 5626, 5626, 5626, 5626, 5626, 5626, 5626, 5626, 5626, 5626, 5626, 5626, 5626, 5626, 5626, 5626, 5626, 5626, 5626, 5626, 5626, 5626, 5626, 5626, 5626, 5626, 5626, 5626, 5626, 5626, 5626, 5626, 5626, 5626, 5626, 5626, 5626, 5626, 5626, 5626, 5626, 5626, 5626, 5626, 5626, 5626, 5626, 5626, 5626, 5626, 5626, 5626, 5626, 5626, 5626, 5626, 5626, 5626, 5626, 5626, 5626, 5626, 5626, 5626, 5626, 5626, 5626, 5626, 5626, 5626, 5626, 5626, 5626, 5626, 5626, 5626, 5626, 5626, 5626, 5626, 5626, 5626, 5626, 5626, 5626, 5626, 5626, 5626, 5626, 5626, 5626, 5626, 5626, 5626, 5626, 5626, 5626, 5626, 5626, 5626, 5626, 5626, 5626, 5626, 5626, 5626, 5626, 5626, 5626, 5626, 5626, 5626, 5626, 5626, 5626, 5626, 5626, 5626, 5626, 5626, 5626, 5626, 5626, 5626, 5626, 5626, 5626, 5626, 5626, 5626, 5626, 5626, 5626, 5626, 5626, 5626, 5626, 5626, 5626, 5626, 5626, 5626, 5626, 5626, 5626, 5626, 5626, 5626, 5626, 5626, 5626, 5626, 5626, 5626, 5626, 5626, 5626, 5626, 5626, 5626, 5626, 5626, 5626, 5626, 5626, 5626, 5626, 5626, 5626, 5626, 5626, 5626, 5626, 5626, 5626, 5626, 5626, 5626, 5626, 5626, 5626, 5626, 5626, 5626, 5626, 5626, 5626, 5626, 5626, 5626, 5626, 5626, 5626, 5626, 5626, 5626, 5626, 5626, 5626, 5626, 5626, 5626, 5626, 5626, 5626, 5626, 5626, 5626, 5626, 5626, 5626, 5626, 5626, 5626, 5626, 5626, 5626, 5626, 5626, 5626, 5626, 5626, 5626, 5626, 5626, 5626, 5626, 5626, 5626, 5626, 5626, 5626, 5626, 5626, 5626, 5626, 5626, 5626, 5626, 5626, 5626, 5626, 5626, 5626, 5626, 5626, 5626, 5626, 5626, 5626, 5626, 5626, 5626, 5626, 5626, 5626, 5626, 5626, 5626, 5626, 5626, 5626, 5626, 5626, 5626, 5626, 5626, 5626, 5626, 5626, 5626, 5626, 5626, 5626, 5626, 5626, 5626, 5626, 5626, 5626, 5626, 5626, 5626, 5626, 5626, 5626, 5626, 5626, 5626, 5626, 5626, 5626, 5626, 5626, 5626, 5626, 5626, 5626, 5626, 5626, 5626, 5626, 5626, 5626, 5626, 5626, 5626, 5626, 5626, 5626, 5626, 5626, 5626, 5626, 5626, 5626, 5626, 5626, 5626, 5626, 5626, 5626, 5626, 5626, 5626, 5626, 5626, 5626, 5626, 5626, 5626, 5626, 5626, 5626, 5626, 5626, 5626, 5626, 5626, 5626, 5626, 5626, 5626, 5626, 5626, 5626, 5626, 5626, 5626, 5626, 5626, 5626, 5626, 5626, 5626, 5626, 5626, 5626, 5626, 5626, 5626, 5626, 5626, 5626, 5626, 5626, 5626, 5626, 5626, 5626, 5626, 5626, 5626, 5626, 5626, 5626, 5626, 5626, 5626, 5626, 5626, 5626, 5626, 5626, 5626, 5626, 5626, 5626, 5626, 5626, 5626, 5626, 5626, 5626, 5626, 5626, 5626, 5626, 5626, 5626, 5626, 5626, 5626, 5626, 5626, 5626, 5626, 5626, 5626, 5626, 5626, 5626, 5626, 5626, 5626, 5626, 5626, 5626, 5626, 5626, 5626, 5626, 5626, 5626, 5626, 5626, 5626, 5626, 5626, 5626, 5626, 5626, 5626, 5626, 5626, 5626, 5626, 5626, 5626, 5626, 5626, 5626, 5626, 5626, 5626, 5626, 5626, 5626, 5626, 5626, 5626, 5626, 5626, 5626, 5626, 5626, 5626, 5626, 5626, 5626, 5626, 5626, 5626, 5626, 5626, 5626, 5626, 5626, 5626, 5626, 5626, 5626, 5626, 5626, 5626, 5626, 5626, 5626, 5626, 5626, 5626, 5626, 5626, 5626, 5626, 5626, 5626, 5626, 5626, 5626, 5626, 5626, 5626, 5626, 5626, 5626, 5626, 5626, 5626, 5626, 5626, 5626, 5626, 5626, 5626, 5626, 5626, 5626, 5626, 5626, 5626, 5626, 5626, 5626, 5626, 5626, 5626, 5626, 5626, 5626, 5626, 5626, 5626, 5626, 5626, 5626, 5626, 5626, 5626, 5626, 5626, 5626, 5626, 5626, 5626, 5626, 5626, 5626, 5626, 5626, 5626, 5626, 5626, 5626, 5626, 5626, 5626, 5626, 5626, 5626, 5626, 5626, 5626, 5626, 5626, 5626, 5626, 5626, 5626, 5626, 5626, 5626, 5626, 5626, 5626, 5626, 5626, 5626, 5626, 5626, 5626, 5626, 5626, 5626, 5626, 5626, 5626, 5626, 5626, 5626, 5626, 5626, 5626, 5626, 5626, 5626, 5626, 5626, 5626, 5626, 5626, 5626, 5626, 5626, 5626, 5626, 5626, 5626, 5626, 5626, 5626, 5626, 5626, 5626, 5626, 5626, 5626, 5626, 5626, 5626, 5626, 5626, 5626, 5626, 5626, 5626, 5626, 5626, 5626, 5626, 5626, 5626, 5626, 5626, 5626, 5626, 5626, 5626, 5626, 5626, 5626, 5626, 5626, 5626, 5626, 5626, 5626, 5626, 5626, 5626, 5626, 5626, 5626, 5626, 5626, 5626, 5626, 5626, 5626, 5626, 5626, 5626, 5626, 5626, 5626, 5626, 5626, 5626, 5626, 5626, 5626, 5626, 5626, 5626, 5626, 5626, 5626, 5626, 5626, 5626, 5626, 5626, 5626, 5626, 5626, 5626, 5626, 5626, 5626, 5626, 5626, 5626, 5626, 5626, 5626, 5626, 5626, 5626, 5626, 5626, 5626, 5626, 5626, 5626, 5626, 5626, 5626, 5626, 5626, 5626, 5626, 5626, 5626, 5626, 5626, 5626, 5626, 5626, 5626, 5626, 5626, 5626, 5626, 5626, 5626, 5626, 5626, 5626, 5626, 5626, 5626, 5626, 5626, 5626, 5626, 5626, 5626, 5626, 5626, 5626, 5626, 5626, 5626, 5626, 5626, 5626, 5626, 5626, 5626, 5626, 5626, 5626, 5626, 5626, 5626, 5626, 5626, 5626, 5626, 5626, 5626, 5626, 5626, 5626, 5626, 5626, 5626, 5626, 5626, 5626, 5626, 5626, 5626, 5626, 5626, 5626, 5626, 5626, 5626, 5626, 5626, 5626, 5626, 5626, 5626, 5626, 5626, 5626, 5626, 5626, 5626, 5626, 5626, 5626, 5626, 5626, 5626, 5626, 5626, 5626, 5626, 5626, 5626, 5626, 5626, 5626, 5626, 5626, 5626, 5626, 5626, 5626, 5626, 5626, 5626, 5626, 5626, 5626, 5626, 5626, 5626, 5626, 5626, 5626, 5626, 5626, 5626, 5626, 5626, 5626, 5626, 5626, 5626, 5626, 5626, 5626, 5626, 5626, 5626, 5626, 5626, 5626, 5626, 5626, 5626, 5626, 5626, 5626, 5626, 5626, 5626, 5626, 5626, 5626, 5626, 5626, 5626, 5626, 5626, 5626, 5626, 5626, 5626, 5626, 5626, 5626, 5626, 5626, 5626, 5626, 5626, 5626, 5626, 5626, 5626, 5626, 5626, 5626, 5626, 5626, 5626, 5626, 5626, 5626, 5626, 5626, 5626, 5626, 5626, 5626, 5626, 5626, 5626, 5626, 5626, 5626, 5626, 5626, 5626, 5626, 5626, 5626, 5626, 5626, 5626, 5626, 5626, 5626, 5626, 5626, 5626, 5626, 5626, 5626, 5626, 5626, 5626, 5626, 5626, 5626, 5626, 5626, 5626, 5626, 5626, 5626, 5626, 5626, 5626, 5626, 5626, 5626, 5626, 5626, 5626, 5626, 5626, 5626, 5626, 5626, 5626, 5626, 5626, 5626, 5626, 5626, 5626, 5626, 5626, 5626, 5626, 5626, 5626, 5626, 5626, 5626, 5626, 5626, 5626, 5626, 5626, 5626, 5626, 5626, 5626, 5626, 5626, 5626, 5626, 5626, 5626, 5626, 5626, 5626, 5626, 5626, 5626, 5626, 5626, 5626, 5626, 5626, 5626, 5626, 5626, 5626, 5626, 5626, 5626, 5626, 5626, 5626, 5626, 5626, 5626, 5626, 5626, 5626, 5626, 5626, 5626, 5626, 5626, 5626, 5626, 5626, 5626, 5626, 5626, 5626, 5626, 5626, 5626, 5626, 5626, 5626, 5626, 5626, 5626, 5626, 5626, 5626, 5626, 5626, 5626, 5626, 5626, 5626, 5626, 5626, 5626, 5626, 5626, 5626, 5626, 5626, 5626, 5626, 5626, 5626, 5626, 5626, 5626, 5626, 5626, 5626, 5626, 5626, 5626, 5626, 5626, 5626, 5626, 5626, 5626, 5626, 5626, 5626, 5626, 5626, 5626, 5626, 5626, 5626, 5626, 5626, 5626, 5626, 5626, 5626, 5626, 5626, 5626, 5626, 5626, 5626, 5626, 5626, 5626, 5626, 5626, 5626, 5626, 5626, 5626, 5626, 5626, 5626, 5626, 5626, 5626, 5626, 5626, 5626, 5626, 5626, 5626, 5626, 5626, 5626, 5626, 5626, 5626, 5626, 5626, 5626, 5626, 5626, 5626, 5626, 5626, 5626, 5626, 5626, 5626, 5626, 5626, 5626, 5626, 5626, 5626, 5626, 5626, 5626, 5626, 5626, 5626, 5626, 5626, 5626, 5626, 5626, 5626, 5626, 5626, 5626, 5626, 5626, 5626, 5626, 5626, 5626, 5626, 5626, 5626, 5626, 5626, 5626, 5626, 5626, 5626, 5626, 5626, 5626, 5626, 5626, 5626, 5626, 5626, 5626, 5626, 5626, 5626, 5626, 5626, 5626, 5626, 5626, 5626, 5626, 5626, 5626, 5626, 5626, 5626, 5626, 5626, 5626, 5626, 5626, 5626, 5626, 5626, 5626, 5626, 5626, 5626, 5626, 5626, 5626, 5626, 5626, 5626, 5626, 5626, 5626, 5626, 5626, 5626, 5626, 5626, 5626, 5626, 5626, 5626, 5626, 5626, 5626, 5626, 5626, 5626, 5626, 5626, 5626, 5626, 5626, 5626, 5626, 5626, 5626, 5626, 5626, 5626, 5626, 5626, 5626, 5626, 5626, 5626, 5626, 5626, 5626, 5626, 5626, 5626, 5626, 5626, 5626, 5626, 5626, 5626, 5626, 5626, 5626, 5626, 5626, 5626, 5626, 5626, 5626, 5626, 5626, 5626, 5626, 5626, 5626, 5626, 5626, 5626, 5626, 5626, 5626, 5626, 5626, 5626, 5626, 5626, 5626, 5626, 5626, 5626, 5626, 5626, 5626, 5626, 5626, 5626, 5626, 5626, 5626, 5626, 5626, 5626, 5626, 5626, 5626, 5626, 5626, 5626, 5626, 5626, 5626, 5626, 5626, 5626, 5626, 5626, 5626, 5626, 5626, 5626, 5626, 5626, 5626, 5626, 5626, 5626, 5626, 5626, 5626, 5626, 5626, 5626, 5626, 5626, 5626, 5626, 5626, 5626, 5626, 5626, 5626, 5626, 5626, 5626, 5626, 5626, 5626, 5626, 5626, 5626, 5626, 5626, 5626, 5626, 5626, 5626, 5626, 5626, 5626, 5626, 5626, 5626, 5626, 5626, 5626, 5626, 5626, 5626, 5626, 5626, 5626, 5626, 5626, 5626, 5626, 5626, 5626, 5626, 5626, 5626, 5626, 5626, 5626, 5626, 5626, 5626, 5626, 5626, 5626, 5626, 5626, 5626, 5626, 5626, 5626, 5626, 5626, 5626, 5626, 5626, 5626, 5626, 5626, 5626, 5626, 5626, 5626, 5626, 5626, 5626, 5626, 5626, 5626, 5626, 5626, 5626, 5626, 5626, 5626, 5626, 5626, 5626, 5626, 5626, 5626, 5626, 5626, 5626, 5626, 5626, 5626, 5626, 5626, 5626, 5626, 5626, 5626, 5626, 5626, 5626, 5626, 5626, 5626, 5626, 5626, 5626, 5626, 5626, 5626, 5626, 5626, 5626, 5626, 5626, 5626, 5626, 5626, 5626, 5626, 5626, 5626, 5626, 5626, 5626, 5626, 5626, 5626, 5626, 5626, 5626, 5626, 5626, 5626, 5626, 5626, 5626, 5626, 5626, 5626, 5626, 5626, 5626, 5626, 5626, 5626, 5626, 5626, 5626, 5626, 5626, 5626, 5626, 5626, 5626, 5626, 5626, 5626, 5626, 5626, 5626, 5626, 5626, 5626, 5626, 5626, 5626, 5626, 5626, 5626, 5626, 5626, 5626, 5626, 5626, 5626, 5626, 5626, 5626, 5626, 5626, 5626, 5626, 5626, 5626, 5626, 5626, 5626, 5626, 5626, 5626, 5626, 5626, 5626, 5626, 5626, 5626, 5626, 5626, 5626, 5626, 5626, 5626, 5626, 5626, 5626, 5626, 5626, 5626, 5626, 5626, 5626, 5626, 5626, 5626, 5626, 5626, 5626, 5626, 5626, 5626, 5626, 5626, 5626, 5626, 5626, 5626, 5626, 5626, 5626, 5626, 5626, 5626, 5626, 5626, 5626, 5626, 5626, 5626, 5626, 5626, 5626, 5626, 5626, 5626, 5626, 5626, 5626, 5626, 5626, 5626, 5626, 5626, 5626, 5626, 5626, 5626, 5626, 5626, 5626, 5626, 5626, 5626, 5626, 5626, 5626, 5626, 5626, 5626, 5626, 5626, 5626, 5626, 5626, 5626, 5626, 5626, 5626, 5626, 5626, 5626, 5626, 5626, 5626, 5626, 5626, 5626, 5626, 5626, 5626, 5626, 5626, 5626, 5626, 5626, 5626, 5626, 5626, 5626, 5626, 5626, 5626, 5626, 5626, 5626, 5626, 5626, 5626, 5626, 5626, 5626, 5626, 5626, 5626, 5626, 5626, 5626, 5626, 5626, 5626, 5626, 5626, 5626, 5626, 5626, 5626, 5626, 5626, 5626, 5626, 5626, 5626, 5626, 5626, 5626, 5626, 5626, 5626, 5626, 5626, 5626, 5626, 5626, 5626, 5626, 5626, 5626, 5626, 5626, 5626, 5626, 5626, 5626, 5626, 5626, 5626, 5626, 5626, 5626, 5626, 5626, 5626, 5626, 5626, 5626, 5626, 5626, 5626, 5626, 5626, 5626, 5626, 5626, 5626, 5626, 5626, 5626, 5626, 5626, 5626, 5626, 5626, 5626, 5626, 5626, 5626, 5626, 5626, 5626, 5626, 5626, 5626, 5626, 5626, 5626, 5626, 5626, 5626, 5626, 5626, 5626, 5626, 5626, 5626, 5626, 5626, 5626, 5626, 5626, 5626, 5626, 5626, 5626, 5626, 5626, 5626, 5626, 5626, 5626, 5626, 5626, 5626, 5626, 5626, 5626, 5626, 5626, 5626, 5626, 5626, 5626, 5626, 5626, 5626, 5626, 5626, 5626, 5626, 5626, 5626, 5626, 5626, 5626, 5626, 5626, 5626, 5626, 5626, 5626, 5626, 5626, 5626, 5626, 5626, 5626, 5626, 5626, 5626, 5626, 5626, 5626, 5626, 5626, 5626, 5626, 5626, 5626, 5626, 5626, 5626, 5626, 5626, 5626, 5626, 5626, 5626, 5626, 5626, 5626, 5626, 5626, 5626, 5626, 5626, 5626, 5626, 5626, 5626, 5626, 5626, 5626, 5626, 5626, 5626, 5626, 5626, 5626, 5626, 5626, 5626, 5626, 5626, 5626, 5626, 5626, 5626, 5626, 5626, 5626, 5626, 5626, 5624, 5624, 5624, 5624, 5624, 5624, 5624, 5624, 5624, 5624, 5624, 5624, 5624, 5624, 5624, 5624, 5624, 5624, 5624, 5624, 5624, 5624, 5624, 5624, 5624, 5624, 5624, 5624, 5624, 5624, 5624, 5624, 5624, 5624, 5624, 5624, 5624, 5624, 5624, 5624, 5624, 5624, 5624, 5624, 5624, 5624, 5624, 5624, 5624, 5624, 5624, 5624, 5624, 5624, 5624, 5624, 5624, 5624, 5624, 5624, 5624, 5624, 5624, 5624, 5624, 5624, 5624, 5624, 5624, 5624, 5624, 5624, 5624, 5624, 5624, 5624, 5624, 5624, 5624, 5624, 5624, 5624, 5624, 5624, 5624, 5624, 5624, 5624, 5624, 5624, 5624, 5624, 5624, 5624, 5624, 5624, 5624, 5624, 5624, 5624, 5624, 5624, 5624, 5624, 5624, 5624, 5624, 5624, 5624, 5624, 5624, 5624, 5624, 5624, 5624, 5624, 5624, 5624, 5624, 5624, 5624, 5624, 5624, 5624, 5624, 5624, 5624, 5624, 5624, 5624, 5624, 5624, 5624, 5624, 5624, 5624, 5624, 5624, 5624, 5624, 5624, 5624, 5624, 5624, 5624, 5624, 5624, 5624, 5624, 5624, 5624, 5624, 5624, 5624, 5624, 5624, 5624, 5624, 5624, 5624, 5624, 5624, 5624, 5624, 5624, 5624, 5624, 5624, 5624, 5624, 5624, 5624, 5624, 5624, 5624, 5624, 5624, 5624, 5624, 5624, 5624, 5624, 5624, 5624, 5624, 5624, 5624, 5624, 5624, 5624, 5624, 5624, 5624, 5624, 5624, 5624, 5624, 5624, 5624, 5624, 5624, 5624, 5624, 5624, 5624, 5624, 5624, 5624, 5624, 5624, 5624, 5624, 5624, 5624, 5624, 5624, 5624, 5624, 5624, 5624, 5624, 5624, 5624, 5624, 5624, 5624, 5624, 5624, 5624, 5624, 5624, 5624, 5624, 5624, 5624, 5624, 5624, 5624, 5624, 5624, 5624, 5624, 5624, 5624, 5624, 5624, 5624, 5624, 5624, 5624, 5624, 5624, 5624, 5624, 5624, 5624, 5624, 5624, 5624, 5624, 5624, 5624, 5624, 5624, 5624, 5624, 5624, 5624, 5624, 5624, 5624, 5624, 5624, 5624, 5624, 5624, 5624, 5624, 5624, 5624, 5624, 5624, 5624, 5624, 5624, 5624, 5624, 5624, 5624, 5624, 5624, 5624, 5624, 5624, 5624, 5624, 5624, 5624, 5624, 5624, 5624, 5624, 5624, 5624, 5624, 5624, 5624, 5624, 5624, 5624, 5624, 5624, 5624, 5624, 5624, 5624, 5624, 5624, 5624, 5624, 5624, 5624, 5624, 5624, 5624, 5624, 5624, 5624, 5624, 5624, 5624, 5624, 5624, 5624, 5624, 5624, 5624, 5624, 5624, 5624, 5624, 5624, 5624, 5624, 5624, 5624, 5624, 5624, 5624, 5624, 5624, 5624, 5624, 5624, 5624, 5624, 5624, 5624, 5624, 5624, 5624, 5624, 5624, 5624, 5624, 5624, 5624, 5624, 5624, 5624, 5624, 5624, 5624, 5624, 5624, 5624, 5624, 5624, 5624, 5624, 5624, 5624, 5624, 5624, 5624, 5624, 5624, 5624, 5624, 5624, 5624, 5624, 5624, 5624, 5624, 5624, 5624, 5624, 5624, 5624, 5624, 5624, 5624, 5624, 5624, 5624, 5624, 5624, 5624, 5624, 5624, 5624, 5624, 5624, 5624, 5624, 5624, 5624, 5624, 5624, 5624, 5624, 5624, 5624, 5624, 5624, 5624, 5624, 5624, 5624, 5624, 5624, 5624, 5624, 5624, 5624, 5624, 5624, 5624, 5624, 5624, 5624, 5624, 5624, 5624, 5624, 5624, 5624, 5624, 5624, 5624, 5624, 5624, 5624, 5624, 5624, 5624, 5624, 5624, 5624, 5624, 5624, 5624, 5624, 5624, 5624, 5624, 5624, 5624, 5624, 5624, 5624, 5624, 5624, 5624, 5624, 5624, 5624, 5624, 5624, 5624, 5624, 5624, 5624, 5624, 5624, 5624, 5624, 5624, 5624, 5624, 5624, 5624, 5624, 5624, 5624, 5624, 5624, 5624, 5624, 5624, 5624, 5624, 5624, 5624, 5624, 5624, 5624, 5624, 5624, 5624, 5624, 5624, 5624, 5624, 5624, 5624, 5624, 5624, 5624, 5624, 5624, 5624, 5624, 5624, 5624, 5624, 5624, 5624, 5624, 5624, 5624, 5624, 5624, 5624, 5624, 5624, 5624, 5624, 5624, 5624, 5624, 5624, 5624, 5624, 5624, 5624, 5624, 5624, 5624, 5624, 5624, 5624, 5624, 5624, 5624, 5624, 5624, 5624, 5624, 5624, 5624, 5624, 5624, 5624, 5624, 5624, 5624, 5624, 5624, 5624, 5624, 5624, 5624, 5624, 5624, 5624, 5624, 5624, 5624, 5624, 5624, 5624, 5624, 5624, 5624, 5624, 5624, 5624, 5624, 5624, 5624, 5624, 5624, 5624, 5624, 5624, 5624, 5624, 5624, 5624, 5624, 5624, 5624, 5624, 5624, 5624, 5624, 5624, 5624, 5624, 5624, 5624, 5624, 5624, 5624, 5624, 5624, 5624, 5624, 5624, 5624, 5624, 5624, 5624, 5624, 5624, 5624, 5624, 5624, 5624, 5624, 5624, 5624, 5624, 5624, 5624, 5624, 5624, 5624, 5624, 5624, 5624, 5624, 5624, 5624, 5624, 5624, 5624, 5624, 5624, 5624, 5624, 5624, 5624, 5624, 5624, 5624, 5624, 5624, 5624, 5624, 5624, 5624, 5624, 5624, 5624, 5624, 5624, 5624, 5624, 5624, 5624, 5624, 5624, 5624, 5624, 5624, 5624, 5624, 5624, 5624, 5624, 5624, 5624, 5624, 5624, 5624, 5624, 5624, 5624, 5624, 5624, 5624, 5624, 5624, 5624, 5624, 5624, 5624, 5624, 5624, 5624, 5624, 5624, 5624, 5624, 5624, 5624, 5624, 5624, 5624, 5624, 5624, 5624, 5624, 5624, 5624, 5624, 5624, 5624, 5624, 5624, 5624, 5624, 5624, 5624, 5624, 5624, 5624, 5624, 5624, 5624, 5624, 5624, 5624, 5624, 5624, 5624, 5624, 5624, 5624, 5624, 5624, 5624, 5624, 5624, 5624, 5624, 5624, 5624, 5624, 5624, 5624, 5624, 5624, 5624, 5624, 5624, 5624, 5624, 5624, 5624, 5624, 5624, 5624, 5624, 5624, 5624, 5624, 5624, 5624, 5624, 5624, 5624, 5624, 5624, 5624, 5624, 5624, 5624, 5624, 5624, 5624, 5624, 5624, 5624, 5624, 5624, 5624, 5624, 5624, 5624, 5624, 5624, 5624, 5624, 5624, 5624, 5624, 5624, 5624, 5624, 5624, 5624, 5624, 5624, 5624, 5624, 5624, 5624, 5624, 5624, 5624, 5624, 5624, 5624, 5624, 5624, 5624, 5624, 5624, 5624, 5624, 5624, 5624, 5624, 5624, 5624, 5624, 5624, 5624, 5624, 5624, 5624, 5624, 5624, 5624, 5624, 5624, 5624, 5624, 5624, 5624, 5624, 5624, 5624, 5624, 5624, 5624, 5624, 5624, 5624, 5624, 5624, 5624, 5624, 5624, 5624, 5624, 5624, 5624, 5624, 5624, 5624, 5624, 5624, 5624, 5624, 5624, 5624, 5624, 5624, 5624, 5624, 5624, 5624, 5624, 5624, 5624, 5624, 5624, 5624, 5624, 5624, 5624, 5624, 5624, 5624, 5624, 5624, 5624, 5624, 5624, 5624, 5624, 5624, 5624, 5624, 5624, 5624, 5624, 5624, 5624, 5624, 5624, 5624, 5624, 5624, 5624, 5624, 5624, 5624, 5624, 5624, 5624, 5624, 5624, 5624, 5624, 5624, 5624, 5624, 5624, 5624, 5624, 5624, 5624, 5624, 5624, 5624, 5624, 5624, 5624, 5624, 5624, 5624, 5624, 5624, 5624, 5624, 5624, 5624, 5624, 5624, 5624, 5624, 5624, 5624, 5624, 5624, 5624, 5624, 5624, 5624, 5624, 5624, 5624, 5624, 5624, 5624, 5624, 5624, 5624, 5624, 5624, 5624, 5624, 5624, 5624, 5624, 5624, 5624, 5624, 5624, 5624, 5624, 5624, 5624, 5624, 5624, 5624, 5624, 5624, 5624, 5624, 5624, 5624, 5624, 5624, 5624, 5624, 5624, 5624, 5624, 5624, 5624, 5624, 5624, 5624, 5624, 5624, 5624, 5624, 5624, 5624, 5624, 5624, 5624, 5624, 5624, 5624, 5624, 5624, 5624, 5624, 5624, 5624, 5624, 5624, 5624, 5624, 5624, 5624, 5624, 5624, 5624, 5624, 5624, 5624, 5624, 5624, 5624, 5624, 5624, 5624, 5624, 5624, 5624, 5624, 5624, 5624, 5624, 5624, 5624, 5624, 5624, 5624, 5624, 5624, 5624, 5624, 5624, 5624, 5624, 5624, 5624, 5624, 5624, 5624, 5624, 5624, 5624, 5624, 5624, 5624, 5624, 5624, 5624, 5624, 5624, 5624, 5624, 5624, 5624, 5624, 5624, 5624, 5624, 5624, 5624, 5624, 5624, 5624, 5624, 5624, 5624, 5624, 5624, 5624, 5624, 5624, 5624, 5624, 5624, 5624, 5624, 5624, 5624, 5624, 5624, 5624, 5624, 5624, 5624, 5624, 5624, 5624, 5624, 5624, 5624, 5624, 5624, 5624, 5624, 5624, 5624, 5624, 5624, 5624, 5624, 5624, 5624, 5624, 5624, 5624, 5624, 5624, 5624, 5624, 5624, 5624, 5624, 5624, 5624, 5624, 5624, 5624, 5624, 5624, 5624, 5624, 5624, 5624, 5624, 5624, 5624, 5624, 5624, 5624, 5624, 5624, 5624, 5624, 5624, 5624, 5624, 5624, 5624, 5624, 5624, 5624, 5624, 5624, 5624, 5624, 5624, 5624, 5624, 5624, 5624, 5624, 5624, 5624, 5624, 5624, 5624, 5624, 5624, 5624, 5624, 5624, 5624, 5624, 5624, 5624, 5624, 5624, 5624, 5624, 5624, 5624, 5624, 5624, 5624, 5624, 5624, 5624, 5624, 5624, 5624, 5624, 5624, 5624, 5624, 5624, 5624, 5624, 5624, 5624, 5624, 5624, 5624, 5624, 5624, 5624, 5624, 5624, 5624, 5624, 5624, 5624, 5624, 5624, 5624, 5624, 5624, 5624, 5624, 5624, 5624, 5624, 5624, 5624, 5624, 5624, 5624, 5624, 5624, 5624, 5624, 5624, 5624, 5624, 5624, 5624, 5624, 5624, 5624, 5624, 5624, 5624, 5624, 5624, 5624, 5624, 5624, 5624, 5624, 5624, 5624, 5624, 5624, 5624, 5624, 5624, 5624, 5624, 5624, 5624, 5624, 5624, 5624, 5624, 5624, 5624, 5624, 5624, 5624, 5624, 5624, 5624, 5624, 5624, 5624, 5624, 5624, 5624, 5624, 5624, 5624, 5624, 5624, 5624, 5624, 5624, 5624, 5624, 5624, 5624, 5624, 5624, 5624, 5624, 5624, 5624, 5624, 5624, 5624, 5624, 5624, 5624, 5624, 5624, 5624, 5624, 5624, 5624, 5624, 5624, 5624, 5624, 5624, 5624, 5624, 5624, 5624, 5624, 5624, 5624, 5624, 5624, 5624, 5624, 5624, 5624, 5624, 5624, 5624, 5624, 5624, 5624, 5624, 5624, 5624, 5624, 5624, 5624, 5624, 5624, 5624, 5624, 5624, 5624, 5624, 5624, 5624, 5624, 5624, 5624, 5624, 5624, 5624, 5624, 5624, 5624, 5624, 5624, 5624, 5624, 5624, 5624, 5624, 5624, 5624, 5624, 5624, 5624, 5624, 5624, 5624, 5624, 5624, 5624, 5624, 5624, 5624, 5624, 5624, 5624, 5624, 5624, 5624, 5624, 5624, 5624, 5624, 5624, 5624, 5624, 5624, 5624, 5624, 5624, 5624, 5624, 5624, 5624, 5624, 5624, 5624, 5624, 5624, 5624, 5624, 5624, 5624, 5624, 5624, 5624, 5624, 5624, 5624, 5624, 5624, 5624, 5624, 5624, 5624, 5624, 5624, 5624, 5624, 5624, 5624, 5624, 5624, 5624, 5624, 5624, 5624, 5624, 5624, 5624, 5624, 5624, 5624, 5624, 5624, 5624, 5624, 5624, 5624, 5624, 5624, 5624, 5624, 5624, 5624, 5624, 5624, 5624, 5624, 5624, 5624, 5624, 5624, 5624, 5624, 5624, 5624, 5624, 5624, 5624, 5624, 5624, 5624, 5624, 5624, 5624, 5624, 5624, 5624, 5624, 5624, 5624, 5624, 5624, 5624, 5624, 5624, 5624, 5624, 5624, 5624, 5624, 5624, 5624, 5624, 5624, 5624, 5624, 5624, 5624, 5624, 5624, 5624, 5624, 5624, 5624, 5624, 5624, 5624, 5624, 5624, 5624, 5624, 5624, 5624, 5624, 5624, 5624, 5624, 5624, 5624, 5624, 5624, 5624, 5624, 5624, 5624, 5624, 5624, 5624, 5624, 5624, 5624, 5624, 5624, 5624, 5624, 5624, 5624, 5624, 5624, 5624, 5624, 5624, 5624, 5624, 5624, 5624, 5624, 5624, 5624, 5624, 5624, 5624, 5624, 5624, 5624, 5624, 5624, 5624, 5624, 5624, 5624, 5624, 5624, 5624, 5624, 5624, 5624, 5624, 5624, 5624, 5624, 5624, 5624, 5624, 5624, 5624, 5624, 5624, 5624, 5624, 5624, 5624, 5624, 5624, 5624, 5624, 5624, 5624, 5624, 5624, 5624, 5624, 5624, 5624, 5624, 5624, 5624, 5624, 5624, 5624, 5624, 5624, 5624, 5624, 5624, 5624, 5624, 5624, 5624, 5624, 5624, 5624, 5624, 5624, 5624, 5624, 5624, 5624, 5624, 5624, 5624, 5624, 5624, 5624, 5624, 5624, 5624, 5624, 5624, 5624, 5624, 5624, 5624, 5624, 5624, 5624, 5624, 5624, 5624, 5624, 5624, 5624, 5624, 5624, 5624, 5624, 5624, 5624, 5624, 5624, 5624, 5624, 5624, 5624, 5624, 5624, 5624, 5624, 5624, 5624, 5624, 5624, 5624, 5624, 5624, 5624, 5624, 5624, 5624, 5624, 5624, 5624, 5624, 5624, 5624, 5624, 5624, 5624, 5624, 5624, 5624, 5624, 5624, 5624, 5624, 5624, 5624, 5624, 5624, 5624, 5624, 5624, 5624, 5624, 5624, 5624, 5624, 5624, 5624, 5624, 5624, 5624, 5624, 5624, 5624, 5624, 5624, 5624, 5624, 5624, 5624, 5624, 5624, 5624, 5624, 5624, 5624, 5624, 5624, 5624, 5624, 5624, 5624, 5624, 5624, 5624, 5624, 5624, 5624, 5624, 5624, 5624, 5624, 5624, 5624, 5624, 5624, 5624, 5624, 5624, 5624, 5624, 5624, 5624, 5624, 5624, 5624, 5624, 5624, 5624, 5624, 5624, 5624, 5624, 5624, 5624, 5624, 5624, 5624, 5624, 5624, 5624, 5624, 5624, 5624, 5624, 5624, 5624, 5624, 5624, 5624, 5624, 5624, 5624, 5624, 5624, 5624, 5624, 5624, 5624, 5624, 5624, 5624, 5624, 5624, 5624, 5624, 5624, 5624, 5624, 5624, 5624, 5624, 5624, 5624, 5624, 5624, 5624, 5624, 5624, 5624, 5624, 5624, 5624, 5624, 5624, 5624, 5624, 5624, 5624, 5624, 5624, 5624, 5624, 5624, 5624, 5624, 5624, 5624, 5624, 5624, 5624, 5624, 5624, 5624, 5624, 5624, 5624, 5624, 5624, 5624, 5624, 5624, 5624, 5624, 5624, 5624, 5624, 5624, 5624, 5624, 5624, 5624, 5624, 5624, 5624, 5624, 5624, 5624, 5624, 5624, 5624, 5624, 5624, 5624, 5624, 5624, 5624, 5624, 5624, 5624, 5624, 5624, 5624, 5624, 5624, 5624, 5624, 5624, 5624, 5624, 5624, 5624, 5624, 5624, 5624, 5624, 5624, 5624, 5624, 5624, 5624, 5624, 5624, 5624, 5624, 5624, 5624, 5624, 5624, 5624, 5624, 5624, 5624, 5624, 5624, 5624, 5624, 5624, 5624, 5624, 5624, 5624, 5624, 5624, 5624, 5624, 5624, 5624, 5624, 5624, 5624, 5624, 5624, 5624, 5624, 5624, 5624, 5624, 5624, 5624, 5624, 5624, 5624, 5624, 5624, 5624, 5624, 5624, 5624, 5624, 5624, 5624, 5624, 5624, 5624, 5624, 5624, 5624, 5624, 5624, 5624, 5624, 5624, 5624, 5624, 5624, 5624, 5624, 5624, 5624, 5624, 5624, 5624, 5624, 5624, 5624, 5624, 5624, 5624, 5624, 5624, 5624, 5624, 5624, 5624, 5624, 5624, 5624, 5624, 5624, 5624, 5624, 5624, 5624, 5624, 5624, 5624, 5624, 5624, 5624, 5624, 5624, 5624, 5624, 5624, 5624, 5624, 5624, 5624, 5624, 5624, 5624, 5624, 5624, 5624, 5624, 5624, 5624, 5624, 5624, 5624, 5624, 5624, 5624, 5624, 5624, 5624, 5624, 5624, 5624, 5624, 5624, 5624, 5624, 5624, 5624, 5624, 5624, 5624, 5624, 5624, 5624, 5624, 5624, 5624, 5624, 5624, 5624, 5624, 5624, 5624, 5624, 5624, 5624, 5624, 5624, 5624, 5624, 5624, 5624, 5624, 5624, 5624, 5624, 5624, 5624, 5624, 5624, 5624, 5624, 5624, 5624, 5624, 5624, 5624, 5624, 5624, 5624, 5624, 5624, 5624, 5624, 5624, 5624, 5624, 5624, 5624, 5624, 5624, 5624, 5624, 5624, 5624, 5624, 5624, 5624, 5624, 5624, 5624, 5624, 5624, 5624, 5624, 5624, 5624, 5624, 5624, 5624, 5624, 5624, 5624, 5624, 5624, 5624, 5624, 5624, 5624, 5624, 5624, 5624, 5624, 5624, 5624, 5624, 5624, 5624, 5624, 5624, 5624, 5624, 5624, 5624, 5624, 5624, 5624, 5624, 5624, 5624, 5624, 5624, 5624, 5624, 5624, 5624, 5624, 5624, 5624, 5624, 5624, 5624, 5624, 5624, 5624, 5624, 5624, 5624, 5624, 5624, 5624, 5624, 5624, 5624, 5624, 5624, 5624, 5624, 5624, 5624, 5624, 5624, 5624, 5624, 5624, 5624, 5624, 5624, 5624, 5624, 5624, 5624, 5624, 5624, 5624, 5624, 5624, 5624, 5624, 5624, 5624, 5624, 5624, 5624, 5624, 5624, 5624, 5624, 5624, 5624, 5624, 5624, 5624, 5624, 5624, 5624, 5624, 5624, 5624, 5624, 5624, 5624, 5624, 5624, 5624, 5624, 5624, 5624, 5624, 5624, 5624, 5624, 5624, 5624, 5624, 5624, 5624, 5624, 5624, 5624, 5624, 5624, 5624, 5624, 5624, 5624, 5624, 5624, 5624, 5624, 5624, 5624, 5624, 5624, 5624, 5624, 5624, 5624, 5624, 5624, 5624, 5624, 5624, 5624, 5624, 5624, 5624, 5624, 5624, 5624, 5624, 5624, 5624, 5624, 5624, 5624, 5624, 5624, 5624, 5624, 5624, 5624, 5624, 5624, 5624, 5624, 5624, 5624, 5624, 5624, 5624, 5624, 5624, 5624, 5624, 5624, 5624, 5624, 5624, 5624, 5624, 5624, 5624, 5624, 5624, 5624, 5624, 5624, 5624, 5624, 5624, 5624, 5624, 5624, 5624, 5624, 5624, 5624, 5624, 5624, 5624, 5624, 5624, 5624, 5624, 5624, 5624, 5624, 5624, 5624, 5624, 5624, 5624, 5624, 5624, 5624, 5624, 5624, 5624, 5624, 5624, 5624, 5624, 5624, 5624, 5624, 5624, 5624, 5624, 5624, 5624, 5624, 5624, 5624, 5624, 5624, 5624, 5624, 5624, 5624, 5624, 5624, 5624, 5624, 5624, 5624, 5624, 5624, 5624, 5624, 5624, 5624, 5624, 5624, 5624, 5624, 5624, 5624, 5624, 5624, 5624, 5624, 5624, 5624, 5624, 5624, 5624, 5624, 5624, 5624, 5624, 5624, 5624, 5624, 5624, 5624, 5624, 5624, 5624, 5624, 5624, 5624, 5624, 5624, 5624, 5624, 5624, 5624, 5624, 5624, 5624, 5624, 5624, 5624, 5624, 5624, 5624, 5624, 5624, 5624, 5624, 5624, 5624, 5624, 5624, 5624, 5624, 5624, 5624, 5624, 5624, 5624, 5624, 5624, 5624, 5624, 5624, 5624, 5624, 5624, 5624, 5624, 5624, 5624, 5624, 5624, 5624, 5624, 5624, 5624, 5624, 5624, 5624, 5624, 5624, 5624, 5624, 5624, 5624, 5624, 5624, 5624, 5624, 5624, 5624, 5624, 5624, 5624, 5624, 5624, 5624, 5624, 5624, 5624, 5624, 5624, 5624, 5624, 5624, 5624, 5624, 5624, 5624, 5624, 5624, 5624, 5624, 5624, 5624, 5624, 5624, 5624, 5624, 5624, 5624, 5624, 5624, 5624, 5624, 5624, 5624, 5624, 5624, 5624, 5624, 5624, 5624, 5624, 5624, 5624, 5624, 5624, 5624, 5624, 5624, 5624, 5624, 5624, 5624, 5624, 5624, 5624, 5624, 5624, 5624, 5624, 5624, 5624, 5624, 5624, 5624, 5624, 5624, 5624, 5624, 5624, 5624, 5624, 5624, 5624, 5624, 5624, 5624, 5624, 5624, 5624, 5624, 5624, 5624, 5624, 5624, 5624, 5624, 5624, 5624, 5624, 5624, 5624, 5624, 5624, 5624, 5624, 5624, 5624, 5624, 5624, 5624, 5624, 5624, 5624, 5624, 5624, 5624, 5624, 5624, 5624, 5624, 5624, 5624, 5624, 5624, 5624, 5624, 5624, 5624, 5624, 5624, 5624, 5624, 5624, 5624, 5624, 5622, 5622, 5622, 5622, 5622, 5622, 5622, 5622, 5622, 5622, 5622, 5622, 5622, 5622, 5622, 5622, 5622, 5622, 5622, 5622, 5622, 5622, 5622, 5622, 5622, 5622, 5622, 5622, 5622, 5622, 5622, 5622, 5622, 5622, 5622, 5622, 5622, 5622, 5622, 5620, 
Fitness promedio a lo largo del tiempo: 
20652, 17446, 13955, 12280, 10056, 7200, 7359, 6968, 7034, 7024, 7148, 6483, 6788, 6084, 6577, 6628, 6509, 6881, 6644, 6480, 7446, 6473, 6782, 6393, 6651, 7082, 7506, 7013, 7448, 7011, 6720, 5840, 6986, 7248, 6684, 7139, 6525, 6658, 5857, 6155, 7054, 6415, 6649, 6944, 6512, 6030, 5897, 6327, 5949, 6226, 5770, 6618, 6310, 5738, 6202, 6520, 6780, 6308, 5985, 5760, 6281, 6897, 6120, 6301, 6461, 5909, 5744, 5739, 5855, 6222, 5722, 5941, 5905, 5844, 6449, 6438, 5903, 5711, 5711, 6000, 6261, 6001, 6646, 5731, 6278, 5729, 5730, 5947, 5947, 6264, 5958, 6377, 6374, 5884, 6095, 6249, 5697, 6731, 6317, 6352, 6699, 5683, 5694, 5869, 5689, 5923, 5688, 6331, 5716, 5984, 5750, 6070, 6708, 6181, 5715, 6577, 6379, 6380, 6193, 6374, 6599, 6600, 5881, 6388, 6367, 5707, 5780, 6479, 5834, 6537, 6160, 6469, 6635, 6434, 6253, 6843, 7055, 6453, 6593, 6257, 6580, 6259, 5724, 6431, 5988, 5974, 5880, 6761, 7061, 6507, 6334, 6094, 6531, 6431, 5929, 7001, 6360, 6512, 6311, 6418, 6369, 6083, 5707, 5716, 6034, 6265, 5878, 6085, 5698, 5873, 7219, 5826, 5707, 6138, 5706, 5695, 6549, 6049, 5937, 6102, 6063, 6060, 5697, 6218, 6131, 5693, 6067, 5997, 5788, 5867, 6883, 6267, 6382, 6027, 5830, 5887, 5859, 5786, 5742, 6236, 6266, 6113, 6520, 6169, 6210, 6268, 6486, 6419, 6351, 6164, 6464, 6108, 6263, 5689, 6109, 5706, 6449, 5711, 7218, 6203, 5711, 5720, 6204, 5977, 5934, 5756, 6048, 6090, 6257, 6526, 6106, 6167, 5711, 5781, 5989, 5999, 5882, 5695, 6408, 5699, 6108, 5695, 6094, 5696, 6274, 5707, 5943, 6272, 6589, 6593, 6271, 6021, 5713, 5879, 6199, 5691, 5705, 5701, 6153, 5721, 6628, 5717, 5875, 6150, 6102, 6083, 6260, 6329, 6262, 6262, 6808, 6478, 6688, 6626, 6002, 5728, 5723, 5937, 6161, 6020, 5904, 6525, 5730, 5716, 6368, 5821, 6313, 5722, 6428, 5905, 5707, 5990, 5701, 5712, 6103, 6157, 5704, 6093, 5767, 6269, 6273, 6315, 6312, 6540, 5709, 6079, 7121, 6265, 5699, 6727, 6047, 6968, 6275, 6471, 5857, 6291, 6211, 6011, 6035, 6104, 6251, 6056, 5781, 6485, 5817, 6151, 6116, 5696, 6103, 6580, 5724, 6040, 5828, 5895, 5714, 6177, 5876, 6258, 5909, 6093, 6309, 6256, 6416, 6308, 5712, 5718, 6528, 6051, 6803, 5769, 6748, 5823, 5713, 5772, 5999, 5867, 6173, 5909, 6683, 6351, 6039, 5704, 5693, 6318, 6145, 6224, 5781, 6971, 6813, 6230, 6202, 6149, 5824, 5990, 6396, 5710, 5713, 6127, 6988, 5976, 5902, 5704, 6839, 5742, 5693, 6340, 6046, 6089, 5669, 5806, 6454, 6501, 5969, 6355, 5796, 6071, 6127, 5669, 6031, 6290, 6170, 5907, 5683, 5678, 5895, 6190, 5672, 5952, 6139, 6396, 6186, 5871, 5686, 6187, 5917, 5787, 5893, 6231, 6117, 6439, 5673, 6453, 5663, 5677, 5734, 6291, 5674, 6015, 5674, 5973, 6497, 6168, 5855, 5913, 6066, 5954, 5792, 5799, 6168, 5679, 6380, 6010, 5679, 6127, 6290, 5743, 6312, 6005, 5913, 5744, 6936, 6492, 6390, 6136, 6657, 5893, 5896, 6822, 5689, 6119, 6198, 6289, 6484, 6031, 5663, 5861, 6055, 6767, 5672, 6195, 7001, 5689, 6385, 5664, 6125, 6044, 5661, 5806, 6162, 5923, 5950, 5893, 5918, 5670, 5703, 5864, 5974, 5874, 5684, 5744, 5685, 5683, 5682, 6552, 6229, 5735, 5677, 5668, 6122, 6026, 6116, 5673, 6114, 6439, 5676, 5973, 5820, 6547, 6045, 6217, 6077, 6059, 5656, 6022, 5902, 5812, 6128, 6130, 6299, 5678, 6808, 5796, 5685, 6055, 5682, 5691, 5816, 5965, 6293, 5674, 5680, 6089, 5911, 6111, 5709, 5678, 5709, 5860, 6823, 5698, 5679, 5662, 6406, 5909, 6445, 6280, 6056, 5684, 5679, 6118, 6064, 5664, 5999, 6086, 5952, 6036, 5924, 6300, 5975, 5790, 5950, 6116, 5684, 6234, 5740, 6123, 5673, 5864, 6399, 5683, 5663, 6069, 5687, 6600, 5680, 5672, 5958, 6381, 6316, 6022, 6015, 5975, 5675, 5973, 5686, 5817, 5971, 6680, 5686, 5731, 6230, 5685, 5822, 5738, 5681, 5683, 5673, 5691, 6127, 6241, 6546, 6312, 5967, 5686, 5972, 5695, 5978, 6077, 5777, 5703, 6289, 5660, 5675, 5702, 6032, 6595, 6179, 6196, 6500, 6023, 6122, 6286, 5702, 6542, 5675, 6081, 6085, 5892, 5676, 5815, 6620, 6072, 6032, 6240, 5677, 6333, 5676, 6438, 5677, 6231, 6120, 6324, 5740, 5737, 6247, 5671, 6603, 6032, 5916, 6177, 5817, 5944, 6209, 5660, 6116, 5687, 5801, 6019, 5728, 6120, 6121, 5939, 6290, 5863, 6303, 6293, 5984, 5748, 5666, 6125, 6366, 5907, 5675, 6609, 6402, 6023, 5693, 6176, 5680, 5676, 6338, 5762, 6191, 5677, 6106, 6480, 5948, 5666, 5881, 5743, 5849, 6371, 5796, 5914, 5676, 5999, 6326, 6554, 5659, 6183, 6299, 6081, 5689, 6091, 5719, 5841, 5679, 6007, 6493, 5663, 6163, 6066, 5701, 6706, 5676, 6247, 5712, 5906, 5880, 5685, 5853, 5664, 5699, 6580, 6190, 6033, 5676, 6015, 5953, 5678, 6065, 6166, 5665, 6722, 6054, 5778, 6177, 5782, 6157, 5701, 5681, 5950, 6479, 5921, 5947, 6142, 6116, 5789, 5794, 6232, 5669, 6122, 6101, 6233, 5851, 5955, 6079, 5862, 5872, 6227, 5696, 5791, 6335, 5698, 5788, 5864, 5905, 5677, 6123, 5847, 6223, 5679, 6493, 5900, 6870, 5674, 5672, 5968, 5814, 5688, 6278, 5685, 6224, 5675, 5793, 6188, 6351, 6179, 5955, 6453, 6190, 6026, 6343, 6226, 6132, 5676, 5825, 6570, 6462, 6296, 6560, 6089, 5747, 6319, 5914, 5843, 5686, 6231, 7252, 5683, 6488, 5762, 6606, 5840, 6024, 5669, 6335, 5691, 6979, 5845, 5674, 5800, 5739, 6352, 5853, 5681, 5891, 6019, 6010, 5914, 5667, 6010, 5956, 6169, 6076, 5863, 5689, 5974, 6456, 6568, 6407, 6750, 6425, 6493, 6226, 6286, 6266, 6871, 6335, 5677, 6113, 6281, 6174, 5678, 5686, 6174, 5683, 6483, 5998, 6074, 5899, 6355, 6223, 5909, 5668, 5906, 5889, 6650, 5673, 6330, 6283, 5667, 5978, 5690, 6409, 6598, 6021, 6271, 6337, 5783, 5998, 5678, 5674, 6266, 6332, 6117, 6111, 5856, 5739, 6223, 6180, 5664, 6552, 5685, 6002, 6613, 6554, 6158, 6667, 5930, 5957, 6809, 5764, 5683, 6224, 5667, 6864, 5677, 6293, 5964, 6804, 6499, 6767, 6666, 6075, 6279, 5680, 6193, 6336, 6111, 5683, 6373, 5963, 5670, 5684, 5664, 5686, 6400, 6607, 5699, 5657, 6065, 6063, 6217, 5695, 5665, 5851, 5663, 6071, 6115, 6352, 6280, 6618, 6161, 6621, 6879, 5864, 7021, 5843, 6280, 5746, 6547, 5698, 5908, 5664, 5708, 5673, 6393, 6195, 5673, 6125, 5687, 5743, 5671, 6228, 6673, 5690, 6053, 6028, 6071, 5666, 5679, 5731, 6036, 6614, 5841, 6112, 5865, 6132, 5865, 5730, 5929, 6099, 5685, 6178, 5942, 5669, 6183, 5845, 5771, 5682, 6561, 6012, 6023, 6880, 6815, 6337, 5905, 5909, 6493, 6407, 6283, 6345, 5970, 5678, 5835, 6430, 5702, 5896, 5729, 6324, 6388, 5664, 6233, 6068, 5670, 6330, 6335, 5672, 5842, 6172, 6192, 5687, 6112, 5789, 5671, 6120, 5788, 5885, 5679, 5730, 5905, 5919, 5907, 6376, 6279, 6072, 5919, 5679, 6290, 5674, 5674, 5998, 5720, 6268, 6280, 5673, 6286, 6557, 6071, 6463, 5658, 5977, 5678, 5671, 5844, 6112, 6571, 6621, 6652, 6181, 5685, 5680, 6459, 6303, 6237, 6288, 6406, 5667, 5907, 5947, 6226, 6024, 6495, 5921, 6221, 6131, 6213, 5753, 6011, 5847, 5685, 5656, 5674, 5665, 5659, 6220, 6240, 5845, 6387, 6285, 6780, 5674, 5662, 5896, 5681, 6389, 6402, 5874, 6111, 6352, 5958, 5897, 5879, 5890, 5681, 6141, 6697, 6061, 5811, 5690, 6138, 6069, 5655, 5869, 5907, 6779, 6471, 6081, 5870, 5902, 5679, 5905, 5894, 5678, 6273, 6240, 6283, 6618, 6175, 7328, 6292, 6633, 5678, 6298, 5860, 6394, 6138, 5732, 6708, 5856, 6221, 6542, 5683, 5658, 5862, 6068, 5920, 6121, 5948, 5662, 5770, 5768, 6291, 6121, 5712, 5891, 6359, 6554, 6392, 6231, 5905, 6339, 6235, 5819, 5662, 6382, 6295, 6123, 5885, 5675, 5666, 6546, 5683, 5888, 5675, 5859, 5663, 6004, 6608, 6380, 6236, 6289, 5665, 5953, 6020, 5683, 5655, 6233, 6601, 6652, 5684, 5701, 5892, 5734, 6114, 5853, 5666, 6067, 5850, 6293, 5880, 6216, 5860, 6035, 5680, 6286, 5692, 5895, 6184, 5681, 5790, 5671, 5681, 6014, 5666, 5667, 5667, 6252, 5675, 5665, 5957, 5912, 5685, 6185, 6759, 6642, 6188, 6701, 5681, 5664, 6226, 6278, 6463, 6229, 5829, 5843, 6232, 5677, 5656, 6442, 6171, 6132, 5797, 5811, 5894, 5896, 5861, 6457, 6293, 6281, 5746, 5732, 5674, 5834, 6048, 6065, 5656, 6937, 6401, 6719, 5697, 6640, 5776, 5705, 5666, 5656, 5687, 5677, 5959, 5736, 5684, 6233, 5955, 5916, 5964, 6228, 5802, 5675, 5728, 5886, 6173, 6020, 6378, 5669, 5675, 6343, 6178, 5687, 6387, 5757, 5667, 6020, 6376, 6842, 5653, 5666, 6156, 6403, 6434, 5678, 6128, 6012, 6869, 6713, 6447, 5698, 6516, 5997, 5699, 5962, 5915, 6178, 5953, 6552, 6453, 5970, 5660, 6484, 5685, 6394, 5850, 6112, 5651, 5671, 5681, 5876, 6345, 5667, 5861, 5673, 6339, 6055, 6075, 5677, 6228, 5673, 6239, 5744, 6341, 6193, 6229, 5920, 5854, 5680, 6025, 5666, 6235, 5669, 5663, 6067, 6224, 6392, 5707, 6130, 6392, 6547, 6031, 5790, 5918, 5902, 6015, 5654, 6220, 6570, 6449, 5675, 6164, 6119, 6049, 5660, 6045, 6470, 6601, 5694, 5655, 5990, 6089, 5794, 5679, 6032, 5665, 6003, 5704, 6666, 5900, 6393, 6605, 5970, 5663, 6287, 5686, 5845, 5970, 6258, 6442, 5677, 6123, 5683, 5704, 5880, 5679, 6190, 6264, 5702, 5673, 6051, 5682, 5676, 6169, 6161, 5844, 6453, 6007, 6163, 6213, 6332, 6126, 5974, 5865, 5993, 5680, 6342, 5665, 5665, 6159, 6227, 6122, 5886, 5895, 6344, 6102, 6652, 6831, 6034, 6334, 6694, 5694, 6021, 6872, 6584, 5670, 6062, 5892, 6182, 6014, 6010, 6000, 5731, 5896, 6020, 6120, 5725, 6348, 6586, 6078, 5672, 6701, 5803, 5675, 5994, 6718, 5945, 6275, 5692, 5669, 6824, 6359, 5681, 5704, 5882, 6339, 6755, 5785, 5910, 6240, 5675, 6337, 6926, 6213, 5969, 6594, 7088, 6128, 6281, 6180, 5911, 5803, 5819, 6552, 5669, 5692, 6334, 6485, 6225, 5672, 6451, 6651, 6517, 6461, 5673, 5669, 5681, 6204, 6110, 6491, 5675, 5814, 6183, 5674, 5797, 5699, 6067, 6124, 5890, 5666, 5739, 5667, 6098, 5793, 6272, 5655, 6381, 5971, 5998, 6400, 5679, 5661, 6074, 5782, 6282, 6090, 6267, 6105, 6842, 6064, 6060, 5661, 5690, 5673, 5794, 6102, 5675, 5959, 6563, 6449, 6004, 5996, 6295, 6676, 5681, 6481, 6491, 5666, 5968, 6072, 6046, 6483, 5776, 5807, 5739, 6074, 5663, 6383, 5840, 6446, 5895, 6254, 6233, 5793, 6064, 5691, 5678, 6281, 6383, 6731, 5840, 5679, 5901, 5675, 6332, 5949, 5663, 6628, 6104, 6335, 5811, 5860, 5683, 6759, 5958, 6109, 6086, 6453, 5763, 5963, 6256, 6015, 6728, 6493, 5668, 5688, 6341, 5677, 6162, 6166, 5755, 6367, 6439, 5999, 6459, 6443, 5664, 6753, 5678, 5844, 6182, 5757, 6596, 5697, 6687, 6169, 6167, 5703, 5856, 5967, 5780, 6291, 6012, 5668, 5680, 6854, 6342, 6452, 6211, 6439, 5808, 5675, 5693, 6563, 5677, 6367, 6368, 6762, 7136, 6667, 5845, 6289, 6221, 6722, 5683, 6193, 5749, 5744, 6181, 5672, 5893, 5667, 5851, 5673, 5672, 6388, 5689, 6234, 5892, 6628, 6489, 5849, 5654, 5685, 6441, 6394, 6346, 5782, 5676, 6544, 6135, 5946, 6279, 5854, 5758, 6379, 5858, 6387, 6134, 5696, 5677, 6133, 6057, 6254, 6719, 6829, 5968, 6231, 6277, 7078, 5802, 6505, 6011, 5681, 6491, 7361, 6247, 5674, 5682, 5736, 6385, 6119, 6059, 5974, 5660, 6538, 5889, 5692, 5898, 5664, 5670, 5896, 6653, 6669, 5661, 6105, 6709, 5659, 6162, 5775, 5672, 6408, 5855, 6329, 6227, 6483, 5680, 6290, 5786, 6006, 5666, 5858, 6190, 5755, 5678, 6239, 6290, 6062, 5669, 5678, 6114, 6000, 5686, 6650, 5688, 5941, 5859, 5735, 5692, 5673, 6591, 5686, 5669, 6441, 5947, 6138, 6061, 6236, 5660, 5663, 5681, 5658, 5678, 6346, 5676, 5662, 6285, 6275, 6297, 6516, 6141, 6292, 6555, 5857, 6078, 5845, 6067, 5670, 6916, 5908, 6080, 5960, 6066, 5685, 5799, 6059, 5739, 6980, 5791, 6336, 6442, 5695, 6169, 5690, 5671, 5912, 6709, 5849, 6983, 6401, 5685, 5753, 6334, 5930, 5827, 7285, 6167, 5662, 6116, 5694, 6565, 5848, 5836, 6022, 6340, 6460, 5802, 6141, 6676, 5735, 6267, 6018, 5952, 5817, 5672, 6059, 6290, 6022, 5687, 6855, 5680, 5648, 6269, 6288, 5670, 6005, 5657, 6066, 5678, 5749, 5964, 5845, 5801, 5806, 5866, 5994, 6217, 5850, 5750, 6053, 6326, 5820, 5731, 6507, 6061, 6101, 5680, 6128, 6009, 5942, 6044, 6174, 5744, 5671, 6032, 5666, 5683, 6055, 5956, 6663, 5679, 5677, 6342, 5997, 6391, 5656, 5964, 6499, 5684, 6076, 5910, 5707, 6126, 6228, 5676, 5883, 5955, 5942, 6230, 6105, 6063, 6063, 5681, 6285, 6286, 6668, 6715, 5986, 6000, 5674, 6508, 5856, 5660, 5783, 6119, 5654, 5852, 5788, 6443, 5684, 6078, 5673, 6071, 6295, 6182, 5673, 5908, 6514, 6123, 6132, 5899, 5689, 6393, 5651, 5746, 5681, 6341, 5728, 6338, 6089, 6556, 5788, 5748, 5688, 5912, 6010, 5749, 5686, 5890, 6880, 6243, 6016, 5676, 5653, 6266, 6002, 6982, 6173, 5971, 5913, 6392, 5961, 5683, 6162, 6173, 5971, 6605, 6386, 6445, 6932, 5678, 5899, 6116, 6540, 5949, 6548, 5683, 6392, 5676, 6430, 6015, 5998, 5667, 6438, 6661, 5659, 6219, 6022, 5682, 5791, 6116, 5776, 6496, 6311, 6492, 6452, 6738, 6061, 5869, 5662, 6545, 5669, 6112, 6068, 6188, 5678, 6811, 6003, 5915, 6064, 6756, 6161, 6007, 6080, 5967, 6180, 6269, 6728, 6879, 6442, 5682, 6081, 6058, 5679, 6089, 5948, 5670, 5845, 6350, 6123, 6000, 5959, 5689, 5693, 5898, 5787, 6010, 6286, 6120, 6110, 5686, 6076, 6162, 6332, 5682, 5802, 5666, 5662, 5683, 6542, 5700, 6015, 6443, 5747, 5791, 5751, 6548, 6062, 5691, 6075, 6595, 6376, 6090, 5962, 5666, 5798, 6393, 6458, 5672, 6437, 5897, 5742, 6075, 5674, 5666, 5897, 5759, 5898, 6293, 6377, 6386, 6128, 6460, 6283, 5912, 6174, 6839, 5704, 5687, 6380, 6394, 5837, 6219, 6921, 5742, 6058, 5966, 5698, 5722, 5677, 6342, 5874, 6126, 6725, 6458, 6215, 6513, 6631, 6021, 5920, 6616, 6624, 6566, 6617, 6140, 6358, 6458, 5851, 6129, 5676, 6389, 6150, 6337, 5696, 5730, 5685, 5680, 5892, 6053, 6207, 5681, 6181, 5967, 5954, 6009, 5682, 6239, 6061, 6391, 6116, 5683, 6175, 5801, 5805, 5959, 6120, 5856, 6645, 6324, 5679, 5958, 6011, 6292, 6230, 6119, 5946, 5957, 6330, 5836, 6235, 5939, 6013, 5690, 6506, 6552, 6381, 6195, 5998, 6723, 6383, 5955, 6451, 6385, 5806, 5701, 6500, 5677, 5684, 6560, 6231, 5695, 5909, 5797, 6454, 5751, 5671, 6136, 5684, 5949, 5849, 5843, 5964, 6180, 5852, 6145, 6371, 6218, 6021, 6133, 6492, 6122, 6105, 6021, 6171, 6113, 5687, 5692, 5852, 5965, 6602, 6326, 6750, 6512, 6649, 6054, 5952, 5956, 5687, 5855, 6226, 5956, 5973, 7178, 6112, 6072, 6041, 6334, 5747, 5669, 6129, 5701, 6424, 6011, 5668, 6494, 6323, 6649, 5837, 5757, 5927, 5940, 5765, 5706, 6187, 5671, 5672, 6217, 6517, 6493, 5942, 6007, 6291, 5681, 6001, 6129, 5734, 5736, 5902, 6278, 5810, 6821, 5950, 5795, 5682, 5709, 6073, 6201, 5663, 6025, 6176, 5732, 6078, 5681, 5679, 6344, 5698, 6655, 6545, 5908, 6083, 6716, 5797, 5665, 6457, 6594, 5672, 6227, 5925, 5689, 5663, 5660, 6280, 5942, 6650, 5743, 5894, 6246, 6457, 6921, 5957, 5892, 6103, 5792, 5660, 6275, 6234, 6243, 5844, 5811, 5884, 5668, 6377, 5690, 5963, 7044, 6226, 5900, 6702, 6447, 6394, 5752, 5862, 6152, 5837, 6096, 5687, 6327, 6119, 6497, 6060, 5668, 6063, 6606, 6270, 5794, 6177, 6104, 5688, 5701, 6167, 5672, 6392, 5855, 6470, 5779, 5872, 6434, 5693, 5684, 5674, 5949, 6113, 6371, 5953, 5734, 5857, 5971, 6443, 5953, 6399, 5839, 5680, 5686, 6179, 5800, 5695, 5897, 6324, 5951, 6276, 5851, 5742, 5737, 6114, 5673, 5666, 6008, 6385, 6028, 6335, 6678, 6769, 6074, 5907, 5680, 5858, 6232, 5766, 5741, 6119, 6067, 5851, 5999, 6815, 5913, 5974, 6023, 6082, 6338, 5725, 6078, 5901, 5671, 5965, 5897, 6065, 5866, 6055, 6333, 5789, 6566, 6047, 5988, 5678, 5692, 6389, 5691, 6290, 6042, 6279, 6090, 5676, 6220, 5803, 6108, 6292, 6340, 6110, 5909, 6292, 6176, 5683, 6393, 6195, 5868, 5906, 5923, 6431, 6165, 5891, 6276, 5739, 6224, 6457, 6513, 6287, 6065, 6279, 6439, 6170, 5695, 5806, 6021, 6507, 6280, 6319, 5960, 6443, 6228, 6337, 6121, 6018, 5679, 5743, 5688, 5796, 5682, 5659, 5850, 5674, 5789, 6232, 6944, 5684, 5671, 5750, 5961, 7049, 5808, 5667, 5957, 6664, 5838, 5787, 5669, 6530, 6026, 5794, 5675, 5693, 5663, 6001, 5732, 6177, 5752, 5863, 5671, 6021, 6053, 5968, 6241, 6976, 5974, 5959, 6065, 6228, 6169, 6729, 6343, 6284, 6247, 6345, 5908, 6662, 5673, 5733, 6242, 5663, 5672, 6018, 5994, 5936, 5656, 6258, 6122, 5671, 5852, 7043, 5673, 6179, 5653, 5677, 6596, 5691, 6193, 6177, 6073, 5910, 6225, 5679, 6557, 6454, 6348, 5907, 6234, 5667, 5800, 5734, 5664, 6707, 6241, 5891, 6451, 5681, 5703, 6182, 5667, 6592, 5725, 5696, 6233, 6238, 5991, 6138, 6453, 5662, 6522, 6116, 6124, 6657, 6328, 5842, 6541, 6389, 6384, 5681, 5694, 6114, 5676, 6452, 6651, 6277, 5863, 5973, 6077, 6292, 5955, 6063, 5806, 5748, 6068, 5899, 6226, 6008, 5806, 6008, 6803, 5682, 5840, 5681, 6420, 6457, 5984, 5692, 6346, 6455, 7039, 6027, 6126, 6550, 6087, 5854, 6333, 5804, 6548, 6705, 5804, 6341, 5717, 5681, 5669, 5946, 6066, 5686, 6116, 6260, 5853, 5678, 5667, 5928, 5678, 6402, 5961, 6485, 5678, 6059, 5675, 6139, 6135, 6232, 6435, 5741, 5677, 6201, 5862, 6282, 5737, 6343, 6127, 6015, 5796, 5672, 5873, 6059, 5793, 5667, 6231, 6009, 7514, 6417, 5685, 6218, 5842, 6074, 6348, 6132, 6388, 5701, 5912, 6101, 5697, 5956, 5676, 6299, 6019, 6063, 6234, 6500, 5677, 6502, 5679, 5901, 6283, 6235, 6121, 6239, 6435, 5801, 5855, 5947, 5746, 6173, 5699, 6341, 6419, 5772, 5675, 6501, 5699, 6140, 5853, 5675, 6070, 6336, 5684, 5664, 5687, 6014, 6217, 6596, 5787, 6650, 6068, 5860, 6133, 6556, 6589, 5887, 6075, 6426, 6551, 5663, 6655, 5707, 6717, 5925, 6287, 5662, 5993, 6921, 5661, 5666, 5756, 5665, 6234, 5878, 5691, 5958, 6758, 6292, 6382, 6880, 5689, 6460, 6612, 5690, 5789, 5792, 6609, 5916, 5690, 6173, 5707, 6180, 6027, 6817, 5915, 6185, 6163, 5744, 6400, 6073, 6433, 6564, 6491, 6435, 6348, 6081, 5918, 6035, 5980, 6832, 5796, 5901, 5799, 5680, 6016, 6141, 5984, 6030, 5907, 6226, 6346, 6090, 5678, 6869, 5838, 6346, 6387, 5675, 5680, 6493, 6705, 6819, 5682, 5996, 5668, 5671, 6335, 5683, 6294, 6342, 6179, 5670, 6703, 5696, 6163, 5860, 5972, 6012, 6097, 6152, 6707, 5994, 6492, 6275, 6620, 5689, 5957, 5974, 7135, 6124, 5650, 5831, 6102, 6049, 6428, 5703, 7152, 6411, 6983, 6180, 5795, 5688, 5909, 6177, 5678, 6441, 5759, 5663, 5748, 5669, 6450, 5748, 5683, 5999, 5670, 6124, 6110, 5686, 6075, 6060, 6135, 7047, 5677, 6115, 5903, 6692, 5876, 5690, 6599, 6348, 5851, 6109, 5665, 5664, 5664, 5666, 6066, 5677, 5682, 6186, 6437, 5660, 6445, 6107, 5883, 6330, 5851, 5739, 5678, 6006, 5744, 6006, 5660, 6060, 5904, 5701, 6196, 6235, 5885, 6059, 6282, 5764, 5698, 6136, 5684, 6558, 6192, 5681, 5664, 6064, 6221, 6702, 6075, 6332, 6259, 6239, 6867, 5652, 5677, 6701, 5919, 5702, 5793, 5866, 5670, 6553, 6002, 5688, 5912, 6061, 5848, 6094, 5829, 5889, 6220, 5666, 5693, 5925, 6170, 6513, 5966, 6291, 5671, 6385, 5682, 6052, 5679, 5795, 6098, 6401, 5738, 5960, 6240, 6605, 6648, 5907, 6278, 6405, 6029, 6394, 6712, 6345, 6012, 5909, 6002, 6049, 6071, 6097, 6709, 5655, 5945, 5958, 6080, 5732, 5911, 5998, 5671, 6409, 5663, 5849, 6023, 5840, 6061, 6332, 6610, 6630, 5847, 5682, 6017, 6403, 5885, 5790, 6442, 5949, 5909, 5668, 5683, 6122, 6279, 5686, 5845, 5659, 5794, 6118, 6287, 5753, 6172, 6675, 6601, 6308, 5673, 5952, 6427, 6707, 5834, 6110, 5688, 5949, 5655, 6524, 6172, 6428, 5894, 6163, 6068, 5671, 5741, 5693, 6292, 5753, 5967, 6029, 5705, 6283, 6234, 5788, 5840, 5854, 6854, 5906, 6122, 5677, 5764, 5668, 6327, 5703, 6209, 5791, 6041, 6500, 6051, 6409, 6648, 6272, 5834, 5703, 6438, 5683, 5689, 6332, 6122, 5674, 6379, 6599, 6330, 5911, 6378, 5980, 6079, 5681, 6278, 6024, 6493, 6028, 5892, 6447, 6287, 5746, 6131, 5690, 5858, 5841, 6252, 6218, 6330, 5670, 5945, 6388, 6019, 5882, 6390, 5858, 6553, 5815, 5992, 5677, 6393, 6333, 6177, 5803, 5995, 5876, 6439, 6230, 5735, 6000, 5702, 6710, 6667, 6042, 6390, 5663, 6333, 6909, 6007, 5953, 6393, 7103, 5885, 6235, 5667, 5736, 5941, 5690, 5665, 5949, 6187, 6393, 6436, 6455, 6350, 5847, 6275, 6117, 5852, 5661, 5677, 6331, 6517, 6119, 5960, 5865, 6267, 5855, 5860, 5792, 6062, 5884, 5681, 6026, 6602, 6129, 6763, 6564, 6492, 6664, 6651, 6014, 5665, 6543, 5689, 6601, 5910, 5671, 6163, 5738, 5690, 5736, 6604, 5846, 6228, 5895, 6488, 6443, 6134, 5847, 5688, 6499, 5855, 5685, 5678, 6186, 6718, 6605, 6588, 5661, 6073, 6250, 5798, 5874, 5693, 5667, 6179, 6030, 5673, 5907, 6288, 5677, 5898, 6630, 6605, 6011, 5674, 6758, 6163, 5742, 5999, 5683, 5904, 6574, 7036, 6248, 6187, 5967, 6063, 6336, 5675, 5683, 6105, 6225, 6291, 6004, 6022, 6486, 6191, 6115, 6023, 5952, 5866, 6010, 5846, 6071, 6244, 5904, 5659, 5669, 5839, 5679, 6289, 6347, 6059, 6121, 6659, 5697, 6341, 6164, 6016, 6611, 5912, 5860, 6241, 6064, 6169, 6399, 5677, 5682, 5666, 5705, 5845, 6496, 6080, 6193, 5966, 6185, 5671, 6128, 6144, 6547, 5984, 6459, 6128, 6170, 5793, 5685, 6446, 6400, 5856, 5672, 5975, 6251, 6348, 5667, 6647, 5667, 6189, 6088, 6120, 6020, 5671, 6055, 5663, 6134, 5672, 6160, 5675, 5665, 6610, 6227, 6188, 5919, 6048, 6751, 5792, 5853, 5792, 5713, 6044, 5730, 5686, 5655, 6097, 5721, 6389, 6117, 6463, 6381, 5746, 5675, 6390, 5672, 5706, 5676, 5903, 6220, 5949, 6657, 6026, 5661, 5730, 5680, 5803, 6014, 6220, 6161, 5665, 6016, 6324, 6003, 6864, 5677, 5796, 6429, 6066, 5713, 5736, 5850, 5840, 6290, 6117, 6277, 5857, 6387, 5659, 6273, 5683, 5805, 5918, 6131, 6105, 6175, 5897, 6227, 5920, 5823, 6387, 6868, 6216, 6759, 6108, 6562, 6000, 5658, 5681, 6446, 5673, 5666, 6515, 5665, 5841, 5689, 6550, 6971, 6137, 6299, 7122, 6184, 5673, 5675, 6285, 6658, 6173, 5777, 5957, 6128, 6809, 5743, 6174, 5891, 6009, 6487, 6281, 5666, 5829, 5664, 5686, 5664, 5689, 5693, 6376, 5670, 5675, 5689, 6662, 6314, 6077, 6544, 5698, 6535, 6172, 5742, 5909, 5664, 5670, 5830, 6569, 6021, 5846, 6164, 6757, 5947, 6037, 6132, 6330, 6985, 5677, 6356, 5668, 6923, 5962, 5680, 5678, 6116, 6034, 5750, 6011, 5690, 5672, 6877, 5691, 6077, 6186, 5947, 6054, 6194, 6649, 5673, 5670, 6774, 5805, 5664, 6185, 6017, 5843, 6019, 5866, 6345, 6297, 5910, 6288, 5950, 6038, 6292, 5685, 6785, 6247, 6077, 6061, 6124, 6501, 6595, 5790, 6951, 5770, 6070, 5737, 5826, 5777, 5854, 6285, 5786, 5662, 5676, 5966, 5672, 5768, 5683, 5845, 5685, 5662, 6367, 6280, 6232, 6399, 5691, 5986, 5687, 5706, 6220, 6171, 5899, 6231, 6066, 6065, 5668, 6400, 6122, 6009, 6180, 6383, 6288, 6179, 5803, 6016, 5730, 5662, 6167, 5903, 6027, 6223, 6076, 6314, 5689, 5679, 6050, 6170, 6030, 6527, 5744, 5745, 5797, 6014, 6121, 5697, 5671, 6187, 6509, 5807, 5667, 5682, 6613, 5857, 5858, 5670, 6120, 5668, 6528, 6296, 6299, 6777, 6435, 5684, 6351, 5847, 5955, 6508, 6076, 6353, 6177, 5686, 5693, 5673, 5667, 6065, 5946, 5670, 5746, 6339, 6718, 5678, 6123, 6772, 6003, 5739, 6451, 5846, 5912, 6497, 5692, 5689, 6246, 5685, 5672, 6240, 6657, 6507, 5910, 5669, 6617, 5859, 5673, 6417, 6005, 6730, 5887, 5977, 6059, 5708, 6277, 5667, 6287, 6227, 5782, 6377, 5949, 6177, 6026, 6092, 5884, 6012, 6286, 6663, 6335, 5965, 6271, 6819, 6003, 6322, 5958, 6175, 5792, 6499, 6325, 5668, 6061, 5656, 5685, 5661, 5896, 5889, 5681, 5669, 5934, 5833, 6103, 6153, 5666, 6023, 6439, 5673, 5651, 5676, 6651, 6004, 5914, 5683, 5661, 5646, 5666, 6056, 5885, 5831, 6308, 6181, 6119, 6055, 6530, 5662, 5884, 6126, 6535, 5946, 6476, 6378, 6407, 5955, 5954, 6335, 5946, 6653, 6015, 6051, 6004, 6014, 5669, 5741, 5678, 6043, 6502, 6232, 6172, 6126, 5830, 5992, 5682, 5658, 5659, 6117, 5996, 5851, 6185, 6909, 6662, 5701, 5673, 6656, 6422, 6388, 6247, 6380, 6429, 6580, 6335, 5669, 5973, 6223, 6020, 5790, 6047, 6381, 6547, 6152, 5887, 6802, 6073, 5898, 5742, 5833, 5665, 5668, 5915, 5955, 6321, 5644, 6470, 6607, 5650, 6371, 5905, 6345, 6338, 6287, 6105, 6226, 5994, 6917, 6393, 6871, 6005, 6197, 6655, 5688, 5842, 5908, 6170, 5791, 6393, 5677, 6147, 5980, 5673, 5660, 7040, 5678, 5801, 5941, 5670, 5742, 6382, 6074, 6337, 5725, 5751, 6499, 6331, 5668, 5871, 6335, 5671, 6101, 6348, 6588, 5899, 6704, 6188, 6162, 6002, 6109, 5654, 6714, 6291, 5945, 6433, 5791, 6231, 6170, 5834, 6233, 6537, 6017, 6113, 6374, 5670, 6112, 6100, 5721, 5917, 5676, 5810, 6176, 5660, 5670, 6108, 6440, 5944, 6278, 5669, 5677, 5664, 5671, 5944, 6326, 5670, 5892, 6283, 6108, 6009, 6278, 5689, 5878, 5901, 5681, 5977, 5674, 6156, 5795, 5670, 5677, 6660, 6281, 6012, 5735, 5668, 6127, 5677, 5901, 6387, 5665, 5684, 6554, 5685, 6235, 6265, 6209, 6709, 5690, 6272, 5671, 6126, 5673, 6219, 5679, 5659, 5665, 5656, 5662, 5657, 6158, 6329, 5908, 6387, 5771, 6287, 5667, 6799, 5905, 5664, 5650, 6106, 5689, 5898, 6128, 6276, 6006, 6733, 5687, 5839, 6429, 6164, 5671, 6336, 5784, 5969, 5890, 6910, 5944, 6755, 5658, 5662, 5890, 5665, 5659, 6539, 6438, 6101, 6137, 5663, 6505, 5931, 6670, 5672, 6550, 5650, 6115, 5991, 5897, 5895, 5840, 6609, 6221, 5660, 5676, 6244, 6235, 5679, 6880, 5689, 6076, 6210, 6114, 5772, 5944, 5710, 6063, 5668, 5696, 6169, 5672, 6374, 5687, 6160, 6275, 6440, 5726, 5665, 5732, 5956, 5906, 5959, 6984, 6549, 5678, 5660, 6695, 6433, 6556, 5894, 5828, 5677, 6606, 5849, 6283, 6200, 5895, 6217, 5776, 6605, 5821, 6101, 6175, 5655, 6141, 5786, 6050, 6932, 5646, 6553, 6122, 5966, 6156, 6671, 6380, 6064, 5781, 5668, 5907, 6014, 6027, 5943, 6223, 6602, 6406, 6703, 5934, 6937, 5790, 5702, 5914, 6601, 5867, 6280, 6154, 5661, 5662, 6016, 5954, 5675, 5910, 6481, 5861, 5676, 6215, 6497, 5889, 5896, 5991, 6006, 5653, 5841, 5680, 6727, 6696, 5959, 6425, 5665, 5678, 5775, 6442, 6232, 5733, 5999, 6595, 6171, 5654, 5666, 6280, 6381, 6179, 5950, 5669, 6059, 5679, 5846, 6197, 5687, 5670, 5951, 5670, 6121, 6397, 5661, 6126, 5683, 6721, 6233, 6808, 6830, 6323, 6004, 6174, 5681, 5966, 5680, 5665, 5949, 6127, 6168, 5730, 5730, 6179, 6065, 5748, 5886, 6453, 6001, 5908, 6250, 5774, 5774, 5996, 5697, 6972, 5789, 6653, 5662, 5650, 5666, 6429, 6380, 5673, 5665, 6436, 6560, 6401, 5912, 5678, 5860, 5735, 5668, 5672, 6001, 5658, 5680, 5663, 6175, 6624, 5729, 6173, 6650, 5670, 6383, 5685, 5653, 5897, 6069, 6206, 6406, 5794, 6067, 6446, 6345, 5674, 6002, 6736, 6126, 5666, 5672, 5905, 6370, 6014, 5658, 5838, 6434, 5960, 6384, 5684, 5842, 5654, 5687, 6540, 5684, 6071, 5679, 5663, 6171, 5852, 5652, 6177, 6127, 5680, 5737, 6332, 6145, 6326, 6398, 5670, 5681, 6602, 6326, 6128, 6318, 5741, 6558, 6059, 6550, 5693, 6117, 6383, 6059, 5684, 6565, 5790, 6151, 5658, 6549, 6269, 5658, 5660, 6222, 5663, 5964, 5997, 6206, 6272, 6291, 5657, 6098, 6152, 5744, 6078, 6257, 6227, 5744, 6135, 5895, 6507, 5976, 6055, 5689, 6174, 6601, 5646, 5787, 5900, 6297, 6216, 5680, 5668, 5674, 5666, 5685, 6218, 5803, 6237, 6721, 6010, 5652, 5669, 6391, 5664, 5668, 5838, 6500, 5672, 5838, 5678, 5839, 5668, 5863, 5861, 6061, 6276, 6594, 6833, 5645, 5891, 5752, 5784, 6108, 6006, 5729, 6139, 5681, 5679, 5955, 5684, 5652, 6478, 5995, 5804, 5992, 6323, 5841, 5959, 6652, 6104, 6288, 5874, 5901, 5664, 5656, 6123, 5663, 5666, 5859, 6112, 5673, 5794, 5662, 5957, 5656, 6129, 6075, 5681, 5734, 6004, 5663, 5975, 5941, 5695, 6069, 5683, 5807, 6246, 6129, 5647, 5677, 5655, 5679, 6053, 5679, 6505, 6592, 6216, 6590, 5752, 6427, 6447, 5843, 5859, 6276, 6186, 6100, 6231, 6126, 6151, 6531, 6018, 6370, 6283, 5682, 5749, 6277, 6224, 5675, 5734, 5681, 5670, 6008, 6230, 6016, 5683, 6985, 6225, 6024, 6063, 6110, 6121, 5996, 6317, 5795, 6756, 5809, 5649, 5688, 5959, 6164, 5947, 5893, 6480, 5861, 6390, 5744, 5801, 6706, 6063, 6231, 5682, 6448, 5675, 6209, 6252, 6545, 5669, 5747, 5833, 5674, 5677, 6123, 6163, 5645, 6159, 5665, 5676, 5675, 6228, 6020, 6865, 6284, 5679, 6063, 6268, 6341, 6655, 5794, 5659, 5667, 6122, 6228, 6175, 6386, 5688, 5845, 5975, 5940, 5902, 5932, 5739, 5888, 5897, 6537, 6437, 6057, 5684, 5940, 6223, 6012, 5658, 6064, 5668, 6180, 5993, 6535, 6062, 5909, 5661, 6001, 6309, 6279, 6326, 5692, 5660, 5696, 5793, 6181, 6337, 6072, 5662, 6881, 5839, 5688, 6444, 5687, 6244, 6268, 5739, 5773, 5948, 5662, 6498, 5663, 6077, 5662, 5667, 6170, 5833, 6334, 6711, 5656, 6000, 5659, 6014, 6181, 6214, 6114, 5669, 6269, 6011, 6508, 6235, 6112, 6375, 5653, 6012, 5840, 5655, 6494, 6439, 6399, 6651, 5655, 5669, 6442, 6377, 5982, 5844, 6167, 5681, 6003, 6590, 6373, 5905, 5858, 5902, 6001, 5686, 5909, 5898, 5899, 5812, 5945, 7011, 5660, 6052, 6551, 6650, 5744, 6276, 6125, 6712, 6176, 5906, 5997, 5952, 5654, 5656, 5957, 6115, 5788, 5665, 6269, 6406, 5879, 6059, 5667, 5727, 5666, 6560, 5667, 6164, 6122, 6033, 6416, 5838, 5894, 6663, 6063, 6104, 5676, 6480, 5662, 5659, 5726, 5661, 5670, 5886, 6563, 6108, 5890, 6594, 6383, 6036, 6390, 5785, 5942, 6000, 5672, 6591, 5881, 5690, 6047, 5656, 5944, 5655, 5784, 6384, 5964, 5676, 5662, 5682, 5840, 6003, 6275, 5696, 6852, 6141, 6120, 6132, 5834, 5900, 5667, 6121, 6206, 6010, 5914, 5681, 6179, 6543, 5665, 6333, 6221, 5682, 6446, 6157, 5660, 6070, 6013, 5664, 6261, 5675, 5849, 5666, 5654, 6264, 5904, 6608, 6479, 5702, 5860, 6543, 5653, 6232, 6602, 6285, 5672, 6276, 6056, 5855, 6819, 5904, 6045, 6118, 6163, 5892, 6047, 6486, 5963, 5794, 5662, 6083, 5691, 5848, 5673, 5913, 5657, 5693, 6501, 6114, 6335, 5731, 5978, 6055, 6236, 6149, 5841, 6133, 6297, 6613, 6096, 6058, 6610, 6036, 6188, 5667, 5841, 5954, 6170, 6226, 5657, 6626, 5833, 5655, 5733, 6377, 6381, 5910, 5823, 6287, 5675, 5672, 6801, 6329, 6811, 5658, 6062, 6395, 6234, 5840, 5895, 6109, 5999, 6806, 5681, 6076, 5884, 5839, 6292, 6232, 6061, 6253, 5955, 6232, 6540, 5654, 5950, 6285, 5675, 6647, 6457, 5699, 6758, 6012, 6061, 5894, 5837, 6386, 5944, 5725, 6051, 6318, 5678, 6185, 5944, 6818, 5993, 5662, 5665, 5654, 5662, 5841, 5699, 5673, 6063, 5676, 6175, 6011, 6403, 5952, 6496, 6070, 6548, 6059, 5673, 6001, 5667, 5670, 6071, 6179, 5677, 6059, 5672, 6268, 6172, 6233, 6528, 5666, 5897, 5893, 6169, 6419, 6191, 6108, 6554, 6440, 5864, 5850, 6289, 5650, 6140, 5662, 5665, 5679, 6662, 6257, 6491, 6015, 5675, 5668, 5646, 5676, 6318, 5861, 6544, 5990, 6601, 6334, 6120, 5972, 6222, 6232, 5678, 5956, 6157, 5839, 6066, 6213, 6497, 6555, 6173, 5679, 6277, 5810, 5996, 6056, 5688, 5661, 6201, 5660, 6099, 5893, 6149, 6170, 5726, 6119, 5887, 5956, 6376, 6299, 6768, 6406, 6545, 5660, 5797, 5672, 5963, 6392, 5898, 5670, 6001, 5896, 5676, 6035, 5729, 5779, 6066, 6386, 6399, 6336, 6198, 5671, 6159, 6270, 5677, 6344, 5718, 6117, 6001, 5733, 6525, 5796, 6012, 6094, 5960, 6595, 6375, 6653, 5960, 6600, 5680, 6861, 5777, 5651, 6314, 6037, 6326, 5946, 5669, 5829, 6017, 5661, 5844, 5663, 5659, 5934, 5655, 6262, 5754, 6610, 5673, 6440, 6441, 6066, 5678, 5697, 5661, 5677, 6274, 5665, 6113, 5935, 5905, 5683, 6928, 6509, 6004, 5890, 6425, 6129, 5648, 6233, 5884, 6334, 6111, 6013, 5933, 6205, 6557, 5727, 6340, 6501, 5685, 5661, 6283, 5801, 5892, 5957, 6444, 5665, 5664, 6708, 6738, 5681, 5755, 6560, 7236, 6278, 6026, 5668, 6272, 5837, 5950, 5671, 6016, 6020, 6664, 6489, 6325, 6128, 5898, 5842, 6531, 5686, 6014, 5659, 5912, 5834, 7328, 6442, 6082, 6165, 6434, 5662, 6269, 6290, 6536, 6484, 6446, 6608, 6370, 6275, 5687, 6679, 5655, 5654, 5985, 6590, 6161, 6126, 5964, 6011, 5798, 5836, 6049, 5667, 7296, 5658, 6024, 5677, 5681, 5732, 5679, 5795, 5661, 5858, 5667, 6758, 7147, 6086, 6383, 5803, 5784, 5653, 6273, 6451, 6120, 5665, 6391, 6336, 6161, 6599, 5682, 6989, 6133, 6833, 5910, 6390, 5668, 6232, 5671, 5748, 5660, 6038, 6239, 5670, 6334, 5920, 6080, 5653, 6125, 6169, 5877, 5683, 6857, 5669, 6140, 6187, 5664, 5648, 6583, 6488, 5686, 6174, 6719, 6168, 5865, 5791, 6231, 6368, 6437, 5663, 6106, 6203, 6104, 6418, 6647, 6538, 5935, 5673, 5656, 5661, 5660, 5663, 5659, 6285, 5663, 6493, 6021, 6193, 6380, 5891, 6530, 5676, 5847, 6167, 6481, 5682, 6607, 6057, 5662, 5659, 5967, 5672, 5840, 6114, 7138, 6278, 5659, 5741, 5784, 5660, 6926, 5757, 6942, 5669, 5662, 6174, 5962, 5998, 6067, 6120, 5662, 5659, 5797, 5899, 6069, 6445, 6120, 5905, 6592, 6186, 6118, 6046, 6154, 5669, 6705, 6190, 5737, 6485, 6431, 6721, 5674, 6068, 6380, 6169, 6118, 6003, 5674, 6158, 5963, 5747, 5671, 6044, 5694, 5664, 6351, 5738, 6326, 6023, 5867, 5976, 6134, 5737, 5892, 6100, 6646, 5670, 5671, 6167, 5737, 5966, 5668, 6118, 6106, 6105, 6393, 6076, 6827, 7040, 5958, 6336, 6057, 5717, 5657, 5658, 5680, 6818, 5670, 6065, 5673, 5942, 6054, 5848, 6293, 6432, 5955, 6434, 6807, 6705, 5732, 5781, 5694, 5833, 6108, 6021, 6698, 6014, 5839, 6274, 5678, 5890, 6611, 6231, 6105, 6219, 6103, 5892, 5680, 5854, 5656, 6987, 5669, 6324, 5662, 6129, 6002, 5903, 5747, 5674, 6297, 5667, 6226, 6867, 6007, 6192, 6014, 6265, 5700, 5652, 5841, 6276, 5835, 6211, 6275, 6222, 6248, 6216, 5731, 5673, 5686, 5670, 5963, 5971, 6471, 6209, 5655, 6172, 5654, 6285, 6115, 5931, 5660, 6429, 6069, 5789, 5661, 5952, 6342, 5669, 5756, 6488, 5740, 5838, 6158, 6225, 5981, 5659, 5976, 6387, 6062, 6433, 5836, 6387, 6351, 5824, 6055, 5860, 5690, 6199, 5662, 6147, 5655, 6601, 5683, 6006, 5666, 6385, 5665, 6180, 5913, 6163, 5886, 6109, 5947, 5663, 5670, 5683, 6367, 5655, 6443, 5951, 5664, 6412, 5666, 6270, 6554, 5907, 5772, 5735, 5897, 6013, 6068, 6522, 5972, 6328, 5678, 6065, 6431, 5961, 5916, 6088, 5645, 6430, 6350, 6493, 5652, 6049, 6076, 5838, 6493, 5674, 6116, 6432, 6281, 6004, 5664, 6062, 6646, 5890, 6497, 5661, 5775, 6284, 6066, 5671, 5674, 5671, 6072, 6319, 6327, 5672, 6293, 5660, 5859, 5839, 6806, 5954, 6551, 5660, 6045, 6778, 5684, 6434, 5732, 6445, 6344, 6386, 6152, 6876, 6136, 6052, 6493, 6883, 5957, 5669, 5665, 6348, 6278, 6048, 6599, 6296, 6014, 6111, 5677, 5651, 5914, 6153, 6008, 5845, 6386, 5935, 6398, 6235, 6172, 6285, 6339, 6174, 6503, 5733, 5662, 6185, 6394, 5903, 5841, 6927, 6217, 5909, 5672, 6105, 6227, 5791, 5669, 6226, 6118, 5894, 5908, 6672, 6118, 6106, 6493, 6427, 5665, 5967, 5896, 6164, 5827, 5972, 5678, 5896, 5657, 5663, 6706, 6641, 5675, 5893, 5722, 6054, 6116, 6316, 5668, 6636, 5723, 6478, 5940, 6447, 6483, 6756, 5759, 6327, 5683, 6207, 6096, 6146, 5956, 5688, 6058, 5668, 5952, 6433, 5909, 5686, 6216, 6331, 5659, 6418, 6608, 6753, 5739, 6441, 6113, 5917, 6338, 5669, 6493, 5838, 5657, 6063, 6500, 5908, 5670, 5900, 5690, 5840, 5993, 6547, 6908, 6011, 6560, 5786, 6120, 5670, 6380, 5673, 5730, 6113, 6383, 5659, 6232, 6329, 6062, 6159, 5706, 6500, 6062, 6002, 6129, 5669, 5678, 6733, 6442, 5900, 6082, 5667, 6601, 5670, 6613, 5681, 5678, 6494, 6751, 6763, 6647, 5904, 5677, 6164, 6230, 6186, 5906, 5848, 6653, 6681, 5688, 5788, 5738, 6655, 6120, 6116, 5659, 6167, 6389, 6322, 5668, 6518, 6910, 5949, 6227, 6180, 6218, 6598, 5672, 5999, 5748, 6338, 6229, 6653, 6391, 6696, 6126, 6983, 5675, 6074, 6485, 5831, 6335, 6004, 5681, 6442, 6585, 5728, 6067, 5667, 5676, 6667, 6232, 6151, 5666, 5946, 6064, 6208, 6328, 6334, 5652, 6065, 6028, 5698, 6383, 6534, 6510, 5671, 5690, 5678, 6446, 6061, 6187, 5758, 6489, 6122, 6372, 5696, 5664, 5807, 7019, 5827, 5685, 5904, 6082, 6103, 5777, 5656, 5708, 6209, 6270, 5894, 5649, 7121, 5922, 5660, 6502, 5889, 6074, 6088, 5891, 5963, 5663, 6167, 5674, 6040, 5903, 6220, 5837, 5674, 5936, 6230, 6066, 6231, 5665, 5668, 6127, 6165, 6055, 5781, 6596, 5974, 6324, 6010, 5755, 5660, 6230, 5674, 5669, 6228, 5688, 5835, 5841, 6664, 6085, 5962, 5888, 6784, 6174, 5844, 6655, 5656, 6161, 6132, 6167, 6108, 5669, 6018, 5882, 6310, 6381, 6542, 5970, 6065, 5860, 6821, 5729, 5736, 5666, 6764, 6862, 5679, 6010, 6171, 6656, 6439, 6054, 6701, 5681, 6588, 6150, 6105, 6114, 6819, 6260, 6116, 6055, 5661, 5951, 5829, 6399, 6237, 6271, 5687, 5958, 6808, 6122, 6015, 6054, 6128, 6281, 5772, 6440, 6599, 5670, 5660, 5681, 5652, 5755, 5657, 6119, 6029, 6123, 6812, 5832, 5915, 5988, 5655, 5867, 5734, 7077, 6273, 6210, 6112, 6150, 6870, 6596, 5901, 6333, 5998, 6372, 6407, 6169, 5688, 6012, 6674, 5878, 5958, 5905, 5890, 5960, 6226, 6547, 6129, 5671, 6280, 6432, 6435, 6705, 6004, 6102, 5772, 5676, 5722, 5886, 5668, 6648, 5772, 5787, 6711, 6224, 5673, 6019, 6616, 6160, 6165, 6008, 5731, 5678, 6439, 6065, 5665, 5673, 5940, 5782, 6236, 5693, 6009, 6066, 5898, 6010, 5650, 6066, 6460, 5662, 5656, 5672, 5942, 5953, 6566, 5941, 6028, 5838, 5727, 5961, 6064, 6067, 6150, 6658, 6068, 6173, 6165, 6180, 6495, 5818, 6379, 5668, 5791, 5904, 6693, 5688, 5673, 6198, 7138, 6595, 6022, 6384, 5651, 6819, 6239, 5666, 6110, 5672, 6111, 5674, 6280, 6165, 6489, 6185, 5675, 6113, 5686, 5786, 5653, 5991, 5939, 5650, 5670, 5914, 6439, 5942, 6236, 5844, 6122, 5685, 6485, 6066, 5663, 5686, 6051, 6059, 5680, 5858, 5890, 6434, 5658, 6230, 5937, 5767, 5970, 5929, 5663, 5994, 5968, 6440, 5676, 5681, 6110, 6100, 5778, 6116, 6369, 6384, 6332, 5712, 5662, 6174, 6495, 6153, 6115, 5970, 5850, 5706, 6449, 6441, 5667, 6279, 5662, 6496, 6157, 6000, 6768, 5939, 5680, 5749, 6117, 6163, 6827, 6065, 6385, 6102, 6137, 6479, 6690, 5837, 5749, 5677, 5666, 5842, 6169, 5835, 6005, 6331, 6651, 6119, 5959, 6170, 5881, 5974, 5735, 5668, 5842, 6157, 5760, 5700, 5660, 5665, 5897, 5989, 5780, 5886, 5676, 6289, 6647, 5672, 5678, 5676, 6603, 6848, 6429, 5832, 6049, 6153, 6747, 6070, 6428, 6437, 5789, 5894, 6056, 6159, 6220, 6339, 6110, 5655, 6279, 5717, 5893, 6343, 5795, 5737, 5656, 6402, 5958, 5675, 5685, 6004, 6607, 5708, 6063, 5833, 6096, 6188, 6681, 6052, 5888, 6472, 5677, 5900, 5664, 5672, 6101, 6507, 5875, 6166, 5842, 5725, 5944, 6392, 6107, 6126, 5787, 6353, 6171, 6054, 6120, 6703, 6284, 6323, 6337, 6429, 6290, 5670, 5665, 6862, 5965, 6120, 5832, 6487, 6376, 6182, 6274, 5940, 6276, 5683, 6810, 6177, 6596, 6760, 6236, 6222, 5682, 5847, 5890, 5662, 6210, 6393, 5690, 5666, 5742, 5918, 5974, 6437, 6003, 6753, 6174, 5812, 5664, 6064, 6067, 5942, 6585, 6770, 5687, 5674, 6086, 5664, 6018, 5996, 6291, 6268, 5671, 5670, 6716, 5841, 6223, 5837, 6560, 5899, 5649, 6179, 6111, 6347, 6062, 6143, 5673, 6019, 5673, 6062, 5665, 6765, 6461, 5691, 5834, 6502, 5962, 6173, 6420, 6395, 5679, 6669, 5684, 5925, 5678, 6212, 5662, 6270, 6253, 5664, 6224, 6446, 6158, 5658, 6067, 5726, 5720, 5840, 5669, 5665, 5691, 5969, 5670, 5840, 5663, 5669, 6526, 5945, 6169, 6515, 5686, 5685, 6007, 5700, 6119, 6281, 6063, 5680, 5655, 5967, 6187, 5838, 6228, 6209, 7078, 5745, 5675, 6388, 6006, 5664, 6119, 5663, 6048, 6163, 5959, 6451, 5667, 6486, 5866, 5672, 6221, 6441, 5660, 6228, 6227, 5790, 5917, 5895, 6537, 5675, 6809, 6038, 6072, 6015, 6284, 7185, 5688, 5659, 5949, 5646, 5651, 6691, 5699, 6597, 5657, 5648, 6477, 6059, 5844, 5662, 6281, 5832, 6026, 6171, 5948, 5922, 5956, 5854, 5746, 5755, 6024, 5665, 6772, 6165, 6246, 5685, 6174, 6059, 5653, 6094, 6039, 6937, 6022, 5658, 5670, 5654, 5689, 5907, 5662, 5680, 6212, 6014, 6242, 6011, 6298, 6275, 6182, 6263, 5664, 6016, 6041, 5948, 6878, 5674, 6432, 5899, 5665, 6435, 6599, 5693, 6334, 6225, 5683, 6178, 5678, 6273, 5959, 6337, 6915, 6623, 5691, 6332, 6746, 5739, 6343, 
Mejor solucion obtenida: 2, 36, 37, 38, 39, 40, 42, 41, 26, 24, 25, 21, 22, 23, 35, 0, 4, 17, 15, 19, 20, 18, 16, 13, 14, 12, 34, 33, 32, 31, 10, 11, 8, 9, 5, 7, 6, 30, 29, 27, 28, 3, 1, || Fitness: 5620;