Archivo Usado: p43.atsp
Tamaño de la Poblacion: 100
Reemplazo por Generacion: 5
Tamaño de los Torneos: 7
Cantidad de ciudades: 43
Probabilidad de cruce: 80000
Probabilidad mutacion simple: 3000
Probabilidad mutacion compleja: 30000
Cruces minimos de la mutacion compleja: 4
Iteraciones ejecutadas: 10000
Largo del cruce PMX: 6
Operador de Cruce: 0
Metodo seleccion de Padres: 0
Operador de Mutacion: 0
Metodo seleccion de Supervivientes: 1
Cantidad de threads a usar: 16
34, 12, 31, 32, 10, 11, 9, 8, 7, 5, 6, 30, 29, 28, 27, 3, 1, 2, 36, 37, 39, 38, 42, 41, 40, 26, 25, 24, 21, 22, 23, 35, 0, 4, 17, 19, 20, 18, 16, 15, 13, 14, 33, 
31, 32, 10, 11, 8, 9, 7, 5, 6, 30, 29, 28, 27, 3, 1, 2, 36, 37, 39, 38, 42, 41, 40, 26, 25, 24, 21, 22, 23, 35, 0, 4, 17, 19, 20, 18, 16, 15, 13, 14, 33, 34, 12, 
31, 32, 10, 11, 8, 9, 7, 5, 6, 30, 29, 28, 27, 3, 1, 2, 36, 37, 39, 38, 41, 42, 40, 26, 25, 24, 21, 22, 23, 35, 0, 4, 17, 19, 20, 18, 16, 15, 13, 14, 33, 34, 12, 
30, 29, 28, 27, 3, 1, 2, 36, 37, 39, 38, 42, 41, 40, 26, 25, 24, 21, 22, 23, 35, 0, 4, 17, 19, 20, 18, 16, 15, 13, 14, 33, 34, 12, 31, 32, 10, 11, 9, 8, 7, 5, 6, 
31, 32, 10, 11, 8, 9, 5, 7, 6, 30, 29, 28, 27, 3, 1, 2, 36, 37, 39, 38, 41, 42, 40, 26, 25, 24, 21, 22, 23, 35, 0, 4, 17, 19, 20, 18, 16, 15, 13, 14, 33, 34, 12, 
31, 32, 10, 11, 8, 9, 7, 5, 6, 30, 29, 28, 27, 3, 1, 2, 36, 37, 39, 38, 41, 42, 40, 26, 25, 24, 21, 22, 23, 35, 0, 4, 17, 19, 20, 18, 16, 15, 13, 14, 12, 34, 33, 
12, 31, 32, 10, 11, 9, 8, 7, 5, 6, 30, 29, 28, 27, 3, 1, 2, 36, 37, 39, 38, 42, 41, 40, 26, 25, 24, 21, 22, 23, 35, 0, 4, 17, 19, 20, 18, 16, 15, 13, 14, 33, 34, 
31, 32, 10, 11, 9, 8, 7, 5, 6, 30, 29, 28, 27, 3, 1, 2, 36, 37, 39, 38, 42, 41, 40, 26, 25, 24, 21, 22, 23, 35, 0, 4, 17, 19, 20, 18, 16, 15, 13, 14, 33, 34, 12, 
27, 3, 1, 2, 36, 37, 39, 38, 42, 41, 40, 26, 25, 24, 21, 22, 23, 35, 0, 4, 17, 19, 20, 18, 16, 15, 13, 14, 33, 34, 12, 31, 32, 10, 11, 9, 8, 7, 5, 6, 30, 29, 28, 
23, 35, 0, 4, 17, 19, 20, 18, 16, 15, 13, 14, 33, 34, 12, 31, 32, 10, 11, 9, 8, 7, 5, 6, 30, 29, 28, 27, 3, 1, 2, 36, 37, 39, 38, 41, 42, 40, 26, 25, 24, 22, 21, 
4, 0, 35, 23, 22, 21, 24, 25, 26, 40, 42, 41, 38, 39, 37, 36, 2, 1, 3, 27, 28, 29, 30, 6, 5, 7, 9, 8, 11, 10, 32, 31, 18, 20, 19, 17, 15, 16, 13, 14, 33, 34, 12, 
23, 22, 21, 24, 25, 26, 40, 42, 41, 38, 39, 37, 36, 2, 1, 3, 27, 28, 29, 30, 6, 5, 7, 9, 8, 11, 10, 32, 31, 12, 34, 33, 14, 13, 15, 16, 18, 20, 19, 17, 4, 0, 35, 
24, 25, 26, 40, 41, 42, 38, 39, 37, 36, 2, 1, 3, 27, 28, 29, 30, 6, 5, 7, 8, 9, 11, 10, 32, 31, 12, 34, 33, 14, 13, 15, 16, 18, 20, 19, 17, 4, 0, 35, 23, 22, 21, 
0, 35, 23, 22, 21, 24, 25, 26, 40, 41, 42, 38, 39, 37, 36, 2, 1, 3, 27, 28, 29, 30, 6, 5, 7, 8, 9, 11, 10, 32, 31, 12, 34, 33, 14, 13, 15, 16, 18, 20, 19, 17, 4, 
6, 7, 5, 8, 9, 11, 10, 32, 31, 12, 34, 33, 14, 13, 15, 16, 18, 20, 19, 17, 4, 0, 35, 23, 22, 21, 24, 25, 26, 40, 41, 42, 38, 39, 37, 36, 2, 1, 3, 27, 28, 29, 30, 
23, 22, 21, 24, 25, 26, 40, 41, 42, 38, 39, 37, 36, 2, 1, 3, 27, 28, 29, 30, 6, 5, 7, 8, 9, 11, 10, 32, 31, 12, 34, 33, 14, 13, 15, 16, 18, 20, 19, 17, 4, 0, 35, 
33, 14, 13, 15, 16, 18, 20, 19, 17, 4, 0, 35, 23, 22, 21, 24, 25, 26, 40, 41, 42, 38, 39, 37, 36, 2, 1, 3, 27, 28, 29, 30, 6, 5, 7, 8, 9, 11, 10, 32, 31, 12, 34, 
39, 37, 36, 2, 1, 3, 27, 28, 29, 30, 6, 5, 7, 8, 9, 11, 10, 32, 31, 12, 34, 33, 14, 13, 15, 16, 18, 20, 19, 17, 4, 0, 35, 23, 22, 21, 24, 25, 26, 40, 41, 42, 38, 
27, 28, 29, 30, 6, 5, 7, 8, 9, 11, 10, 32, 31, 12, 34, 33, 14, 13, 15, 16, 18, 20, 19, 17, 4, 0, 35, 23, 22, 21, 24, 25, 26, 40, 41, 42, 38, 39, 37, 36, 2, 1, 3, 
40, 42, 41, 38, 39, 37, 36, 2, 1, 3, 27, 28, 29, 30, 6, 7, 5, 9, 8, 11, 10, 32, 31, 12, 34, 33, 14, 13, 15, 16, 18, 20, 19, 17, 4, 0, 35, 23, 22, 21, 24, 25, 26, 
4, 0, 35, 23, 22, 21, 24, 25, 26, 40, 41, 42, 38, 39, 37, 36, 2, 1, 3, 27, 28, 29, 30, 6, 5, 7, 8, 9, 11, 10, 32, 31, 12, 34, 33, 14, 13, 15, 16, 18, 20, 19, 17, 
3, 27, 28, 29, 30, 6, 5, 7, 8, 9, 11, 10, 32, 31, 12, 34, 33, 14, 13, 15, 16, 18, 20, 19, 17, 4, 0, 35, 23, 22, 21, 24, 25, 26, 40, 41, 42, 38, 39, 37, 36, 2, 1, 
38, 39, 37, 36, 2, 1, 3, 27, 28, 29, 30, 6, 5, 7, 8, 9, 11, 10, 32, 31, 12, 34, 33, 14, 13, 15, 16, 18, 20, 19, 17, 4, 0, 35, 23, 22, 21, 24, 25, 26, 40, 41, 42, 
11, 10, 32, 31, 12, 34, 33, 14, 13, 15, 16, 18, 20, 19, 17, 4, 0, 35, 23, 22, 21, 24, 25, 26, 40, 41, 42, 38, 39, 37, 36, 2, 1, 3, 27, 28, 29, 30, 6, 7, 5, 8, 9, 
30, 6, 7, 5, 8, 9, 11, 10, 32, 31, 12, 34, 33, 14, 13, 15, 16, 18, 20, 19, 17, 4, 0, 35, 23, 22, 21, 24, 25, 26, 40, 41, 42, 38, 39, 37, 36, 2, 1, 3, 27, 28, 29, 
27, 28, 29, 30, 6, 5, 7, 8, 9, 11, 10, 32, 31, 12, 34, 33, 14, 13, 15, 16, 18, 20, 19, 17, 4, 0, 35, 23, 22, 21, 24, 25, 26, 40, 41, 42, 38, 39, 37, 36, 2, 1, 3, 
27, 28, 29, 30, 6, 5, 7, 8, 9, 11, 10, 32, 31, 12, 34, 33, 14, 13, 15, 16, 18, 20, 19, 17, 4, 0, 35, 23, 22, 21, 24, 25, 26, 40, 42, 41, 38, 39, 37, 36, 2, 1, 3, 
32, 31, 12, 34, 33, 14, 13, 15, 16, 18, 20, 19, 17, 4, 0, 35, 23, 22, 21, 24, 25, 26, 40, 42, 41, 38, 39, 37, 36, 2, 1, 3, 27, 28, 29, 30, 6, 5, 7, 8, 9, 11, 10, 
27, 28, 29, 30, 6, 5, 7, 8, 9, 11, 10, 32, 31, 12, 34, 33, 14, 13, 15, 16, 18, 20, 19, 17, 4, 0, 35, 23, 22, 21, 24, 25, 26, 40, 41, 42, 38, 39, 37, 36, 2, 1, 3, 
10, 32, 31, 12, 34, 33, 14, 13, 15, 16, 18, 20, 19, 17, 4, 0, 35, 23, 22, 21, 24, 25, 26, 40, 41, 42, 38, 39, 37, 36, 2, 1, 3, 27, 28, 29, 30, 6, 5, 7, 8, 9, 11, 
20, 19, 17, 4, 0, 35, 23, 22, 21, 24, 25, 26, 40, 41, 42, 38, 39, 37, 36, 2, 1, 3, 27, 28, 29, 30, 6, 5, 7, 8, 9, 11, 10, 32, 31, 12, 34, 33, 14, 13, 15, 16, 18, 
12, 34, 33, 14, 13, 15, 16, 18, 20, 19, 17, 4, 0, 35, 23, 22, 21, 24, 25, 26, 40, 41, 42, 38, 39, 37, 36, 2, 1, 3, 27, 28, 29, 30, 6, 5, 7, 8, 9, 11, 10, 32, 31, 
28, 29, 30, 6, 5, 7, 8, 9, 11, 10, 32, 31, 12, 34, 33, 14, 13, 15, 16, 18, 20, 19, 17, 4, 0, 35, 23, 22, 21, 24, 25, 26, 40, 42, 41, 38, 39, 37, 36, 2, 1, 3, 27, 
4, 0, 35, 23, 22, 21, 24, 25, 26, 40, 41, 42, 38, 39, 37, 36, 2, 1, 3, 27, 28, 29, 30, 6, 5, 7, 8, 9, 11, 10, 32, 31, 12, 34, 33, 14, 13, 15, 16, 18, 20, 19, 17, 
27, 28, 29, 30, 6, 5, 7, 8, 9, 11, 10, 32, 31, 12, 34, 33, 14, 13, 15, 16, 18, 20, 19, 17, 4, 0, 35, 23, 22, 21, 24, 25, 26, 40, 41, 42, 38, 39, 37, 36, 2, 1, 3, 
23, 22, 21, 24, 25, 26, 40, 41, 42, 38, 39, 37, 36, 2, 1, 3, 27, 28, 29, 30, 6, 5, 7, 8, 9, 11, 10, 32, 31, 12, 34, 33, 14, 13, 15, 16, 18, 20, 19, 17, 4, 0, 35, 
5, 7, 8, 9, 11, 10, 32, 31, 12, 34, 33, 14, 13, 15, 16, 18, 20, 19, 17, 4, 0, 35, 23, 22, 21, 24, 25, 26, 40, 41, 42, 38, 39, 37, 36, 2, 1, 3, 27, 28, 29, 30, 6, 
11, 10, 32, 31, 12, 34, 33, 14, 13, 15, 16, 18, 20, 19, 17, 4, 0, 35, 23, 22, 21, 24, 25, 26, 40, 41, 42, 38, 39, 37, 36, 2, 1, 3, 27, 28, 29, 30, 6, 5, 7, 8, 9, 
14, 13, 15, 16, 18, 20, 19, 17, 4, 0, 35, 23, 22, 21, 24, 25, 26, 40, 41, 42, 38, 39, 37, 36, 2, 1, 3, 27, 28, 29, 30, 6, 5, 7, 8, 9, 11, 10, 32, 31, 12, 34, 33, 
16, 18, 20, 19, 17, 4, 0, 35, 23, 22, 21, 24, 25, 26, 40, 41, 42, 38, 39, 37, 36, 2, 1, 3, 27, 28, 29, 30, 6, 5, 7, 8, 9, 11, 10, 32, 31, 12, 34, 33, 14, 13, 15, 
37, 36, 2, 1, 3, 27, 28, 29, 30, 6, 5, 7, 8, 9, 11, 10, 32, 31, 12, 34, 33, 14, 13, 15, 16, 18, 20, 19, 17, 4, 0, 35, 23, 22, 21, 24, 25, 26, 40, 41, 42, 38, 39, 
27, 28, 29, 30, 6, 5, 7, 8, 9, 11, 10, 32, 31, 12, 34, 33, 14, 13, 15, 16, 18, 20, 19, 17, 4, 0, 35, 23, 22, 21, 24, 25, 26, 40, 41, 42, 38, 39, 37, 36, 2, 1, 3, 
12, 34, 33, 14, 13, 15, 16, 18, 20, 19, 17, 4, 0, 35, 23, 22, 21, 24, 25, 26, 40, 41, 42, 38, 39, 37, 36, 2, 1, 3, 27, 28, 29, 30, 6, 5, 7, 8, 9, 11, 10, 32, 31, 
31, 32, 12, 11, 8, 9, 7, 5, 6, 30, 29, 28, 27, 3, 1, 2, 36, 37, 39, 38, 42, 41, 40, 26, 25, 24, 21, 22, 23, 35, 0, 4, 17, 19, 20, 18, 16, 15, 13, 14, 33, 34, 10, 
9, 10, 32, 31, 12, 34, 33, 14, 13, 15, 16, 18, 20, 19, 17, 4, 0, 35, 23, 22, 21, 24, 25, 26, 40, 42, 41, 38, 39, 37, 36, 2, 1, 3, 27, 28, 29, 30, 6, 7, 11, 8, 5, 
29, 30, 6, 5, 7, 11, 10, 32, 31, 12, 34, 33, 14, 13, 15, 16, 18, 20, 19, 17, 4, 0, 35, 23, 22, 21, 24, 25, 26, 40, 41, 42, 38, 39, 37, 36, 2, 1, 3, 27, 28, 8, 9, 
31, 32, 10, 11, 9, 8, 7, 5, 34, 30, 29, 28, 27, 3, 1, 2, 36, 37, 39, 38, 42, 41, 40, 26, 25, 24, 21, 22, 23, 35, 0, 4, 17, 19, 20, 18, 16, 15, 13, 14, 33, 6, 12, 
34, 12, 31, 32, 10, 11, 9, 8, 5, 17, 6, 30, 29, 28, 27, 3, 1, 2, 36, 37, 39, 38, 42, 41, 40, 26, 25, 24, 21, 22, 23, 35, 0, 4, 7, 19, 20, 18, 16, 15, 13, 14, 33, 
36, 2, 1, 3, 27, 28, 29, 30, 6, 5, 7, 11, 10, 32, 31, 12, 34, 33, 14, 13, 15, 16, 18, 20, 19, 17, 4, 0, 35, 23, 22, 21, 24, 25, 26, 40, 41, 42, 38, 39, 37, 9, 8, 
37, 36, 2, 1, 3, 27, 28, 29, 30, 6, 5, 7, 9, 8, 11, 10, 32, 31, 15, 16, 18, 20, 19, 17, 4, 0, 35, 23, 22, 21, 24, 25, 26, 40, 41, 42, 38, 39, 33, 14, 13, 34, 12, 
31, 32, 10, 11, 9, 17, 7, 5, 6, 30, 29, 28, 27, 3, 1, 2, 36, 37, 39, 38, 42, 41, 40, 26, 25, 24, 21, 22, 23, 35, 0, 4, 8, 19, 20, 18, 16, 15, 13, 14, 33, 34, 12, 
12, 34, 33, 14, 13, 15, 16, 18, 20, 19, 17, 4, 0, 35, 23, 22, 21, 24, 25, 26, 40, 42, 41, 38, 39, 37, 36, 2, 27, 28, 29, 30, 6, 5, 7, 11, 10, 32, 31, 3, 1, 8, 9, 
3, 27, 28, 29, 30, 6, 7, 5, 11, 10, 32, 31, 12, 34, 33, 14, 13, 15, 16, 18, 20, 19, 17, 4, 0, 35, 23, 22, 21, 24, 25, 26, 40, 42, 41, 38, 39, 37, 36, 2, 1, 9, 8, 
31, 12, 34, 33, 14, 13, 15, 16, 18, 20, 19, 17, 4, 0, 35, 23, 22, 21, 24, 25, 26, 40, 41, 42, 38, 39, 37, 36, 2, 27, 28, 29, 30, 6, 5, 7, 8, 9, 11, 10, 32, 3, 1, 
34, 33, 14, 13, 15, 16, 18, 20, 19, 17, 4, 0, 35, 23, 22, 21, 24, 25, 26, 40, 41, 42, 38, 39, 37, 36, 2, 27, 28, 29, 30, 6, 5, 7, 8, 9, 11, 10, 32, 31, 12, 1, 3, 
29, 28, 27, 31, 1, 2, 36, 37, 39, 38, 42, 41, 40, 26, 25, 24, 21, 22, 23, 35, 0, 4, 17, 19, 20, 18, 16, 15, 13, 14, 33, 34, 12, 3, 32, 10, 11, 9, 8, 7, 5, 6, 30, 
29, 30, 6, 5, 7, 9, 8, 11, 10, 32, 31, 18, 20, 19, 17, 4, 0, 35, 23, 22, 21, 24, 25, 26, 40, 42, 41, 38, 39, 37, 36, 2, 1, 3, 27, 28, 13, 15, 16, 33, 14, 12, 34, 
3, 36, 37, 39, 38, 42, 41, 40, 26, 25, 24, 21, 22, 23, 35, 0, 4, 17, 19, 20, 18, 16, 8, 13, 14, 33, 34, 12, 31, 32, 10, 11, 9, 15, 7, 5, 6, 30, 29, 28, 27, 2, 1, 
24, 25, 26, 40, 41, 42, 38, 39, 37, 36, 2, 27, 28, 29, 30, 6, 5, 7, 8, 9, 11, 10, 32, 31, 12, 34, 33, 14, 13, 15, 16, 18, 20, 19, 17, 4, 0, 35, 23, 22, 21, 1, 3, 
23, 22, 21, 24, 25, 26, 40, 41, 42, 38, 39, 37, 36, 2, 1, 3, 27, 28, 29, 30, 6, 5, 7, 8, 9, 11, 17, 32, 31, 12, 34, 33, 14, 13, 15, 16, 18, 20, 19, 10, 4, 0, 35, 
34, 12, 31, 32, 17, 11, 29, 8, 7, 5, 6, 30, 9, 28, 27, 3, 1, 2, 36, 37, 39, 38, 42, 41, 40, 26, 25, 24, 21, 22, 23, 35, 0, 4, 10, 19, 20, 18, 16, 15, 13, 14, 33, 
31, 32, 10, 11, 9, 8, 7, 5, 6, 30, 29, 28, 27, 3, 1, 2, 36, 40, 39, 38, 42, 41, 37, 26, 25, 24, 21, 22, 23, 35, 0, 4, 17, 19, 20, 18, 16, 15, 13, 14, 33, 34, 12, 
12, 34, 33, 14, 13, 15, 16, 18, 20, 19, 17, 4, 0, 35, 23, 22, 21, 24, 25, 26, 37, 41, 42, 38, 39, 40, 36, 2, 1, 3, 27, 28, 29, 30, 6, 5, 7, 9, 11, 10, 32, 31, 8, 
9, 8, 7, 5, 6, 30, 29, 28, 27, 3, 1, 2, 36, 37, 39, 38, 42, 41, 40, 13, 25, 24, 21, 22, 23, 35, 0, 4, 17, 19, 20, 18, 16, 15, 26, 14, 33, 10, 34, 31, 32, 12, 11, 
8, 7, 5, 6, 30, 29, 28, 27, 3, 1, 2, 36, 37, 39, 38, 42, 41, 40, 26, 25, 24, 22, 23, 35, 0, 4, 17, 19, 20, 18, 16, 15, 13, 14, 33, 34, 12, 31, 32, 10, 11, 9, 21, 
0, 35, 23, 22, 21, 24, 25, 26, 40, 41, 42, 38, 39, 37, 36, 2, 1, 3, 27, 28, 29, 30, 6, 7, 11, 10, 32, 31, 12, 34, 33, 14, 13, 15, 16, 18, 20, 19, 17, 4, 8, 9, 5, 
18, 20, 19, 17, 4, 0, 35, 23, 22, 21, 24, 25, 26, 40, 41, 42, 38, 39, 37, 36, 3, 27, 28, 29, 30, 6, 5, 7, 8, 9, 11, 10, 32, 31, 12, 34, 33, 14, 13, 15, 16, 1, 2, 
7, 5, 6, 30, 29, 28, 27, 3, 1, 2, 36, 37, 39, 38, 42, 41, 40, 26, 25, 24, 21, 0, 23, 35, 22, 4, 17, 19, 20, 18, 16, 15, 13, 14, 33, 34, 12, 31, 32, 10, 11, 9, 8, 
25, 24, 21, 22, 23, 35, 0, 4, 17, 19, 20, 18, 36, 15, 13, 14, 33, 34, 12, 31, 32, 10, 11, 9, 8, 7, 5, 6, 30, 29, 28, 27, 3, 1, 2, 16, 37, 39, 38, 42, 41, 40, 26, 
35, 23, 22, 21, 24, 25, 26, 40, 41, 42, 38, 39, 37, 36, 2, 1, 3, 27, 28, 29, 30, 6, 5, 7, 8, 9, 34, 33, 14, 13, 15, 16, 18, 20, 19, 17, 4, 0, 12, 31, 32, 10, 11, 
32, 31, 0, 35, 23, 22, 21, 24, 25, 26, 40, 41, 42, 38, 39, 37, 36, 2, 1, 3, 27, 28, 29, 30, 6, 5, 7, 8, 9, 11, 10, 20, 19, 17, 4, 12, 34, 33, 14, 13, 15, 16, 18, 
30, 29, 28, 27, 3, 1, 2, 36, 37, 39, 38, 42, 41, 40, 26, 25, 24, 8, 22, 23, 35, 0, 4, 17, 19, 20, 18, 16, 15, 13, 14, 33, 34, 12, 31, 32, 10, 11, 9, 21, 7, 5, 6, 
15, 16, 18, 20, 19, 17, 4, 0, 35, 23, 22, 32, 24, 25, 26, 40, 41, 42, 38, 39, 37, 36, 2, 1, 3, 27, 28, 29, 30, 6, 5, 7, 8, 9, 11, 10, 21, 31, 12, 34, 33, 14, 13, 
22, 21, 24, 25, 26, 40, 42, 41, 38, 39, 37, 36, 2, 1, 3, 27, 28, 29, 30, 6, 5, 7, 9, 8, 11, 10, 32, 31, 14, 13, 15, 16, 18, 20, 19, 17, 4, 0, 35, 23, 33, 34, 12, 
19, 17, 4, 0, 35, 23, 22, 21, 24, 25, 26, 40, 41, 42, 38, 39, 37, 36, 2, 27, 28, 29, 30, 6, 5, 7, 8, 9, 11, 10, 32, 31, 12, 34, 33, 14, 13, 15, 16, 18, 20, 1, 3, 
21, 25, 20, 40, 41, 42, 38, 39, 37, 36, 2, 1, 3, 27, 28, 29, 30, 6, 5, 7, 8, 9, 11, 10, 32, 31, 12, 34, 33, 14, 13, 15, 16, 18, 26, 19, 17, 4, 0, 35, 23, 22, 24, 
34, 12, 31, 35, 10, 11, 9, 8, 7, 5, 6, 30, 29, 28, 27, 3, 1, 2, 36, 37, 39, 38, 42, 41, 40, 26, 25, 24, 21, 22, 23, 32, 0, 4, 17, 19, 20, 18, 16, 15, 13, 14, 33, 
33, 8, 7, 35, 6, 30, 29, 28, 27, 3, 1, 2, 36, 37, 39, 38, 42, 41, 40, 26, 25, 24, 21, 22, 23, 5, 0, 4, 17, 19, 20, 18, 16, 9, 13, 14, 15, 34, 12, 31, 32, 10, 11, 
9, 8, 7, 5, 6, 30, 29, 28, 27, 3, 1, 2, 36, 37, 39, 38, 42, 41, 40, 26, 25, 24, 21, 22, 23, 35, 12, 4, 17, 19, 20, 18, 16, 15, 13, 14, 33, 34, 0, 31, 32, 10, 11, 
24, 21, 22, 6, 35, 0, 4, 17, 19, 20, 18, 16, 15, 13, 14, 33, 34, 23, 31, 32, 12, 11, 9, 8, 7, 5, 10, 30, 29, 28, 27, 3, 1, 2, 36, 37, 39, 38, 42, 41, 40, 26, 25, 
31, 32, 10, 11, 8, 9, 5, 7, 6, 30, 29, 28, 27, 3, 1, 2, 36, 37, 39, 38, 41, 42, 40, 26, 19, 24, 21, 22, 23, 35, 0, 4, 17, 25, 20, 18, 16, 15, 13, 14, 33, 34, 12, 
31, 32, 10, 11, 8, 9, 7, 5, 6, 30, 29, 28, 27, 19, 1, 2, 36, 37, 39, 38, 42, 41, 40, 26, 25, 24, 21, 22, 23, 35, 0, 4, 17, 3, 20, 18, 16, 15, 13, 14, 33, 34, 12, 
1, 3, 27, 28, 29, 30, 6, 5, 7, 8, 9, 11, 10, 32, 31, 12, 34, 33, 14, 0, 15, 16, 18, 20, 19, 17, 4, 13, 35, 23, 22, 21, 24, 25, 26, 40, 41, 42, 38, 39, 37, 36, 2, 
36, 18, 39, 38, 42, 41, 40, 26, 25, 24, 21, 22, 23, 35, 0, 4, 17, 19, 20, 37, 16, 13, 15, 14, 33, 34, 12, 31, 32, 10, 11, 9, 8, 7, 5, 6, 30, 29, 28, 27, 3, 1, 2, 
3, 36, 37, 39, 38, 42, 41, 40, 26, 25, 24, 21, 22, 23, 35, 32, 4, 17, 19, 20, 18, 0, 15, 13, 14, 33, 34, 12, 31, 16, 10, 11, 9, 8, 7, 5, 6, 30, 29, 28, 27, 2, 1, 
24, 32, 22, 23, 35, 0, 4, 17, 19, 20, 18, 16, 15, 21, 14, 33, 34, 3, 31, 36, 10, 11, 9, 8, 7, 5, 6, 30, 29, 28, 27, 12, 1, 2, 13, 37, 39, 38, 42, 41, 40, 26, 25, 
42, 41, 38, 39, 37, 36, 2, 1, 3, 27, 28, 29, 30, 6, 7, 5, 9, 8, 11, 10, 32, 31, 14, 13, 15, 16, 18, 20, 19, 17, 4, 0, 35, 23, 22, 21, 24, 25, 26, 40, 34, 33, 12, 
31, 32, 10, 11, 9, 8, 7, 5, 6, 30, 29, 28, 27, 3, 1, 2, 36, 37, 39, 38, 42, 41, 25, 26, 40, 24, 21, 22, 23, 35, 0, 4, 17, 19, 20, 18, 16, 15, 13, 14, 33, 34, 12, 
41, 42, 38, 39, 37, 36, 2, 27, 28, 29, 30, 6, 5, 7, 8, 9, 11, 10, 32, 31, 12, 34, 33, 14, 13, 15, 16, 18, 20, 19, 17, 4, 0, 35, 23, 22, 21, 24, 25, 26, 40, 1, 3, 
42, 38, 39, 37, 36, 2, 27, 28, 29, 30, 6, 5, 7, 8, 9, 11, 10, 32, 31, 12, 34, 33, 14, 13, 15, 16, 18, 20, 19, 17, 4, 0, 35, 23, 22, 21, 24, 25, 26, 40, 41, 3, 1, 
24, 21, 22, 39, 35, 0, 4, 17, 19, 20, 18, 16, 15, 13, 14, 33, 34, 12, 31, 32, 10, 7, 9, 8, 11, 5, 6, 30, 29, 28, 27, 3, 1, 2, 36, 37, 23, 38, 42, 41, 40, 26, 25, 
42, 38, 39, 37, 36, 33, 14, 13, 15, 16, 18, 20, 19, 17, 4, 0, 35, 23, 22, 21, 24, 25, 26, 40, 41, 9, 11, 10, 32, 31, 12, 34, 2, 1, 3, 27, 28, 29, 30, 6, 5, 7, 8, 
21, 25, 26, 40, 41, 33, 38, 39, 42, 36, 2, 1, 3, 27, 28, 29, 30, 6, 5, 7, 8, 9, 11, 10, 32, 31, 12, 34, 37, 14, 13, 15, 16, 18, 20, 19, 17, 4, 0, 35, 23, 22, 24, 
38, 39, 37, 36, 2, 1, 3, 27, 28, 29, 30, 6, 5, 7, 8, 9, 11, 10, 32, 31, 12, 34, 33, 14, 13, 15, 16, 18, 20, 19, 17, 4, 0, 35, 23, 22, 24, 21, 41, 42, 40, 26, 25, 
41, 42, 38, 39, 37, 36, 2, 1, 3, 27, 28, 29, 30, 6, 5, 7, 8, 9, 17, 4, 0, 35, 23, 22, 21, 24, 25, 26, 40, 20, 19, 16, 18, 32, 31, 12, 34, 33, 14, 13, 15, 11, 10, 
31, 32, 10, 11, 39, 9, 5, 7, 6, 30, 13, 28, 27, 3, 26, 2, 36, 37, 8, 38, 41, 42, 40, 1, 25, 24, 21, 22, 23, 35, 0, 4, 17, 19, 20, 18, 16, 15, 29, 14, 33, 34, 12, 
28, 29, 30, 6, 5, 7, 8, 9, 11, 10, 32, 31, 12, 34, 33, 14, 13, 4, 0, 35, 23, 22, 24, 21, 17, 19, 20, 18, 16, 15, 42, 41, 38, 39, 37, 36, 2, 1, 3, 27, 26, 40, 25, 
25, 24, 10, 22, 23, 35, 0, 4, 17, 30, 20, 18, 16, 15, 13, 14, 33, 34, 12, 31, 32, 21, 11, 9, 8, 7, 5, 39, 19, 29, 28, 27, 3, 1, 2, 36, 37, 6, 38, 42, 41, 40, 26, 
10, 32, 31, 38, 39, 37, 36, 2, 1, 3, 27, 28, 29, 30, 6, 5, 7, 9, 8, 11, 42, 41, 13, 15, 16, 18, 20, 19, 17, 4, 0, 35, 23, 22, 21, 24, 25, 26, 40, 33, 14, 34, 12, 
8, 9, 6, 30, 29, 28, 1, 3, 42, 2, 36, 37, 39, 38, 41, 27, 40, 26, 25, 24, 21, 22, 23, 35, 0, 4, 17, 19, 20, 18, 16, 15, 13, 14, 33, 34, 12, 31, 32, 10, 11, 7, 5, 
Tiempo de ejecucion (total): 24.411
Best fitness a lo largo del tiempo: 
17197, 17021, 11723, 11636, 6438, 6237, 6217, 6197, 6185, 5996, 5996, 5993, 5962, 5937, 5937, 5931, 5918, 5895, 5878, 5874, 5840, 5832, 5828, 5820, 5812, 5812, 5812, 5810, 5792, 5792, 5790, 5786, 5778, 5767, 5761, 5759, 5743, 5743, 5743, 5728, 5727, 5727, 5711, 5705, 5705, 5703, 5703, 5697, 5697, 5697, 5691, 5691, 5691, 5691, 5691, 5691, 5691, 5689, 5689, 5689, 5679, 5679, 5677, 5677, 5677, 5677, 5677, 5677, 5677, 5677, 5677, 5677, 5677, 5677, 5677, 5677, 5677, 5677, 5677, 5677, 5646, 5646, 5646, 5646, 5646, 5646, 5646, 5644, 5644, 5644, 5644, 5644, 5644, 5644, 5644, 5644, 5644, 5644, 5644, 5640, 5640, 5634, 5634, 5634, 5634, 5634, 5634, 5634, 5634, 5634, 5634, 5634, 5634, 5634, 5634, 5634, 5634, 5634, 5634, 5634, 5634, 5634, 5634, 5634, 5634, 5634, 5634, 5634, 5634, 5634, 5634, 5634, 5634, 5634, 5634, 5634, 5634, 5634, 5634, 5634, 5634, 5634, 5634, 5634, 5634, 5634, 5634, 5634, 5634, 5634, 5634, 5634, 5634, 5634, 5634, 5634, 5634, 5634, 5634, 5634, 5634, 5634, 5634, 5634, 5634, 5634, 5634, 5634, 5634, 5634, 5634, 5634, 5634, 5634, 5634, 5634, 5634, 5634, 5634, 5634, 5634, 5634, 5634, 5632, 5632, 5632, 5632, 5632, 5632, 5632, 5632, 5632, 5632, 5632, 5632, 5632, 5632, 5632, 5632, 5632, 5632, 5632, 5632, 5632, 5632, 5632, 5632, 5632, 5632, 5632, 5632, 5632, 5632, 5632, 5632, 5632, 5632, 5632, 5632, 5632, 5632, 5632, 5632, 5632, 5632, 5632, 5632, 5632, 5632, 5632, 5632, 5632, 5632, 5632, 5632, 5632, 5632, 5632, 5632, 5632, 5632, 5632, 5632, 5632, 5632, 5632, 5632, 5632, 5632, 5632, 5632, 5632, 5632, 5632, 5632, 5632, 5632, 5632, 5632, 5632, 5632, 5632, 5632, 5632, 5632, 5632, 5632, 5632, 5632, 5632, 5632, 5632, 5632, 5632, 5632, 5632, 5632, 5632, 5632, 5632, 5632, 5632, 5632, 5632, 5632, 5632, 5632, 5632, 5632, 5632, 5632, 5632, 5632, 5632, 5632, 5632, 5632, 5632, 5632, 5632, 5632, 5632, 5632, 5632, 5632, 5632, 5632, 5632, 5632, 5632, 5632, 5632, 5632, 5632, 5632, 5632, 5632, 5632, 5632, 5632, 5632, 5632, 5632, 5632, 5632, 5632, 5632, 5632, 5632, 5632, 5632, 5632, 5632, 5632, 5632, 5632, 5632, 5632, 5632, 5632, 5632, 5632, 5632, 5632, 5632, 5632, 5632, 5632, 5632, 5632, 5632, 5632, 5632, 5632, 5632, 5632, 5632, 5632, 5632, 5632, 5632, 5632, 5632, 5632, 5632, 5632, 5632, 5632, 5632, 5632, 5632, 5632, 5632, 5632, 5632, 5632, 5632, 5632, 5632, 5632, 5632, 5632, 5632, 5632, 5632, 5632, 5632, 5632, 5632, 5632, 5632, 5632, 5632, 5632, 5632, 5632, 5632, 5632, 5632, 5632, 5632, 5632, 5632, 5632, 5632, 5632, 5632, 5632, 5632, 5632, 5632, 5632, 5632, 5632, 5632, 5632, 5632, 5632, 5632, 5632, 5632, 5632, 5632, 5632, 5632, 5632, 5632, 5632, 5632, 5632, 5632, 5632, 5632, 5632, 5632, 5632, 5632, 5632, 5632, 5632, 5632, 5632, 5632, 5632, 5632, 5632, 5632, 5632, 5632, 5632, 5632, 5632, 5632, 5632, 5632, 5632, 5632, 5632, 5632, 5632, 5632, 5632, 5632, 5632, 5632, 5632, 5632, 5632, 5632, 5632, 5632, 5632, 5632, 5632, 5632, 5632, 5632, 5632, 5632, 5632, 5632, 5632, 5632, 5632, 5632, 5632, 5632, 5632, 5632, 5632, 5632, 5632, 5632, 5632, 5632, 5632, 5632, 5632, 5632, 5632, 5632, 5632, 5632, 5632, 5632, 5632, 5632, 5632, 5632, 5632, 5632, 5632, 5632, 5632, 5632, 5632, 5632, 5632, 5632, 5632, 5632, 5632, 5632, 5632, 5632, 5632, 5632, 5632, 5632, 5632, 5632, 5632, 5632, 5632, 5632, 5632, 5632, 5632, 5632, 5632, 5632, 5632, 5632, 5632, 5632, 5632, 5632, 5632, 5632, 5632, 5632, 5632, 5632, 5632, 5632, 5632, 5632, 5632, 5632, 5632, 5632, 5632, 5632, 5632, 5632, 5632, 5632, 5632, 5632, 5632, 5632, 5632, 5632, 5632, 5632, 5632, 5632, 5632, 5632, 5632, 5632, 5632, 5632, 5632, 5632, 5632, 5632, 5632, 5632, 5632, 5632, 5632, 5632, 5632, 5632, 5632, 5632, 5632, 5632, 5632, 5632, 5632, 5632, 5632, 5632, 5632, 5632, 5632, 5632, 5632, 5632, 5632, 5632, 5632, 5632, 5632, 5632, 5632, 5632, 5632, 5632, 5632, 5632, 5632, 5632, 5632, 5632, 5632, 5632, 5632, 5632, 5632, 5632, 5632, 5632, 5632, 5632, 5632, 5632, 5632, 5632, 5632, 5632, 5632, 5632, 5632, 5632, 5632, 5632, 5632, 5632, 5632, 5632, 5632, 5632, 5632, 5632, 5632, 5632, 5632, 5632, 5632, 5632, 5632, 5632, 5632, 5632, 5632, 5632, 5632, 5632, 5632, 5632, 5632, 5632, 5632, 5632, 5632, 5632, 5632, 5632, 5632, 5632, 5632, 5632, 5632, 5632, 5632, 5632, 5632, 5632, 5632, 5632, 5632, 5632, 5632, 5632, 5632, 5632, 5632, 5632, 5632, 5632, 5632, 5632, 5632, 5632, 5632, 5632, 5632, 5632, 5632, 5632, 5632, 5632, 5632, 5632, 5632, 5632, 5632, 5632, 5632, 5632, 5632, 5632, 5632, 5632, 5632, 5632, 5632, 5632, 5632, 5632, 5632, 5632, 5632, 5632, 5632, 5632, 5632, 5632, 5632, 5632, 5632, 5632, 5632, 5632, 5632, 5632, 5632, 5632, 5632, 5632, 5632, 5632, 5632, 5632, 5632, 5632, 5632, 5632, 5632, 5632, 5632, 5632, 5632, 5632, 5632, 5632, 5632, 5632, 5632, 5632, 5632, 5632, 5632, 5632, 5632, 5632, 5632, 5632, 5632, 5632, 5632, 5632, 5632, 5632, 5632, 5632, 5632, 5632, 5632, 5632, 5632, 5632, 5632, 5632, 5632, 5632, 5632, 5632, 5632, 5632, 5632, 5632, 5632, 5632, 5632, 5632, 5632, 5632, 5632, 5632, 5632, 5632, 5632, 5632, 5632, 5632, 5632, 5632, 5632, 5632, 5632, 5632, 5632, 5632, 5632, 5632, 5632, 5632, 5632, 5632, 5632, 5632, 5632, 5632, 5632, 5632, 5632, 5632, 5632, 5632, 5632, 5632, 5632, 5632, 5632, 5632, 5632, 5632, 5632, 5632, 5632, 5632, 5632, 5632, 5632, 5632, 5632, 5632, 5632, 5632, 5632, 5632, 5632, 5632, 5632, 5632, 5632, 5632, 5632, 5632, 5632, 5632, 5632, 5632, 5632, 5632, 5632, 5632, 5632, 5632, 5632, 5632, 5632, 5632, 5632, 5632, 5632, 5632, 5632, 5632, 5632, 5632, 5632, 5632, 5632, 5632, 5632, 5632, 5632, 5632, 5632, 5632, 5632, 5632, 5632, 5632, 5632, 5632, 5632, 5632, 5632, 5632, 5632, 5632, 5632, 5632, 5632, 5632, 5632, 5632, 5632, 5632, 5632, 5632, 5632, 5632, 5632, 5632, 5632, 5632, 5632, 5632, 5632, 5632, 5632, 5632, 5632, 5632, 5632, 5632, 5632, 5632, 5632, 5632, 5632, 5632, 5632, 5632, 5632, 5632, 5632, 5632, 5632, 5632, 5632, 5632, 5632, 5632, 5632, 5632, 5632, 5632, 5632, 5632, 5632, 5632, 5632, 5632, 5632, 5632, 5632, 5632, 5632, 5632, 5632, 5632, 5632, 5632, 5632, 5632, 5632, 5632, 5632, 5632, 5632, 5632, 5632, 5632, 5632, 5632, 5632, 5632, 5632, 5632, 5632, 5632, 5632, 5632, 5632, 5632, 5632, 5632, 5632, 5632, 5632, 5632, 5632, 5632, 5632, 5632, 5632, 5632, 5632, 5632, 5632, 5632, 5632, 5632, 5632, 5632, 5632, 5632, 5632, 5632, 5632, 5632, 5632, 5632, 5632, 5626, 5626, 5626, 5626, 5626, 5626, 5626, 5626, 5626, 5626, 5626, 5626, 5626, 5626, 5626, 5626, 5626, 5626, 5626, 5626, 5626, 5626, 5626, 5626, 5626, 5626, 5626, 5626, 5626, 5626, 5626, 5626, 5626, 5626, 5626, 5626, 5626, 5626, 5626, 5626, 5626, 5626, 5626, 5626, 5626, 5626, 5626, 5626, 5626, 5626, 5626, 5626, 5626, 5626, 5626, 5626, 5626, 5626, 5626, 5626, 5626, 5626, 5626, 5626, 5626, 5626, 5626, 5626, 5626, 5626, 5626, 5626, 5626, 5626, 5626, 5626, 5626, 5626, 5626, 5626, 5626, 5626, 5626, 5626, 5626, 5626, 5626, 5626, 5626, 5626, 5626, 5626, 5626, 5626, 5626, 5626, 5626, 5626, 5626, 5626, 5626, 5626, 5626, 5626, 5626, 5626, 5626, 5626, 5626, 5626, 5626, 5626, 5626, 5626, 5626, 5626, 5626, 5626, 5626, 5626, 5626, 5626, 5626, 5626, 5626, 5626, 5626, 5626, 5626, 5626, 5626, 5626, 5626, 5626, 5626, 5626, 5626, 5626, 5626, 5626, 5626, 5626, 5626, 5626, 5626, 5626, 5626, 5626, 5626, 5626, 5626, 5626, 5626, 5626, 5626, 5626, 5626, 5626, 5626, 5626, 5626, 5626, 5626, 5626, 5626, 5626, 5626, 5626, 5626, 5626, 5626, 5626, 5626, 5626, 5626, 5626, 5626, 5626, 5626, 5626, 5626, 5626, 5626, 5626, 5626, 5626, 5626, 5626, 5626, 5626, 5626, 5626, 5626, 5626, 5626, 5626, 5626, 5626, 5626, 5626, 5626, 5626, 5626, 5626, 5626, 5626, 5626, 5626, 5626, 5626, 5626, 5626, 5626, 5626, 5626, 5626, 5626, 5626, 5626, 5626, 5626, 5626, 5626, 5626, 5626, 5626, 5626, 5626, 5626, 5626, 5626, 5626, 5626, 5626, 5626, 5626, 5626, 5626, 5626, 5626, 5626, 5626, 5626, 5626, 5626, 5626, 5626, 5626, 5626, 5626, 5626, 5626, 5626, 5626, 5626, 5626, 5626, 5626, 5626, 5626, 5626, 5626, 5626, 5626, 5626, 5626, 5626, 5626, 5626, 5626, 5626, 5626, 5626, 5626, 5626, 5626, 5626, 5626, 5626, 5626, 5626, 5626, 5626, 5626, 5626, 5626, 5626, 5626, 5626, 5626, 5626, 5626, 5626, 5626, 5626, 5626, 5626, 5626, 5626, 5626, 5626, 5626, 5626, 5626, 5626, 5626, 5626, 5626, 5626, 5626, 5626, 5626, 5626, 5626, 5626, 5626, 5626, 5626, 5626, 5626, 5626, 5626, 5626, 5626, 5626, 5626, 5626, 5626, 5626, 5626, 5626, 5626, 5626, 5626, 5626, 5626, 5626, 5626, 5626, 5626, 5626, 5626, 5626, 5626, 5626, 5626, 5626, 5626, 5626, 5626, 5626, 5626, 5626, 5626, 5626, 5626, 5626, 5626, 5626, 5626, 5626, 5626, 5626, 5626, 5626, 5626, 5626, 5626, 5626, 5626, 5626, 5626, 5626, 5626, 5626, 5626, 5626, 5626, 5626, 5626, 5626, 5626, 5626, 5626, 5626, 5626, 5626, 5626, 5626, 5626, 5626, 5626, 5626, 5626, 5626, 5626, 5626, 5626, 5626, 5626, 5626, 5626, 5626, 5626, 5626, 5626, 5626, 5626, 5626, 5626, 5626, 5626, 5626, 5626, 5626, 5626, 5626, 5626, 5626, 5626, 5626, 5626, 5626, 5626, 5626, 5626, 5626, 5626, 5626, 5626, 5626, 5626, 5626, 5626, 5626, 5626, 5626, 5626, 5626, 5626, 5626, 5626, 5626, 5626, 5626, 5626, 5626, 5626, 5626, 5626, 5626, 5626, 5626, 5626, 5626, 5626, 5626, 5626, 5626, 5626, 5626, 5626, 5626, 5626, 5626, 5626, 5626, 5626, 5626, 5626, 5626, 5626, 5626, 5626, 5626, 5626, 5626, 5626, 5626, 5626, 5626, 5626, 5626, 5626, 5626, 5626, 5626, 5626, 5626, 5626, 5626, 5626, 5626, 5626, 5626, 5626, 5626, 5626, 5626, 5626, 5626, 5626, 5626, 5626, 5626, 5626, 5626, 5626, 5626, 5626, 5626, 5626, 5626, 5626, 5626, 5626, 5626, 5626, 5626, 5626, 5626, 5626, 5626, 5626, 5626, 5626, 5626, 5626, 5626, 5626, 5626, 5626, 5626, 5626, 5626, 5626, 5626, 5626, 5626, 5626, 5626, 5626, 5626, 5626, 5626, 5626, 5626, 5626, 5626, 5626, 5626, 5626, 5626, 5626, 5626, 5626, 5626, 5626, 5626, 5626, 5626, 5626, 5626, 5626, 5626, 5626, 5626, 5626, 5626, 5626, 5626, 5626, 5626, 5626, 5626, 5626, 5626, 5626, 5626, 5626, 5626, 5626, 5626, 5626, 5626, 5626, 5626, 5626, 5626, 5626, 5626, 5626, 5626, 5626, 5626, 5626, 5626, 5626, 5626, 5626, 5626, 5626, 5626, 5626, 5626, 5626, 5626, 5626, 5626, 5626, 5626, 5626, 5626, 5626, 5626, 5626, 5626, 5626, 5626, 5626, 5626, 5626, 5626, 5626, 5626, 5626, 5626, 5626, 5626, 5626, 5626, 5626, 5626, 5626, 5626, 5626, 5626, 5626, 5626, 5626, 5626, 5626, 5626, 5626, 5626, 5626, 5626, 5626, 5626, 5626, 5626, 5626, 5626, 5626, 5626, 5626, 5626, 5626, 5626, 5626, 5626, 5626, 5626, 5626, 5626, 5626, 5626, 5626, 5626, 5626, 5626, 5626, 5626, 5626, 5626, 5626, 5626, 5626, 5626, 5626, 5626, 5626, 5626, 5626, 5626, 5626, 5626, 5626, 5626, 5626, 5626, 5626, 5626, 5626, 5626, 5626, 5626, 5626, 5626, 5626, 5626, 5626, 5626, 5626, 5626, 5626, 5626, 5626, 5626, 5626, 5626, 5626, 5626, 5626, 5626, 5626, 5626, 5626, 5626, 5626, 5626, 5626, 5626, 5626, 5626, 5626, 5626, 5626, 5626, 5626, 5626, 5626, 5626, 5626, 5626, 5626, 5626, 5626, 5626, 5626, 5626, 5626, 5626, 5626, 5626, 5626, 5626, 5626, 5626, 5626, 5626, 5626, 5626, 5626, 5626, 5626, 5626, 5626, 5626, 5626, 5626, 5626, 5626, 5626, 5626, 5626, 5626, 5626, 5626, 5626, 5626, 5626, 5626, 5626, 5626, 5626, 5626, 5626, 5626, 5626, 5626, 5626, 5626, 5626, 5626, 5626, 5626, 5626, 5626, 5626, 5626, 5626, 5626, 5626, 5626, 5626, 5626, 5626, 5626, 5626, 5626, 5626, 5626, 5626, 5626, 5626, 5626, 5626, 5626, 5626, 5626, 5626, 5626, 5626, 5626, 5626, 5626, 5626, 5626, 5626, 5626, 5626, 5626, 5626, 5626, 5626, 5626, 5626, 5626, 5626, 5626, 5626, 5626, 5626, 5626, 5626, 5626, 5626, 5626, 5626, 5626, 5626, 5626, 5626, 5626, 5626, 5626, 5626, 5626, 5626, 5626, 5626, 5626, 5626, 5626, 5626, 5626, 5626, 5626, 5626, 5626, 5626, 5626, 5626, 5626, 5626, 5626, 5626, 5626, 5626, 5626, 5626, 5626, 5626, 5626, 5626, 5626, 5626, 5626, 5626, 5626, 5626, 5626, 5626, 5626, 5626, 5626, 5626, 5626, 5626, 5626, 5626, 5626, 5626, 5626, 5626, 5626, 5626, 5626, 5626, 5626, 5626, 5626, 5626, 5626, 5626, 5626, 5626, 5626, 5626, 5626, 5626, 5626, 5626, 5626, 5626, 5626, 5626, 5626, 5626, 5626, 5626, 5626, 5626, 5626, 5626, 5626, 5626, 5626, 5626, 5626, 5626, 5626, 5626, 5626, 5626, 5626, 5626, 5626, 5626, 5626, 5626, 5626, 5626, 5626, 5626, 5626, 5626, 5626, 5626, 5626, 5626, 5626, 5626, 5626, 5626, 5626, 5626, 5626, 5624, 5624, 5624, 5624, 5624, 5624, 5624, 5624, 5624, 5624, 5624, 5624, 5624, 5624, 5624, 5624, 5624, 5624, 5624, 5624, 5624, 5624, 5624, 5624, 5624, 5624, 5624, 5624, 5624, 5624, 5624, 5624, 5624, 5624, 5624, 5624, 5624, 5624, 5624, 5624, 5624, 5624, 5624, 5624, 5624, 5624, 5624, 5624, 5624, 5624, 5624, 5624, 5624, 5624, 5624, 5624, 5624, 5624, 5624, 5624, 5624, 5624, 5624, 5624, 5624, 5624, 5624, 5624, 5624, 5624, 5624, 5624, 5624, 5624, 5624, 5624, 5624, 5624, 5624, 5624, 5624, 5624, 5624, 5624, 5624, 5624, 5624, 5624, 5624, 5624, 5624, 5624, 5624, 5624, 5624, 5624, 5624, 5624, 5624, 5624, 5624, 5624, 5624, 5624, 5624, 5624, 5624, 5624, 5624, 5624, 5624, 5624, 5624, 5624, 5624, 5624, 5624, 5624, 5624, 5624, 5624, 5624, 5624, 5624, 5624, 5624, 5624, 5624, 5624, 5624, 5624, 5624, 5624, 5624, 5624, 5624, 5624, 5624, 5624, 5624, 5624, 5624, 5624, 5624, 5624, 5624, 5624, 5624, 5624, 5624, 5624, 5624, 5624, 5624, 5624, 5624, 5624, 5624, 5624, 5624, 5624, 5624, 5624, 5624, 5624, 5624, 5624, 5624, 5624, 5624, 5624, 5624, 5624, 5624, 5624, 5624, 5624, 5624, 5624, 5624, 5624, 5624, 5624, 5624, 5624, 5624, 5624, 5624, 5624, 5624, 5624, 5624, 5624, 5624, 5624, 5624, 5624, 5624, 5624, 5624, 5624, 5624, 5624, 5624, 5624, 5624, 5624, 5624, 5624, 5624, 5624, 5624, 5624, 5624, 5624, 5624, 5624, 5624, 5624, 5624, 5624, 5624, 5624, 5624, 5624, 5624, 5624, 5624, 5624, 5624, 5624, 5624, 5624, 5624, 5624, 5624, 5624, 5624, 5624, 5624, 5624, 5624, 5624, 5624, 5624, 5624, 5624, 5624, 5624, 5624, 5624, 5624, 5624, 5624, 5624, 5624, 5624, 5624, 5624, 5624, 5624, 5624, 5624, 5624, 5624, 5624, 5624, 5624, 5624, 5624, 5624, 5624, 5624, 5624, 5624, 5624, 5624, 5624, 5624, 5624, 5624, 5624, 5624, 5624, 5624, 5624, 5624, 5624, 5624, 5624, 5624, 5624, 5624, 5624, 5624, 5624, 5624, 5624, 5624, 5624, 5624, 5624, 5624, 5624, 5624, 5624, 5624, 5624, 5624, 5624, 5624, 5624, 5624, 5624, 5624, 5624, 5624, 5624, 5624, 5624, 5624, 5624, 5624, 5624, 5624, 5624, 5624, 5624, 5624, 5624, 5624, 5624, 5624, 5624, 5624, 5624, 5624, 5624, 5624, 5624, 5624, 5624, 5624, 5624, 5624, 5624, 5624, 5624, 5624, 5624, 5624, 5624, 5624, 5624, 5624, 5624, 5624, 5624, 5624, 5624, 5624, 5624, 5624, 5624, 5624, 5624, 5624, 5624, 5624, 5624, 5624, 5624, 5624, 5624, 5624, 5624, 5624, 5624, 5624, 5624, 5624, 5624, 5624, 5624, 5624, 5624, 5624, 5624, 5624, 5624, 5624, 5624, 5624, 5624, 5624, 5624, 5624, 5624, 5624, 5624, 5624, 5624, 5624, 5624, 5624, 5624, 5624, 5624, 5624, 5624, 5624, 5624, 5624, 5624, 5624, 5624, 5624, 5624, 5624, 5624, 5624, 5624, 5624, 5624, 5624, 5624, 5624, 5624, 5624, 5624, 5624, 5624, 5624, 5624, 5624, 5624, 5624, 5624, 5624, 5624, 5624, 5624, 5624, 5624, 5624, 5624, 5624, 5624, 5624, 5624, 5624, 5624, 5624, 5624, 5624, 5624, 5624, 5624, 5624, 5624, 5624, 5624, 5624, 5624, 5624, 5624, 5624, 5624, 5624, 5624, 5624, 5624, 5624, 5624, 5624, 5624, 5624, 5624, 5624, 5624, 5624, 5624, 5624, 5624, 5624, 5624, 5624, 5624, 5624, 5624, 5624, 5624, 5624, 5624, 5624, 5624, 5624, 5624, 5624, 5624, 5624, 5624, 5624, 5624, 5624, 5624, 5624, 5624, 5624, 5624, 5624, 5624, 5624, 5624, 5624, 5624, 5624, 5624, 5624, 5624, 5624, 5624, 5624, 5624, 5624, 5624, 5624, 5624, 5624, 5624, 5624, 5624, 5624, 5624, 5624, 5624, 5624, 5624, 5624, 5624, 5624, 5624, 5624, 5624, 5624, 5624, 5624, 5624, 5624, 5624, 5624, 5624, 5624, 5624, 5624, 5624, 5624, 5624, 5624, 5624, 5624, 5624, 5624, 5624, 5624, 5624, 5624, 5624, 5624, 5624, 5624, 5624, 5624, 5624, 5624, 5624, 5624, 5624, 5624, 5624, 5624, 5624, 5624, 5624, 5624, 5624, 5624, 5624, 5624, 5624, 5624, 5624, 5624, 5624, 5624, 5624, 5624, 5624, 5624, 5624, 5624, 5624, 5624, 5624, 5624, 5624, 5624, 5624, 5624, 5624, 5624, 5624, 5624, 5624, 5624, 5624, 5624, 5624, 5624, 5624, 5624, 5624, 5624, 5624, 5624, 5624, 5624, 5624, 5624, 5624, 5624, 5624, 5624, 5624, 5624, 5624, 5624, 5624, 5624, 5624, 5624, 5624, 5624, 5624, 5624, 5624, 5624, 5624, 5624, 5624, 5624, 5624, 5624, 5624, 5624, 5624, 5624, 5624, 5624, 5624, 5624, 5624, 5624, 5624, 5624, 5624, 5624, 5624, 5624, 5624, 5624, 5624, 5624, 5624, 5624, 5624, 5624, 5624, 5624, 5624, 5624, 5624, 5624, 5624, 5624, 5624, 5624, 5624, 5624, 5624, 5624, 5624, 5624, 5624, 5624, 5624, 5624, 5624, 5624, 5624, 5624, 5624, 5624, 5624, 5624, 5624, 5624, 5624, 5624, 5624, 5624, 5624, 5624, 5624, 5624, 5624, 5624, 5624, 5624, 5624, 5624, 5624, 5624, 5624, 5624, 5624, 5624, 5624, 5624, 5624, 5624, 5624, 5624, 5624, 5624, 5624, 5624, 5624, 5624, 5624, 5624, 5624, 5624, 5624, 5624, 5624, 5624, 5624, 5624, 5624, 5624, 5624, 5624, 5624, 5624, 5624, 5624, 5624, 5624, 5624, 5624, 5624, 5624, 5624, 5624, 5624, 5624, 5624, 5624, 5624, 5624, 5624, 5624, 5624, 5624, 5624, 5624, 5624, 5624, 5624, 5624, 5624, 5624, 5624, 5624, 5624, 5624, 5624, 5624, 5624, 5624, 5624, 5624, 5624, 5624, 5624, 5624, 5624, 5624, 5624, 5624, 5624, 5624, 5624, 5624, 5624, 5624, 5624, 5624, 5624, 5624, 5624, 5624, 5624, 5624, 5624, 5624, 5624, 5624, 5624, 5624, 5624, 5624, 5624, 5624, 5624, 5624, 5624, 5624, 5624, 5624, 5624, 5624, 5624, 5624, 5624, 5624, 5624, 5624, 5624, 5624, 5624, 5624, 5624, 5624, 5624, 5624, 5624, 5624, 5624, 5624, 5624, 5624, 5624, 5624, 5624, 5624, 5624, 5624, 5624, 5624, 5624, 5624, 5624, 5624, 5624, 5624, 5624, 5624, 5624, 5624, 5624, 5624, 5624, 5624, 5624, 5624, 5624, 5624, 5624, 5624, 5624, 5624, 5624, 5624, 5624, 5624, 5624, 5624, 5624, 5624, 5624, 5624, 5624, 5624, 5624, 5624, 5624, 5624, 5624, 5624, 5624, 5624, 5624, 5624, 5624, 5624, 5624, 5624, 5624, 5624, 5624, 5624, 5624, 5624, 5624, 5624, 5624, 5624, 5624, 5624, 5624, 5624, 5624, 5624, 5624, 5624, 5624, 5624, 5624, 5624, 5624, 5624, 5624, 5624, 5624, 5624, 5624, 5624, 5624, 5624, 5624, 5624, 5624, 5624, 5624, 5624, 5624, 5624, 5624, 5624, 5624, 5624, 5624, 5624, 5624, 5624, 5624, 5624, 5624, 5624, 5624, 5624, 5624, 5624, 5624, 5624, 5624, 5624, 5624, 5624, 5624, 5624, 5624, 5624, 5624, 5624, 5624, 5624, 5624, 5624, 5624, 5624, 5624, 5624, 5624, 5624, 5624, 5624, 5624, 5624, 5624, 5624, 5624, 5624, 5624, 5624, 5624, 5624, 5624, 5624, 5624, 5624, 5624, 5624, 5624, 5624, 5624, 5624, 5624, 5624, 5624, 5624, 5624, 5624, 5624, 5624, 5624, 5624, 5624, 5624, 5624, 5624, 5624, 5624, 5624, 5624, 5624, 5624, 5624, 5624, 5624, 5624, 5624, 5624, 5624, 5624, 5624, 5624, 5624, 5624, 5624, 5624, 5624, 5624, 5624, 5624, 5624, 5624, 5624, 5624, 5624, 5624, 5624, 5624, 5624, 5624, 5624, 5624, 5624, 5624, 5624, 5624, 5624, 5624, 5624, 5624, 5624, 5624, 5624, 5624, 5624, 5624, 5624, 5624, 5624, 5624, 5624, 5624, 5624, 5624, 5624, 5624, 5624, 5624, 5624, 5624, 5624, 5624, 5624, 5624, 5624, 5624, 5624, 5624, 5624, 5624, 5624, 5624, 5624, 5624, 5624, 5624, 5624, 5624, 5624, 5624, 5624, 5624, 5624, 5624, 5624, 5624, 5624, 5624, 5624, 5624, 5624, 5624, 5624, 5624, 5624, 5624, 5624, 5624, 5624, 5624, 5624, 5624, 5624, 5624, 5624, 5624, 5624, 5624, 5624, 5624, 5624, 5624, 5624, 5624, 5624, 5624, 5624, 5624, 5624, 5624, 5624, 5624, 5624, 5624, 5624, 5624, 5624, 5624, 5624, 5624, 5624, 5624, 5624, 5624, 5624, 5624, 5624, 5624, 5624, 5624, 5624, 5624, 5624, 5624, 5624, 5624, 5624, 5624, 5624, 5624, 5624, 5624, 5624, 5624, 5624, 5624, 5624, 5624, 5624, 5624, 5624, 5624, 5624, 5624, 5624, 5624, 5624, 5624, 5624, 5624, 5624, 5624, 5624, 5624, 5624, 5624, 5624, 5624, 5624, 5624, 5624, 5624, 5624, 5624, 5624, 5624, 5624, 5624, 5624, 5624, 5624, 5624, 5624, 5624, 5624, 5624, 5624, 5624, 5624, 5624, 5624, 5624, 5624, 5624, 5624, 5624, 5624, 5624, 5624, 5624, 5624, 5624, 5624, 5624, 5624, 5624, 5624, 5624, 5624, 5624, 5624, 5624, 5624, 5624, 5624, 5624, 5624, 5624, 5624, 5624, 5624, 5624, 5624, 5624, 5624, 5624, 5624, 5624, 5624, 5624, 5624, 5624, 5624, 5624, 5624, 5624, 5624, 5624, 5624, 5624, 5624, 5624, 5624, 5624, 5624, 5624, 5624, 5624, 5624, 5624, 5624, 5624, 5624, 5624, 5624, 5624, 5624, 5624, 5624, 5624, 5624, 5624, 5624, 5624, 5624, 5624, 5624, 5624, 5624, 5624, 5624, 5624, 5624, 5624, 5624, 5624, 5624, 5624, 5624, 5624, 5624, 5624, 5624, 5624, 5624, 5624, 5624, 5624, 5624, 5624, 5624, 5624, 5624, 5624, 5624, 5624, 5624, 5624, 5624, 5624, 5624, 5624, 5624, 5624, 5624, 5624, 5624, 5624, 5624, 5624, 5624, 5624, 5624, 5624, 5624, 5624, 5624, 5624, 5624, 5624, 5624, 5624, 5624, 5624, 5624, 5624, 5624, 5624, 5624, 5624, 5624, 5624, 5624, 5624, 5624, 5624, 5624, 5624, 5624, 5624, 5624, 5624, 5624, 5624, 5624, 5624, 5624, 5624, 5624, 5624, 5624, 5624, 5624, 5624, 5624, 5624, 5624, 5624, 5624, 5624, 5624, 5624, 5624, 5624, 5624, 5624, 5624, 5624, 5624, 5624, 5624, 5624, 5624, 5624, 5624, 5624, 5624, 5624, 5624, 5624, 5624, 5624, 5624, 5624, 5624, 5624, 5624, 5624, 5624, 5624, 5624, 5624, 5624, 5624, 5624, 5624, 5624, 5624, 5624, 5624, 5624, 5624, 5624, 5624, 5624, 5624, 5624, 5624, 5624, 5624, 5624, 5624, 5624, 5624, 5624, 5624, 5624, 5624, 5624, 5624, 5624, 5624, 5624, 5624, 5624, 5624, 5624, 5624, 5624, 5624, 5624, 5624, 5624, 5624, 5624, 5624, 5624, 5624, 5624, 5624, 5624, 5624, 5624, 5624, 5624, 5624, 5624, 5624, 5624, 5624, 5624, 5624, 5624, 5624, 5624, 5624, 5624, 5624, 5624, 5624, 5624, 5624, 5624, 5624, 5624, 5624, 5624, 5624, 5624, 5624, 5624, 5624, 5624, 5624, 5624, 5624, 5624, 5624, 5624, 5624, 5624, 5624, 5624, 5624, 5624, 5624, 5624, 5624, 5624, 5624, 5624, 5624, 5624, 5624, 5624, 5624, 5624, 5624, 5624, 5624, 5624, 5624, 5624, 5624, 5624, 5624, 5624, 5624, 5624, 5624, 5624, 5624, 5624, 5624, 5624, 5624, 5624, 5624, 5624, 5624, 5624, 5624, 5624, 5624, 5624, 5624, 5624, 5624, 5624, 5624, 5624, 5624, 5624, 5624, 5624, 5624, 5624, 5624, 5624, 5624, 5624, 5624, 5624, 5624, 5624, 5624, 5624, 5624, 5624, 5624, 5624, 5624, 5624, 5624, 5624, 5624, 5624, 5624, 5624, 5624, 5624, 5624, 5624, 5624, 5624, 5624, 5624, 5624, 5624, 5624, 5624, 5624, 5624, 5624, 5624, 5624, 5624, 5624, 5624, 5624, 5624, 5624, 5624, 5624, 5624, 5624, 5624, 5624, 5624, 5624, 5624, 5624, 5624, 5624, 5624, 5624, 5624, 5624, 5624, 5624, 5624, 5624, 5624, 5624, 5624, 5624, 5624, 5624, 5624, 5624, 5624, 5624, 5624, 5624, 5624, 5624, 5624, 5624, 5624, 5624, 5624, 5624, 5624, 5624, 5624, 5624, 5624, 5624, 5624, 5624, 5624, 5624, 5624, 5624, 5624, 5624, 5624, 5624, 5624, 5624, 5624, 5624, 5624, 5624, 5624, 5624, 5624, 5624, 5624, 5624, 5624, 5624, 5624, 5624, 5624, 5624, 5624, 5624, 5624, 5624, 5624, 5624, 5624, 5624, 5624, 5624, 5624, 5624, 5624, 5624, 5624, 5624, 5624, 5624, 5624, 5624, 5624, 5624, 5624, 5624, 5624, 5624, 5624, 5624, 5624, 5624, 5624, 5624, 5624, 5624, 5624, 5624, 5624, 5624, 5624, 5624, 5624, 5624, 5624, 5624, 5624, 5624, 5624, 5624, 5624, 5624, 5624, 5624, 5624, 5624, 5624, 5624, 5624, 5624, 5624, 5624, 5624, 5624, 5624, 5624, 5624, 5624, 5624, 5624, 5624, 5624, 5624, 5624, 5624, 5624, 5624, 5624, 5624, 5624, 5624, 5624, 5624, 5624, 5624, 5624, 5624, 5624, 5624, 5624, 5624, 5624, 5624, 5624, 5624, 5624, 5624, 5624, 5624, 5624, 5624, 5624, 5624, 5624, 5624, 5624, 5624, 5624, 5624, 5624, 5624, 5624, 5624, 5624, 5624, 5624, 5624, 5624, 5624, 5624, 5624, 5624, 5624, 5624, 5624, 5624, 5624, 5624, 5624, 5624, 5624, 5624, 5624, 5624, 5624, 5624, 5624, 5624, 5624, 5624, 5624, 5624, 5624, 5624, 5624, 5624, 5624, 5624, 5624, 5624, 5624, 5624, 5624, 5624, 5624, 5624, 5624, 5624, 5624, 5624, 5624, 5624, 5624, 5624, 5624, 5624, 5624, 5624, 5624, 5624, 5624, 5624, 5624, 5624, 5624, 5624, 5624, 5624, 5624, 5624, 5624, 5624, 5624, 5624, 5624, 5624, 5624, 5624, 5624, 5624, 5624, 5624, 5624, 5624, 5624, 5624, 5624, 5624, 5624, 5624, 5624, 5624, 5624, 5624, 5624, 5624, 5624, 5624, 5624, 5624, 5624, 5624, 5624, 5624, 5624, 5624, 5624, 5624, 5624, 5624, 5624, 5624, 5624, 5624, 5624, 5624, 5624, 5624, 5624, 5624, 5624, 5624, 5624, 5624, 5624, 5624, 5624, 5624, 5624, 5624, 5624, 5624, 5624, 5624, 5624, 5624, 5624, 5624, 5624, 5624, 5624, 5624, 5624, 5624, 5624, 5624, 5624, 5624, 5624, 5624, 5624, 5624, 5624, 5624, 5624, 5624, 5624, 5624, 5624, 5624, 5624, 5624, 5624, 5624, 5624, 5624, 5624, 5624, 5624, 5624, 5624, 5624, 5624, 5624, 5624, 5624, 5624, 5624, 5624, 5624, 5624, 5624, 5624, 5624, 5624, 5624, 5624, 5624, 5624, 5624, 5624, 5624, 5624, 5624, 5624, 5624, 5624, 5624, 5624, 5624, 5624, 5624, 5624, 5624, 5624, 5624, 5624, 5624, 5624, 5624, 5624, 5624, 5624, 5624, 5624, 5624, 5624, 5624, 5624, 5624, 5624, 5624, 5624, 5624, 5624, 5624, 5624, 5624, 5624, 5624, 5624, 5624, 5624, 5624, 5624, 5624, 5624, 5624, 5624, 5624, 5624, 5624, 5624, 5624, 5624, 5624, 5624, 5624, 5624, 5624, 5624, 5624, 5624, 5624, 5624, 5624, 5624, 5624, 5624, 5624, 5624, 5624, 5624, 5624, 5624, 5624, 5624, 5624, 5624, 5624, 5624, 5624, 5624, 5624, 5624, 5624, 5624, 5624, 5624, 5624, 5624, 5624, 5624, 5624, 5624, 5624, 5624, 5624, 5624, 5624, 5624, 5624, 5624, 5624, 5624, 5624, 5624, 5624, 5624, 5624, 5624, 5624, 5624, 5624, 5624, 5624, 5624, 5624, 5624, 5624, 5624, 5624, 5624, 5624, 5624, 5624, 5624, 5624, 5624, 5624, 5624, 5624, 5624, 5624, 5624, 5624, 5624, 5624, 5624, 5624, 5624, 5624, 5624, 5624, 5624, 5624, 5624, 5624, 5624, 5624, 5624, 5624, 5624, 5624, 5624, 5624, 5624, 5624, 5624, 5624, 5624, 5624, 5624, 5624, 5624, 5624, 5624, 5624, 5624, 5624, 5624, 5624, 5624, 5624, 5624, 5624, 5624, 5624, 5624, 5624, 5624, 5624, 5624, 5624, 5624, 5624, 5624, 5624, 5624, 5624, 5624, 5624, 5624, 5624, 5624, 5624, 5624, 5624, 5624, 5624, 5624, 5624, 5624, 5624, 5624, 5624, 5624, 5624, 5624, 5624, 5624, 5624, 5624, 5624, 5624, 5624, 5624, 5624, 5624, 5624, 5624, 5624, 5624, 5624, 5624, 5624, 5624, 5624, 5624, 5624, 5624, 5624, 5624, 5624, 5624, 5624, 5624, 5624, 5624, 5624, 5624, 5624, 5624, 5624, 5624, 5624, 5624, 5624, 5624, 5624, 5624, 5624, 5624, 5624, 5624, 5624, 5624, 5624, 5624, 5624, 5624, 5624, 5624, 5624, 5624, 5624, 5624, 5624, 5624, 5624, 5624, 5624, 5624, 5624, 5624, 5624, 5624, 5624, 5624, 5624, 5624, 5624, 5624, 5624, 5624, 5624, 5624, 5624, 5624, 5624, 5624, 5624, 5624, 5624, 5624, 5624, 5624, 5624, 5624, 5624, 5624, 5624, 5624, 5624, 5624, 5624, 5624, 5624, 5624, 5624, 5624, 5624, 5624, 5624, 5624, 5624, 5624, 5624, 5624, 5624, 5624, 5624, 5624, 5624, 5624, 5624, 5624, 5624, 5624, 5624, 5624, 5624, 5624, 5624, 5624, 5624, 5624, 5624, 5624, 5624, 5624, 5624, 5624, 5624, 5624, 5624, 5624, 5624, 5624, 5624, 5624, 5624, 5624, 5624, 5624, 5624, 5624, 5624, 5624, 5624, 5624, 5624, 5624, 5624, 5624, 5624, 5624, 5624, 5624, 5624, 5624, 5624, 5624, 5624, 5624, 5624, 5624, 5624, 5624, 5624, 5624, 5624, 5624, 5624, 5624, 5622, 5622, 5622, 5622, 5622, 5622, 5622, 5622, 5622, 5622, 5622, 5622, 5622, 5622, 5622, 5622, 5622, 5622, 5622, 5622, 5622, 5622, 5622, 5622, 5622, 5622, 5622, 5622, 5622, 5622, 5622, 5622, 5622, 5622, 5622, 5622, 5622, 5622, 5622, 5622, 5622, 5622, 5622, 5622, 5622, 5622, 5622, 5622, 5622, 5622, 5622, 5622, 5622, 5622, 5622, 5622, 5622, 5622, 5622, 5622, 5622, 5622, 5622, 5622, 5622, 5622, 5622, 5622, 5622, 5622, 5622, 5622, 5622, 5622, 5622, 5622, 5622, 5622, 5622, 5622, 5622, 5622, 5622, 5622, 5622, 5622, 5622, 5622, 5620, 
Fitness promedio a lo largo del tiempo: 
21656, 18825, 17217, 13622, 11763, 10030, 7280, 7591, 6793, 7858, 7802, 7236, 6495, 7312, 6949, 7133, 6164, 6311, 6886, 7153, 6538, 6613, 6616, 6485, 6431, 6611, 5901, 6490, 6633, 6317, 6580, 6119, 6731, 5843, 6682, 6045, 6054, 7055, 6488, 6700, 7314, 6359, 6450, 6501, 6660, 6557, 6749, 6211, 6753, 6320, 6737, 6341, 6084, 7005, 6403, 5752, 5735, 6157, 6235, 5835, 5742, 5734, 5890, 6220, 5991, 6223, 6161, 5885, 6215, 5704, 6591, 5705, 5801, 5944, 6122, 5699, 5990, 5939, 6079, 5985, 5695, 6118, 6088, 6677, 5725, 5668, 5858, 5692, 5679, 5786, 5681, 6006, 5966, 5666, 5995, 5695, 6703, 5677, 6062, 6270, 6186, 5668, 5794, 6240, 5659, 5671, 5729, 5676, 5848, 5659, 5685, 6001, 6234, 5649, 5701, 6422, 5649, 6317, 5650, 6104, 5884, 5648, 6378, 5667, 6003, 5663, 5654, 5647, 5966, 5795, 6223, 5838, 5645, 5656, 6057, 5650, 5684, 6110, 5839, 6167, 5846, 5647, 6066, 6266, 5782, 6072, 5786, 5786, 5660, 6284, 5659, 5855, 5658, 5678, 6179, 5644, 6068, 6218, 6488, 5682, 5945, 5660, 5844, 6051, 5668, 5797, 5660, 5654, 5657, 6006, 6163, 6317, 5684, 5887, 6337, 5676, 6016, 5848, 5658, 5665, 5900, 6228, 6179, 5841, 6111, 5661, 6236, 5747, 5638, 6417, 6489, 5671, 6268, 5666, 6312, 6210, 6172, 5668, 6148, 5658, 6346, 6282, 5651, 5735, 6276, 5665, 5698, 5647, 5675, 5668, 5653, 6449, 5902, 6126, 5786, 5648, 6073, 5937, 6055, 5664, 5659, 6439, 6001, 5778, 5662, 5946, 5661, 5650, 5668, 6056, 5905, 6064, 6448, 6676, 6219, 6344, 5653, 6073, 5832, 6332, 6190, 6005, 5649, 5649, 5648, 6012, 6051, 5840, 6102, 5648, 6108, 6171, 6231, 5678, 5737, 6001, 5661, 5673, 5797, 5685, 5661, 5746, 6434, 5638, 5650, 6249, 5641, 5889, 5839, 6117, 5674, 5654, 5712, 5664, 5647, 5907, 5657, 5726, 6019, 6010, 5733, 6079, 6180, 5733, 5655, 6489, 5642, 5681, 6048, 5658, 5834, 5645, 5919, 5665, 5779, 5678, 5667, 6044, 6543, 6592, 5661, 6090, 5771, 5684, 6322, 5660, 5663, 5789, 5694, 5958, 6010, 6345, 6322, 5655, 6281, 5791, 5646, 5654, 5654, 5660, 5651, 5789, 6376, 5989, 5733, 5675, 5657, 5646, 6278, 5652, 5646, 5673, 5653, 5689, 5641, 5648, 5945, 5645, 6218, 5673, 5660, 5734, 5994, 5834, 5654, 5648, 5656, 5651, 5842, 5663, 6016, 6560, 6395, 5684, 5656, 5644, 5656, 5680, 6706, 6114, 5661, 5961, 5668, 5664, 5652, 5678, 5676, 5651, 6220, 6158, 5831, 6161, 5649, 5732, 5640, 5656, 6124, 5683, 5841, 5648, 5872, 5656, 6423, 5945, 6212, 6885, 6383, 5974, 5942, 5947, 6072, 6428, 5652, 6581, 6042, 6060, 5666, 5643, 5652, 5956, 6101, 6200, 5853, 5892, 5689, 5750, 6155, 5647, 5849, 5658, 5861, 5710, 6053, 5648, 5650, 5661, 6050, 6232, 5668, 5642, 6060, 5701, 6214, 5645, 5658, 5644, 6828, 6127, 5730, 5653, 6427, 6240, 5744, 5682, 5649, 5679, 6745, 5831, 5888, 5945, 6104, 5653, 6107, 5653, 5683, 5651, 5661, 5648, 5687, 6107, 5666, 5827, 6059, 5654, 6002, 5658, 5801, 5648, 6318, 5683, 7005, 5636, 5647, 5655, 5647, 5952, 6204, 5727, 5669, 6067, 5659, 6293, 6120, 5661, 5860, 5729, 5857, 5655, 6055, 5659, 6225, 5657, 6056, 5955, 6156, 5650, 6499, 5915, 6319, 5653, 5840, 6218, 5653, 5649, 5888, 5675, 5789, 6113, 5652, 5655, 5660, 5924, 5647, 5651, 5665, 6063, 5680, 6370, 5658, 6125, 5649, 6067, 5735, 5685, 5956, 5651, 5672, 5672, 5782, 6272, 5786, 5655, 5661, 5671, 5658, 5649, 5730, 6447, 5651, 6208, 6542, 6219, 5658, 6382, 5788, 5653, 5671, 5650, 6068, 5648, 5692, 5720, 5663, 5655, 5659, 5879, 5775, 6065, 5779, 5648, 5681, 5653, 5652, 5644, 5841, 5744, 5677, 6380, 5781, 5792, 5665, 5689, 5729, 5659, 5838, 5661, 6011, 5654, 5643, 5949, 6002, 5669, 5678, 5659, 5677, 5665, 5952, 5737, 5653, 5672, 6050, 5924, 5663, 5904, 6169, 5705, 5821, 5656, 6012, 6110, 5661, 6058, 5673, 6715, 6156, 5719, 5669, 5997, 6151, 5681, 5664, 5685, 6087, 5655, 5674, 6381, 5653, 5904, 5655, 5672, 6332, 6127, 5966, 5650, 5871, 5878, 6275, 5940, 5780, 6002, 5951, 6168, 5897, 5843, 5783, 6338, 6219, 6066, 6172, 5645, 5661, 6070, 5900, 5657, 6439, 5694, 5650, 5644, 6072, 6274, 6213, 5676, 6378, 5666, 6160, 6081, 5800, 6213, 6394, 5654, 6074, 6110, 6543, 6113, 6066, 6936, 5652, 5848, 5671, 6047, 6064, 6104, 5758, 6125, 5689, 5996, 6009, 5657, 6005, 5654, 5859, 6004, 6377, 5954, 5640, 5654, 5698, 5797, 5735, 5755, 5863, 5784, 5655, 5649, 6341, 5727, 5901, 5845, 5842, 6059, 5784, 6153, 5685, 6167, 5665, 6158, 5660, 5658, 5654, 5784, 6112, 5845, 5684, 5647, 6004, 6006, 6114, 5895, 5651, 5671, 5651, 6428, 5843, 5999, 6101, 5647, 5752, 5934, 6102, 5792, 6104, 6286, 6271, 5652, 5669, 5663, 5885, 5759, 5711, 5652, 5662, 6116, 5659, 6222, 5894, 6338, 6055, 5881, 5858, 5650, 5652, 5951, 5660, 6337, 5659, 6012, 6135, 5655, 6109, 5645, 5792, 5671, 5654, 5656, 6017, 5761, 5661, 6804, 5720, 5855, 5661, 5677, 5673, 6281, 5777, 5670, 5654, 6207, 6418, 5650, 5657, 5657, 5662, 6071, 5653, 5672, 6063, 6366, 5661, 6271, 5652, 6159, 6420, 5674, 5663, 5901, 5671, 5644, 5891, 5698, 6701, 5965, 5663, 5652, 5834, 6139, 5656, 6326, 5657, 5791, 6118, 5649, 6136, 5657, 6375, 5870, 6062, 5648, 6110, 5667, 5647, 5662, 5657, 6053, 5643, 5898, 5645, 6108, 6159, 5682, 5650, 5653, 5675, 5964, 5954, 6217, 6206, 5668, 6004, 6437, 5648, 6278, 5654, 6045, 6070, 5946, 5659, 5654, 6069, 5648, 5674, 5688, 6334, 5930, 5657, 5835, 5953, 6071, 6657, 5842, 5887, 5644, 5647, 5658, 5662, 5663, 5675, 5650, 5663, 5797, 5644, 5840, 5904, 5655, 6106, 5825, 5660, 5864, 5649, 5668, 5649, 5651, 5736, 6272, 6293, 5693, 5937, 6861, 5648, 6360, 5903, 5804, 5648, 6067, 6203, 6279, 6110, 5817, 6221, 5646, 5739, 6118, 6101, 5659, 5661, 5677, 5689, 5651, 6049, 5657, 6115, 5729, 5905, 6275, 5942, 5682, 5648, 5659, 5659, 5670, 6168, 5675, 6161, 5669, 5743, 6535, 5951, 6561, 6155, 5656, 5878, 5656, 5653, 5739, 5895, 6232, 5684, 5659, 5679, 5951, 6061, 5653, 6056, 6117, 5833, 5656, 5652, 6401, 5850, 6106, 6225, 5658, 5800, 6279, 5866, 6055, 5657, 5721, 5649, 5649, 5842, 5669, 5660, 6116, 5853, 5684, 5651, 5651, 5999, 5801, 6314, 5645, 5841, 6223, 5700, 6858, 5679, 5668, 6266, 5683, 6225, 5665, 5904, 5652, 5659, 5715, 5644, 5998, 5650, 5645, 5793, 6108, 5677, 5658, 6487, 5653, 5700, 5646, 5900, 5876, 5956, 5940, 5658, 5651, 5653, 5653, 5845, 5655, 5935, 5657, 5664, 6052, 5654, 6047, 5649, 6508, 5898, 6015, 5666, 6060, 5650, 5643, 5658, 5664, 5659, 5658, 5664, 5679, 5764, 5743, 6808, 5656, 5656, 5650, 5999, 5670, 5766, 5675, 6170, 5651, 6078, 6094, 5652, 5655, 5652, 5737, 6370, 5661, 5858, 6002, 6427, 5822, 5741, 5663, 6327, 5736, 5836, 6473, 6269, 5646, 6424, 5900, 5642, 6314, 6428, 5639, 6064, 5657, 6066, 5643, 6589, 5632, 6100, 5645, 5641, 6715, 6233, 5729, 5642, 5648, 6408, 5649, 6159, 6158, 5887, 5838, 5652, 6534, 5666, 6057, 6159, 5940, 6092, 6035, 5643, 6213, 5905, 5999, 5836, 5633, 5842, 5665, 5688, 6104, 5642, 5637, 6002, 5651, 5650, 5920, 6163, 6013, 5788, 5642, 5675, 5641, 5987, 5647, 5645, 6149, 5792, 5649, 5637, 5664, 5884, 6322, 6046, 6076, 5643, 6423, 5998, 6101, 6704, 5660, 6049, 6029, 5882, 5781, 6153, 5708, 6041, 6488, 5906, 5948, 5991, 5728, 5639, 6318, 5659, 5995, 5663, 5654, 5659, 5641, 6057, 6157, 6372, 5641, 6117, 6217, 5793, 5653, 5661, 5779, 5904, 6048, 6314, 5667, 6289, 5794, 6258, 5638, 5888, 5825, 5738, 5985, 6253, 5643, 5993, 5773, 5939, 5828, 6329, 6385, 6209, 5937, 5892, 5647, 6059, 6383, 5828, 5844, 5962, 5996, 5673, 5674, 5652, 5664, 6157, 5650, 5643, 5676, 5840, 5652, 6191, 5940, 5697, 5640, 5646, 6325, 5777, 5647, 6507, 5654, 5640, 5655, 5994, 5647, 6469, 6174, 5890, 6325, 5777, 5666, 5727, 6188, 5895, 5988, 6164, 5644, 5649, 5678, 6259, 5656, 5711, 5676, 5779, 6062, 5642, 5840, 5945, 5635, 6424, 5835, 5643, 5843, 5705, 6049, 5733, 5645, 6087, 6153, 6159, 5657, 5834, 5672, 6040, 6108, 5943, 5815, 6214, 5899, 5861, 5656, 6149, 5870, 5901, 6115, 6046, 5995, 5663, 6944, 6109, 5898, 5798, 6629, 6304, 5723, 6408, 5838, 6358, 6319, 5647, 5892, 5768, 5649, 6057, 5836, 7124, 5641, 5648, 6321, 5979, 5949, 6109, 6105, 5735, 5851, 5651, 5646, 5651, 5709, 5750, 5668, 6074, 5700, 6122, 6870, 6444, 6606, 6393, 5884, 5715, 6112, 6278, 5882, 5669, 6325, 6066, 5832, 6115, 5656, 5664, 5638, 5810, 5882, 6649, 6122, 5632, 5714, 5651, 5728, 6174, 5687, 5659, 5647, 5996, 5680, 6519, 5889, 5670, 5946, 5942, 5782, 5656, 6373, 5846, 5645, 5643, 5669, 5639, 5653, 6101, 5653, 5660, 5643, 5818, 5784, 5738, 6052, 5650, 6170, 6104, 5992, 5747, 6133, 5882, 5644, 6319, 5649, 5654, 6013, 5646, 6110, 6627, 5643, 6273, 5679, 5654, 5929, 6054, 5671, 5659, 5999, 5694, 5941, 5807, 5655, 6321, 5655, 5654, 5716, 5738, 6202, 6366, 5642, 6054, 6171, 5652, 5841, 6031, 6591, 6003, 5826, 6315, 6556, 5770, 5996, 5837, 5677, 5646, 6117, 5703, 6050, 5642, 5927, 5640, 6155, 5927, 5646, 6099, 5895, 6301, 5637, 5706, 5641, 5938, 6103, 5910, 6050, 5639, 5665, 5721, 6205, 5641, 5673, 6579, 6199, 6263, 5643, 5639, 6165, 6102, 6161, 6071, 5668, 6073, 5684, 5677, 5712, 5953, 5638, 5774, 6056, 5646, 5637, 6051, 6044, 5642, 5645, 6341, 6376, 5652, 5731, 5718, 5774, 5644, 5848, 5912, 6563, 5701, 5745, 5668, 5654, 6524, 5641, 5976, 5660, 5657, 5799, 5660, 5670, 5990, 6475, 5637, 5935, 5783, 5654, 5639, 5658, 5644, 5778, 5651, 5650, 5636, 5941, 5642, 6109, 5638, 5645, 5671, 5663, 5840, 6100, 6266, 6506, 5651, 5651, 6150, 6131, 5834, 5937, 5952, 5658, 6206, 5995, 5651, 6114, 6056, 6292, 5968, 5669, 6167, 5652, 6097, 6044, 5643, 5731, 5949, 5845, 5952, 6218, 6041, 5655, 5650, 6010, 6369, 5652, 5735, 5655, 6177, 5773, 5749, 6010, 5653, 5655, 5644, 5633, 6258, 5955, 6328, 5883, 5637, 5718, 5900, 5684, 5652, 5660, 6546, 6224, 6093, 5661, 5643, 5647, 6318, 5891, 5639, 5643, 5788, 5641, 6229, 5684, 6044, 5897, 5713, 5775, 5932, 5893, 6374, 5644, 5654, 5643, 5990, 6094, 5636, 5665, 5633, 5649, 5647, 6048, 5944, 5641, 5726, 6272, 6101, 5817, 5651, 6287, 5898, 5655, 5638, 5660, 5648, 5654, 6231, 5645, 5695, 6165, 6494, 5650, 6093, 5997, 5980, 5646, 5788, 5638, 6869, 6335, 5935, 6034, 5638, 6153, 6004, 5647, 5648, 5718, 5997, 6426, 5957, 6171, 5982, 5893, 5886, 6205, 5732, 6501, 5750, 5670, 5635, 6102, 6306, 6056, 5937, 6002, 5736, 5653, 6221, 5883, 5644, 5760, 6266, 6056, 6449, 6160, 5798, 6528, 6111, 6170, 6488, 5881, 6333, 5708, 5712, 6427, 5678, 5640, 6417, 6224, 5637, 5643, 6066, 5648, 6317, 5649, 6683, 5673, 5775, 6099, 6042, 5638, 6911, 5646, 6435, 5656, 5887, 5640, 5943, 5791, 5828, 5640, 6583, 6603, 5648, 5644, 5667, 5688, 6300, 5729, 6326, 5892, 6314, 5933, 5728, 5640, 6447, 6162, 5638, 5667, 5646, 6150, 5641, 5638, 5934, 6331, 5681, 5643, 5662, 6061, 5662, 5644, 5649, 5666, 5654, 6416, 5645, 5732, 5657, 6035, 6326, 5638, 5640, 5662, 5646, 5718, 5985, 5643, 5680, 5654, 5850, 6556, 6210, 5651, 5734, 5643, 5685, 5636, 5660, 6036, 6205, 6310, 5638, 5651, 5652, 5715, 5900, 6267, 5640, 5666, 5652, 6049, 5645, 6274, 5647, 6308, 6077, 6327, 5883, 5761, 6266, 5785, 6046, 6203, 5734, 5813, 5646, 6087, 6108, 5646, 5879, 6123, 6105, 5996, 6363, 5861, 6634, 5828, 5728, 5876, 6245, 6049, 5645, 6214, 6006, 5639, 5647, 5649, 5645, 5867, 5960, 5790, 6367, 6306, 6100, 5644, 5682, 5648, 5667, 5888, 5662, 5650, 5877, 6034, 6107, 5647, 6098, 6318, 5649, 5812, 6207, 6027, 5667, 5653, 5641, 5732, 5660, 5661, 5644, 5747, 5652, 5838, 5640, 5882, 6427, 6439, 5651, 6107, 5643, 5842, 5658, 5798, 5653, 5688, 5643, 5996, 5637, 5795, 5642, 6216, 5670, 5641, 5945, 5649, 6100, 5985, 5995, 5679, 5936, 5670, 5639, 6268, 6261, 6336, 5651, 6007, 6047, 6146, 6252, 5639, 5651, 5847, 5741, 6215, 5659, 5651, 5658, 5638, 5651, 5634, 5684, 6092, 5645, 5640, 5664, 5703, 6203, 5688, 5644, 5936, 6478, 5646, 6059, 5641, 5679, 5716, 5878, 5663, 5892, 5948, 5882, 5645, 5636, 5649, 6283, 6433, 5934, 5948, 5679, 5907, 5993, 5691, 6069, 6212, 5946, 5679, 5652, 5635, 5642, 6170, 5781, 5647, 5684, 6383, 6088, 5779, 5650, 5979, 5904, 5673, 6183, 6006, 5657, 6003, 5727, 5675, 5641, 5646, 5646, 5652, 5724, 6004, 5741, 6009, 5759, 5640, 5760, 5655, 5650, 5648, 5640, 5727, 5717, 5654, 5714, 5661, 5669, 5759, 5947, 6477, 6169, 5648, 5638, 5946, 5856, 5673, 5644, 6156, 5668, 6309, 5875, 5665, 5640, 6375, 5950, 5952, 6157, 5664, 5648, 5636, 5947, 5647, 5830, 6309, 5847, 5646, 5638, 5721, 5638, 5641, 6025, 6547, 5942, 5645, 5638, 5640, 6257, 5948, 5672, 6148, 5638, 6320, 5650, 6162, 5653, 5650, 5903, 5687, 5656, 5931, 5649, 5645, 6049, 5774, 5660, 5653, 6144, 5740, 5833, 5987, 5631, 6863, 5989, 5674, 5660, 6317, 5635, 5933, 6118, 5641, 6304, 5834, 6046, 6218, 5827, 5878, 5644, 5978, 5645, 5833, 6048, 5940, 5947, 5647, 5648, 6064, 5641, 5665, 5654, 6054, 5944, 6618, 5958, 6042, 6360, 5833, 5688, 5640, 5637, 6054, 5643, 5634, 5659, 6263, 6373, 5668, 5637, 5653, 5660, 6209, 5957, 5935, 6272, 5789, 6181, 6133, 5890, 6035, 6203, 6051, 6140, 5638, 5725, 5678, 5659, 5659, 5779, 5658, 5645, 6048, 6051, 6159, 5673, 5850, 5695, 5759, 6224, 5659, 5644, 6504, 5649, 5645, 5641, 5995, 5637, 5668, 5992, 5641, 5936, 6214, 5640, 5642, 5783, 5657, 5642, 5740, 6177, 6062, 5726, 5917, 5645, 6553, 5941, 5718, 5653, 5894, 6367, 6468, 5668, 6155, 5916, 5659, 5871, 5644, 5651, 5657, 6102, 5975, 5942, 6202, 5817, 5731, 5774, 5927, 5958, 6136, 6161, 5783, 5882, 5644, 5645, 5879, 5642, 6416, 5647, 6218, 5652, 5901, 5656, 6312, 5883, 5645, 6206, 5651, 5649, 5911, 5637, 5693, 5641, 6097, 5639, 6133, 5641, 5718, 5781, 5642, 5831, 6096, 5646, 6062, 5717, 6328, 5661, 5645, 6015, 5630, 5929, 5760, 5657, 5663, 5638, 5636, 6319, 5920, 5646, 6001, 5648, 6412, 5648, 6749, 5635, 5698, 5649, 5669, 5700, 6105, 6730, 5940, 6423, 6169, 5887, 6582, 5658, 5636, 5822, 6337, 5881, 5639, 6210, 5672, 6115, 5642, 6421, 5654, 5653, 5954, 5772, 5651, 5939, 6425, 5886, 6092, 6311, 5651, 5656, 6313, 5750, 5643, 5954, 6512, 5640, 6096, 5826, 5680, 6060, 6322, 5844, 6106, 5991, 5639, 5645, 5833, 5771, 6040, 5640, 6365, 6207, 5644, 6381, 6317, 5652, 5656, 5637, 5911, 6567, 5632, 5642, 6688, 5880, 5891, 5641, 5694, 5637, 5642, 5643, 6177, 5639, 6208, 5698, 5917, 5648, 5724, 5757, 6010, 6272, 6053, 6058, 5828, 5781, 6044, 5648, 5639, 5643, 5640, 5790, 6047, 5647, 5645, 5645, 5657, 5774, 5850, 6569, 6485, 5659, 6006, 5642, 5651, 5904, 5726, 5730, 5636, 6211, 5640, 5702, 5650, 6044, 5945, 5673, 5889, 6105, 5636, 5643, 5652, 6094, 6159, 5650, 6249, 5679, 6486, 5839, 5772, 5886, 6548, 5729, 5731, 5640, 6109, 5668, 5649, 5792, 6258, 5640, 5720, 5646, 5674, 5645, 5727, 5945, 6610, 5658, 5885, 5659, 5642, 5661, 5639, 5881, 5635, 5634, 6313, 5637, 5689, 5891, 5938, 6536, 5767, 5768, 5641, 6058, 6304, 5642, 6011, 6183, 6164, 6014, 5834, 6102, 5633, 5654, 5648, 5641, 5936, 6148, 6230, 5659, 5662, 5825, 5652, 5831, 6102, 6318, 6702, 6005, 5673, 5660, 6158, 5638, 5651, 6159, 6380, 5647, 5827, 5879, 5946, 5645, 5803, 5680, 5647, 5637, 5709, 6046, 5643, 6105, 5636, 6214, 5767, 5925, 6174, 5637, 5665, 5766, 5829, 5651, 5645, 5656, 5642, 5658, 5812, 5825, 6059, 6044, 5640, 5943, 5661, 5654, 5650, 5663, 6039, 5639, 6157, 6250, 5667, 5778, 5842, 5641, 5646, 5676, 6552, 6047, 5639, 6047, 5989, 5708, 5669, 6582, 5636, 5641, 6046, 5640, 5951, 6211, 5898, 6214, 5976, 5655, 5726, 5775, 5895, 5726, 6061, 5892, 5651, 5834, 5644, 5657, 5650, 5649, 5726, 5949, 6059, 6452, 5668, 6257, 6253, 5634, 6461, 5667, 5782, 5936, 6018, 5735, 5778, 5646, 6324, 5646, 5820, 5946, 5642, 5640, 6141, 5764, 5641, 6463, 5642, 5733, 5645, 5646, 5636, 5736, 5890, 5638, 5645, 5637, 5644, 5646, 6019, 5877, 5645, 6219, 6094, 5658, 5636, 5633, 6166, 6311, 5655, 6208, 5666, 5654, 6634, 5904, 6297, 6000, 5658, 5831, 5647, 6148, 5644, 6021, 5905, 5846, 5639, 5637, 6007, 6218, 5655, 5779, 5648, 5646, 5906, 5661, 5837, 6099, 5813, 5926, 5652, 5747, 5690, 6516, 5652, 5876, 6259, 6440, 5729, 5827, 5854, 5816, 5644, 5643, 6055, 6152, 5644, 5955, 5659, 5645, 5640, 6060, 5946, 5777, 5639, 5662, 6032, 5938, 6053, 6582, 6363, 5825, 5955, 5720, 5888, 5645, 6088, 5852, 5982, 5640, 5639, 5891, 5672, 5891, 5637, 5995, 6176, 6074, 5651, 5673, 5640, 5776, 5665, 5630, 6006, 6027, 5645, 5644, 6052, 5884, 6167, 6091, 5892, 5831, 6147, 6212, 5679, 6040, 5663, 5647, 5643, 6576, 5658, 5631, 5651, 6228, 5641, 5657, 6205, 5640, 6054, 5645, 5637, 6058, 5933, 6906, 5645, 6318, 6105, 5649, 5646, 5636, 6577, 5671, 5867, 5935, 5838, 5668, 5995, 6198, 5640, 5668, 6260, 5927, 6060, 6055, 5837, 6307, 5708, 5649, 5644, 6483, 6323, 6572, 5834, 5934, 5876, 5672, 6059, 5939, 5656, 5689, 5638, 6172, 6076, 5760, 5640, 5888, 5646, 5647, 5833, 5637, 6006, 5653, 5651, 5640, 5645, 6227, 5653, 5837, 5720, 6201, 5647, 5647, 5726, 6161, 5981, 5648, 5656, 5640, 5714, 6482, 5993, 5645, 5641, 5885, 5654, 5642, 6041, 5731, 5919, 5787, 5738, 6140, 6317, 5668, 5794, 6093, 6050, 6104, 5772, 5660, 5641, 5642, 6368, 5666, 5769, 6303, 5674, 6327, 5952, 5650, 5657, 5671, 6365, 5997, 5667, 6123, 5732, 5879, 5656, 6217, 6346, 5640, 5641, 5639, 5644, 5682, 6387, 5726, 6647, 6326, 5854, 5695, 5825, 5895, 6047, 6589, 5866, 5946, 6256, 5642, 5785, 5930, 5654, 5642, 6376, 6783, 5657, 5634, 5665, 5786, 5995, 5662, 5875, 6138, 5688, 6369, 5645, 5986, 5664, 5652, 5646, 5679, 5656, 6594, 5648, 5830, 5765, 5655, 5775, 5649, 6100, 5639, 5821, 5639, 5645, 5837, 6205, 6212, 5657, 5668, 5656, 5989, 5946, 5666, 5638, 6694, 5636, 5656, 6430, 5792, 5921, 6382, 5670, 5902, 5644, 5998, 5755, 6253, 5642, 5665, 5807, 5924, 5829, 5851, 5631, 6267, 5658, 5654, 5759, 6479, 6254, 5651, 5648, 5639, 5636, 6310, 5646, 5732, 6215, 5654, 5759, 5633, 5643, 5999, 5943, 5636, 5832, 5639, 6108, 5995, 5661, 5779, 6006, 5654, 5666, 6206, 5662, 5654, 5943, 5642, 5657, 5780, 5639, 5948, 5644, 6256, 5722, 5849, 5681, 6020, 5655, 5637, 5638, 5938, 5653, 6144, 5675, 5664, 5655, 6093, 5661, 6372, 5954, 5766, 6380, 6201, 5944, 5682, 6258, 5644, 6302, 5656, 5714, 5715, 6052, 5669, 6686, 5641, 5689, 6110, 5637, 5940, 6052, 5996, 5646, 5776, 5661, 5940, 5654, 5679, 5860, 6327, 5893, 6336, 5757, 6102, 5671, 5655, 5647, 5637, 5663, 6143, 5787, 5894, 5670, 6153, 5651, 5731, 5868, 6221, 5645, 5657, 6276, 5682, 6062, 5639, 5647, 6335, 6041, 5831, 6305, 6206, 5839, 5733, 5847, 5900, 6369, 5638, 5929, 6041, 5646, 6113, 5639, 5854, 5767, 5801, 5939, 5661, 5640, 6150, 5637, 5645, 5657, 5948, 5900, 5935, 5646, 6062, 5655, 5728, 5685, 5705, 5887, 5738, 6216, 6415, 6115, 5636, 5832, 5999, 6316, 6209, 5660, 5706, 6010, 5645, 5651, 5643, 6226, 6155, 6017, 6363, 5738, 5986, 5643, 5836, 5707, 6164, 5944, 6167, 5669, 5878, 6599, 5650, 5756, 5641, 5886, 6869, 6149, 5637, 5663, 5658, 5839, 5644, 5764, 5639, 5867, 5869, 6046, 6155, 5939, 5724, 5649, 5641, 5648, 5650, 5829, 5642, 5640, 6474, 5882, 6166, 5662, 5700, 5643, 5935, 5650, 6576, 5652, 6304, 5644, 6582, 5664, 5882, 5674, 5654, 6011, 5646, 5645, 5682, 6223, 5681, 5644, 6193, 5654, 6101, 5942, 5834, 5835, 5659, 5642, 6089, 5653, 5761, 5648, 6000, 5649, 5629, 5883, 6268, 5775, 6323, 5670, 5879, 5661, 5656, 5679, 5955, 6099, 5699, 5644, 6531, 6108, 5643, 5895, 6326, 5909, 5845, 5666, 6379, 6184, 6381, 6252, 5780, 6063, 5647, 5652, 6071, 5690, 5638, 5648, 5637, 6377, 5654, 6152, 5645, 6046, 5645, 5659, 5887, 6057, 5721, 5948, 6529, 6027, 5684, 6100, 6364, 6452, 5643, 5645, 5935, 5778, 5656, 6467, 5640, 5686, 6117, 5639, 6093, 5654, 5991, 5641, 5638, 6118, 5672, 6202, 5638, 5638, 5946, 5637, 5670, 5676, 5661, 5683, 6204, 6335, 6060, 5648, 5647, 6276, 6113, 5891, 6206, 6049, 5666, 5861, 5648, 5640, 5646, 5642, 5643, 5643, 6119, 5877, 5646, 6004, 6222, 5661, 5655, 5661, 5896, 6105, 5990, 6325, 5885, 5683, 5639, 5763, 6048, 5871, 6615, 5647, 5947, 6483, 6490, 5662, 5943, 5787, 5964, 5776, 5653, 5658, 5720, 5945, 5737, 6583, 5651, 5639, 5827, 6160, 5645, 5697, 5729, 6048, 6172, 5653, 5710, 5759, 6201, 6327, 5656, 6747, 5832, 6444, 5637, 5786, 6050, 5964, 6682, 6374, 5892, 5944, 5681, 5898, 5645, 5668, 6320, 5883, 5655, 5638, 5936, 6226, 5659, 6254, 5654, 5649, 6104, 5853, 5650, 6301, 5981, 5947, 5897, 6201, 6268, 5758, 5661, 5650, 5950, 5678, 5892, 5639, 5653, 5640, 5645, 5645, 6152, 5688, 5629, 5873, 5675, 5942, 5982, 6106, 6209, 5651, 5648, 5640, 5881, 5650, 6151, 6158, 5638, 5719, 5712, 5644, 5996, 5653, 5766, 5790, 5930, 5650, 5946, 5652, 5954, 5792, 5642, 5643, 5654, 5887, 5655, 5648, 6630, 6539, 6330, 6432, 5898, 5640, 5646, 5637, 5654, 6169, 5639, 5899, 5641, 5672, 5670, 5973, 5819, 6367, 6172, 6060, 6104, 6037, 5931, 6361, 6120, 5659, 5943, 6055, 5666, 5660, 6436, 6269, 5640, 5640, 5658, 5746, 5666, 5820, 5644, 6480, 5999, 5645, 5936, 5842, 5834, 6014, 5643, 5837, 6043, 5639, 6436, 5658, 5709, 6155, 5666, 5646, 5662, 5899, 6007, 5656, 6417, 5995, 7094, 5893, 5877, 5657, 6795, 5642, 6273, 5641, 5947, 6205, 5918, 5687, 5640, 6526, 5671, 5653, 5791, 5650, 6110, 5651, 5981, 5863, 6098, 6147, 6203, 5645, 5661, 5947, 5631, 5644, 5647, 5640, 5644, 5653, 6641, 5656, 5650, 5837, 5642, 5895, 6105, 6126, 5659, 6158, 5651, 5634, 5646, 5641, 6203, 5647, 5901, 6153, 5845, 5651, 5653, 5950, 6049, 6595, 5654, 5655, 5894, 5766, 5829, 5665, 5658, 6044, 5844, 5740, 6757, 6165, 6040, 6554, 5850, 5645, 5880, 6159, 5904, 5949, 5667, 5943, 6475, 6003, 6205, 5638, 5671, 5636, 5641, 5672, 6058, 5993, 5884, 5989, 6320, 6158, 6508, 5764, 6166, 5640, 5942, 5709, 6002, 5875, 5724, 5649, 6312, 5643, 6056, 5640, 5653, 5960, 5652, 5936, 6316, 5970, 5932, 5858, 5653, 5934, 6419, 6212, 5639, 5661, 6335, 5657, 5843, 5648, 5637, 5849, 5652, 6324, 6197, 5667, 5729, 6316, 5676, 6440, 6734, 5665, 6051, 6377, 6162, 6765, 5842, 5644, 5888, 5648, 5783, 5784, 5654, 5639, 5664, 6067, 6583, 6035, 5656, 6320, 5640, 5654, 5794, 5747, 6176, 6159, 5887, 6167, 5797, 6039, 5670, 6216, 5679, 5645, 5653, 6145, 5726, 6272, 5965, 5741, 5664, 5781, 6254, 5661, 5637, 6112, 6145, 5778, 5646, 5890, 5641, 5664, 5677, 5643, 5648, 5712, 6033, 6004, 6274, 5656, 5774, 6185, 6015, 5665, 5725, 6835, 5644, 5853, 6119, 5629, 5887, 5660, 5647, 5643, 5747, 5838, 6316, 6265, 6151, 5883, 5832, 6127, 5668, 5656, 5649, 5945, 5671, 5779, 5637, 5967, 5647, 5884, 5988, 5650, 6245, 6044, 6367, 6054, 5764, 5646, 6376, 5692, 5635, 5636, 5900, 5833, 5720, 5831, 6050, 7298, 6545, 5999, 5936, 5944, 6818, 6152, 5900, 5727, 5896, 5854, 6068, 6007, 5778, 6053, 6101, 5943, 5645, 6177, 5665, 5665, 6059, 5660, 5932, 5636, 6085, 6206, 5988, 5636, 6161, 5893, 5649, 6316, 5950, 5654, 6044, 5779, 6113, 6060, 5927, 5650, 5905, 5946, 6352, 5660, 5954, 5762, 5644, 6173, 6118, 6169, 5949, 5672, 5653, 5704, 5981, 5647, 6180, 5906, 5656, 6112, 5656, 5990, 5649, 6701, 6105, 5652, 5668, 5645, 5947, 6319, 5941, 5667, 5654, 5789, 5638, 5645, 5642, 6279, 6354, 5830, 5672, 5650, 6106, 5674, 6215, 5982, 5716, 5999, 6380, 5921, 5744, 5869, 6374, 5833, 5653, 6071, 6279, 5639, 5727, 6117, 6050, 6106, 6488, 5895, 5640, 6098, 5710, 6366, 5638, 6109, 5832, 6207, 5651, 5644, 5996, 5642, 5942, 5997, 5890, 5841, 6148, 5641, 6248, 5794, 6048, 5657, 5674, 5688, 5707, 5814, 5898, 6195, 5984, 5835, 5906, 5646, 5660, 6153, 5655, 6045, 5757, 5804, 6158, 5637, 6044, 5638, 5883, 6033, 5685, 6559, 6968, 6152, 5884, 5935, 5949, 5898, 5946, 5903, 6026, 5644, 5638, 5886, 6271, 5646, 6210, 5780, 5806, 6381, 6403, 5640, 6411, 5655, 5641, 6524, 6268, 5647, 5652, 6158, 5664, 5639, 5643, 5882, 5642, 6047, 5940, 5984, 5668, 5891, 5636, 6277, 5637, 5757, 5679, 5947, 5815, 6149, 5878, 5785, 5637, 5997, 5655, 5997, 5885, 5647, 6309, 5930, 5700, 6680, 6147, 5981, 6251, 5648, 6445, 5638, 6092, 6002, 6371, 6082, 5742, 5638, 5768, 6303, 5656, 5656, 6041, 5684, 6090, 5652, 6005, 5863, 6115, 5881, 5643, 5649, 5899, 6055, 6043, 5940, 5681, 5637, 6248, 6373, 6246, 5983, 5651, 5643, 5757, 6122, 5921, 5650, 5924, 5903, 6109, 7067, 5836, 5847, 5994, 5646, 6165, 5664, 5655, 5926, 6049, 5966, 6212, 5643, 5872, 5661, 6137, 5645, 5643, 5640, 5936, 5652, 5747, 5657, 5853, 5658, 6170, 6374, 5645, 5661, 5709, 5647, 5994, 5951, 5889, 6309, 5636, 6205, 5758, 6006, 5641, 5674, 5961, 5711, 5876, 5645, 5914, 5712, 5637, 6255, 6176, 5645, 5643, 6654, 5842, 6160, 5970, 5828, 5963, 5645, 5656, 5816, 5832, 5647, 6642, 6063, 6255, 6096, 6423, 6131, 5639, 6914, 5657, 5650, 5845, 5846, 5653, 6049, 6043, 5926, 5641, 5653, 5647, 5935, 5940, 5647, 6148, 5644, 5719, 5640, 6437, 5697, 5875, 5652, 5948, 5638, 5645, 5714, 6146, 6107, 5941, 6005, 5830, 6106, 5776, 7241, 5671, 5670, 6210, 5935, 5992, 5883, 6210, 6104, 6569, 5774, 5998, 5643, 5679, 6201, 5935, 5645, 6158, 5997, 5782, 6048, 5990, 5643, 5640, 5779, 5727, 5640, 5637, 5653, 6424, 5963, 5645, 5720, 5822, 6044, 5641, 5775, 6215, 5993, 5646, 5782, 5642, 5642, 5643, 6323, 5647, 5992, 5650, 5653, 5829, 5931, 6104, 5633, 5636, 6010, 6140, 6280, 5667, 5876, 5925, 5822, 6468, 6278, 6039, 5944, 5955, 6012, 6482, 5665, 5662, 5642, 5670, 5861, 5666, 5831, 5818, 5822, 5649, 6369, 6253, 6089, 5880, 6229, 5858, 5646, 5754, 6536, 5645, 6261, 5896, 5670, 5646, 5888, 5883, 5641, 5648, 5636, 6043, 5996, 6154, 6473, 6307, 5646, 5650, 5636, 5662, 5720, 5639, 5898, 5644, 6267, 5999, 5890, 6801, 6009, 5832, 6164, 5722, 6270, 6166, 6058, 6165, 5928, 6120, 5650, 5638, 6204, 5773, 5650, 5941, 5924, 5644, 5660, 5638, 5641, 5660, 5831, 5659, 6221, 6149, 5810, 5639, 5644, 5642, 6252, 5683, 6059, 5642, 5816, 5728, 5931, 5946, 5645, 5640, 5650, 5639, 5833, 5760, 5659, 6056, 6114, 5648, 6103, 5674, 5646, 5641, 5665, 5907, 5846, 5664, 5976, 5646, 6049, 5729, 5732, 5822, 5840, 5996, 5954, 5904, 5833, 5896, 5643, 5675, 5654, 5639, 6389, 5666, 5654, 5640, 5669, 5989, 5650, 5786, 5655, 5857, 5882, 6260, 5645, 5925, 5739, 5943, 6044, 5639, 5843, 5864, 5965, 5634, 5652, 5938, 5888, 5656, 5787, 5649, 6005, 6061, 5733, 6152, 5986, 5925, 5634, 6109, 5893, 6308, 5646, 5837, 6862, 6052, 5655, 5948, 5887, 5636, 5952, 5646, 5941, 5639, 5842, 6048, 5647, 6114, 6166, 5932, 5652, 5665, 6003, 5646, 6263, 5779, 5944, 5942, 5636, 6104, 6375, 5645, 5638, 5819, 5900, 6048, 5658, 5716, 5957, 6490, 6104, 5642, 5640, 5641, 5893, 5758, 5720, 6013, 5763, 5766, 5708, 5642, 5647, 6580, 6206, 5935, 6595, 6204, 6375, 5767, 5636, 5645, 5890, 5642, 5930, 5639, 5829, 5654, 5637, 6250, 5650, 6093, 6596, 5881, 5649, 6215, 5668, 6522, 5640, 5651, 5652, 5657, 5669, 6323, 5649, 5647, 5876, 6155, 5675, 5640, 5904, 6840, 5652, 6195, 5941, 6035, 5648, 6311, 5643, 6153, 5842, 6152, 5839, 6006, 6418, 5653, 6218, 5690, 5644, 6434, 5652, 5741, 5660, 5825, 6059, 6154, 6050, 5998, 5987, 5937, 5651, 6250, 6441, 5685, 5781, 6060, 6043, 5875, 5642, 5643, 5646, 5657, 5639, 5839, 5673, 5789, 5711, 6110, 6266, 6144, 5637, 5684, 5654, 5647, 5648, 6587, 5649, 5962, 5667, 5652, 6314, 5970, 6377, 5637, 6046, 6053, 5993, 6198, 6271, 5936, 5783, 5650, 5949, 5777, 5647, 5668, 6161, 6212, 6426, 5890, 5653, 5665, 5684, 5640, 6116, 5662, 5884, 5649, 5686, 5634, 5677, 5644, 6304, 6210, 5642, 6113, 6103, 5898, 6148, 5681, 5986, 5881, 5993, 5996, 5791, 5777, 5661, 6115, 5765, 5728, 5663, 5961, 6322, 5654, 6108, 5663, 6002, 5670, 5647, 6068, 5663, 6227, 6008, 6277, 5880, 6325, 6104, 5677, 5652, 6006, 5961, 6231, 5797, 6163, 5665, 5640, 5775, 6215, 6137, 6164, 6058, 6112, 5959, 6774, 5838, 6167, 5644, 6484, 5648, 5821, 5655, 5978, 6217, 6161, 6057, 6176, 5675, 6042, 5664, 6321, 5864, 6012, 5729, 5651, 5655, 6262, 6315, 5661, 6372, 5650, 5648, 5643, 6150, 6045, 5668, 6873, 5650, 5651, 6112, 6322, 6479, 6374, 6120, 6641, 5646, 6212, 6658, 5943, 6055, 6550, 
Mejor solucion obtenida: 31, 32, 10, 11, 8, 9, 7, 5, 6, 30, 29, 28, 27, 3, 1, 2, 36, 37, 39, 38, 41, 42, 40, 26, 25, 24, 21, 22, 23, 35, 0, 4, 17, 19, 20, 18, 16, 15, 13, 14, 12, 34, 33, || Fitness: 5620;