Archivo Usado: p43.atsp
Tamaño de la Poblacion: 100
Reemplazo por Generacion: 5
Tamaño de los Torneos: 5
Cantidad de ciudades: 43
Probabilidad de cruce: 70000
Probabilidad mutacion simple: 13000
Probabilidad mutacion compleja: 10000
Cruces minimos de la mutacion compleja: 4
Iteraciones ejecutadas: 10000
Largo del cruce PMX: 6
Operador de Cruce: 0
Metodo seleccion de Padres: 0
Operador de Mutacion: 0
Metodo seleccion de Supervivientes: 1
Cantidad de threads a usar: 16
0, 4, 17, 20, 18, 19, 15, 16, 33, 34, 14, 13, 12, 31, 32, 11, 8, 10, 9, 7, 6, 5, 30, 29, 27, 28, 3, 1, 2, 36, 37, 39, 38, 42, 40, 41, 26, 24, 25, 21, 23, 22, 35, 
3, 1, 2, 36, 37, 39, 38, 42, 40, 41, 26, 24, 25, 21, 23, 22, 35, 0, 4, 17, 20, 18, 19, 15, 16, 33, 34, 14, 13, 12, 31, 32, 11, 8, 10, 9, 7, 6, 5, 30, 29, 27, 28, 
19, 15, 16, 33, 34, 14, 13, 12, 31, 32, 11, 8, 10, 9, 7, 6, 5, 30, 29, 27, 28, 3, 1, 2, 36, 37, 39, 38, 42, 40, 41, 26, 24, 25, 21, 23, 22, 35, 0, 4, 17, 20, 18, 
30, 29, 27, 28, 3, 1, 2, 36, 37, 39, 38, 42, 40, 41, 26, 24, 25, 21, 23, 22, 35, 0, 4, 17, 20, 18, 19, 15, 16, 33, 34, 14, 13, 12, 31, 32, 11, 8, 10, 9, 7, 6, 5, 
2, 36, 37, 38, 39, 42, 40, 41, 26, 24, 25, 21, 23, 22, 35, 0, 4, 17, 20, 19, 18, 15, 16, 33, 34, 14, 13, 12, 31, 32, 11, 8, 10, 9, 7, 6, 5, 30, 29, 27, 28, 3, 1, 
17, 20, 18, 19, 15, 16, 12, 13, 14, 34, 33, 31, 32, 11, 8, 10, 9, 6, 7, 5, 30, 29, 27, 28, 3, 1, 2, 36, 37, 39, 38, 42, 40, 41, 26, 24, 25, 21, 23, 22, 35, 0, 4, 
25, 21, 23, 22, 35, 0, 4, 17, 20, 18, 19, 15, 16, 12, 13, 14, 34, 33, 31, 32, 11, 8, 10, 9, 6, 7, 5, 30, 29, 27, 28, 3, 1, 2, 36, 37, 39, 38, 42, 40, 41, 26, 24, 
18, 19, 15, 16, 12, 13, 14, 34, 33, 31, 32, 11, 8, 10, 9, 7, 6, 5, 30, 29, 27, 28, 1, 3, 2, 36, 37, 39, 38, 42, 40, 41, 26, 24, 25, 21, 23, 22, 35, 0, 4, 17, 20, 
20, 18, 19, 15, 16, 12, 13, 14, 34, 33, 31, 32, 11, 8, 10, 9, 7, 6, 5, 30, 29, 27, 28, 3, 1, 2, 36, 37, 39, 38, 42, 40, 41, 26, 24, 25, 21, 23, 22, 35, 0, 4, 17, 
31, 32, 11, 8, 10, 9, 7, 6, 5, 30, 29, 27, 28, 3, 1, 2, 36, 37, 38, 39, 42, 40, 41, 26, 24, 25, 21, 23, 22, 35, 0, 4, 17, 20, 18, 19, 15, 16, 33, 34, 14, 13, 12, 
24, 25, 21, 23, 22, 35, 0, 4, 17, 20, 18, 19, 15, 16, 33, 34, 14, 13, 12, 31, 32, 11, 8, 10, 9, 7, 6, 5, 30, 29, 27, 28, 3, 1, 2, 36, 37, 39, 38, 42, 40, 41, 26, 
37, 39, 38, 42, 40, 41, 26, 24, 25, 21, 23, 22, 35, 0, 4, 17, 20, 18, 19, 15, 16, 33, 34, 14, 13, 12, 31, 32, 11, 8, 10, 9, 7, 6, 5, 30, 29, 27, 28, 3, 1, 2, 36, 
21, 23, 22, 35, 0, 4, 17, 20, 18, 19, 15, 16, 33, 34, 14, 13, 12, 31, 32, 11, 8, 10, 9, 7, 6, 5, 30, 29, 27, 28, 3, 1, 2, 36, 37, 39, 38, 42, 41, 40, 26, 24, 25, 
29, 27, 28, 3, 1, 2, 36, 37, 39, 38, 42, 40, 41, 26, 24, 25, 21, 23, 22, 35, 0, 4, 17, 20, 18, 19, 15, 16, 33, 34, 14, 13, 12, 31, 32, 11, 8, 10, 9, 7, 6, 5, 30, 
7, 6, 5, 30, 29, 27, 28, 3, 1, 2, 36, 37, 39, 38, 42, 40, 41, 26, 24, 25, 21, 23, 22, 35, 0, 4, 17, 20, 18, 19, 15, 16, 33, 34, 14, 13, 12, 31, 32, 11, 8, 10, 9, 
26, 24, 25, 21, 23, 22, 35, 0, 4, 17, 20, 18, 19, 15, 16, 33, 34, 14, 13, 12, 31, 32, 11, 8, 10, 9, 7, 6, 5, 30, 29, 27, 28, 3, 1, 2, 36, 37, 39, 38, 42, 41, 40, 
28, 3, 1, 2, 36, 37, 39, 38, 42, 40, 41, 26, 24, 25, 21, 23, 22, 35, 0, 4, 17, 20, 18, 19, 15, 16, 33, 34, 14, 13, 12, 31, 32, 11, 8, 10, 9, 7, 6, 5, 30, 29, 27, 
2, 36, 37, 39, 38, 42, 40, 41, 26, 24, 25, 21, 23, 22, 35, 0, 4, 17, 20, 18, 19, 15, 16, 33, 34, 14, 13, 12, 31, 32, 11, 8, 10, 9, 7, 6, 5, 30, 29, 27, 28, 3, 1, 
38, 42, 40, 41, 26, 24, 25, 21, 23, 22, 35, 0, 4, 17, 20, 18, 19, 15, 16, 33, 34, 14, 13, 12, 31, 32, 11, 8, 10, 9, 7, 6, 5, 30, 29, 27, 28, 3, 1, 2, 36, 37, 39, 
26, 24, 25, 21, 23, 22, 35, 0, 4, 17, 20, 18, 19, 15, 16, 33, 34, 14, 13, 12, 31, 32, 11, 8, 10, 9, 7, 6, 5, 30, 29, 27, 28, 3, 1, 2, 36, 37, 39, 38, 42, 40, 41, 
10, 9, 7, 6, 5, 30, 29, 27, 28, 3, 1, 2, 36, 37, 39, 38, 42, 41, 40, 26, 24, 25, 21, 23, 22, 35, 0, 4, 17, 20, 19, 18, 15, 16, 33, 34, 14, 13, 12, 31, 32, 11, 8, 
35, 0, 4, 17, 20, 18, 19, 15, 16, 33, 34, 14, 13, 12, 31, 32, 11, 8, 10, 9, 7, 6, 5, 30, 29, 27, 28, 3, 1, 2, 36, 37, 39, 38, 42, 41, 40, 26, 24, 25, 21, 23, 22, 
1, 2, 36, 37, 39, 38, 42, 40, 41, 26, 24, 25, 21, 23, 22, 35, 0, 4, 17, 20, 18, 19, 15, 16, 33, 34, 14, 13, 12, 31, 32, 11, 8, 10, 9, 7, 6, 5, 30, 29, 27, 28, 3, 
3, 1, 2, 36, 37, 39, 38, 42, 40, 41, 26, 24, 25, 21, 23, 22, 35, 0, 4, 17, 20, 18, 19, 15, 16, 33, 34, 14, 13, 12, 31, 32, 11, 8, 10, 9, 7, 6, 5, 30, 29, 27, 28, 
32, 11, 8, 10, 9, 7, 6, 5, 30, 29, 27, 28, 3, 1, 2, 36, 37, 39, 38, 42, 40, 41, 26, 24, 25, 21, 23, 22, 35, 0, 4, 17, 20, 18, 19, 15, 16, 33, 34, 14, 13, 12, 31, 
26, 24, 25, 21, 23, 22, 35, 0, 4, 17, 20, 18, 19, 15, 16, 33, 34, 14, 13, 12, 31, 32, 11, 8, 10, 9, 7, 6, 5, 30, 29, 27, 28, 3, 1, 2, 36, 37, 39, 38, 42, 40, 41, 
26, 24, 25, 21, 23, 22, 35, 0, 4, 17, 20, 18, 19, 15, 16, 33, 34, 14, 13, 12, 31, 32, 11, 8, 10, 9, 7, 6, 5, 30, 29, 27, 28, 3, 1, 2, 36, 37, 39, 38, 42, 40, 41, 
26, 24, 25, 21, 23, 22, 35, 0, 4, 17, 20, 18, 19, 15, 16, 33, 34, 14, 13, 12, 31, 32, 9, 8, 10, 11, 7, 6, 5, 30, 29, 27, 28, 3, 1, 2, 36, 37, 39, 38, 42, 40, 41, 
36, 37, 39, 38, 42, 40, 41, 26, 24, 25, 21, 23, 22, 35, 0, 4, 17, 20, 18, 19, 15, 16, 33, 34, 14, 13, 12, 31, 32, 11, 8, 10, 9, 7, 6, 5, 30, 29, 27, 28, 3, 1, 2, 
34, 12, 31, 32, 11, 8, 10, 9, 7, 6, 5, 30, 29, 27, 28, 3, 1, 2, 36, 37, 39, 38, 42, 40, 41, 26, 24, 25, 21, 23, 22, 35, 0, 4, 17, 20, 18, 19, 15, 16, 33, 13, 14, 
2, 36, 37, 39, 38, 42, 40, 41, 26, 24, 25, 21, 23, 22, 35, 0, 4, 17, 20, 18, 19, 15, 16, 12, 34, 14, 13, 33, 31, 32, 11, 8, 10, 9, 6, 7, 5, 30, 29, 27, 3, 28, 1, 
42, 38, 39, 37, 36, 2, 1, 3, 28, 27, 29, 30, 5, 6, 7, 9, 10, 8, 11, 32, 31, 33, 34, 14, 13, 12, 16, 15, 19, 18, 20, 17, 4, 0, 35, 22, 23, 21, 25, 24, 26, 41, 40, 
13, 14, 34, 33, 16, 15, 19, 18, 20, 17, 4, 0, 35, 22, 23, 21, 25, 24, 26, 41, 40, 42, 38, 39, 37, 36, 2, 1, 3, 28, 27, 29, 30, 5, 7, 6, 9, 10, 8, 11, 32, 31, 12, 
5, 6, 7, 9, 10, 8, 11, 32, 31, 12, 13, 14, 34, 33, 16, 15, 19, 18, 20, 17, 4, 0, 35, 22, 23, 21, 25, 24, 26, 41, 40, 42, 38, 39, 37, 36, 2, 1, 3, 28, 27, 29, 30, 
36, 2, 1, 3, 28, 27, 29, 30, 5, 6, 7, 9, 10, 8, 11, 32, 31, 12, 13, 14, 34, 33, 16, 15, 19, 18, 20, 17, 4, 0, 35, 22, 23, 21, 25, 24, 26, 41, 40, 42, 38, 39, 37, 
7, 9, 10, 8, 11, 32, 31, 12, 13, 14, 34, 33, 16, 15, 19, 18, 20, 17, 4, 0, 35, 22, 23, 21, 25, 24, 26, 41, 40, 42, 38, 39, 37, 36, 2, 1, 3, 28, 27, 29, 30, 5, 6, 
37, 36, 2, 1, 3, 28, 27, 29, 30, 5, 7, 6, 9, 10, 8, 11, 32, 31, 33, 13, 14, 34, 12, 16, 15, 19, 18, 20, 17, 4, 0, 35, 22, 23, 21, 25, 24, 26, 41, 40, 42, 38, 39, 
22, 23, 21, 25, 24, 26, 41, 40, 42, 38, 39, 37, 36, 2, 1, 3, 28, 27, 29, 30, 5, 6, 7, 9, 10, 8, 11, 32, 31, 12, 13, 14, 34, 33, 16, 15, 19, 18, 20, 17, 4, 0, 35, 
7, 9, 10, 8, 11, 32, 31, 12, 13, 14, 34, 33, 16, 15, 19, 18, 20, 17, 4, 0, 35, 22, 23, 21, 25, 24, 26, 41, 40, 42, 38, 39, 37, 36, 2, 1, 3, 28, 27, 29, 30, 5, 6, 
1, 3, 28, 27, 29, 30, 5, 6, 7, 9, 10, 8, 11, 32, 31, 12, 13, 14, 34, 33, 16, 15, 19, 18, 20, 17, 4, 0, 35, 22, 23, 21, 25, 24, 26, 41, 40, 42, 39, 38, 37, 36, 2, 
23, 21, 25, 24, 26, 40, 41, 42, 38, 39, 37, 36, 2, 1, 3, 28, 27, 29, 30, 5, 6, 7, 9, 10, 8, 11, 32, 31, 12, 13, 14, 34, 33, 16, 15, 19, 18, 20, 17, 4, 0, 35, 22, 
31, 32, 11, 8, 10, 9, 7, 6, 5, 27, 29, 30, 28, 3, 1, 2, 36, 37, 39, 38, 42, 41, 40, 26, 24, 25, 21, 23, 22, 35, 0, 4, 17, 20, 18, 19, 15, 16, 33, 34, 14, 13, 12, 
5, 6, 7, 9, 10, 8, 11, 32, 31, 12, 13, 14, 34, 33, 16, 15, 19, 18, 20, 17, 4, 0, 35, 22, 23, 21, 25, 24, 26, 41, 40, 42, 39, 38, 37, 36, 2, 1, 3, 28, 27, 29, 30, 
41, 40, 42, 38, 39, 37, 36, 2, 1, 3, 28, 27, 29, 30, 5, 6, 7, 9, 10, 8, 11, 32, 31, 12, 13, 14, 34, 33, 16, 15, 19, 18, 20, 17, 4, 0, 35, 22, 23, 21, 25, 24, 26, 
19, 18, 20, 17, 4, 0, 35, 22, 23, 21, 25, 24, 26, 41, 40, 42, 38, 39, 37, 36, 2, 1, 3, 28, 27, 29, 30, 5, 6, 7, 9, 10, 8, 11, 32, 31, 12, 13, 14, 34, 33, 16, 15, 
13, 14, 34, 33, 16, 15, 19, 18, 20, 17, 4, 0, 35, 22, 23, 21, 25, 24, 26, 41, 40, 42, 38, 39, 37, 36, 2, 1, 3, 28, 27, 29, 30, 5, 6, 7, 9, 10, 8, 11, 32, 31, 12, 
21, 25, 24, 26, 41, 40, 42, 38, 39, 37, 36, 2, 1, 3, 28, 27, 29, 30, 5, 6, 7, 9, 10, 8, 11, 32, 31, 12, 13, 14, 34, 33, 16, 15, 19, 18, 20, 17, 4, 0, 35, 22, 23, 
36, 2, 1, 3, 28, 27, 29, 30, 5, 6, 7, 9, 10, 8, 11, 32, 31, 12, 13, 14, 34, 33, 16, 15, 18, 19, 20, 17, 4, 0, 35, 22, 23, 21, 25, 24, 26, 41, 40, 42, 38, 39, 37, 
26, 41, 40, 42, 38, 39, 37, 36, 2, 1, 3, 28, 27, 29, 30, 5, 6, 7, 9, 10, 8, 11, 32, 31, 12, 13, 14, 34, 33, 16, 15, 19, 18, 20, 17, 4, 0, 35, 22, 23, 21, 25, 24, 
19, 18, 20, 17, 4, 0, 35, 22, 23, 21, 25, 24, 26, 41, 40, 42, 38, 39, 37, 36, 2, 1, 3, 28, 27, 29, 30, 5, 6, 7, 9, 10, 8, 11, 32, 31, 12, 13, 14, 34, 33, 16, 15, 
35, 22, 23, 21, 25, 24, 26, 41, 40, 42, 38, 39, 37, 36, 2, 1, 3, 28, 27, 29, 30, 5, 6, 7, 9, 10, 8, 11, 32, 31, 12, 13, 14, 34, 33, 16, 15, 19, 18, 20, 17, 4, 0, 
24, 26, 41, 40, 42, 38, 39, 37, 36, 2, 1, 3, 28, 27, 29, 30, 5, 6, 7, 9, 10, 8, 11, 32, 31, 12, 13, 14, 34, 33, 16, 15, 18, 19, 20, 17, 4, 0, 35, 22, 23, 21, 25, 
42, 38, 39, 37, 36, 2, 1, 3, 28, 27, 29, 30, 5, 6, 7, 9, 10, 8, 11, 32, 31, 12, 13, 14, 34, 33, 16, 15, 19, 18, 20, 17, 4, 0, 35, 22, 23, 21, 25, 24, 26, 41, 40, 
16, 15, 19, 18, 20, 17, 4, 0, 35, 22, 23, 21, 25, 24, 26, 41, 40, 42, 38, 39, 37, 36, 2, 1, 3, 28, 27, 29, 30, 5, 6, 7, 9, 10, 8, 11, 32, 31, 12, 13, 14, 34, 33, 
20, 17, 4, 0, 35, 22, 23, 21, 25, 24, 26, 41, 40, 42, 38, 39, 37, 36, 2, 1, 3, 28, 27, 29, 30, 5, 6, 7, 9, 10, 8, 11, 32, 31, 12, 13, 14, 34, 33, 16, 15, 19, 18, 
35, 22, 23, 21, 25, 24, 26, 41, 40, 42, 38, 39, 37, 36, 2, 1, 3, 28, 27, 29, 30, 5, 6, 7, 9, 10, 8, 11, 32, 31, 12, 13, 14, 34, 33, 16, 15, 19, 18, 20, 17, 4, 0, 
41, 40, 42, 38, 39, 37, 36, 2, 1, 3, 28, 27, 29, 30, 5, 6, 7, 9, 10, 8, 11, 32, 31, 12, 13, 14, 34, 33, 16, 15, 19, 18, 20, 17, 4, 0, 35, 22, 23, 21, 25, 24, 26, 
37, 36, 2, 1, 3, 28, 27, 29, 30, 5, 6, 7, 9, 10, 8, 11, 32, 31, 12, 13, 14, 34, 33, 16, 15, 19, 18, 20, 17, 4, 0, 35, 22, 23, 21, 25, 24, 26, 40, 41, 42, 38, 39, 
39, 37, 36, 2, 1, 3, 28, 27, 29, 30, 5, 6, 7, 9, 10, 8, 11, 32, 31, 12, 13, 14, 34, 33, 16, 15, 19, 18, 20, 17, 4, 0, 35, 22, 23, 21, 25, 24, 26, 41, 40, 42, 38, 
16, 15, 19, 18, 20, 17, 4, 0, 35, 22, 23, 21, 25, 24, 26, 41, 40, 42, 38, 39, 37, 36, 2, 1, 3, 28, 27, 29, 30, 5, 6, 7, 9, 10, 8, 11, 32, 31, 12, 13, 14, 34, 33, 
20, 17, 4, 0, 35, 22, 23, 21, 25, 24, 26, 41, 40, 42, 38, 39, 37, 36, 2, 1, 3, 28, 27, 29, 30, 5, 6, 7, 9, 10, 8, 11, 32, 31, 12, 13, 14, 34, 33, 16, 15, 19, 18, 
28, 27, 29, 30, 5, 6, 7, 9, 10, 8, 11, 32, 31, 12, 13, 14, 34, 33, 16, 15, 19, 18, 20, 17, 4, 0, 35, 22, 23, 21, 25, 24, 26, 41, 40, 42, 38, 39, 37, 36, 2, 1, 3, 
35, 22, 23, 21, 25, 24, 26, 41, 40, 42, 38, 39, 37, 36, 2, 1, 3, 28, 27, 29, 30, 5, 6, 7, 9, 10, 8, 11, 32, 31, 12, 13, 14, 34, 33, 16, 15, 18, 19, 20, 17, 4, 0, 
3, 28, 27, 29, 30, 5, 6, 7, 9, 10, 8, 32, 11, 31, 12, 13, 14, 34, 33, 16, 15, 19, 18, 20, 17, 4, 0, 35, 22, 23, 21, 25, 24, 26, 41, 40, 42, 38, 39, 37, 36, 2, 1, 
13, 34, 14, 33, 16, 15, 19, 18, 20, 17, 4, 0, 35, 22, 23, 21, 25, 24, 26, 41, 40, 42, 38, 39, 37, 36, 2, 1, 3, 28, 27, 29, 30, 5, 6, 7, 9, 10, 8, 11, 32, 31, 12, 
30, 12, 27, 28, 3, 1, 2, 36, 37, 39, 38, 42, 41, 40, 26, 24, 25, 21, 23, 22, 35, 0, 4, 17, 20, 18, 19, 15, 16, 33, 34, 14, 13, 9, 31, 32, 11, 8, 10, 29, 7, 6, 5, 
2, 36, 37, 38, 39, 42, 40, 41, 26, 24, 25, 21, 23, 22, 35, 0, 4, 17, 20, 19, 18, 15, 16, 31, 34, 14, 13, 12, 33, 32, 11, 8, 10, 9, 7, 6, 5, 30, 29, 27, 28, 3, 1, 
23, 22, 35, 0, 4, 17, 20, 18, 19, 15, 16, 33, 34, 14, 13, 12, 31, 32, 11, 8, 30, 9, 7, 6, 5, 10, 29, 27, 28, 3, 1, 2, 36, 37, 39, 38, 42, 40, 41, 26, 24, 25, 21, 
19, 15, 13, 33, 34, 14, 16, 12, 31, 32, 11, 8, 10, 9, 7, 6, 5, 30, 29, 27, 28, 3, 1, 2, 36, 37, 39, 38, 42, 40, 41, 26, 24, 25, 21, 23, 22, 35, 0, 4, 17, 20, 18, 
8, 11, 32, 31, 33, 13, 14, 34, 12, 16, 15, 19, 18, 20, 17, 4, 0, 35, 22, 23, 21, 25, 24, 26, 41, 40, 42, 38, 39, 37, 36, 2, 3, 28, 27, 29, 30, 5, 7, 6, 9, 10, 1, 
10, 9, 7, 6, 5, 30, 29, 27, 28, 3, 1, 2, 36, 37, 39, 38, 42, 40, 41, 26, 24, 25, 21, 23, 22, 35, 0, 4, 17, 20, 18, 19, 16, 33, 34, 14, 13, 12, 31, 32, 11, 8, 15, 
42, 38, 39, 37, 36, 2, 1, 3, 28, 27, 29, 30, 34, 6, 7, 9, 10, 8, 11, 32, 31, 12, 13, 14, 5, 33, 16, 15, 18, 19, 20, 17, 4, 0, 35, 22, 23, 21, 25, 24, 26, 41, 40, 
27, 13, 14, 34, 33, 16, 15, 19, 18, 20, 17, 4, 0, 35, 22, 23, 21, 25, 24, 26, 40, 41, 42, 38, 39, 37, 36, 2, 1, 3, 28, 12, 29, 30, 5, 6, 7, 9, 10, 8, 11, 32, 31, 
4, 0, 35, 22, 23, 21, 25, 24, 26, 41, 40, 42, 38, 39, 37, 27, 2, 1, 3, 28, 36, 29, 30, 5, 6, 7, 9, 10, 8, 11, 32, 31, 12, 13, 14, 34, 33, 16, 15, 19, 18, 20, 17, 
42, 38, 39, 37, 36, 2, 1, 3, 28, 27, 29, 30, 5, 6, 7, 17, 10, 8, 11, 32, 31, 33, 34, 14, 13, 12, 16, 15, 19, 18, 20, 9, 4, 0, 35, 22, 23, 21, 25, 24, 26, 41, 40, 
42, 38, 39, 37, 36, 2, 1, 35, 28, 27, 29, 30, 5, 6, 7, 9, 10, 8, 11, 32, 31, 33, 34, 14, 13, 12, 16, 15, 19, 18, 20, 17, 4, 0, 3, 22, 23, 21, 25, 24, 26, 41, 40, 
3, 1, 2, 36, 12, 39, 38, 42, 40, 41, 26, 24, 25, 21, 23, 22, 35, 0, 4, 17, 20, 18, 19, 15, 16, 33, 34, 14, 13, 37, 31, 32, 11, 8, 10, 9, 7, 6, 5, 30, 29, 27, 28, 
33, 34, 14, 13, 12, 31, 32, 8, 11, 10, 9, 7, 6, 5, 30, 29, 27, 28, 3, 1, 2, 36, 16, 39, 38, 42, 40, 41, 26, 24, 25, 21, 23, 22, 35, 0, 4, 17, 20, 18, 19, 15, 37, 
0, 4, 17, 20, 19, 18, 11, 16, 33, 34, 14, 13, 12, 31, 32, 15, 8, 10, 9, 7, 6, 5, 30, 29, 27, 28, 3, 1, 2, 36, 37, 39, 38, 42, 40, 41, 26, 24, 25, 21, 23, 22, 35, 
0, 4, 17, 20, 18, 19, 15, 16, 6, 34, 14, 27, 12, 31, 32, 11, 8, 10, 9, 7, 33, 5, 30, 29, 13, 28, 3, 1, 2, 36, 37, 39, 38, 42, 40, 41, 26, 24, 25, 21, 23, 22, 35, 
13, 14, 34, 33, 16, 15, 19, 18, 20, 17, 4, 0, 35, 22, 23, 21, 25, 24, 30, 41, 40, 42, 38, 39, 37, 36, 2, 1, 3, 28, 27, 29, 26, 5, 6, 7, 9, 10, 8, 11, 32, 31, 12, 
12, 16, 15, 19, 18, 20, 17, 4, 1, 35, 22, 23, 21, 25, 24, 26, 41, 40, 42, 38, 39, 37, 36, 2, 0, 3, 28, 27, 29, 30, 5, 7, 6, 9, 10, 8, 11, 32, 31, 33, 13, 14, 34, 
32, 31, 12, 13, 14, 34, 33, 16, 15, 19, 18, 20, 17, 4, 0, 35, 22, 23, 21, 25, 30, 26, 41, 40, 42, 38, 39, 37, 36, 2, 1, 3, 28, 27, 29, 24, 5, 6, 7, 9, 10, 8, 11, 
24, 25, 21, 28, 22, 35, 0, 4, 17, 20, 18, 19, 15, 16, 33, 34, 14, 13, 12, 31, 32, 11, 8, 10, 9, 7, 6, 5, 30, 29, 27, 23, 3, 1, 2, 36, 37, 39, 38, 42, 40, 41, 26, 
42, 38, 39, 37, 36, 2, 1, 3, 28, 27, 29, 30, 5, 6, 7, 9, 10, 8, 26, 32, 31, 33, 34, 14, 13, 12, 16, 15, 19, 18, 20, 17, 4, 0, 35, 22, 23, 21, 25, 24, 11, 41, 40, 
41, 25, 24, 26, 21, 23, 22, 35, 0, 4, 17, 20, 18, 19, 15, 16, 33, 34, 14, 13, 12, 31, 32, 11, 8, 10, 9, 7, 6, 5, 30, 29, 27, 28, 3, 1, 2, 36, 37, 39, 38, 42, 40, 
13, 14, 34, 33, 16, 15, 19, 32, 20, 17, 4, 0, 35, 22, 23, 21, 25, 24, 26, 41, 40, 42, 38, 39, 37, 36, 2, 1, 3, 28, 27, 29, 30, 5, 6, 7, 9, 10, 8, 11, 18, 31, 12, 
24, 4, 21, 23, 22, 35, 0, 25, 17, 20, 18, 19, 15, 16, 33, 34, 14, 13, 12, 31, 32, 11, 8, 10, 9, 7, 6, 5, 30, 29, 27, 28, 3, 1, 2, 36, 37, 39, 38, 42, 40, 41, 26, 
2, 36, 37, 39, 38, 42, 40, 41, 26, 24, 25, 30, 23, 22, 35, 0, 4, 17, 20, 18, 19, 15, 16, 12, 34, 14, 13, 33, 31, 32, 11, 8, 10, 9, 6, 7, 5, 21, 29, 27, 28, 3, 1, 
3, 28, 27, 29, 30, 5, 22, 7, 9, 10, 8, 11, 32, 31, 12, 13, 14, 34, 33, 16, 15, 19, 18, 20, 17, 4, 0, 35, 6, 23, 21, 25, 24, 26, 41, 40, 42, 39, 38, 37, 36, 2, 1, 
1, 3, 28, 27, 29, 30, 5, 6, 7, 9, 10, 8, 35, 32, 31, 12, 13, 14, 34, 33, 16, 15, 19, 18, 20, 17, 4, 0, 11, 22, 23, 21, 25, 24, 26, 41, 40, 42, 38, 39, 37, 36, 2, 
23, 12, 25, 24, 26, 41, 40, 42, 38, 39, 37, 36, 2, 28, 3, 1, 27, 29, 30, 5, 6, 7, 9, 10, 8, 11, 32, 31, 21, 13, 14, 34, 33, 16, 15, 19, 18, 20, 17, 4, 0, 35, 22, 
20, 18, 19, 15, 16, 33, 34, 14, 13, 12, 31, 32, 11, 8, 23, 9, 7, 6, 5, 30, 29, 27, 28, 3, 1, 2, 36, 37, 39, 38, 42, 40, 41, 26, 24, 25, 21, 10, 22, 35, 0, 4, 17, 
27, 29, 30, 5, 6, 7, 9, 10, 8, 11, 22, 31, 12, 13, 14, 34, 33, 16, 15, 19, 18, 20, 17, 4, 0, 35, 32, 23, 21, 25, 24, 26, 41, 40, 42, 38, 39, 37, 36, 2, 1, 3, 28, 
12, 13, 14, 34, 33, 16, 15, 19, 18, 20, 17, 4, 0, 35, 31, 23, 21, 25, 24, 26, 40, 41, 42, 38, 39, 37, 36, 2, 1, 3, 28, 27, 29, 30, 5, 6, 7, 9, 10, 8, 11, 32, 22, 
24, 0, 41, 40, 42, 38, 39, 37, 36, 2, 1, 3, 28, 27, 29, 30, 5, 6, 7, 9, 10, 8, 11, 32, 31, 12, 13, 14, 34, 33, 16, 15, 19, 18, 20, 17, 4, 26, 35, 22, 23, 21, 25, 
17, 20, 18, 37, 15, 16, 33, 34, 14, 13, 12, 31, 32, 11, 8, 10, 9, 7, 6, 5, 30, 29, 27, 28, 3, 1, 2, 36, 19, 39, 38, 42, 40, 41, 26, 24, 25, 21, 23, 22, 35, 0, 4, 
16, 32, 33, 34, 14, 13, 12, 31, 15, 11, 8, 10, 9, 7, 6, 5, 30, 29, 27, 28, 3, 1, 2, 20, 37, 39, 38, 42, 40, 41, 26, 24, 25, 21, 23, 22, 35, 0, 4, 17, 36, 18, 19, 
42, 38, 39, 37, 36, 2, 1, 3, 28, 27, 29, 30, 5, 6, 7, 9, 10, 8, 11, 32, 31, 12, 13, 14, 34, 33, 21, 15, 18, 19, 20, 17, 4, 0, 35, 22, 23, 16, 25, 24, 26, 41, 40, 
30, 5, 6, 7, 9, 10, 8, 11, 32, 31, 12, 13, 14, 34, 33, 16, 15, 19, 4, 20, 17, 18, 0, 35, 22, 23, 21, 25, 24, 26, 41, 40, 42, 38, 39, 37, 36, 2, 1, 3, 28, 27, 29, 
Tiempo de ejecucion (total): 18.907
Best fitness a lo largo del tiempo: 
11890, 11890, 6633, 6513, 6446, 6339, 6260, 6127, 6113, 6059, 6015, 6010, 5986, 5979, 5938, 5936, 5903, 5903, 5881, 5881, 5876, 5851, 5850, 5850, 5845, 5835, 5835, 5833, 5828, 5828, 5822, 5822, 5822, 5821, 5818, 5817, 5807, 5807, 5807, 5799, 5793, 5793, 5790, 5790, 5790, 5787, 5775, 5775, 5775, 5775, 5769, 5769, 5769, 5753, 5753, 5753, 5749, 5749, 5749, 5746, 5741, 5741, 5741, 5740, 5734, 5733, 5733, 5733, 5727, 5727, 5727, 5727, 5724, 5724, 5720, 5720, 5717, 5717, 5716, 5715, 5715, 5713, 5713, 5704, 5704, 5704, 5704, 5704, 5704, 5704, 5704, 5704, 5704, 5704, 5704, 5704, 5704, 5704, 5704, 5704, 5704, 5700, 5700, 5700, 5700, 5700, 5692, 5692, 5692, 5692, 5692, 5692, 5690, 5690, 5690, 5690, 5690, 5686, 5686, 5686, 5686, 5686, 5686, 5686, 5686, 5686, 5685, 5685, 5685, 5685, 5685, 5685, 5685, 5685, 5685, 5685, 5685, 5685, 5685, 5684, 5683, 5683, 5683, 5683, 5683, 5683, 5683, 5683, 5683, 5683, 5683, 5683, 5683, 5683, 5683, 5683, 5683, 5683, 5683, 5683, 5683, 5683, 5683, 5683, 5683, 5683, 5683, 5683, 5683, 5683, 5683, 5683, 5683, 5683, 5683, 5683, 5683, 5683, 5683, 5683, 5683, 5683, 5683, 5683, 5683, 5683, 5683, 5683, 5683, 5683, 5683, 5683, 5683, 5683, 5683, 5683, 5683, 5683, 5683, 5683, 5683, 5683, 5683, 5683, 5683, 5683, 5683, 5683, 5683, 5683, 5683, 5683, 5683, 5683, 5683, 5683, 5683, 5683, 5683, 5683, 5683, 5683, 5683, 5683, 5683, 5683, 5683, 5683, 5683, 5683, 5683, 5683, 5683, 5683, 5683, 5683, 5683, 5683, 5683, 5683, 5683, 5683, 5683, 5683, 5683, 5683, 5683, 5683, 5683, 5683, 5683, 5683, 5683, 5683, 5683, 5683, 5683, 5683, 5683, 5683, 5683, 5683, 5683, 5683, 5683, 5683, 5683, 5683, 5683, 5683, 5683, 5683, 5683, 5683, 5683, 5683, 5683, 5683, 5683, 5683, 5683, 5683, 5683, 5683, 5683, 5683, 5683, 5683, 5683, 5683, 5683, 5683, 5683, 5683, 5683, 5683, 5683, 5683, 5683, 5683, 5683, 5683, 5683, 5683, 5683, 5683, 5683, 5683, 5683, 5672, 5672, 5672, 5672, 5672, 5670, 5670, 5670, 5670, 5670, 5670, 5670, 5670, 5670, 5670, 5670, 5670, 5670, 5670, 5670, 5670, 5670, 5670, 5670, 5660, 5660, 5660, 5660, 5660, 5660, 5660, 5660, 5660, 5660, 5660, 5660, 5660, 5660, 5658, 5658, 5658, 5658, 5658, 5658, 5658, 5658, 5658, 5658, 5658, 5658, 5658, 5658, 5658, 5658, 5658, 5658, 5658, 5658, 5658, 5658, 5658, 5658, 5658, 5658, 5658, 5658, 5658, 5658, 5658, 5658, 5658, 5658, 5658, 5658, 5658, 5658, 5658, 5658, 5658, 5658, 5658, 5658, 5658, 5658, 5658, 5658, 5658, 5658, 5658, 5658, 5658, 5658, 5658, 5658, 5658, 5658, 5658, 5658, 5658, 5658, 5658, 5658, 5658, 5658, 5658, 5658, 5658, 5658, 5654, 5654, 5654, 5654, 5654, 5654, 5654, 5654, 5654, 5654, 5654, 5654, 5654, 5654, 5654, 5654, 5654, 5654, 5654, 5654, 5654, 5650, 5650, 5650, 5650, 5650, 5650, 5650, 5650, 5650, 5650, 5650, 5650, 5650, 5650, 5650, 5650, 5650, 5650, 5650, 5650, 5650, 5650, 5650, 5650, 5650, 5650, 5650, 5650, 5650, 5650, 5650, 5650, 5650, 5650, 5650, 5650, 5650, 5650, 5650, 5650, 5650, 5650, 5650, 5649, 5649, 5649, 5649, 5649, 5649, 5649, 5649, 5649, 5649, 5649, 5649, 5649, 5649, 5649, 5649, 5649, 5649, 5649, 5649, 5649, 5649, 5649, 5649, 5649, 5649, 5649, 5649, 5649, 5649, 5649, 5649, 5649, 5649, 5649, 5649, 5649, 5649, 5649, 5649, 5649, 5649, 5649, 5649, 5649, 5649, 5649, 5649, 5649, 5649, 5649, 5649, 5649, 5649, 5649, 5649, 5649, 5649, 5649, 5649, 5649, 5649, 5649, 5649, 5649, 5649, 5649, 5649, 5649, 5649, 5649, 5649, 5649, 5649, 5649, 5649, 5649, 5649, 5649, 5649, 5649, 5649, 5649, 5649, 5649, 5649, 5649, 5649, 5649, 5649, 5649, 5649, 5649, 5649, 5649, 5649, 5649, 5649, 5649, 5649, 5649, 5649, 5649, 5649, 5649, 5649, 5649, 5649, 5649, 5649, 5649, 5649, 5649, 5649, 5649, 5649, 5649, 5649, 5649, 5649, 5649, 5649, 5649, 5649, 5649, 5649, 5649, 5649, 5649, 5649, 5649, 5649, 5649, 5649, 5649, 5649, 5649, 5649, 5649, 5649, 5649, 5649, 5649, 5649, 5649, 5649, 5649, 5649, 5649, 5649, 5649, 5649, 5649, 5649, 5649, 5649, 5649, 5649, 5649, 5649, 5649, 5649, 5649, 5649, 5649, 5649, 5649, 5649, 5649, 5649, 5649, 5649, 5649, 5649, 5649, 5649, 5649, 5649, 5649, 5649, 5649, 5649, 5649, 5649, 5649, 5649, 5649, 5649, 5649, 5649, 5649, 5649, 5649, 5649, 5649, 5649, 5649, 5649, 5649, 5649, 5649, 5649, 5649, 5649, 5649, 5649, 5649, 5649, 5649, 5649, 5649, 5649, 5649, 5649, 5649, 5649, 5649, 5649, 5649, 5649, 5649, 5649, 5649, 5649, 5649, 5649, 5649, 5649, 5649, 5649, 5649, 5649, 5649, 5649, 5649, 5649, 5649, 5649, 5649, 5649, 5649, 5649, 5649, 5649, 5649, 5649, 5649, 5649, 5649, 5649, 5649, 5649, 5649, 5649, 5649, 5649, 5649, 5649, 5649, 5649, 5649, 5649, 5649, 5649, 5649, 5649, 5649, 5649, 5649, 5649, 5649, 5649, 5649, 5649, 5649, 5649, 5649, 5649, 5649, 5649, 5649, 5649, 5649, 5649, 5649, 5649, 5649, 5649, 5649, 5649, 5649, 5649, 5649, 5649, 5649, 5649, 5649, 5649, 5649, 5649, 5649, 5649, 5649, 5649, 5649, 5649, 5649, 5649, 5649, 5649, 5649, 5649, 5649, 5649, 5649, 5649, 5649, 5649, 5649, 5649, 5649, 5649, 5649, 5649, 5649, 5649, 5649, 5649, 5649, 5649, 5649, 5649, 5649, 5649, 5649, 5649, 5649, 5649, 5649, 5649, 5649, 5649, 5649, 5649, 5649, 5649, 5649, 5649, 5649, 5649, 5649, 5649, 5649, 5649, 5649, 5649, 5649, 5649, 5649, 5649, 5649, 5649, 5649, 5649, 5649, 5649, 5649, 5649, 5649, 5649, 5649, 5649, 5649, 5649, 5649, 5649, 5649, 5649, 5649, 5649, 5649, 5649, 5649, 5649, 5649, 5649, 5649, 5649, 5649, 5649, 5649, 5649, 5649, 5649, 5649, 5649, 5649, 5649, 5649, 5649, 5649, 5649, 5649, 5649, 5649, 5649, 5649, 5649, 5649, 5649, 5649, 5649, 5649, 5649, 5649, 5649, 5649, 5649, 5649, 5649, 5649, 5649, 5649, 5649, 5649, 5649, 5649, 5649, 5649, 5649, 5649, 5649, 5649, 5649, 5649, 5649, 5649, 5649, 5649, 5649, 5649, 5649, 5649, 5649, 5649, 5649, 5649, 5649, 5649, 5649, 5649, 5649, 5649, 5649, 5649, 5649, 5649, 5649, 5649, 5649, 5649, 5649, 5649, 5649, 5649, 5649, 5649, 5649, 5649, 5649, 5649, 5649, 5649, 5649, 5649, 5649, 5649, 5649, 5649, 5649, 5649, 5649, 5649, 5649, 5649, 5649, 5649, 5649, 5649, 5649, 5649, 5649, 5649, 5649, 5649, 5649, 5649, 5649, 5649, 5649, 5649, 5649, 5649, 5649, 5649, 5649, 5649, 5649, 5649, 5649, 5649, 5649, 5649, 5649, 5649, 5649, 5649, 5649, 5649, 5649, 5649, 5649, 5649, 5649, 5649, 5649, 5649, 5649, 5649, 5649, 5649, 5649, 5649, 5649, 5649, 5649, 5649, 5649, 5649, 5649, 5649, 5649, 5649, 5649, 5649, 5649, 5649, 5649, 5649, 5649, 5649, 5649, 5649, 5649, 5649, 5649, 5649, 5649, 5649, 5649, 5649, 5649, 5649, 5649, 5649, 5649, 5649, 5649, 5649, 5649, 5649, 5649, 5649, 5649, 5649, 5649, 5649, 5649, 5649, 5649, 5649, 5649, 5649, 5649, 5649, 5649, 5649, 5649, 5649, 5649, 5649, 5649, 5649, 5649, 5649, 5649, 5649, 5649, 5649, 5649, 5649, 5649, 5649, 5649, 5649, 5649, 5649, 5649, 5649, 5649, 5649, 5649, 5649, 5649, 5649, 5649, 5649, 5649, 5649, 5649, 5649, 5649, 5649, 5649, 5649, 5649, 5649, 5649, 5649, 5649, 5649, 5649, 5649, 5649, 5649, 5649, 5649, 5649, 5649, 5649, 5649, 5649, 5649, 5649, 5649, 5649, 5649, 5649, 5649, 5649, 5649, 5649, 5649, 5649, 5649, 5649, 5649, 5649, 5649, 5649, 5649, 5649, 5649, 5649, 5649, 5649, 5649, 5649, 5649, 5649, 5649, 5649, 5649, 5649, 5649, 5649, 5649, 5649, 5649, 5649, 5649, 5649, 5649, 5649, 5649, 5649, 5649, 5649, 5649, 5649, 5649, 5649, 5649, 5649, 5649, 5649, 5649, 5649, 5649, 5649, 5649, 5649, 5649, 5649, 5649, 5649, 5649, 5649, 5649, 5649, 5649, 5649, 5649, 5649, 5649, 5649, 5649, 5649, 5649, 5649, 5649, 5649, 5649, 5649, 5649, 5649, 5649, 5649, 5649, 5649, 5649, 5649, 5649, 5649, 5649, 5649, 5649, 5649, 5649, 5649, 5649, 5649, 5649, 5649, 5649, 5649, 5649, 5649, 5649, 5649, 5649, 5649, 5649, 5649, 5649, 5649, 5649, 5649, 5649, 5649, 5649, 5649, 5649, 5649, 5649, 5649, 5649, 5649, 5649, 5649, 5649, 5649, 5649, 5649, 5649, 5649, 5649, 5649, 5649, 5649, 5649, 5649, 5649, 5649, 5649, 5649, 5649, 5649, 5649, 5649, 5649, 5649, 5649, 5649, 5649, 5649, 5649, 5649, 5649, 5649, 5649, 5649, 5649, 5649, 5649, 5649, 5649, 5649, 5649, 5649, 5649, 5649, 5649, 5649, 5649, 5649, 5649, 5649, 5649, 5649, 5649, 5649, 5649, 5649, 5649, 5649, 5649, 5649, 5649, 5649, 5649, 5649, 5649, 5649, 5649, 5649, 5649, 5649, 5649, 5649, 5649, 5649, 5649, 5649, 5649, 5649, 5649, 5649, 5649, 5649, 5649, 5649, 5649, 5649, 5649, 5649, 5649, 5649, 5649, 5649, 5649, 5649, 5649, 5649, 5649, 5649, 5649, 5649, 5649, 5649, 5649, 5649, 5649, 5649, 5649, 5649, 5649, 5649, 5649, 5649, 5649, 5649, 5649, 5649, 5649, 5649, 5649, 5649, 5649, 5649, 5649, 5649, 5649, 5649, 5649, 5649, 5649, 5649, 5649, 5649, 5649, 5649, 5649, 5649, 5649, 5649, 5649, 5649, 5649, 5649, 5649, 5649, 5649, 5649, 5649, 5649, 5649, 5649, 5649, 5649, 5649, 5649, 5649, 5649, 5649, 5649, 5649, 5649, 5649, 5649, 5649, 5649, 5649, 5649, 5649, 5649, 5649, 5649, 5649, 5649, 5649, 5649, 5649, 5649, 5649, 5649, 5649, 5649, 5649, 5649, 5649, 5649, 5649, 5649, 5649, 5649, 5649, 5649, 5649, 5649, 5649, 5649, 5649, 5649, 5649, 5649, 5649, 5649, 5649, 5649, 5649, 5649, 5649, 5649, 5649, 5649, 5649, 5649, 5649, 5649, 5649, 5649, 5649, 5649, 5649, 5649, 5649, 5649, 5649, 5649, 5649, 5649, 5649, 5649, 5649, 5649, 5649, 5649, 5649, 5649, 5649, 5649, 5649, 5649, 5649, 5649, 5649, 5649, 5649, 5649, 5649, 5649, 5649, 5649, 5649, 5649, 5649, 5649, 5649, 5649, 5649, 5649, 5649, 5649, 5649, 5649, 5649, 5649, 5649, 5649, 5649, 5649, 5649, 5649, 5649, 5649, 5649, 5649, 5649, 5649, 5649, 5649, 5649, 5649, 5649, 5649, 5649, 5649, 5649, 5649, 5649, 5649, 5649, 5649, 5649, 5649, 5649, 5649, 5649, 5649, 5649, 5649, 5649, 5649, 5649, 5649, 5649, 5649, 5649, 5649, 5649, 5649, 5649, 5649, 5649, 5649, 5649, 5649, 5649, 5649, 5649, 5649, 5649, 5649, 5649, 5649, 5649, 5649, 5649, 5649, 5649, 5649, 5649, 5649, 5649, 5649, 5649, 5649, 5649, 5649, 5649, 5649, 5649, 5649, 5649, 5649, 5649, 5649, 5649, 5649, 5649, 5649, 5649, 5649, 5649, 5649, 5649, 5649, 5649, 5649, 5649, 5649, 5649, 5649, 5649, 5649, 5649, 5649, 5649, 5649, 5649, 5649, 5649, 5649, 5649, 5649, 5649, 5649, 5649, 5649, 5649, 5649, 5649, 5649, 5649, 5649, 5649, 5649, 5649, 5649, 5649, 5649, 5649, 5649, 5649, 5649, 5649, 5649, 5649, 5649, 5649, 5649, 5649, 5649, 5649, 5649, 5649, 5649, 5649, 5649, 5649, 5649, 5649, 5649, 5649, 5649, 5649, 5649, 5649, 5649, 5649, 5649, 5649, 5649, 5649, 5649, 5649, 5649, 5649, 5649, 5649, 5649, 5649, 5649, 5649, 5649, 5649, 5649, 5649, 5649, 5649, 5649, 5649, 5649, 5649, 5649, 5649, 5649, 5649, 5649, 5649, 5649, 5649, 5649, 5649, 5649, 5649, 5649, 5649, 5649, 5649, 5649, 5649, 5649, 5649, 5649, 5649, 5649, 5649, 5649, 5649, 5649, 5649, 5649, 5649, 5649, 5649, 5649, 5649, 5649, 5649, 5649, 5649, 5649, 5649, 5649, 5649, 5649, 5649, 5649, 5649, 5649, 5649, 5649, 5649, 5649, 5649, 5649, 5649, 5649, 5649, 5649, 5649, 5649, 5649, 5649, 5649, 5649, 5649, 5649, 5649, 5649, 5649, 5649, 5649, 5649, 5649, 5649, 5649, 5649, 5649, 5649, 5649, 5649, 5649, 5649, 5649, 5649, 5649, 5649, 5649, 5649, 5649, 5649, 5649, 5649, 5649, 5649, 5649, 5649, 5649, 5649, 5649, 5649, 5649, 5649, 5649, 5649, 5649, 5649, 5649, 5649, 5649, 5649, 5649, 5649, 5649, 5649, 5649, 5649, 5649, 5649, 5649, 5649, 5649, 5649, 5649, 5649, 5649, 5649, 5649, 5649, 5649, 5649, 5649, 5649, 5649, 5649, 5649, 5649, 5649, 5649, 5649, 5649, 5649, 5649, 5649, 5649, 5649, 5649, 5649, 5649, 5649, 5649, 5649, 5649, 5649, 5649, 5649, 5649, 5649, 5649, 5649, 5649, 5649, 5649, 5649, 5649, 5649, 5649, 5649, 5649, 5649, 5649, 5649, 5649, 5649, 5649, 5649, 5649, 5649, 5649, 5649, 5649, 5649, 5649, 5649, 5649, 5649, 5649, 5649, 5649, 5649, 5649, 5649, 5649, 5649, 5649, 5649, 5649, 5649, 5649, 5649, 5649, 5649, 5649, 5649, 5649, 5649, 5649, 5649, 5649, 5649, 5649, 5649, 5649, 5649, 5649, 5649, 5649, 5649, 5649, 5649, 5649, 5649, 5649, 5649, 5649, 5649, 5649, 5649, 5649, 5649, 5649, 5649, 5649, 5649, 5649, 5649, 5649, 5649, 5649, 5649, 5649, 5649, 5649, 5649, 5649, 5649, 5649, 5649, 5649, 5649, 5649, 5649, 5649, 5649, 5649, 5649, 5649, 5649, 5649, 5649, 5649, 5649, 5649, 5649, 5649, 5649, 5649, 5649, 5649, 5649, 5649, 5649, 5649, 5649, 5649, 5649, 5649, 5649, 5649, 5649, 5649, 5649, 5649, 5649, 5649, 5649, 5649, 5649, 5649, 5649, 5649, 5649, 5649, 5649, 5649, 5649, 5649, 5649, 5649, 5649, 5649, 5649, 5649, 5649, 5649, 5649, 5649, 5649, 5649, 5649, 5649, 5649, 5649, 5649, 5649, 5649, 5649, 5649, 5649, 5649, 5649, 5649, 5649, 5649, 5649, 5649, 5649, 5649, 5649, 5649, 5649, 5649, 5649, 5649, 5649, 5649, 5649, 5649, 5649, 5649, 5649, 5649, 5649, 5649, 5649, 5649, 5649, 5649, 5649, 5649, 5649, 5649, 5649, 5649, 5649, 5649, 5649, 5649, 5649, 5649, 5649, 5649, 5649, 5649, 5649, 5649, 5649, 5649, 5649, 5649, 5649, 5649, 5649, 5649, 5649, 5649, 5649, 5649, 5649, 5649, 5649, 5649, 5649, 5649, 5649, 5649, 5649, 5649, 5649, 5649, 5649, 5649, 5649, 5649, 5649, 5649, 5649, 5649, 5649, 5649, 5649, 5649, 5649, 5649, 5649, 5649, 5649, 5649, 5649, 5649, 5649, 5649, 5649, 5649, 5649, 5649, 5649, 5649, 5649, 5649, 5649, 5649, 5649, 5649, 5649, 5649, 5649, 5649, 5649, 5649, 5649, 5649, 5649, 5649, 5649, 5649, 5649, 5649, 5649, 5649, 5649, 5649, 5649, 5649, 5649, 5649, 5649, 5649, 5649, 5649, 5649, 5649, 5649, 5649, 5649, 5649, 5649, 5649, 5649, 5649, 5649, 5649, 5649, 5649, 5649, 5649, 5649, 5649, 5649, 5649, 5649, 5649, 5649, 5649, 5649, 5649, 5649, 5649, 5649, 5649, 5649, 5649, 5649, 5649, 5649, 5649, 5649, 5649, 5649, 5649, 5649, 5649, 5649, 5649, 5649, 5649, 5649, 5649, 5649, 5649, 5649, 5649, 5649, 5649, 5649, 5649, 5649, 5649, 5649, 5649, 5649, 5649, 5649, 5649, 5649, 5649, 5649, 5649, 5649, 5649, 5649, 5649, 5649, 5649, 5649, 5649, 5649, 5649, 5649, 5649, 5649, 5649, 5649, 5649, 5649, 5649, 5649, 5649, 5649, 5649, 5649, 5649, 5649, 5649, 5649, 5649, 5649, 5649, 5649, 5649, 5649, 5649, 5649, 5649, 5649, 5649, 5649, 5649, 5649, 5649, 5649, 5649, 5649, 5649, 5649, 5649, 5649, 5649, 5649, 5649, 5649, 5649, 5649, 5649, 5649, 5649, 5649, 5649, 5649, 5649, 5649, 5649, 5649, 5649, 5649, 5649, 5649, 5649, 5649, 5649, 5649, 5649, 5649, 5649, 5649, 5649, 5649, 5649, 5649, 5649, 5649, 5649, 5649, 5649, 5649, 5649, 5649, 5649, 5649, 5649, 5649, 5649, 5649, 5649, 5649, 5649, 5649, 5649, 5649, 5649, 5649, 5649, 5649, 5649, 5649, 5649, 5649, 5649, 5649, 5649, 5649, 5649, 5649, 5649, 5649, 5649, 5649, 5649, 5649, 5649, 5649, 5649, 5649, 5649, 5649, 5649, 5649, 5649, 5649, 5649, 5649, 5649, 5649, 5649, 5649, 5649, 5649, 5649, 5649, 5649, 5649, 5649, 5649, 5649, 5649, 5649, 5649, 5649, 5649, 5649, 5649, 5649, 5649, 5649, 5649, 5649, 5649, 5649, 5649, 5649, 5649, 5649, 5649, 5649, 5649, 5649, 5649, 5649, 5649, 5649, 5649, 5649, 5649, 5649, 5649, 5649, 5649, 5649, 5649, 5649, 5649, 5649, 5649, 5649, 5649, 5649, 5649, 5649, 5649, 5649, 5649, 5649, 5649, 5649, 5649, 5649, 5649, 5649, 5649, 5640, 5640, 5640, 5640, 5640, 5640, 5640, 5640, 5640, 5640, 5640, 5640, 5640, 5640, 5640, 5640, 5640, 5640, 5640, 5640, 5640, 5640, 5640, 5640, 5640, 5640, 5640, 5640, 5640, 5640, 5640, 5640, 5640, 5640, 5640, 5640, 5640, 5640, 5640, 5640, 5640, 5640, 5640, 5640, 5640, 5640, 5640, 5640, 5640, 5640, 5640, 5640, 5640, 5640, 5640, 5640, 5640, 5640, 5640, 5640, 5640, 5640, 5640, 5640, 5640, 5640, 5640, 5640, 5640, 5640, 5640, 5640, 5640, 5640, 5640, 5640, 5640, 5640, 5640, 5640, 5640, 5640, 5640, 5640, 5640, 5640, 5640, 5640, 5640, 5640, 5640, 5640, 5640, 5640, 5640, 5640, 5640, 5640, 5640, 5640, 5640, 5640, 5640, 5640, 5640, 5640, 5640, 5640, 5640, 5640, 5640, 5640, 5640, 5640, 5640, 5640, 5640, 5640, 5640, 5640, 5640, 5640, 5640, 5640, 5640, 5640, 5640, 5640, 5640, 5640, 5640, 5640, 5640, 5640, 5640, 5640, 5640, 5640, 5640, 5640, 5640, 5640, 5640, 5640, 5640, 5640, 5640, 5640, 5640, 5640, 5640, 5640, 5640, 5640, 5640, 5640, 5640, 5640, 5640, 5640, 5640, 5640, 5640, 5640, 5640, 5640, 5640, 5640, 5640, 5640, 5640, 5640, 5640, 5640, 5640, 5640, 5640, 5640, 5640, 5640, 5640, 5640, 5640, 5640, 5640, 5640, 5640, 5640, 5640, 5640, 5640, 5640, 5640, 5640, 5640, 5640, 5640, 5640, 5640, 5640, 5640, 5640, 5640, 5640, 5640, 5640, 5640, 5640, 5640, 5640, 5640, 5640, 5640, 5640, 5640, 5640, 5640, 5640, 5640, 5640, 5640, 5640, 5640, 5640, 5640, 5640, 5640, 5640, 5640, 5640, 5640, 5640, 5640, 5640, 5640, 5640, 5640, 5640, 5640, 5640, 5640, 5640, 5640, 5640, 5640, 5640, 5640, 5640, 5640, 5640, 5640, 5640, 5640, 5640, 5640, 5640, 5640, 5640, 5640, 5640, 5640, 5640, 5640, 5640, 5640, 5640, 5640, 5640, 5640, 5640, 5640, 5640, 5640, 5640, 5640, 5640, 5640, 5640, 5640, 5640, 5640, 5640, 5640, 5640, 5640, 5640, 5640, 5640, 5640, 5640, 5640, 5640, 5640, 5640, 5640, 5640, 5640, 5640, 5640, 5640, 5640, 5640, 5640, 5640, 5640, 5640, 5640, 5640, 5640, 5640, 5640, 5640, 5640, 5640, 5640, 5640, 5640, 5640, 5640, 5640, 5640, 5640, 5640, 5640, 5640, 5640, 5640, 5640, 5640, 5640, 5640, 5640, 5640, 5640, 5640, 5640, 5640, 5640, 5640, 5640, 5640, 5640, 5640, 5640, 5640, 5640, 5640, 5640, 5640, 5640, 5640, 5640, 5640, 5640, 5640, 5640, 5640, 5640, 5640, 5640, 5633, 5633, 5633, 5633, 5633, 5633, 5633, 5633, 5633, 5633, 5633, 5633, 5633, 5633, 5633, 5633, 5633, 5633, 5633, 5633, 5633, 5633, 5633, 5633, 5633, 5633, 5633, 5633, 5633, 5633, 5633, 5633, 5633, 5633, 5633, 5629, 5629, 5629, 5629, 5629, 5629, 5629, 5629, 5629, 5629, 5629, 5629, 5629, 5629, 5629, 5629, 5629, 5629, 5629, 5629, 5629, 5629, 5629, 5629, 5629, 5629, 5629, 5629, 5628, 5628, 5628, 5628, 5628, 5628, 5628, 5628, 5625, 5625, 5625, 5625, 5625, 5625, 5625, 5625, 5625, 5625, 5625, 5625, 5625, 5625, 5625, 5625, 5625, 5625, 5625, 5625, 5625, 5625, 5625, 5625, 5625, 5625, 5625, 5625, 5625, 5625, 5625, 5625, 5625, 5625, 5625, 5625, 5625, 5625, 5625, 5625, 5625, 5625, 5625, 5625, 5625, 5625, 5625, 5625, 5625, 5625, 5625, 5625, 5625, 5625, 5625, 5625, 5625, 5625, 5625, 5625, 5625, 5625, 5625, 5625, 5625, 5625, 5625, 5625, 5625, 5625, 5625, 5625, 5625, 5625, 5625, 5625, 5625, 5625, 5625, 5625, 5625, 5625, 5625, 5625, 5625, 5625, 5625, 5625, 5625, 5625, 5625, 5625, 5625, 5625, 5625, 5625, 5625, 5625, 5625, 5625, 5625, 5625, 5625, 5625, 5625, 5625, 5625, 5625, 5625, 5625, 5625, 5625, 5625, 5625, 5625, 5625, 5625, 5625, 5625, 5625, 5625, 5625, 5625, 5625, 5625, 5625, 5625, 5625, 5625, 5625, 5625, 5625, 5625, 5625, 5625, 5625, 5625, 5625, 5625, 5625, 5625, 5625, 5625, 5625, 5625, 5625, 5625, 5625, 5625, 5625, 5625, 5625, 5625, 5625, 5625, 5625, 5625, 5625, 5625, 5625, 5625, 5625, 5625, 5625, 5625, 5625, 5625, 5625, 5625, 5625, 5625, 5625, 5625, 5625, 5625, 5625, 5625, 5625, 5625, 5625, 5625, 5625, 5625, 5625, 5625, 5625, 5625, 5625, 5625, 5625, 5625, 5625, 5625, 5625, 5625, 5625, 5625, 5625, 5625, 5625, 5625, 5625, 5625, 5625, 5625, 5625, 5625, 5625, 5625, 5625, 5625, 5625, 5625, 5625, 5625, 5625, 5625, 5625, 5625, 5625, 5625, 5625, 5625, 5625, 5625, 5625, 5625, 5625, 5625, 5625, 5625, 5625, 5625, 5625, 5625, 5625, 5625, 5625, 5625, 5625, 5625, 5625, 5625, 5625, 5625, 5625, 5625, 5625, 5625, 5625, 5625, 5625, 5625, 5625, 5625, 5625, 5625, 5625, 5625, 5625, 5625, 5625, 5625, 5625, 5625, 5625, 5625, 5625, 5625, 5625, 5625, 5625, 5625, 5625, 5625, 5625, 5625, 5625, 5625, 5625, 5625, 5625, 5625, 5625, 5625, 5625, 5625, 5625, 5625, 5625, 5625, 5625, 5625, 5625, 5625, 5625, 5625, 5625, 5625, 5625, 5625, 5625, 5625, 5625, 5625, 5625, 5625, 5625, 5625, 5625, 5625, 5625, 5625, 5625, 5625, 5625, 5625, 5625, 5625, 5625, 5625, 5625, 5625, 5625, 5625, 5625, 5625, 5625, 5625, 5625, 5625, 5625, 5625, 5625, 5625, 5625, 5625, 5625, 5625, 5625, 5625, 5625, 5625, 5625, 5625, 5625, 5625, 5625, 5625, 5625, 5625, 5625, 5625, 5625, 5625, 5625, 5625, 5625, 5625, 5625, 5625, 5625, 5625, 5625, 5625, 5625, 5625, 5625, 5625, 5625, 5625, 5625, 5625, 5625, 5625, 5625, 5625, 5625, 5625, 5625, 5625, 5625, 5625, 5625, 5625, 5625, 5625, 5625, 5625, 5625, 5625, 5625, 5625, 5625, 5625, 5625, 5625, 5625, 5625, 5625, 5625, 5625, 5625, 5625, 5625, 5625, 5625, 5625, 5625, 5625, 5625, 5625, 5625, 5625, 5625, 5625, 5625, 5625, 5625, 5625, 5625, 5625, 5625, 5625, 5625, 5625, 5625, 5625, 5625, 5625, 5625, 5625, 5625, 5625, 5625, 5625, 5625, 5625, 5625, 5625, 5625, 5625, 5625, 5625, 5625, 5625, 5625, 5625, 5625, 5625, 5625, 5625, 5625, 5625, 5625, 5625, 5625, 5625, 5625, 5625, 5625, 5625, 5625, 5625, 5625, 5625, 5625, 5625, 5625, 5625, 5625, 5625, 5625, 5625, 5625, 5625, 5625, 5625, 5625, 5625, 5625, 5625, 5625, 5625, 5625, 5625, 5625, 5625, 5625, 5625, 5625, 5625, 5625, 5625, 5625, 5625, 5625, 5625, 5625, 5625, 5625, 5625, 5625, 5625, 5625, 5625, 5625, 5625, 5625, 5625, 5625, 5625, 5625, 5625, 5625, 5625, 5625, 5625, 5625, 5625, 5625, 5625, 5625, 5625, 5625, 5625, 5625, 5625, 5625, 5625, 5625, 5625, 5625, 5625, 5625, 5625, 5625, 5625, 5625, 5625, 5625, 5625, 5625, 5625, 5625, 5625, 5625, 5625, 5625, 5625, 5625, 5625, 5625, 5625, 5625, 5625, 5625, 5625, 5625, 5625, 5625, 5625, 5625, 5625, 5625, 5625, 5625, 5625, 5625, 5625, 5625, 5625, 5625, 5625, 5625, 5625, 5625, 5625, 5625, 5625, 5625, 5625, 5625, 5625, 5625, 5625, 5625, 5625, 5625, 5625, 5625, 5625, 5625, 5625, 5625, 5625, 5625, 5625, 5625, 5625, 5625, 5625, 5625, 5625, 5625, 5625, 5625, 5625, 5625, 5625, 5625, 5625, 5625, 5625, 5625, 5625, 5625, 5625, 5625, 5625, 5625, 5625, 5625, 5625, 5625, 5625, 5625, 5625, 5625, 5625, 5625, 5625, 5625, 5625, 5625, 5625, 5625, 5625, 5625, 5625, 5625, 5625, 5625, 5625, 5625, 5625, 5625, 5625, 5625, 5625, 5625, 5625, 5625, 5625, 5625, 5625, 5625, 5625, 5625, 5625, 5625, 5625, 5625, 5625, 5625, 5625, 5625, 5625, 5625, 5625, 5625, 5625, 5625, 5625, 5625, 5625, 5625, 5625, 5625, 5625, 5625, 5625, 5625, 5625, 5625, 5625, 5625, 5625, 5625, 5625, 5625, 5625, 5625, 5625, 5625, 5625, 5625, 5625, 5625, 5625, 5625, 5625, 5625, 5625, 5625, 5625, 5625, 5625, 5625, 5625, 5625, 5625, 5625, 5625, 5625, 5625, 5625, 5625, 5625, 5625, 5625, 5625, 5625, 5625, 5625, 5625, 5625, 5625, 5625, 5625, 5625, 5625, 5625, 5625, 5625, 5625, 5625, 5625, 5625, 5625, 5625, 5625, 5625, 5625, 5625, 5625, 5625, 5625, 5625, 5625, 5625, 5625, 5625, 5625, 5625, 5625, 5625, 5625, 5625, 5625, 5625, 5625, 5625, 5625, 5625, 5625, 5625, 5625, 5625, 5625, 5625, 5625, 5625, 5625, 5625, 5625, 5625, 5625, 5625, 5625, 5625, 5625, 5625, 5625, 5625, 5625, 5625, 5625, 5625, 5625, 5625, 5625, 5625, 5625, 5625, 5625, 5625, 5625, 5625, 5625, 5625, 5625, 5625, 5625, 5625, 5625, 5625, 5625, 5625, 5625, 5625, 5625, 5625, 5625, 5625, 5625, 5625, 5625, 5625, 5625, 5625, 5625, 5625, 5625, 5625, 5625, 5625, 5625, 5625, 5625, 5625, 5625, 5625, 5625, 5625, 5625, 5625, 5625, 5625, 5625, 5625, 5625, 5625, 5625, 5625, 5625, 5625, 5625, 5625, 5625, 5625, 5625, 5625, 5625, 5625, 5625, 5625, 5625, 5625, 5625, 5625, 5625, 5625, 5625, 5625, 5625, 5625, 5625, 5625, 5625, 5625, 5625, 5625, 5625, 5625, 5625, 5625, 5625, 5625, 5625, 5625, 5625, 5625, 5625, 5625, 5625, 5625, 5625, 5625, 5625, 5625, 5625, 5625, 5625, 5625, 5625, 5625, 5625, 5625, 5625, 5625, 5625, 5625, 5625, 5625, 5625, 5625, 5625, 5625, 5625, 5625, 5625, 5625, 5625, 5625, 5625, 5625, 5625, 5625, 5625, 5625, 5625, 5625, 5625, 5625, 5625, 5625, 5625, 5625, 5625, 5625, 5625, 5625, 5625, 5625, 5625, 5625, 5625, 5625, 5625, 5625, 5625, 5625, 5625, 5625, 5625, 5625, 5625, 5625, 5625, 5625, 5625, 5625, 5625, 5625, 5625, 5625, 5625, 5625, 5625, 5625, 5625, 5625, 5625, 5625, 5625, 5625, 5625, 5625, 5625, 5625, 5625, 5625, 5625, 5625, 5625, 5625, 5625, 5625, 5625, 5625, 5625, 5625, 5625, 5625, 5625, 5625, 5625, 5625, 5625, 5625, 5625, 5625, 5625, 5625, 5625, 5625, 5625, 5625, 5625, 5625, 5625, 5625, 5625, 5625, 5625, 5625, 5625, 5625, 5625, 5625, 5625, 5625, 5625, 5625, 5625, 5625, 5625, 5625, 5625, 5625, 5625, 5625, 5625, 5625, 5625, 5625, 5625, 5625, 5625, 5625, 5625, 5625, 5625, 5625, 5625, 5625, 5625, 5625, 5625, 5625, 5625, 5625, 5625, 5625, 5625, 5625, 5625, 5625, 5625, 5625, 5625, 5625, 5625, 5625, 5625, 5625, 5625, 5625, 5625, 5625, 5625, 5625, 5625, 5625, 5625, 5625, 5625, 5625, 5625, 5625, 5625, 5625, 5625, 5625, 5625, 5625, 5625, 5625, 5625, 5625, 5625, 5625, 5625, 5625, 5625, 5625, 5625, 5625, 5625, 5625, 5625, 5625, 5625, 5625, 5625, 5625, 5625, 5625, 5625, 5625, 5625, 5625, 5625, 5625, 5625, 5625, 5625, 5625, 5625, 5625, 5625, 5625, 5625, 5625, 5625, 5625, 5625, 5625, 5625, 5624, 5624, 5624, 5624, 5624, 5624, 5624, 5624, 5624, 5624, 5624, 5624, 5624, 5624, 5624, 5624, 5624, 5624, 5624, 5624, 5624, 5624, 5624, 5624, 5624, 5624, 5624, 5624, 5624, 5624, 5624, 5624, 5624, 5624, 5624, 5624, 5624, 5624, 5624, 5624, 5624, 5624, 5624, 5624, 5624, 5624, 5624, 5624, 5624, 5624, 5624, 5624, 5624, 5624, 5624, 5624, 5624, 5624, 5624, 5624, 5624, 5624, 5624, 5624, 5624, 5624, 5624, 5624, 5624, 5624, 5624, 5624, 5624, 5624, 5624, 5624, 5624, 5624, 5624, 5624, 5624, 5624, 5624, 5624, 5624, 5624, 5624, 5624, 5624, 5624, 5624, 5624, 5624, 5624, 5624, 5624, 5624, 5624, 5624, 5624, 5624, 5624, 5624, 5624, 5624, 5624, 5624, 5624, 5624, 5624, 5624, 5624, 5624, 5624, 5624, 5624, 5624, 5624, 5624, 5624, 5624, 5624, 5624, 5624, 5624, 5624, 5624, 5624, 5624, 5624, 5624, 5624, 5624, 5624, 5624, 5624, 5624, 5624, 5624, 5624, 5624, 5624, 5624, 5624, 5624, 5624, 5624, 5624, 5624, 5624, 5624, 5624, 5624, 5624, 5624, 5624, 5624, 5624, 5624, 5624, 5624, 5624, 5624, 5624, 5624, 5624, 5624, 5624, 5624, 5624, 5624, 5624, 5624, 5624, 5624, 5624, 5624, 5624, 5624, 5624, 5624, 5624, 5624, 5624, 5624, 5624, 5624, 5624, 5624, 5624, 5624, 5624, 5624, 5624, 5624, 5624, 5624, 5624, 5624, 5624, 5624, 5624, 5624, 5624, 5624, 5624, 5624, 5624, 5624, 5624, 5624, 5624, 5624, 5624, 5624, 5624, 5624, 5624, 5624, 5624, 5624, 5624, 5624, 5624, 5624, 5624, 5624, 5624, 5624, 5624, 5624, 5624, 5624, 5624, 5624, 5624, 5624, 5624, 5624, 5624, 5624, 5624, 5624, 5624, 5624, 5624, 5624, 5624, 5624, 5624, 5624, 5624, 5624, 5624, 5624, 5624, 5624, 5624, 5624, 5624, 5624, 5624, 5624, 5624, 5624, 5624, 5624, 5624, 5624, 5624, 5624, 5624, 5624, 5624, 5624, 5624, 5624, 5624, 5624, 5624, 5624, 5622, 5622, 5622, 5622, 5622, 5622, 5622, 5622, 5622, 5622, 5622, 5622, 5622, 5622, 5622, 5622, 5622, 5622, 5622, 5622, 5622, 5622, 5622, 5622, 5622, 5622, 5622, 5622, 5622, 5622, 5622, 5622, 5622, 5622, 5622, 5622, 5622, 5622, 5622, 5622, 5622, 5622, 5622, 5622, 5622, 5622, 5622, 5622, 5622, 5622, 5622, 5622, 5622, 5622, 5622, 5622, 5622, 5622, 5622, 5622, 5622, 5622, 5622, 5622, 5622, 5620, 
Fitness promedio a lo largo del tiempo: 
21591, 17404, 13793, 12360, 8790, 7693, 7926, 7555, 6997, 7985, 7674, 6783, 6899, 6776, 7149, 6728, 6969, 7304, 6623, 6214, 7539, 6199, 6667, 7328, 6618, 6771, 6979, 6757, 6849, 6953, 6857, 6618, 6617, 6708, 6125, 7130, 6771, 6751, 6821, 6906, 7196, 6971, 6865, 7352, 7228, 7318, 6792, 7118, 6870, 6871, 5871, 6161, 6436, 6735, 6413, 6089, 6575, 5814, 6358, 5822, 6578, 6808, 5945, 6480, 6798, 6365, 6869, 6285, 6492, 6746, 6636, 6954, 6158, 6796, 6478, 6581, 5912, 6460, 6285, 6389, 6617, 6497, 5878, 6810, 6664, 7248, 6566, 7089, 6580, 6193, 6184, 6506, 6398, 6776, 6512, 6764, 6721, 6567, 5771, 5889, 6334, 6692, 6315, 5774, 7182, 6959, 6833, 6209, 6736, 6791, 6537, 6168, 6578, 5846, 6962, 5770, 6141, 5750, 6023, 6094, 6193, 6248, 5766, 5918, 6171, 6276, 5736, 5904, 6293, 6121, 6120, 6131, 6367, 5821, 5742, 5960, 5728, 5730, 5854, 6161, 5741, 6225, 6773, 6249, 6376, 6160, 5967, 6558, 6670, 5808, 5747, 6825, 6182, 6307, 6343, 5899, 5724, 6356, 5738, 6220, 7256, 5738, 6071, 6558, 6077, 5876, 6021, 6022, 6174, 5725, 6187, 6072, 6532, 6070, 5749, 5744, 6360, 6238, 5720, 5747, 6121, 6371, 6978, 6782, 6223, 5949, 6833, 6353, 6246, 5952, 5745, 6122, 5773, 6057, 6027, 5789, 6355, 6771, 6493, 5731, 5963, 6235, 6459, 5912, 6611, 6566, 5750, 5733, 5728, 5718, 5726, 5761, 6120, 5741, 6223, 6012, 5754, 6330, 6070, 5734, 6757, 6131, 6011, 5905, 6218, 5755, 6053, 6606, 5751, 5740, 5758, 5722, 6234, 5742, 6266, 6721, 6068, 7061, 6823, 5750, 6105, 5747, 6209, 6295, 6330, 5717, 6299, 5967, 5723, 5751, 6639, 5862, 6087, 6378, 6072, 5744, 5846, 6065, 6824, 5867, 5762, 6157, 5794, 5735, 5957, 6327, 6166, 5744, 5759, 5740, 5735, 5789, 5745, 6312, 6668, 5756, 5749, 5786, 5735, 6075, 6494, 6671, 6394, 5751, 5725, 5728, 5728, 5717, 6654, 5837, 6740, 5913, 5967, 6001, 5738, 6490, 6773, 6133, 5981, 6069, 6051, 6442, 6680, 5969, 6356, 6822, 5735, 6328, 6672, 6363, 6274, 5758, 5877, 5718, 6392, 6124, 6295, 6013, 6239, 5806, 5722, 5711, 5715, 5776, 6029, 5740, 6938, 6177, 5762, 5999, 5951, 6486, 6230, 6179, 6128, 6960, 6063, 5898, 5894, 5721, 5909, 6320, 6009, 5782, 5694, 6632, 6112, 6307, 6108, 6035, 5895, 6267, 6486, 5942, 5709, 5878, 5731, 5928, 5710, 6367, 6107, 6141, 6053, 6263, 5714, 5697, 6251, 6544, 5711, 5889, 6268, 6806, 5724, 6484, 6151, 6094, 5944, 5831, 6619, 5739, 6089, 5885, 5716, 5714, 6036, 6646, 5731, 5720, 5771, 6224, 5882, 6030, 5716, 6096, 5714, 6528, 5698, 5726, 5693, 6050, 5971, 6893, 6419, 5782, 6252, 5992, 5999, 6687, 6264, 6039, 5791, 6306, 5884, 5825, 5935, 6533, 6210, 6757, 6432, 6623, 6116, 6696, 6239, 6171, 6050, 5965, 6006, 6380, 6864, 5721, 6579, 6396, 6030, 6104, 6146, 6133, 6213, 5872, 5994, 5715, 5700, 5689, 6672, 5765, 6244, 5869, 5778, 5817, 5674, 5760, 5694, 5858, 6092, 5699, 6339, 5671, 5740, 5684, 7094, 5920, 5674, 5921, 6187, 6415, 5904, 5715, 5723, 6292, 5964, 5680, 5812, 6163, 5998, 5765, 6083, 5935, 6358, 6141, 5758, 5999, 5876, 6137, 5931, 5688, 5696, 7043, 6081, 5814, 6073, 6734, 7097, 6239, 6325, 5813, 7378, 5706, 6262, 6736, 6418, 6674, 6196, 6027, 6015, 5780, 6724, 5824, 6570, 5875, 6252, 5986, 6944, 6346, 6003, 6230, 6828, 6352, 5691, 6254, 6043, 5679, 6289, 5958, 6112, 6404, 6539, 6400, 6579, 6342, 6457, 5852, 5699, 6707, 6618, 5919, 6507, 6151, 5812, 5933, 5750, 6185, 5932, 6635, 5913, 6245, 6446, 6622, 7104, 6049, 6478, 6093, 6673, 6241, 6066, 5712, 6182, 5695, 6558, 6300, 5697, 5931, 6341, 6453, 6320, 6253, 6239, 6566, 6177, 5869, 5686, 6305, 5704, 5716, 5706, 6096, 5964, 5708, 5861, 5925, 5774, 6471, 5682, 6241, 6089, 5811, 6621, 6301, 5709, 5963, 6920, 6513, 5914, 6454, 5705, 5872, 5715, 5696, 5694, 5682, 6470, 5919, 6280, 5881, 6725, 6173, 5691, 5971, 6353, 6308, 5743, 6846, 6808, 6013, 6718, 6083, 5909, 6118, 6299, 5697, 5963, 5867, 6469, 5700, 6086, 6751, 6459, 5754, 5707, 6577, 5979, 6534, 6617, 6138, 7053, 6210, 6259, 6012, 6412, 6942, 6423, 5941, 6308, 6351, 6361, 6058, 5711, 6352, 6520, 5845, 6515, 6459, 6275, 6854, 5898, 6470, 6023, 6398, 5757, 5870, 5851, 6192, 5703, 6029, 6513, 5699, 5976, 5980, 6726, 5930, 5716, 6872, 5707, 6244, 7046, 5977, 5700, 6649, 5982, 6733, 6461, 6334, 6723, 6321, 6306, 6409, 6397, 5707, 5700, 6516, 5983, 5830, 6622, 6139, 5810, 6471, 5709, 6188, 6481, 6125, 6289, 6146, 6501, 6680, 6443, 6273, 6244, 6117, 6001, 5877, 6579, 6130, 5969, 6016, 6010, 5992, 6576, 6149, 6300, 6309, 5692, 6839, 6410, 6075, 5986, 6453, 6185, 6136, 6799, 6735, 6080, 5868, 5878, 6351, 6415, 6463, 7097, 5855, 5718, 6076, 6288, 5965, 7138, 7050, 5767, 6333, 6355, 5713, 6291, 5688, 5700, 6911, 7010, 5714, 6319, 5699, 6425, 5926, 6734, 5697, 6354, 6286, 5985, 6047, 6884, 6184, 6223, 5857, 5962, 6144, 6201, 6142, 7052, 6686, 7000, 6505, 5697, 5809, 5877, 6482, 5866, 6142, 6402, 5725, 6302, 6505, 6575, 5973, 5695, 5683, 6027, 5697, 6681, 6038, 6352, 6322, 5931, 5984, 6138, 5703, 6341, 6525, 6419, 5866, 6198, 6330, 5842, 6248, 6565, 6300, 6636, 6289, 6836, 6288, 6446, 6021, 6661, 6619, 7210, 6419, 6299, 6571, 6231, 6315, 6611, 6457, 6039, 5855, 5923, 6398, 6058, 7170, 6413, 5720, 6747, 6237, 6827, 6284, 6294, 6529, 5702, 6295, 6138, 6348, 6883, 6732, 6300, 6574, 6830, 6833, 5871, 6333, 6343, 5876, 6492, 6116, 6356, 6075, 5762, 6150, 6583, 5770, 6069, 7143, 5977, 5978, 5960, 5695, 5832, 6764, 6410, 6787, 6012, 6346, 6382, 6462, 6966, 6217, 6204, 6308, 6346, 6364, 6171, 6241, 6126, 6044, 5797, 6286, 6260, 5704, 5979, 6590, 6076, 5690, 6790, 5753, 5701, 6347, 5989, 5766, 6829, 6288, 6506, 6237, 6179, 6030, 5865, 6430, 6122, 6796, 7021, 6619, 6744, 6196, 6768, 6628, 6186, 5778, 6305, 6692, 6458, 6969, 6649, 6527, 6090, 6013, 5688, 5977, 6080, 6785, 6363, 5707, 6471, 6085, 6593, 6217, 5787, 6126, 5866, 5674, 6796, 6413, 5921, 6246, 6270, 5862, 6020, 6128, 5765, 6034, 6564, 6315, 6187, 6403, 6836, 5842, 6192, 6139, 6846, 5714, 6691, 6665, 6288, 6212, 6010, 6323, 5964, 6523, 5699, 6180, 6307, 5697, 6309, 5712, 5876, 6015, 6618, 5745, 5965, 6544, 6353, 5726, 6245, 5965, 6661, 6781, 6568, 5862, 6608, 6316, 5747, 6491, 6933, 6459, 6158, 6693, 5980, 5698, 6661, 5752, 5684, 6355, 6200, 6143, 6072, 5872, 6219, 5823, 6990, 5722, 6576, 6192, 6248, 6393, 5688, 6231, 5716, 6620, 6247, 7112, 6298, 6284, 5679, 6340, 5915, 6840, 6492, 5688, 5962, 6817, 6180, 6228, 5924, 6373, 6242, 6887, 5814, 5696, 6297, 6066, 6300, 6462, 6566, 6073, 5686, 6190, 6174, 5684, 6047, 5976, 5987, 6503, 5684, 6350, 7157, 6028, 5851, 5688, 6316, 6032, 6134, 5960, 6371, 6035, 6260, 5688, 5862, 6253, 5959, 6703, 6033, 6508, 6335, 5754, 6246, 5859, 5924, 6898, 6744, 6208, 6480, 6787, 6250, 6470, 5698, 6561, 6298, 6684, 5728, 6307, 5989, 6069, 6547, 6073, 6274, 5819, 6400, 6299, 5908, 7000, 6067, 6145, 6456, 6822, 5714, 6637, 6150, 6205, 5993, 5702, 6440, 6143, 5938, 6682, 5970, 6684, 6236, 6072, 5713, 6046, 6363, 5686, 5958, 6415, 6122, 6404, 5967, 5754, 5809, 6262, 5717, 6719, 6145, 5705, 5686, 5703, 5975, 6267, 7049, 6038, 5996, 5753, 6893, 5695, 5712, 5705, 6356, 6728, 6729, 6415, 5687, 6967, 6163, 6409, 5703, 6086, 5877, 6128, 6723, 6455, 6529, 5850, 6113, 6514, 5669, 5909, 5707, 6680, 6366, 5991, 6096, 6193, 5958, 5675, 6522, 6682, 5986, 5683, 6061, 5866, 6249, 6102, 6620, 6096, 5871, 6250, 5694, 5921, 5697, 6155, 6456, 6623, 5704, 6763, 6253, 6669, 5680, 6410, 6247, 5919, 7047, 5983, 5683, 7087, 6617, 6805, 6134, 6419, 6296, 6185, 6669, 6270, 6094, 6409, 5840, 6407, 6396, 6940, 6561, 6584, 6464, 6623, 5706, 6781, 6033, 5812, 6448, 5975, 6309, 6038, 5777, 6546, 6765, 6914, 5811, 6366, 6634, 6740, 6473, 6355, 5862, 6630, 5692, 5797, 6412, 6634, 5939, 6582, 6087, 5723, 6244, 6076, 6071, 5828, 6190, 6324, 6253, 5945, 5961, 6963, 6202, 6890, 5712, 5881, 5695, 5801, 5808, 6519, 6318, 6409, 6274, 6315, 6216, 6835, 6176, 6498, 5808, 5678, 6371, 7014, 6600, 6524, 5719, 6239, 6835, 6803, 6412, 6247, 6507, 6190, 6237, 6297, 5972, 5807, 6924, 6456, 6439, 6371, 5693, 7200, 5706, 6247, 6023, 6425, 6312, 6840, 6681, 5686, 6125, 6579, 6637, 6342, 6050, 6740, 6476, 6853, 5979, 6291, 5743, 6524, 5832, 5828, 6565, 6445, 6133, 6259, 6162, 5717, 5680, 6086, 6235, 5755, 5851, 6535, 6992, 5968, 6982, 6197, 6780, 5925, 5914, 6358, 6339, 7091, 6086, 6457, 6685, 6017, 5849, 6017, 7198, 5710, 6064, 5808, 5699, 6032, 5986, 6178, 5713, 6013, 5850, 5768, 5979, 6388, 5883, 5971, 6350, 6399, 6086, 6295, 6736, 6509, 6353, 5927, 6569, 6013, 5709, 5680, 6177, 6891, 5709, 5692, 5704, 6073, 6623, 5975, 6637, 5981, 6628, 5777, 6797, 5939, 6202, 6394, 6295, 6403, 7213, 7309, 6344, 5828, 6512, 5968, 6897, 6086, 6063, 5919, 5909, 6588, 5680, 6509, 6134, 6240, 6559, 6232, 5968, 6090, 6460, 6395, 5804, 6029, 5680, 6670, 6202, 6307, 5778, 6145, 6632, 6241, 6217, 6628, 5687, 6142, 6292, 6777, 6623, 6077, 6619, 6837, 6518, 6362, 7181, 6053, 5969, 5826, 5856, 6108, 6229, 6207, 5720, 6813, 5825, 6140, 6019, 6562, 6361, 6132, 6941, 6037, 6584, 6801, 6293, 6451, 5933, 6309, 6161, 5919, 6385, 5970, 6502, 5881, 6087, 6463, 5743, 6114, 6084, 5695, 6347, 6132, 6394, 6175, 6635, 6670, 6038, 6199, 6363, 5913, 6234, 5915, 6051, 6730, 6020, 6896, 6801, 6199, 6185, 6360, 6800, 6185, 6408, 5872, 6681, 5965, 6134, 5711, 6782, 6737, 6800, 6976, 6744, 5721, 6082, 6162, 5692, 6200, 6107, 6098, 5923, 6284, 6213, 6021, 6438, 5765, 5855, 6308, 6024, 5965, 6144, 6302, 7411, 6251, 5704, 5685, 5771, 5934, 6254, 7260, 5852, 6554, 6395, 5915, 6527, 6484, 6145, 6629, 5708, 6400, 6687, 6044, 6202, 5815, 6196, 6520, 6465, 6232, 6715, 6943, 5674, 6498, 5693, 6726, 6303, 5914, 6354, 6439, 6409, 6753, 6401, 5982, 6509, 6030, 6286, 6071, 5698, 6414, 6035, 6931, 6241, 5687, 5687, 6182, 5707, 6020, 6788, 6244, 6226, 5694, 7157, 5698, 6372, 5827, 5963, 6137, 6736, 6189, 6588, 7106, 6030, 6414, 5690, 5977, 6174, 5695, 5907, 6828, 7211, 6031, 6389, 5699, 5967, 5682, 6670, 6843, 5914, 6542, 6039, 6582, 6525, 7147, 6116, 6395, 5754, 6018, 6309, 6280, 6418, 5689, 6368, 6932, 6464, 6411, 5755, 6887, 6161, 7106, 6199, 5861, 6463, 5988, 6637, 6414, 6323, 6148, 5975, 5690, 6310, 6122, 5707, 6273, 6201, 6086, 5709, 6805, 5976, 6898, 7219, 6397, 6013, 5919, 6939, 6767, 5995, 6352, 6889, 6520, 6410, 6006, 5767, 6640, 6196, 5929, 5871, 5799, 6418, 6437, 6189, 7033, 6344, 5958, 6421, 5987, 6616, 6254, 6578, 6888, 6355, 5727, 6699, 5701, 6024, 6081, 6082, 6999, 6095, 6149, 7328, 6403, 6287, 6846, 6085, 6178, 6196, 6407, 6072, 6090, 6190, 6144, 5744, 6621, 6724, 6891, 6991, 6616, 5765, 6091, 6140, 6502, 6301, 6349, 6516, 5800, 6476, 6067, 6675, 5708, 5739, 5997, 6732, 6448, 5822, 6124, 6135, 5713, 6202, 6188, 5687, 5687, 6084, 6523, 6104, 5697, 6206, 5693, 5699, 5697, 5695, 6886, 6355, 6693, 5985, 6094, 5969, 6421, 7382, 5722, 5890, 5879, 6240, 6473, 6534, 6047, 6299, 7211, 6204, 5828, 6518, 6108, 5975, 6356, 6022, 5706, 5872, 6363, 5705, 6720, 6430, 6536, 6464, 6527, 6733, 6890, 6691, 5993, 5745, 6129, 6670, 5722, 6102, 6568, 6628, 6502, 6708, 6569, 5793, 5693, 6404, 6178, 6245, 5879, 6014, 6070, 5712, 6122, 5714, 6196, 5712, 6255, 5701, 5728, 6359, 6932, 6721, 6239, 5695, 7360, 6087, 6105, 6928, 6007, 6410, 5891, 6361, 6700, 5704, 5698, 5685, 6288, 5971, 5876, 5961, 6562, 6638, 6022, 5761, 6531, 6778, 6679, 6242, 6092, 6034, 6191, 6308, 6888, 6206, 6133, 6457, 5936, 6336, 6882, 6400, 5813, 5909, 6210, 7001, 6768, 5976, 6557, 5694, 6624, 5704, 6976, 5754, 5854, 5701, 6048, 6622, 6728, 6078, 6203, 6607, 5929, 6318, 6352, 6453, 5761, 6104, 5994, 5694, 6780, 6564, 6142, 6514, 5922, 6786, 5916, 6293, 6565, 5831, 6283, 5819, 6786, 6228, 6250, 5966, 5687, 6195, 6021, 6353, 6020, 6450, 6908, 5765, 6962, 6300, 6312, 6137, 6832, 5811, 6637, 6223, 6710, 6074, 6782, 5699, 6318, 6747, 6297, 5701, 6717, 6478, 6590, 6028, 6523, 6565, 5696, 6688, 6771, 6414, 6467, 6292, 5790, 6052, 6005, 7211, 6229, 6232, 5982, 6203, 6213, 6749, 5689, 5913, 6404, 6419, 6082, 6151, 6154, 6210, 6677, 6627, 6026, 6305, 6254, 6220, 6193, 6186, 5694, 6366, 5681, 5694, 7050, 6837, 6193, 6250, 5684, 5695, 5709, 5681, 5909, 6171, 6468, 6673, 5928, 5808, 5964, 5859, 5669, 5758, 5699, 5705, 5688, 5696, 6880, 6456, 6080, 6565, 6351, 6519, 5865, 5922, 5857, 6840, 5690, 5924, 5675, 5914, 6463, 6081, 7216, 6367, 6375, 6126, 6064, 6237, 5843, 6091, 5704, 6204, 6195, 6187, 6091, 6485, 6370, 6651, 6083, 5881, 6095, 6250, 6234, 6529, 5817, 6261, 6035, 6925, 7294, 6641, 6188, 5686, 5687, 6538, 5752, 6619, 6516, 6350, 5869, 5852, 6232, 6197, 6938, 5703, 5948, 6789, 5920, 6032, 5698, 6195, 6348, 5966, 6297, 6075, 5987, 6024, 5988, 5864, 6370, 5803, 6145, 5697, 6226, 6020, 6412, 5861, 6556, 6413, 5759, 6126, 6357, 6197, 6681, 6448, 5972, 5807, 5960, 6086, 6240, 6409, 5704, 6350, 5762, 6721, 6149, 5709, 6461, 5703, 6096, 5866, 7575, 6544, 6512, 6396, 6415, 6289, 6246, 6443, 6027, 6361, 6550, 6626, 6135, 6189, 6408, 6506, 6368, 6837, 5762, 5972, 6862, 6095, 5795, 6324, 5776, 6029, 6009, 5693, 6452, 5856, 5686, 6406, 5749, 6836, 5969, 6622, 6102, 6291, 5687, 5916, 6299, 5708, 6270, 6140, 6165, 6359, 6292, 6193, 6790, 6248, 6463, 6294, 6285, 6836, 5967, 6304, 6343, 6518, 6252, 6246, 6238, 6136, 6399, 6149, 6562, 5828, 6530, 6088, 6672, 5977, 6470, 6628, 6388, 6208, 6298, 5697, 6252, 6034, 5870, 6567, 6227, 5689, 6177, 6136, 5708, 5922, 6297, 6449, 5867, 6415, 7156, 6543, 6681, 6210, 5864, 5955, 6452, 5903, 5859, 6520, 6085, 6466, 6614, 5701, 6396, 6150, 6182, 6721, 5698, 5879, 5927, 6203, 6097, 5702, 5918, 6022, 6165, 6681, 6680, 6752, 6068, 6582, 6202, 5794, 6024, 6414, 6200, 6560, 6308, 6636, 6634, 6069, 5881, 5957, 7224, 6129, 6292, 6136, 6507, 6182, 6196, 5762, 6086, 6004, 6146, 5933, 6886, 6152, 6369, 5824, 6210, 5687, 6239, 5703, 5868, 6623, 6516, 6349, 6471, 7100, 7003, 6420, 6247, 6696, 6681, 6241, 5687, 6940, 6279, 6511, 6939, 6318, 6199, 5768, 6999, 6420, 6240, 6198, 6214, 6104, 6243, 5809, 6149, 6199, 5684, 6522, 6195, 6341, 6197, 5696, 7256, 5761, 6179, 6357, 6569, 6067, 5974, 6214, 6211, 6092, 6634, 6906, 5762, 6022, 6028, 5804, 5710, 5872, 6303, 6422, 5719, 5705, 5855, 5702, 6414, 7105, 5974, 6187, 6413, 5916, 6518, 6895, 5719, 6558, 6372, 5858, 6422, 5919, 6123, 7206, 5924, 6310, 6474, 5926, 6683, 5777, 6094, 6407, 5975, 5910, 6184, 6676, 6892, 6882, 6017, 5690, 5977, 5687, 6155, 6346, 6227, 5676, 6141, 5694, 6606, 5702, 6610, 7059, 7440, 6501, 6090, 6037, 6124, 5700, 5799, 6090, 6159, 5911, 6499, 6401, 5719, 6769, 6288, 5754, 5919, 5885, 6179, 5716, 6559, 5749, 6336, 6835, 6378, 6557, 6516, 5821, 6311, 6776, 6249, 6082, 6406, 6039, 5962, 5692, 6025, 6394, 5741, 6179, 5684, 6319, 6289, 6304, 5754, 6143, 6625, 6509, 5965, 7005, 7141, 6041, 6845, 5818, 5708, 6680, 6240, 6094, 7052, 6298, 6185, 6572, 6319, 6895, 6999, 6063, 7120, 5706, 5768, 6030, 5692, 5684, 5678, 5664, 6661, 5678, 6276, 6464, 5918, 5820, 6017, 5749, 5842, 6084, 5687, 7046, 6351, 6025, 6517, 6688, 6076, 6128, 6450, 6136, 6718, 5757, 5984, 6174, 5709, 6041, 5818, 6351, 5871, 6098, 5708, 6777, 5834, 5671, 5679, 5973, 5763, 6382, 5962, 5706, 6625, 6038, 6238, 6346, 6016, 5670, 5984, 6036, 6284, 7089, 6178, 5918, 6254, 5811, 5682, 6008, 6080, 6069, 5910, 6233, 6131, 5857, 6125, 5757, 6665, 6402, 5910, 5702, 5964, 5689, 6014, 5972, 5798, 6183, 6026, 6211, 6615, 5695, 5979, 5881, 6274, 6109, 5716, 5916, 5681, 5967, 5669, 6282, 5897, 6007, 6912, 5682, 6201, 6137, 5745, 6655, 6188, 5869, 5863, 6770, 5872, 5705, 6779, 6535, 5813, 6172, 5873, 6241, 5717, 5853, 5855, 6792, 5679, 5699, 5685, 7056, 6028, 5675, 5691, 6444, 6354, 6821, 5875, 6446, 5744, 5904, 5684, 6462, 6222, 5704, 6661, 5694, 5709, 6245, 5979, 6574, 6234, 5772, 6313, 6262, 5746, 5963, 6334, 5942, 5693, 5679, 6786, 6500, 5905, 5751, 5679, 6701, 6343, 6513, 5681, 6407, 5938, 5909, 6286, 5862, 5694, 5684, 6773, 6412, 6138, 6560, 6508, 5695, 6144, 5770, 5686, 5798, 5692, 6854, 6017, 6044, 5973, 6065, 6231, 5840, 6067, 6071, 5696, 5706, 6148, 6306, 5702, 5685, 6351, 6414, 6472, 6350, 6518, 6087, 6396, 6524, 6173, 5681, 6004, 5690, 5676, 5993, 5752, 5974, 6032, 6466, 5788, 6292, 5709, 5690, 6053, 5744, 6141, 6032, 5916, 6089, 6072, 5810, 6188, 5681, 5686, 5719, 6138, 6183, 5689, 5978, 6074, 6406, 5684, 5917, 5970, 6633, 5675, 6062, 6792, 5908, 5956, 5878, 6214, 6086, 6272, 5676, 6872, 5757, 7054, 6491, 6081, 5697, 6149, 5722, 6028, 6197, 6087, 5970, 5965, 5748, 6016, 5704, 5926, 5677, 6707, 6026, 5684, 5805, 6077, 6301, 6252, 5692, 6497, 6194, 5671, 6393, 6518, 6074, 6896, 6568, 5693, 6148, 6826, 5886, 6357, 6682, 5876, 5694, 6364, 6403, 5676, 5668, 6124, 5753, 5925, 5805, 6270, 6140, 5708, 5698, 6461, 6392, 5928, 6433, 6139, 6079, 6081, 5750, 6095, 6169, 5863, 6295, 5869, 5886, 5956, 5679, 5894, 6040, 5690, 6290, 5709, 6351, 5681, 5860, 5682, 5689, 6467, 5699, 5666, 6276, 5659, 6321, 6180, 5757, 6410, 5846, 6558, 6014, 5804, 5674, 5968, 6660, 6676, 5685, 5707, 5678, 6180, 6249, 6174, 5672, 5675, 6455, 5863, 5914, 5737, 6121, 6080, 6235, 5893, 6441, 5998, 6187, 5673, 5659, 6053, 6549, 6354, 5674, 6026, 6890, 5671, 6173, 5669, 6278, 6382, 6292, 6336, 5681, 6077, 6936, 5746, 6436, 5672, 6185, 6280, 6140, 6084, 6307, 5907, 6311, 7306, 6878, 6858, 8013, 7238, 7157, 6913, 6400, 6613, 6161, 6662, 6482, 6276, 6426, 6161, 6671, 5845, 6518, 5872, 6389, 6556, 7153, 6712, 6438, 6320, 6698, 5674, 6609, 6459, 6681, 6028, 6781, 6436, 6535, 5891, 5672, 5839, 6035, 6288, 6934, 6634, 6401, 6020, 5794, 6026, 7139, 5960, 6119, 5878, 6597, 5654, 6120, 5832, 6602, 6015, 5831, 5883, 5676, 5948, 6062, 5703, 6120, 6331, 5665, 6073, 6003, 6338, 5775, 6486, 5665, 6166, 6120, 6026, 6055, 5790, 6324, 6660, 6315, 5920, 5913, 6336, 5680, 6174, 6156, 6272, 5653, 6054, 6015, 6057, 5695, 6283, 5833, 5904, 5944, 5668, 5791, 5912, 5774, 6318, 6112, 5705, 5671, 5680, 6279, 5659, 6705, 6241, 6054, 5667, 5879, 5644, 5660, 5778, 5674, 6080, 6262, 6053, 5656, 5663, 5904, 5689, 5673, 6175, 5798, 6545, 6220, 6119, 6168, 5896, 5744, 5660, 5782, 5680, 6242, 6047, 6973, 5912, 6076, 5680, 6412, 6587, 6330, 6111, 6218, 5664, 5668, 5953, 6166, 6327, 6064, 7038, 5668, 6062, 5997, 5684, 5679, 6132, 5908, 5657, 6330, 6252, 6263, 6133, 5820, 6279, 6193, 6375, 5738, 5996, 5667, 5891, 5669, 5946, 6659, 5678, 6652, 5681, 6399, 6232, 5717, 5664, 6007, 6185, 6651, 6452, 5658, 5672, 5656, 6011, 5971, 6111, 6005, 5961, 5796, 6648, 6180, 5944, 6772, 6266, 6073, 5891, 5894, 6229, 5846, 5951, 5737, 5681, 5743, 5670, 5667, 5693, 5744, 5670, 5664, 6144, 6012, 5957, 6304, 6449, 5677, 6042, 6384, 6434, 5880, 6805, 7030, 5971, 6385, 6052, 5679, 5918, 5795, 6539, 6171, 5808, 5899, 6228, 6482, 6178, 6319, 5663, 6017, 5666, 5717, 5844, 5652, 5676, 6482, 5931, 5659, 6759, 6352, 5674, 6485, 5782, 6055, 5686, 6314, 5658, 6280, 6167, 6221, 6039, 5970, 5666, 6305, 6015, 6119, 5904, 5913, 6382, 5652, 6586, 6306, 6320, 5782, 6217, 6167, 6589, 6053, 5838, 5825, 6128, 6946, 6240, 5672, 5703, 5952, 6150, 6433, 5947, 5965, 6390, 6406, 5686, 6133, 6056, 5656, 5826, 5671, 5944, 5970, 6377, 5657, 5662, 5654, 5658, 6233, 6225, 5911, 5785, 5683, 5670, 6276, 6073, 7069, 5668, 6073, 5672, 6292, 6275, 5674, 5738, 6330, 6223, 6170, 6235, 6788, 6060, 5888, 5787, 5989, 5787, 5788, 5943, 5945, 5672, 5940, 5690, 6500, 5678, 5670, 6159, 5675, 5661, 6274, 6228, 5662, 6472, 6274, 5672, 6583, 5784, 6749, 5731, 5677, 6276, 6011, 5675, 6231, 6273, 6389, 5907, 5659, 5656, 6579, 5934, 6180, 5908, 5664, 5986, 5665, 6119, 5865, 5674, 6383, 5791, 5843, 5770, 5654, 6039, 6287, 6384, 5800, 5787, 5668, 5682, 6303, 5673, 6178, 6184, 5953, 5669, 5683, 5829, 6018, 5866, 6650, 5840, 5901, 5650, 5694, 5682, 5673, 5661, 5658, 5907, 6067, 6062, 5658, 6170, 5740, 6064, 6354, 6459, 5844, 6157, 5656, 6000, 5680, 5662, 5972, 5655, 6211, 6119, 6602, 5676, 5652, 6384, 5933, 6192, 5843, 5667, 6252, 6439, 6218, 5914, 6204, 5835, 5942, 5649, 5694, 6595, 5676, 6066, 5656, 6403, 5954, 5667, 5946, 5893, 5670, 6009, 6276, 5737, 6108, 5940, 6300, 6390, 5730, 5670, 6424, 5700, 5828, 6174, 5668, 5692, 6263, 6187, 6214, 6279, 6112, 6573, 5673, 6115, 6009, 5680, 5857, 5801, 6589, 5864, 5959, 6021, 5675, 5826, 5746, 6272, 6275, 6669, 5900, 6366, 5843, 5688, 6697, 5830, 5654, 6753, 5935, 5812, 6367, 6444, 6216, 6147, 5672, 5656, 6003, 5782, 5966, 5723, 6552, 5845, 6865, 6326, 5662, 6044, 5885, 5656, 6210, 7195, 6123, 6150, 5669, 5980, 6262, 6927, 6120, 5668, 5661, 6230, 5948, 6862, 6326, 6169, 6067, 6406, 6062, 5942, 5659, 5831, 5651, 5668, 6286, 6050, 5663, 6265, 5661, 5670, 5659, 5942, 6499, 6218, 5978, 5784, 5940, 5662, 6255, 5662, 6604, 5667, 5679, 5648, 5697, 6004, 6129, 5678, 5659, 6556, 5676, 6114, 6175, 5667, 6799, 6545, 6121, 6385, 6127, 6221, 5829, 5660, 6603, 6014, 6487, 6353, 5906, 5671, 6135, 5660, 5900, 6127, 5882, 6268, 5862, 5935, 6403, 5667, 5647, 5796, 5887, 6060, 5780, 5736, 5972, 5727, 6011, 6808, 5682, 6000, 5685, 6202, 5887, 6002, 5667, 6010, 5687, 5938, 5671, 6424, 6113, 6350, 6247, 5691, 5678, 6703, 6439, 5659, 5654, 5675, 5958, 5745, 5760, 6074, 5676, 6094, 5676, 6115, 5726, 6128, 5779, 5844, 5688, 5797, 6227, 6282, 5658, 5792, 6374, 6868, 5662, 6164, 6103, 6391, 6192, 5842, 6018, 5659, 6333, 6227, 6004, 5652, 5998, 6402, 6142, 5672, 5677, 6285, 5966, 5662, 6321, 5787, 7105, 5896, 5738, 6016, 6288, 6068, 5663, 5980, 6163, 6393, 6457, 6868, 6226, 6075, 5675, 5667, 5736, 5784, 6496, 6124, 5657, 5847, 6051, 5791, 6124, 6083, 6116, 5682, 6237, 6376, 6274, 5897, 5695, 6329, 6969, 6132, 5669, 5656, 6075, 5903, 5680, 6218, 5668, 5800, 5906, 6189, 6289, 6990, 6484, 5877, 5934, 5737, 5689, 6214, 6446, 6331, 6388, 5672, 5953, 6293, 5852, 6295, 5670, 6065, 5684, 6267, 6645, 7040, 6181, 5695, 6004, 5939, 6007, 6334, 6034, 6925, 5682, 6495, 6325, 6319, 5672, 5669, 5679, 5873, 5663, 6105, 5888, 6123, 5671, 5739, 5883, 5667, 5908, 5681, 5669, 6869, 6327, 5662, 5672, 5653, 6349, 5950, 5670, 6564, 6117, 5660, 6281, 5745, 5652, 5956, 6599, 6286, 6766, 7025, 5946, 6084, 6425, 6129, 6532, 5701, 5965, 6563, 6182, 6587, 5655, 6229, 5656, 6328, 5876, 5662, 6337, 5941, 5673, 5834, 5730, 6321, 5854, 5652, 5702, 5672, 6754, 6014, 6004, 6654, 6326, 5651, 6071, 5947, 6287, 6341, 6021, 5700, 5884, 5669, 5673, 6389, 5678, 5782, 6642, 5675, 6336, 6237, 5657, 6126, 6492, 6451, 5796, 6407, 5740, 6701, 5996, 5745, 5956, 5667, 6029, 5743, 5675, 5669, 5718, 5677, 5784, 5663, 6099, 5728, 5654, 5797, 6768, 5669, 6226, 6381, 5647, 6509, 6134, 5649, 5960, 6006, 6017, 5786, 6185, 6022, 6696, 6073, 5997, 5789, 5737, 6967, 5886, 6226, 5650, 5850, 6225, 5959, 6217, 6026, 6696, 5669, 5654, 6073, 6662, 5668, 5677, 5678, 5885, 5684, 5659, 5663, 6228, 5907, 5735, 5904, 5671, 6061, 6700, 5663, 6009, 5680, 5680, 5671, 5681, 5687, 5656, 6371, 6386, 6511, 5682, 5663, 5838, 6161, 6724, 6069, 6000, 5651, 5842, 6002, 6008, 6208, 5685, 5961, 6011, 6227, 5891, 5662, 5892, 6550, 5851, 5696, 6497, 6229, 5693, 5748, 6041, 6342, 5860, 5669, 6341, 6860, 5698, 5998, 5658, 5655, 6379, 5649, 6214, 5742, 5781, 6186, 5647, 5869, 5737, 5660, 6153, 6401, 6345, 5755, 6589, 5679, 5895, 5792, 5891, 5664, 5671, 6484, 6174, 5875, 5663, 6442, 5798, 5807, 6710, 5893, 6189, 6400, 6005, 6174, 5871, 7045, 6004, 6441, 6515, 6429, 5673, 6117, 5964, 6221, 6275, 5835, 5692, 6060, 5660, 6976, 6069, 5694, 5944, 5652, 5995, 5775, 5730, 5693, 5657, 5780, 6709, 5907, 6341, 6749, 6121, 5660, 6166, 5691, 5668, 6290, 6000, 6139, 6109, 6091, 6518, 6334, 5747, 6277, 5678, 5650, 6126, 5841, 5980, 6129, 5676, 6159, 6381, 5660, 6109, 6284, 6335, 6116, 5668, 6765, 5945, 6133, 5656, 6164, 5679, 5678, 6435, 6560, 6509, 5890, 5680, 6219, 5666, 6009, 6300, 5844, 5832, 5890, 6272, 5727, 5675, 6563, 5837, 5652, 5897, 6063, 6104, 6540, 5773, 6220, 6356, 6516, 5846, 6228, 5950, 6225, 5752, 5661, 6014, 6006, 5666, 5660, 6415, 5669, 5665, 6185, 5805, 5757, 6097, 6176, 5957, 6045, 6001, 6215, 5960, 5659, 5887, 5896, 6384, 6122, 5659, 6639, 6062, 6164, 5782, 5676, 5762, 5790, 6005, 5845, 5663, 6542, 5905, 6379, 5825, 6071, 5795, 6220, 6612, 6158, 5679, 5948, 6858, 6001, 5672, 5795, 5694, 5669, 5653, 6759, 5855, 6275, 6269, 5944, 6806, 5674, 5688, 5741, 5956, 6431, 5747, 5911, 5898, 6710, 6276, 5951, 5926, 6389, 6188, 5737, 6213, 5665, 6709, 6462, 6516, 5684, 5869, 6109, 5675, 5912, 5657, 5837, 5665, 5828, 6110, 5904, 5853, 6040, 6275, 5855, 6907, 6176, 5673, 6055, 5666, 6168, 6119, 5664, 6088, 5781, 6078, 6420, 5671, 6317, 6015, 5791, 5675, 6120, 5657, 6763, 5656, 5897, 6386, 5841, 5664, 6492, 5654, 6554, 6390, 6010, 6127, 6370, 5680, 5886, 5660, 5721, 5652, 6209, 6315, 6389, 6296, 5686, 6340, 5920, 5651, 5901, 5645, 6221, 6037, 5966, 6191, 5893, 6217, 6129, 6663, 5663, 5661, 5758, 5672, 6118, 5673, 5833, 5818, 5655, 6286, 5670, 5683, 6229, 6472, 5683, 6134, 5679, 6236, 5830, 6382, 5735, 6430, 5678, 6013, 5886, 5864, 5650, 5865, 6257, 5671, 5954, 5660, 6535, 6265, 5940, 6212, 5677, 6105, 6344, 5793, 5652, 5654, 6143, 6057, 6109, 5985, 6811, 5659, 6701, 6054, 5977, 6334, 5999, 5993, 5674, 6291, 5895, 5893, 6210, 6108, 5672, 6077, 5703, 5682, 5677, 5850, 5669, 5673, 5782, 5888, 6058, 6372, 6642, 6649, 6341, 6065, 6517, 5906, 6102, 5681, 6325, 5664, 5785, 5676, 5843, 6344, 6380, 6172, 6443, 6117, 6545, 6284, 7003, 6533, 5666, 6442, 6705, 6317, 6094, 5664, 5681, 5667, 6013, 5967, 5911, 5658, 6116, 5689, 5782, 5747, 6528, 5993, 6004, 5657, 5665, 6161, 6166, 5669, 5831, 5962, 6397, 5953, 5905, 6113, 6420, 6069, 5883, 5668, 5943, 5722, 5959, 6020, 5685, 6160, 5798, 5666, 5904, 5675, 5666, 6712, 5673, 6384, 5657, 6214, 6171, 6096, 5886, 5930, 6424, 5725, 5656, 5895, 6094, 5897, 5661, 5678, 5674, 5904, 5665, 5762, 5853, 6436, 6120, 6363, 5723, 5952, 5671, 5670, 6090, 5893, 6305, 5667, 5861, 5915, 6503, 6062, 6479, 5783, 6062, 5659, 5666, 5781, 6328, 5689, 5958, 5658, 5948, 5700, 5904, 6050, 5897, 5653, 5845, 6492, 5668, 5753, 6317, 6703, 6452, 6649, 6017, 5688, 5730, 5643, 6705, 5841, 6257, 5740, 5676, 5974, 5677, 6113, 6513, 5851, 6005, 5702, 6496, 5901, 6105, 6724, 6396, 6226, 6605, 5802, 6159, 5696, 6128, 5681, 5684, 5665, 6381, 6059, 6117, 6725, 6003, 5681, 6163, 5663, 5661, 6009, 6418, 5687, 6306, 5893, 6333, 6018, 6010, 5971, 5781, 6079, 6807, 5675, 6111, 6427, 6334, 6251, 6184, 6065, 5686, 6382, 5796, 6439, 6010, 6234, 6065, 5667, 6267, 6337, 5672, 6101, 5671, 
Mejor solucion obtenida: 20, 18, 19, 15, 16, 12, 13, 14, 34, 33, 31, 32, 11, 8, 10, 9, 7, 6, 5, 30, 29, 27, 28, 3, 1, 2, 36, 37, 39, 38, 42, 40, 41, 26, 24, 25, 21, 23, 22, 35, 0, 4, 17, || Fitness: 5620;