Archivo Usado: p43.atsp
Tamaño de la Poblacion: 100
Reemplazo por Generacion: 5
Tamaño de los Torneos: 5
Cantidad de ciudades: 43
Probabilidad de cruce: 75000
Probabilidad mutacion simple: 13000
Probabilidad mutacion compleja: 30000
Cruces minimos de la mutacion compleja: 4
Iteraciones ejecutadas: 10000
Largo del cruce PMX: 6
Operador de Cruce: 0
Metodo seleccion de Padres: 0
Operador de Mutacion: 0
Metodo seleccion de Supervivientes: 1
Cantidad de threads a usar: 16
32, 8, 11, 9, 10, 5, 7, 6, 30, 29, 28, 27, 2, 3, 1, 36, 39, 38, 41, 40, 42, 26, 25, 24, 21, 22, 23, 35, 0, 4, 37, 15, 16, 17, 19, 18, 20, 14, 13, 12, 33, 34, 31, 
25, 24, 21, 22, 23, 35, 0, 4, 37, 15, 16, 17, 19, 18, 20, 14, 13, 12, 33, 34, 31, 32, 8, 11, 9, 10, 5, 7, 6, 30, 29, 28, 27, 2, 3, 1, 36, 39, 38, 41, 40, 42, 26, 
15, 17, 16, 19, 18, 20, 14, 13, 12, 33, 34, 31, 32, 8, 11, 9, 10, 5, 7, 6, 30, 29, 28, 27, 2, 3, 1, 36, 39, 38, 41, 40, 42, 26, 25, 24, 21, 22, 23, 35, 0, 4, 37, 
1, 36, 39, 38, 41, 40, 42, 26, 25, 24, 21, 22, 23, 35, 0, 4, 37, 15, 16, 17, 19, 18, 20, 14, 13, 12, 33, 34, 31, 32, 8, 11, 9, 10, 5, 7, 6, 30, 29, 28, 27, 2, 3, 
26, 25, 24, 21, 22, 23, 35, 0, 4, 37, 15, 16, 17, 19, 18, 20, 14, 13, 12, 33, 34, 31, 32, 8, 11, 9, 10, 5, 7, 6, 30, 29, 28, 27, 2, 3, 1, 36, 39, 38, 41, 40, 42, 
21, 22, 23, 35, 0, 4, 15, 17, 16, 19, 18, 20, 14, 13, 12, 33, 34, 31, 32, 8, 11, 9, 10, 5, 7, 6, 30, 29, 28, 27, 3, 2, 1, 36, 37, 39, 38, 41, 40, 42, 26, 25, 24, 
26, 25, 24, 21, 22, 23, 35, 0, 4, 37, 15, 16, 17, 19, 18, 20, 14, 13, 12, 33, 34, 31, 32, 8, 11, 9, 10, 5, 7, 6, 30, 29, 28, 27, 2, 3, 1, 36, 38, 39, 41, 40, 42, 
3, 1, 36, 39, 38, 41, 40, 42, 26, 25, 24, 21, 22, 23, 35, 0, 4, 37, 15, 16, 17, 19, 18, 20, 14, 13, 12, 33, 34, 31, 32, 8, 11, 9, 10, 5, 7, 6, 30, 29, 28, 27, 2, 
14, 13, 12, 33, 34, 31, 32, 8, 11, 9, 10, 5, 7, 6, 30, 29, 28, 27, 2, 3, 1, 36, 39, 38, 41, 40, 42, 26, 25, 24, 21, 22, 23, 35, 0, 4, 37, 15, 16, 17, 19, 18, 20, 
0, 4, 37, 15, 16, 17, 19, 18, 20, 14, 13, 12, 33, 34, 31, 32, 8, 11, 9, 10, 5, 7, 6, 30, 29, 28, 27, 2, 3, 1, 36, 39, 38, 41, 40, 42, 26, 25, 24, 21, 22, 23, 35, 
19, 18, 20, 14, 13, 12, 33, 34, 31, 32, 8, 11, 9, 10, 5, 7, 6, 30, 29, 28, 27, 2, 3, 1, 36, 39, 38, 41, 40, 42, 26, 25, 24, 21, 22, 23, 35, 0, 4, 37, 15, 16, 17, 
29, 28, 27, 2, 3, 1, 36, 39, 38, 41, 40, 42, 26, 25, 24, 21, 22, 23, 35, 0, 4, 37, 15, 16, 17, 19, 18, 20, 14, 13, 12, 33, 34, 31, 32, 8, 11, 9, 10, 5, 7, 6, 30, 
31, 32, 8, 11, 9, 10, 5, 30, 6, 7, 29, 28, 27, 2, 3, 1, 36, 39, 38, 41, 40, 42, 26, 25, 24, 21, 22, 23, 35, 0, 4, 37, 15, 16, 17, 19, 18, 20, 14, 13, 12, 33, 34, 
12, 33, 34, 31, 11, 8, 32, 9, 10, 5, 7, 6, 30, 29, 28, 27, 2, 3, 1, 36, 39, 38, 41, 40, 42, 26, 25, 24, 21, 22, 23, 35, 0, 4, 37, 15, 16, 17, 19, 18, 20, 14, 13, 
26, 25, 24, 21, 22, 23, 35, 0, 4, 37, 16, 15, 17, 19, 18, 20, 14, 13, 12, 33, 34, 31, 11, 8, 32, 9, 10, 5, 7, 6, 30, 29, 28, 27, 2, 3, 1, 36, 39, 38, 41, 40, 42, 
21, 24, 25, 26, 42, 40, 41, 38, 39, 37, 36, 1, 2, 3, 27, 28, 29, 30, 6, 7, 5, 10, 9, 11, 8, 32, 31, 34, 33, 12, 13, 14, 20, 18, 19, 16, 17, 15, 4, 0, 35, 23, 22, 
0, 35, 23, 22, 21, 24, 25, 26, 42, 40, 41, 38, 39, 36, 1, 3, 2, 27, 28, 29, 30, 6, 7, 5, 10, 9, 11, 8, 32, 31, 34, 33, 12, 13, 14, 20, 18, 19, 17, 15, 16, 37, 4, 
33, 12, 13, 14, 20, 18, 19, 17, 16, 15, 37, 4, 0, 35, 23, 22, 21, 24, 25, 26, 42, 40, 41, 38, 39, 36, 1, 3, 2, 27, 28, 29, 30, 6, 7, 5, 10, 9, 11, 8, 32, 31, 34, 
21, 24, 25, 26, 42, 40, 41, 38, 39, 36, 1, 3, 2, 27, 28, 29, 30, 6, 7, 5, 10, 9, 11, 8, 32, 31, 34, 33, 12, 13, 14, 20, 18, 19, 17, 16, 15, 37, 4, 0, 35, 22, 23, 
35, 23, 22, 21, 24, 25, 26, 42, 40, 41, 38, 39, 36, 1, 3, 2, 27, 28, 29, 30, 6, 7, 5, 10, 9, 11, 8, 32, 31, 34, 33, 12, 13, 14, 20, 18, 19, 17, 16, 15, 37, 4, 0, 
33, 12, 13, 14, 20, 18, 19, 17, 16, 15, 37, 4, 0, 35, 22, 23, 21, 24, 25, 26, 42, 40, 41, 38, 39, 36, 1, 3, 2, 27, 28, 29, 30, 6, 7, 5, 10, 9, 11, 8, 32, 31, 34, 
3, 2, 27, 28, 29, 30, 6, 7, 5, 10, 9, 11, 8, 32, 31, 34, 33, 12, 13, 14, 20, 18, 19, 17, 16, 15, 37, 4, 0, 35, 23, 22, 21, 24, 25, 26, 42, 40, 41, 38, 39, 36, 1, 
5, 10, 9, 11, 8, 32, 31, 34, 33, 12, 13, 14, 20, 18, 19, 17, 16, 15, 37, 4, 0, 35, 23, 22, 21, 24, 25, 26, 42, 40, 41, 38, 39, 36, 1, 3, 2, 27, 28, 29, 30, 6, 7, 
31, 34, 33, 12, 13, 14, 20, 18, 19, 17, 16, 15, 37, 4, 0, 35, 23, 22, 21, 24, 25, 26, 42, 40, 41, 38, 39, 36, 1, 3, 2, 27, 28, 29, 30, 6, 7, 5, 10, 9, 11, 8, 32, 
23, 22, 21, 24, 25, 26, 42, 40, 41, 38, 39, 36, 1, 3, 2, 27, 28, 29, 30, 6, 7, 5, 10, 9, 11, 8, 32, 31, 34, 33, 12, 13, 14, 20, 18, 19, 17, 16, 15, 37, 4, 0, 35, 
19, 17, 16, 15, 37, 4, 0, 35, 22, 23, 21, 24, 25, 26, 42, 40, 41, 38, 39, 36, 1, 3, 2, 27, 28, 29, 30, 6, 7, 5, 10, 9, 11, 8, 32, 31, 34, 33, 12, 13, 14, 20, 18, 
18, 19, 17, 15, 16, 37, 4, 0, 35, 23, 22, 21, 24, 25, 26, 42, 40, 41, 38, 39, 36, 1, 3, 2, 27, 28, 29, 30, 6, 7, 5, 10, 9, 11, 8, 32, 31, 34, 33, 12, 13, 14, 20, 
16, 15, 37, 4, 0, 35, 23, 22, 21, 24, 25, 26, 42, 40, 41, 38, 39, 36, 1, 3, 2, 27, 28, 29, 30, 6, 7, 5, 10, 9, 11, 8, 32, 31, 34, 33, 12, 13, 14, 20, 18, 19, 17, 
6, 7, 5, 10, 9, 11, 8, 32, 31, 34, 33, 12, 13, 14, 20, 18, 19, 17, 16, 15, 37, 4, 0, 35, 22, 23, 21, 24, 25, 26, 42, 40, 41, 38, 39, 36, 1, 3, 2, 27, 28, 29, 30, 
7, 5, 10, 9, 11, 8, 32, 31, 34, 33, 12, 13, 14, 20, 18, 19, 17, 15, 16, 37, 4, 0, 35, 23, 22, 21, 24, 25, 26, 42, 40, 41, 38, 39, 36, 1, 3, 2, 27, 28, 29, 30, 6, 
11, 8, 32, 31, 34, 33, 12, 13, 14, 20, 18, 19, 17, 16, 15, 37, 4, 0, 35, 23, 22, 21, 24, 25, 26, 42, 40, 41, 38, 39, 36, 1, 3, 2, 27, 28, 29, 30, 6, 7, 5, 10, 9, 
4, 0, 35, 22, 23, 21, 24, 25, 26, 42, 40, 41, 38, 39, 36, 1, 3, 2, 27, 28, 29, 30, 6, 7, 5, 10, 9, 11, 8, 32, 31, 34, 33, 12, 13, 14, 20, 18, 19, 17, 16, 15, 37, 
11, 8, 32, 31, 34, 33, 12, 13, 14, 20, 18, 19, 17, 16, 15, 37, 4, 0, 35, 23, 22, 21, 24, 25, 26, 42, 40, 41, 38, 39, 36, 1, 3, 2, 27, 28, 29, 30, 6, 7, 5, 10, 9, 
38, 39, 36, 1, 3, 2, 27, 28, 29, 30, 6, 7, 5, 10, 9, 11, 8, 32, 31, 34, 33, 12, 13, 14, 20, 18, 19, 17, 16, 15, 37, 4, 0, 35, 23, 22, 21, 24, 25, 26, 42, 40, 41, 
34, 33, 12, 13, 14, 20, 18, 19, 17, 16, 15, 37, 4, 0, 35, 23, 22, 21, 24, 25, 26, 42, 40, 41, 38, 39, 36, 1, 3, 2, 27, 28, 29, 30, 6, 7, 5, 10, 9, 11, 8, 32, 31, 
13, 14, 20, 18, 19, 17, 15, 16, 37, 4, 0, 35, 23, 22, 21, 24, 25, 26, 42, 40, 41, 38, 39, 36, 1, 3, 2, 27, 28, 29, 30, 6, 7, 5, 10, 9, 11, 8, 32, 31, 34, 33, 12, 
7, 5, 10, 9, 11, 8, 32, 31, 34, 33, 12, 13, 14, 20, 18, 19, 16, 17, 15, 37, 4, 0, 35, 23, 22, 21, 24, 25, 26, 42, 40, 41, 38, 39, 36, 1, 3, 2, 27, 28, 29, 30, 6, 
5, 10, 9, 11, 8, 32, 31, 34, 33, 12, 13, 14, 20, 18, 19, 17, 16, 15, 37, 4, 0, 35, 22, 23, 21, 24, 25, 26, 42, 40, 41, 38, 39, 36, 1, 3, 2, 27, 28, 29, 30, 6, 7, 
42, 40, 41, 38, 39, 36, 1, 3, 2, 27, 28, 29, 30, 6, 7, 5, 10, 9, 11, 8, 32, 31, 34, 33, 12, 13, 14, 20, 18, 19, 17, 15, 16, 37, 4, 0, 35, 23, 22, 21, 24, 25, 26, 
33, 12, 13, 14, 20, 18, 19, 17, 16, 15, 37, 4, 0, 35, 23, 22, 21, 24, 25, 26, 42, 40, 41, 38, 39, 36, 1, 3, 2, 27, 28, 29, 30, 6, 7, 5, 10, 9, 11, 8, 32, 31, 34, 
35, 23, 22, 21, 24, 25, 26, 42, 40, 41, 38, 39, 36, 1, 3, 2, 27, 28, 29, 30, 6, 7, 5, 10, 9, 11, 8, 32, 31, 34, 33, 12, 13, 14, 20, 18, 19, 17, 16, 15, 37, 4, 0, 
12, 13, 14, 20, 18, 19, 17, 16, 15, 37, 4, 0, 35, 23, 22, 21, 24, 25, 26, 42, 40, 41, 38, 39, 36, 1, 3, 2, 27, 28, 29, 30, 6, 7, 5, 10, 9, 11, 8, 32, 31, 34, 33, 
12, 13, 14, 20, 18, 19, 17, 16, 15, 37, 4, 0, 35, 23, 22, 21, 24, 25, 26, 42, 40, 41, 38, 39, 36, 1, 3, 2, 27, 28, 29, 30, 6, 7, 5, 10, 9, 11, 8, 32, 31, 34, 33, 
12, 13, 14, 20, 18, 19, 17, 15, 16, 37, 4, 0, 35, 23, 22, 21, 24, 25, 26, 42, 40, 41, 38, 39, 36, 1, 3, 2, 27, 28, 29, 30, 6, 7, 5, 10, 9, 11, 8, 32, 31, 34, 33, 
19, 17, 15, 16, 37, 4, 0, 35, 23, 22, 21, 24, 25, 26, 42, 40, 41, 38, 39, 36, 1, 3, 2, 27, 28, 29, 30, 6, 7, 5, 10, 9, 11, 8, 32, 31, 34, 33, 12, 13, 14, 20, 18, 
8, 32, 31, 34, 33, 12, 13, 14, 20, 18, 19, 17, 16, 15, 37, 4, 0, 35, 23, 22, 21, 24, 25, 26, 42, 40, 41, 38, 39, 36, 1, 3, 2, 27, 28, 29, 30, 6, 7, 5, 10, 9, 11, 
10, 9, 11, 8, 32, 31, 34, 33, 12, 13, 14, 20, 18, 19, 17, 15, 16, 37, 4, 0, 35, 23, 22, 21, 24, 25, 26, 42, 40, 41, 38, 39, 36, 1, 3, 2, 27, 28, 29, 30, 6, 7, 5, 
13, 14, 20, 18, 19, 17, 16, 15, 37, 4, 0, 35, 23, 22, 21, 24, 25, 26, 42, 40, 41, 38, 39, 36, 1, 3, 2, 27, 28, 29, 30, 6, 7, 5, 10, 9, 11, 8, 32, 31, 34, 33, 12, 
2, 27, 28, 29, 30, 6, 7, 5, 10, 9, 11, 8, 32, 31, 34, 33, 12, 13, 14, 20, 18, 19, 17, 15, 16, 37, 4, 0, 35, 23, 22, 21, 24, 25, 26, 42, 40, 41, 38, 39, 36, 1, 3, 
14, 20, 18, 19, 17, 15, 16, 37, 4, 0, 35, 23, 22, 21, 24, 25, 26, 42, 40, 41, 38, 39, 36, 1, 3, 2, 27, 28, 29, 30, 6, 7, 5, 10, 9, 11, 8, 32, 31, 34, 33, 12, 13, 
15, 16, 37, 4, 0, 35, 23, 22, 21, 24, 25, 26, 42, 40, 41, 38, 39, 36, 1, 3, 2, 27, 28, 29, 30, 6, 7, 5, 10, 9, 11, 8, 32, 31, 34, 33, 12, 13, 14, 20, 18, 19, 17, 
24, 25, 26, 42, 40, 41, 38, 39, 36, 1, 3, 2, 27, 28, 29, 30, 6, 7, 5, 10, 9, 11, 8, 32, 31, 34, 33, 12, 13, 14, 20, 18, 19, 17, 16, 15, 37, 4, 0, 35, 23, 22, 21, 
10, 9, 11, 8, 32, 31, 34, 33, 12, 13, 14, 20, 18, 19, 17, 16, 15, 37, 4, 0, 35, 23, 22, 21, 24, 25, 26, 42, 40, 41, 38, 39, 36, 1, 3, 2, 27, 28, 29, 30, 6, 7, 5, 
21, 24, 25, 26, 42, 40, 41, 38, 39, 36, 1, 3, 2, 27, 28, 29, 30, 6, 7, 5, 10, 9, 11, 8, 32, 31, 34, 33, 12, 13, 14, 20, 18, 19, 17, 15, 16, 37, 4, 0, 35, 23, 22, 
19, 17, 16, 15, 37, 4, 0, 35, 23, 22, 21, 24, 25, 26, 42, 40, 41, 38, 39, 36, 1, 3, 2, 27, 28, 29, 30, 6, 7, 5, 10, 9, 11, 8, 32, 31, 34, 33, 12, 13, 14, 20, 18, 
9, 11, 8, 32, 31, 34, 33, 12, 13, 14, 20, 18, 19, 17, 16, 15, 37, 4, 0, 35, 23, 22, 21, 24, 25, 26, 42, 40, 41, 38, 39, 36, 1, 3, 2, 27, 28, 29, 30, 6, 7, 5, 10, 
30, 6, 7, 5, 10, 9, 11, 8, 32, 31, 34, 12, 33, 13, 14, 20, 18, 19, 17, 16, 15, 37, 4, 0, 35, 23, 22, 21, 24, 25, 26, 42, 40, 41, 38, 39, 36, 1, 3, 2, 27, 28, 29, 
38, 39, 36, 1, 3, 2, 27, 28, 29, 30, 6, 7, 5, 10, 9, 32, 8, 11, 31, 34, 33, 12, 13, 14, 20, 18, 19, 17, 16, 15, 37, 4, 0, 35, 23, 22, 21, 24, 25, 26, 42, 40, 41, 
37, 4, 0, 35, 23, 22, 21, 24, 25, 26, 42, 40, 41, 38, 39, 36, 1, 3, 2, 27, 28, 29, 30, 6, 7, 5, 10, 9, 32, 8, 11, 31, 34, 33, 12, 13, 14, 20, 18, 19, 17, 15, 16, 
2, 27, 28, 29, 30, 6, 7, 5, 10, 9, 32, 8, 11, 31, 34, 33, 12, 13, 14, 20, 18, 19, 17, 16, 15, 37, 4, 0, 35, 23, 22, 21, 24, 25, 26, 42, 40, 41, 38, 39, 36, 1, 3, 
26, 25, 24, 21, 22, 23, 35, 0, 4, 37, 15, 16, 17, 19, 18, 20, 14, 13, 12, 33, 10, 31, 32, 8, 11, 9, 34, 5, 7, 6, 30, 29, 28, 27, 2, 3, 1, 36, 39, 38, 41, 40, 42, 
37, 15, 16, 17, 19, 18, 20, 14, 13, 12, 33, 34, 31, 32, 8, 11, 9, 10, 5, 7, 6, 30, 29, 28, 27, 2, 3, 1, 36, 39, 38, 41, 40, 42, 26, 25, 24, 21, 22, 23, 4, 0, 35, 
15, 16, 17, 19, 18, 20, 14, 13, 12, 33, 34, 31, 32, 8, 11, 9, 10, 5, 7, 6, 30, 29, 28, 27, 2, 3, 1, 36, 39, 38, 41, 40, 42, 26, 25, 24, 21, 22, 23, 35, 4, 0, 37, 
26, 25, 24, 21, 22, 23, 35, 0, 4, 37, 15, 16, 17, 19, 18, 20, 14, 13, 12, 30, 34, 31, 32, 8, 11, 9, 10, 5, 7, 6, 33, 29, 28, 27, 2, 3, 1, 36, 39, 38, 41, 40, 42, 
26, 25, 24, 21, 22, 23, 35, 0, 4, 37, 15, 16, 17, 14, 18, 20, 19, 13, 12, 33, 34, 31, 32, 8, 11, 9, 10, 5, 7, 6, 30, 29, 28, 27, 2, 3, 1, 36, 39, 38, 41, 40, 42, 
16, 17, 19, 18, 20, 14, 13, 12, 33, 34, 31, 32, 8, 11, 9, 10, 5, 1, 6, 30, 29, 28, 27, 2, 3, 7, 36, 39, 38, 41, 40, 42, 26, 25, 24, 21, 22, 23, 35, 0, 4, 37, 15, 
4, 37, 16, 15, 17, 19, 18, 20, 14, 13, 5, 33, 34, 31, 32, 8, 11, 9, 10, 12, 7, 6, 30, 29, 28, 27, 2, 3, 1, 36, 39, 38, 41, 40, 42, 26, 25, 24, 21, 22, 23, 35, 0, 
25, 24, 21, 22, 23, 35, 0, 4, 37, 15, 16, 17, 19, 18, 20, 14, 13, 12, 10, 34, 31, 32, 8, 11, 9, 33, 5, 7, 6, 30, 29, 28, 27, 2, 3, 1, 36, 39, 38, 41, 40, 42, 26, 
27, 2, 3, 1, 36, 39, 38, 41, 40, 42, 26, 25, 24, 21, 22, 23, 35, 0, 4, 37, 16, 15, 17, 19, 18, 20, 14, 13, 11, 33, 34, 31, 32, 8, 12, 9, 10, 5, 7, 6, 30, 29, 28, 
34, 30, 12, 13, 14, 20, 18, 19, 17, 16, 15, 37, 4, 0, 35, 23, 22, 21, 24, 25, 26, 42, 40, 41, 38, 39, 36, 1, 3, 2, 27, 28, 29, 33, 6, 7, 5, 10, 9, 11, 8, 32, 31, 
31, 34, 33, 12, 13, 14, 20, 18, 19, 17, 16, 15, 37, 4, 0, 35, 23, 22, 21, 24, 25, 26, 42, 40, 41, 38, 39, 36, 1, 5, 2, 27, 28, 29, 30, 6, 7, 3, 10, 9, 11, 8, 32, 
13, 12, 28, 34, 31, 32, 8, 11, 9, 10, 5, 7, 6, 30, 29, 33, 27, 2, 3, 1, 36, 39, 38, 41, 40, 42, 26, 25, 24, 21, 22, 23, 35, 0, 4, 37, 15, 16, 17, 19, 18, 20, 14, 
9, 36, 39, 38, 41, 40, 42, 26, 25, 24, 21, 22, 23, 35, 0, 4, 37, 15, 16, 17, 19, 18, 20, 14, 13, 12, 33, 34, 31, 32, 8, 11, 1, 10, 5, 7, 6, 30, 29, 28, 27, 2, 3, 
26, 25, 24, 21, 22, 23, 35, 0, 4, 37, 15, 16, 17, 19, 18, 7, 14, 13, 12, 33, 34, 31, 32, 8, 11, 9, 10, 5, 20, 6, 30, 29, 28, 27, 2, 3, 1, 36, 39, 38, 41, 40, 42, 
15, 16, 17, 19, 18, 10, 14, 13, 12, 33, 34, 31, 32, 8, 11, 9, 20, 5, 7, 6, 30, 29, 28, 27, 2, 3, 1, 36, 39, 38, 41, 40, 42, 26, 25, 24, 21, 22, 23, 35, 0, 4, 37, 
1, 36, 39, 38, 41, 40, 42, 26, 25, 24, 21, 22, 23, 35, 0, 4, 37, 15, 3, 17, 19, 18, 20, 14, 13, 12, 33, 34, 31, 32, 8, 11, 9, 10, 5, 7, 6, 30, 29, 28, 27, 2, 16, 
36, 39, 38, 41, 40, 42, 26, 25, 24, 21, 22, 23, 28, 6, 7, 5, 10, 9, 11, 8, 32, 31, 34, 33, 12, 13, 14, 20, 18, 19, 17, 16, 15, 37, 4, 0, 35, 29, 30, 27, 2, 3, 1, 
8, 25, 24, 21, 22, 23, 35, 0, 4, 37, 15, 16, 17, 19, 18, 20, 14, 13, 12, 33, 34, 31, 32, 26, 11, 9, 10, 5, 30, 6, 7, 29, 28, 27, 2, 3, 1, 36, 39, 38, 41, 40, 42, 
10, 24, 21, 22, 23, 35, 0, 4, 37, 15, 16, 17, 19, 18, 20, 14, 13, 12, 33, 34, 31, 32, 8, 11, 9, 25, 5, 7, 6, 30, 29, 28, 27, 2, 3, 1, 36, 39, 38, 41, 40, 42, 26, 
26, 13, 24, 21, 22, 23, 35, 0, 4, 37, 15, 16, 17, 19, 18, 20, 14, 25, 33, 12, 34, 31, 32, 8, 11, 9, 10, 5, 7, 6, 30, 29, 28, 27, 2, 3, 1, 36, 39, 38, 41, 40, 42, 
41, 40, 42, 26, 25, 24, 21, 22, 23, 35, 0, 4, 37, 15, 16, 17, 19, 31, 20, 14, 13, 12, 33, 34, 18, 32, 8, 11, 9, 10, 5, 7, 6, 30, 29, 28, 27, 2, 3, 1, 36, 39, 38, 
22, 23, 30, 6, 7, 5, 10, 9, 11, 8, 32, 31, 34, 33, 12, 13, 14, 20, 18, 19, 17, 16, 15, 37, 4, 0, 35, 29, 28, 27, 2, 3, 1, 36, 39, 38, 41, 40, 42, 26, 25, 24, 21, 
25, 24, 21, 22, 23, 35, 0, 4, 37, 15, 16, 17, 19, 34, 20, 14, 13, 12, 33, 18, 31, 32, 8, 11, 9, 10, 5, 7, 6, 30, 29, 28, 27, 2, 3, 1, 36, 39, 38, 41, 40, 42, 26, 
25, 24, 21, 22, 23, 35, 0, 4, 37, 15, 16, 17, 19, 9, 20, 14, 13, 12, 33, 34, 31, 32, 8, 11, 18, 10, 5, 7, 6, 30, 29, 28, 27, 2, 3, 1, 36, 39, 38, 41, 40, 42, 26, 
9, 11, 8, 32, 31, 34, 33, 25, 13, 14, 20, 18, 19, 17, 16, 15, 37, 4, 0, 35, 23, 22, 21, 24, 12, 26, 42, 40, 41, 38, 39, 36, 1, 3, 2, 27, 28, 29, 30, 6, 7, 5, 10, 
26, 25, 24, 21, 22, 23, 35, 0, 4, 17, 15, 16, 37, 19, 18, 20, 14, 13, 12, 33, 34, 31, 32, 8, 11, 9, 10, 5, 7, 6, 30, 29, 28, 27, 2, 3, 1, 36, 39, 38, 41, 40, 42, 
23, 37, 16, 15, 17, 19, 18, 20, 14, 13, 12, 33, 34, 31, 32, 8, 11, 9, 10, 5, 7, 6, 30, 29, 28, 27, 2, 3, 1, 36, 39, 38, 41, 40, 42, 26, 25, 24, 21, 22, 4, 35, 0, 
25, 24, 21, 22, 23, 35, 0, 4, 37, 15, 16, 17, 19, 18, 20, 3, 13, 12, 33, 34, 31, 32, 8, 11, 9, 10, 5, 7, 6, 30, 29, 28, 27, 2, 14, 1, 36, 39, 38, 41, 40, 42, 26, 
42, 26, 25, 24, 21, 22, 23, 35, 0, 8, 37, 15, 16, 17, 19, 18, 20, 14, 13, 12, 33, 34, 31, 11, 4, 32, 9, 10, 5, 7, 6, 30, 29, 28, 27, 2, 3, 1, 36, 39, 38, 41, 40, 
34, 31, 32, 8, 11, 9, 10, 5, 24, 6, 30, 29, 28, 27, 2, 3, 1, 36, 39, 38, 41, 40, 42, 26, 25, 7, 21, 22, 23, 35, 0, 4, 37, 15, 17, 16, 19, 18, 20, 14, 13, 12, 33, 
26, 25, 24, 21, 22, 23, 35, 0, 4, 37, 16, 15, 17, 19, 8, 20, 14, 10, 12, 7, 34, 31, 32, 18, 11, 9, 5, 13, 33, 6, 30, 29, 28, 27, 2, 3, 1, 36, 39, 38, 41, 40, 42, 
3, 1, 36, 39, 38, 41, 40, 42, 26, 25, 24, 21, 22, 23, 35, 0, 13, 37, 16, 15, 17, 19, 18, 20, 14, 4, 12, 33, 34, 31, 32, 8, 11, 9, 10, 5, 7, 6, 30, 29, 28, 27, 2, 
26, 25, 24, 21, 22, 23, 1, 0, 4, 37, 15, 16, 17, 19, 18, 20, 14, 3, 12, 27, 34, 31, 32, 8, 11, 9, 10, 13, 7, 6, 30, 29, 28, 33, 2, 5, 35, 36, 39, 38, 41, 40, 42, 
6, 25, 24, 37, 22, 23, 35, 0, 4, 21, 28, 16, 17, 19, 18, 20, 14, 13, 33, 12, 34, 31, 32, 8, 11, 9, 10, 5, 7, 26, 30, 29, 15, 27, 2, 3, 1, 36, 39, 38, 41, 40, 42, 
39, 38, 41, 40, 42, 26, 25, 24, 11, 22, 23, 35, 0, 4, 37, 15, 16, 17, 19, 18, 20, 14, 13, 12, 33, 34, 31, 32, 8, 21, 9, 10, 5, 7, 6, 30, 29, 28, 27, 2, 3, 1, 36, 
1, 36, 39, 38, 41, 40, 42, 26, 25, 24, 9, 22, 23, 35, 0, 4, 37, 15, 16, 17, 19, 18, 20, 14, 13, 12, 33, 34, 31, 32, 8, 11, 21, 10, 5, 7, 6, 30, 29, 28, 27, 2, 3, 
34, 33, 12, 13, 14, 20, 18, 19, 17, 16, 15, 37, 4, 0, 30, 6, 7, 5, 10, 9, 11, 8, 32, 31, 22, 23, 21, 24, 25, 26, 42, 40, 41, 38, 39, 36, 1, 3, 2, 27, 28, 29, 35, 
41, 40, 42, 26, 25, 24, 21, 22, 9, 35, 0, 4, 37, 15, 16, 17, 19, 18, 20, 14, 13, 12, 33, 34, 31, 32, 8, 11, 23, 10, 5, 7, 6, 30, 29, 28, 27, 2, 3, 1, 36, 39, 38, 
28, 29, 35, 6, 7, 5, 10, 9, 11, 8, 32, 31, 34, 33, 27, 13, 14, 20, 18, 19, 17, 16, 15, 37, 4, 0, 30, 23, 22, 21, 24, 25, 26, 42, 40, 41, 38, 39, 36, 1, 3, 2, 12, 
31, 34, 33, 12, 13, 14, 20, 18, 19, 4, 16, 15, 37, 17, 0, 35, 23, 22, 21, 24, 25, 26, 42, 40, 41, 38, 39, 36, 1, 3, 2, 27, 28, 29, 30, 6, 7, 5, 10, 9, 11, 8, 32, 
Tiempo de ejecucion (total): 17.861
Best fitness a lo largo del tiempo: 
16929, 12059, 11845, 6513, 6393, 6337, 6224, 6197, 6153, 6037, 6027, 5985, 5970, 5961, 5939, 5939, 5891, 5888, 5865, 5865, 5817, 5816, 5801, 5801, 5795, 5777, 5771, 5771, 5768, 5752, 5752, 5752, 5752, 5751, 5728, 5728, 5728, 5728, 5726, 5726, 5699, 5699, 5699, 5699, 5699, 5699, 5697, 5697, 5697, 5697, 5695, 5695, 5695, 5695, 5695, 5693, 5685, 5685, 5681, 5681, 5665, 5665, 5663, 5655, 5655, 5655, 5655, 5655, 5654, 5654, 5654, 5654, 5654, 5654, 5654, 5654, 5654, 5654, 5654, 5654, 5654, 5654, 5654, 5654, 5654, 5648, 5648, 5648, 5647, 5647, 5647, 5647, 5647, 5647, 5647, 5647, 5647, 5647, 5647, 5647, 5645, 5645, 5645, 5645, 5645, 5645, 5645, 5645, 5645, 5645, 5645, 5645, 5645, 5645, 5645, 5645, 5645, 5645, 5645, 5645, 5645, 5645, 5641, 5641, 5641, 5641, 5641, 5641, 5641, 5641, 5641, 5639, 5639, 5639, 5639, 5639, 5639, 5639, 5639, 5639, 5639, 5639, 5639, 5639, 5639, 5639, 5639, 5639, 5639, 5639, 5639, 5639, 5639, 5635, 5635, 5635, 5635, 5635, 5635, 5635, 5635, 5635, 5635, 5635, 5635, 5635, 5635, 5635, 5635, 5635, 5635, 5635, 5635, 5635, 5635, 5635, 5635, 5635, 5635, 5635, 5635, 5635, 5635, 5635, 5635, 5635, 5635, 5635, 5633, 5633, 5633, 5633, 5633, 5633, 5633, 5633, 5631, 5631, 5631, 5631, 5631, 5631, 5631, 5631, 5631, 5631, 5631, 5631, 5631, 5631, 5631, 5631, 5631, 5631, 5631, 5631, 5631, 5631, 5631, 5631, 5631, 5631, 5631, 5631, 5631, 5631, 5631, 5631, 5631, 5631, 5631, 5631, 5631, 5631, 5631, 5631, 5631, 5631, 5631, 5631, 5631, 5631, 5631, 5631, 5631, 5631, 5631, 5631, 5631, 5631, 5631, 5631, 5631, 5631, 5631, 5631, 5631, 5631, 5631, 5631, 5631, 5631, 5631, 5631, 5631, 5631, 5631, 5631, 5631, 5631, 5631, 5631, 5631, 5631, 5631, 5631, 5631, 5631, 5631, 5631, 5631, 5631, 5631, 5631, 5631, 5631, 5631, 5631, 5631, 5631, 5631, 5631, 5631, 5631, 5631, 5631, 5631, 5631, 5631, 5631, 5631, 5631, 5631, 5631, 5631, 5631, 5631, 5631, 5631, 5631, 5631, 5631, 5631, 5631, 5631, 5631, 5631, 5631, 5631, 5631, 5631, 5631, 5631, 5631, 5631, 5631, 5631, 5631, 5631, 5631, 5631, 5631, 5631, 5631, 5631, 5631, 5631, 5631, 5631, 5631, 5631, 5631, 5631, 5631, 5631, 5631, 5631, 5631, 5631, 5631, 5631, 5631, 5631, 5631, 5631, 5631, 5631, 5631, 5631, 5631, 5631, 5631, 5631, 5631, 5631, 5631, 5631, 5631, 5631, 5631, 5631, 5631, 5631, 5631, 5631, 5631, 5631, 5631, 5631, 5631, 5631, 5631, 5631, 5631, 5631, 5631, 5631, 5631, 5631, 5631, 5631, 5631, 5631, 5631, 5631, 5631, 5631, 5631, 5631, 5631, 5631, 5631, 5631, 5631, 5631, 5631, 5631, 5631, 5631, 5631, 5631, 5631, 5631, 5631, 5631, 5631, 5631, 5631, 5631, 5631, 5631, 5631, 5631, 5631, 5631, 5631, 5631, 5631, 5631, 5631, 5631, 5631, 5631, 5631, 5631, 5631, 5631, 5631, 5631, 5631, 5631, 5631, 5631, 5631, 5631, 5631, 5631, 5631, 5631, 5631, 5631, 5631, 5631, 5631, 5631, 5631, 5631, 5631, 5631, 5631, 5631, 5631, 5631, 5631, 5631, 5631, 5631, 5631, 5631, 5631, 5631, 5631, 5631, 5631, 5631, 5631, 5631, 5631, 5631, 5631, 5631, 5631, 5631, 5631, 5631, 5631, 5631, 5631, 5631, 5631, 5631, 5631, 5631, 5631, 5631, 5631, 5631, 5631, 5631, 5631, 5631, 5631, 5631, 5631, 5631, 5631, 5631, 5631, 5631, 5631, 5631, 5631, 5631, 5631, 5631, 5631, 5631, 5631, 5631, 5631, 5631, 5631, 5631, 5631, 5631, 5631, 5631, 5631, 5631, 5631, 5631, 5631, 5631, 5631, 5631, 5631, 5631, 5631, 5631, 5631, 5631, 5631, 5631, 5631, 5631, 5631, 5631, 5631, 5631, 5631, 5631, 5631, 5631, 5631, 5631, 5631, 5631, 5631, 5631, 5631, 5631, 5631, 5631, 5631, 5631, 5631, 5631, 5631, 5631, 5631, 5631, 5631, 5631, 5631, 5631, 5631, 5631, 5631, 5631, 5631, 5631, 5631, 5631, 5631, 5631, 5631, 5631, 5631, 5631, 5631, 5631, 5631, 5631, 5631, 5631, 5631, 5631, 5631, 5631, 5631, 5631, 5631, 5631, 5631, 5631, 5631, 5631, 5631, 5631, 5631, 5631, 5631, 5631, 5631, 5631, 5631, 5631, 5631, 5631, 5631, 5631, 5631, 5631, 5631, 5631, 5631, 5631, 5631, 5631, 5631, 5631, 5631, 5631, 5631, 5631, 5631, 5631, 5631, 5631, 5631, 5631, 5631, 5631, 5631, 5631, 5631, 5631, 5631, 5631, 5631, 5631, 5631, 5631, 5631, 5631, 5631, 5631, 5631, 5631, 5631, 5631, 5631, 5631, 5631, 5631, 5631, 5631, 5631, 5631, 5631, 5631, 5631, 5631, 5631, 5631, 5631, 5631, 5631, 5631, 5631, 5631, 5631, 5631, 5631, 5631, 5631, 5631, 5631, 5631, 5631, 5631, 5631, 5631, 5631, 5631, 5631, 5631, 5631, 5631, 5631, 5631, 5631, 5631, 5631, 5631, 5631, 5631, 5631, 5631, 5631, 5631, 5631, 5631, 5631, 5631, 5631, 5631, 5631, 5631, 5631, 5631, 5631, 5631, 5631, 5631, 5631, 5631, 5631, 5631, 5631, 5631, 5631, 5631, 5631, 5631, 5631, 5631, 5631, 5631, 5631, 5631, 5631, 5631, 5631, 5631, 5631, 5631, 5631, 5631, 5631, 5631, 5631, 5631, 5631, 5631, 5631, 5631, 5631, 5631, 5631, 5631, 5631, 5631, 5631, 5631, 5631, 5631, 5631, 5631, 5631, 5631, 5631, 5631, 5631, 5631, 5631, 5631, 5631, 5631, 5631, 5631, 5631, 5631, 5631, 5631, 5631, 5631, 5631, 5631, 5631, 5631, 5631, 5631, 5631, 5631, 5631, 5631, 5631, 5631, 5631, 5631, 5631, 5631, 5631, 5631, 5631, 5631, 5631, 5631, 5631, 5631, 5631, 5631, 5631, 5631, 5631, 5631, 5631, 5631, 5631, 5631, 5631, 5631, 5631, 5631, 5631, 5631, 5631, 5631, 5631, 5631, 5631, 5631, 5631, 5631, 5631, 5631, 5631, 5631, 5631, 5631, 5631, 5631, 5631, 5631, 5631, 5631, 5631, 5631, 5631, 5631, 5631, 5631, 5631, 5631, 5631, 5631, 5631, 5631, 5631, 5631, 5631, 5631, 5631, 5631, 5631, 5631, 5631, 5631, 5631, 5631, 5631, 5631, 5631, 5631, 5631, 5631, 5631, 5631, 5631, 5631, 5631, 5631, 5631, 5631, 5631, 5631, 5631, 5631, 5631, 5631, 5631, 5631, 5631, 5631, 5631, 5631, 5631, 5631, 5631, 5631, 5631, 5631, 5631, 5631, 5631, 5631, 5631, 5631, 5631, 5631, 5631, 5631, 5631, 5631, 5631, 5631, 5631, 5631, 5631, 5631, 5631, 5631, 5631, 5631, 5631, 5631, 5631, 5631, 5631, 5631, 5631, 5631, 5631, 5631, 5631, 5631, 5631, 5631, 5631, 5631, 5631, 5631, 5631, 5631, 5631, 5631, 5631, 5631, 5631, 5631, 5631, 5631, 5631, 5631, 5631, 5631, 5631, 5631, 5631, 5631, 5631, 5631, 5631, 5631, 5631, 5631, 5631, 5631, 5631, 5631, 5631, 5631, 5631, 5631, 5631, 5631, 5631, 5631, 5631, 5631, 5631, 5631, 5631, 5631, 5631, 5631, 5631, 5631, 5631, 5631, 5631, 5631, 5631, 5631, 5631, 5631, 5631, 5631, 5631, 5631, 5631, 5631, 5631, 5631, 5631, 5631, 5631, 5631, 5631, 5631, 5631, 5631, 5631, 5631, 5631, 5631, 5631, 5631, 5631, 5631, 5631, 5631, 5631, 5631, 5631, 5631, 5631, 5631, 5631, 5631, 5631, 5631, 5631, 5631, 5631, 5631, 5631, 5631, 5631, 5631, 5631, 5631, 5631, 5631, 5631, 5631, 5631, 5631, 5631, 5631, 5631, 5631, 5631, 5631, 5631, 5631, 5631, 5631, 5631, 5631, 5631, 5631, 5631, 5631, 5631, 5631, 5631, 5631, 5631, 5631, 5631, 5631, 5631, 5631, 5631, 5631, 5631, 5631, 5631, 5631, 5631, 5631, 5631, 5631, 5631, 5631, 5631, 5631, 5631, 5631, 5631, 5631, 5631, 5631, 5631, 5631, 5631, 5629, 5629, 5629, 5629, 5629, 5629, 5629, 5629, 5629, 5629, 5629, 5629, 5629, 5629, 5629, 5629, 5629, 5629, 5629, 5629, 5629, 5629, 5629, 5629, 5629, 5629, 5629, 5629, 5629, 5629, 5629, 5629, 5629, 5629, 5629, 5629, 5629, 5629, 5629, 5629, 5629, 5629, 5629, 5629, 5629, 5629, 5629, 5629, 5629, 5629, 5629, 5629, 5629, 5629, 5629, 5629, 5629, 5629, 5629, 5629, 5629, 5629, 5629, 5629, 5629, 5629, 5629, 5629, 5629, 5629, 5629, 5629, 5629, 5629, 5629, 5629, 5629, 5629, 5627, 5627, 5627, 5627, 5622, 5622, 5622, 5622, 5622, 5622, 5622, 5622, 5622, 5622, 5622, 5622, 5622, 5622, 5622, 5622, 5622, 5622, 5622, 5622, 5622, 5622, 5622, 5622, 5622, 5622, 5622, 5622, 5622, 5622, 5622, 5622, 5622, 5622, 5622, 5622, 5622, 5622, 5622, 5622, 5622, 5622, 5622, 5622, 5622, 5622, 5622, 5622, 5622, 5622, 5622, 5622, 5622, 5622, 5622, 5622, 5622, 5622, 5622, 5622, 5622, 5622, 5622, 5622, 5622, 5622, 5622, 5622, 5622, 5622, 5622, 5622, 5622, 5622, 5622, 5622, 5622, 5622, 5622, 5622, 5622, 5622, 5622, 5622, 5622, 5622, 5622, 5622, 5622, 5622, 5622, 5622, 5622, 5622, 5622, 5622, 5622, 5622, 5622, 5622, 5622, 5622, 5622, 5622, 5622, 5622, 5622, 5622, 5622, 5622, 5622, 5622, 5622, 5622, 5622, 5622, 5622, 5622, 5622, 5622, 5622, 5622, 5622, 5622, 5622, 5622, 5622, 5622, 5622, 5622, 5622, 5622, 5622, 5622, 5622, 5622, 5622, 5622, 5622, 5622, 5622, 5622, 5622, 5622, 5622, 5622, 5622, 5622, 5622, 5622, 5622, 5622, 5622, 5622, 5622, 5622, 5622, 5622, 5622, 5622, 5622, 5622, 5622, 5622, 5622, 5622, 5622, 5622, 5622, 5622, 5622, 5622, 5622, 5622, 5622, 5622, 5622, 5622, 5622, 5622, 5622, 5622, 5622, 5622, 5622, 5622, 5622, 5622, 5622, 5622, 5622, 5622, 5622, 5622, 5622, 5622, 5622, 5622, 5622, 5622, 5622, 5622, 5622, 5622, 5622, 5622, 5622, 5622, 5622, 5622, 5622, 5622, 5622, 5622, 5622, 5622, 5622, 5622, 5622, 5622, 5622, 5622, 5622, 5622, 5622, 5622, 5622, 5622, 5622, 5622, 5622, 5622, 5622, 5622, 5622, 5622, 5622, 5622, 5622, 5622, 5622, 5622, 5622, 5622, 5622, 5622, 5622, 5622, 5622, 5622, 5622, 5622, 5622, 5622, 5622, 5622, 5622, 5622, 5622, 5622, 5622, 5622, 5622, 5622, 5622, 5622, 5622, 5622, 5622, 5622, 5622, 5622, 5622, 5622, 5622, 5622, 5622, 5622, 5622, 5622, 5622, 5622, 5622, 5622, 5622, 5622, 5622, 5622, 5622, 5622, 5622, 5622, 5622, 5622, 5622, 5622, 5622, 5622, 5622, 5622, 5622, 5622, 5622, 5622, 5622, 5622, 5622, 5622, 5622, 5622, 5622, 5622, 5622, 5622, 5622, 5622, 5622, 5622, 5622, 5622, 5622, 5622, 5622, 5622, 5622, 5622, 5622, 5622, 5622, 5622, 5622, 5622, 5622, 5622, 5622, 5622, 5622, 5622, 5622, 5622, 5622, 5622, 5622, 5622, 5622, 5622, 5622, 5622, 5622, 5622, 5622, 5622, 5622, 5622, 5622, 5622, 5622, 5622, 5622, 5622, 5622, 5622, 5622, 5622, 5622, 5622, 5622, 5622, 5622, 5622, 5622, 5622, 5622, 5622, 5622, 5622, 5622, 5622, 5622, 5622, 5622, 5622, 5622, 5622, 5622, 5622, 5622, 5622, 5622, 5622, 5622, 5622, 5622, 5622, 5622, 5622, 5622, 5622, 5622, 5622, 5622, 5622, 5622, 5622, 5622, 5622, 5622, 5622, 5622, 5622, 5622, 5622, 5622, 5622, 5622, 5622, 5622, 5622, 5622, 5622, 5622, 5622, 5622, 5622, 5622, 5622, 5622, 5622, 5622, 5622, 5622, 5622, 5622, 5622, 5622, 5622, 5622, 5622, 5622, 5622, 5622, 5622, 5622, 5622, 5622, 5622, 5622, 5622, 5622, 5622, 5622, 5622, 5622, 5622, 5622, 5622, 5622, 5622, 5622, 5622, 5622, 5622, 5622, 5622, 5622, 5622, 5622, 5622, 5622, 5622, 5622, 5622, 5622, 5622, 5622, 5622, 5622, 5622, 5622, 5622, 5622, 5622, 5622, 5622, 5622, 5622, 5622, 5622, 5622, 5622, 5622, 5622, 5622, 5622, 5622, 5622, 5622, 5622, 5622, 5622, 5622, 5622, 5622, 5622, 5622, 5622, 5622, 5622, 5622, 5622, 5622, 5622, 5622, 5622, 5622, 5622, 5622, 5622, 5622, 5622, 5622, 5622, 5622, 5622, 5622, 5622, 5622, 5622, 5622, 5622, 5622, 5622, 5622, 5622, 5622, 5622, 5622, 5622, 5622, 5622, 5622, 5622, 5622, 5622, 5622, 5622, 5622, 5622, 5622, 5622, 5622, 5622, 5622, 5622, 5622, 5622, 5622, 5622, 5622, 5622, 5622, 5622, 5622, 5622, 5622, 5622, 5622, 5622, 5622, 5622, 5622, 5622, 5622, 5622, 5622, 5622, 5622, 5622, 5622, 5622, 5622, 5622, 5622, 5622, 5622, 5622, 5622, 5622, 5622, 5622, 5622, 5622, 5622, 5622, 5622, 5622, 5622, 5622, 5622, 5622, 5622, 5622, 5622, 5622, 5622, 5622, 5622, 5622, 5622, 5622, 5622, 5622, 5622, 5622, 5622, 5622, 5622, 5622, 5622, 5622, 5622, 5622, 5622, 5622, 5622, 5622, 5622, 5622, 5622, 5622, 5622, 5622, 5622, 5622, 5622, 5622, 5622, 5622, 5622, 5622, 5622, 5622, 5622, 5622, 5622, 5622, 5622, 5622, 5622, 5622, 5622, 5622, 5622, 5622, 5622, 5622, 5622, 5622, 5622, 5622, 5622, 5622, 5622, 5622, 5622, 5622, 5622, 5622, 5622, 5622, 5622, 5622, 5622, 5622, 5622, 5622, 5622, 5622, 5622, 5622, 5622, 5622, 5622, 5622, 5622, 5622, 5622, 5622, 5622, 5622, 5622, 5622, 5622, 5622, 5622, 5622, 5622, 5622, 5622, 5622, 5622, 5622, 5622, 5622, 5622, 5622, 5622, 5622, 5622, 5622, 5622, 5622, 5622, 5622, 5622, 5622, 5622, 5622, 5622, 5622, 5622, 5622, 5622, 5622, 5622, 5622, 5622, 5622, 5622, 5622, 5622, 5622, 5622, 5622, 5622, 5622, 5622, 5622, 5622, 5622, 5622, 5622, 5622, 5622, 5622, 5622, 5622, 5622, 5622, 5622, 5622, 5622, 5622, 5622, 5622, 5622, 5622, 5622, 5622, 5622, 5622, 5622, 5622, 5622, 5622, 5622, 5622, 5622, 5622, 5622, 5622, 5622, 5622, 5622, 5622, 5622, 5622, 5622, 5622, 5622, 5622, 5622, 5622, 5622, 5622, 5622, 5622, 5622, 5622, 5622, 5622, 5622, 5622, 5622, 5622, 5622, 5622, 5622, 5622, 5622, 5622, 5622, 5622, 5622, 5622, 5622, 5622, 5622, 5622, 5622, 5622, 5622, 5622, 5622, 5622, 5622, 5622, 5622, 5622, 5622, 5622, 5622, 5622, 5622, 5622, 5622, 5622, 5622, 5622, 5622, 5622, 5622, 5622, 5622, 5622, 5622, 5622, 5622, 5622, 5622, 5622, 5622, 5622, 5622, 5622, 5622, 5622, 5622, 5622, 5622, 5622, 5622, 5622, 5622, 5622, 5622, 5622, 5622, 5622, 5622, 5622, 5622, 5622, 5622, 5622, 5622, 5622, 5622, 5622, 5622, 5622, 5622, 5622, 5622, 5622, 5622, 5622, 5622, 5622, 5622, 5622, 5622, 5622, 5622, 5622, 5622, 5622, 5622, 5622, 5622, 5622, 5622, 5622, 5622, 5622, 5622, 5622, 5622, 5622, 5622, 5622, 5622, 5622, 5622, 5622, 5622, 5622, 5622, 5622, 5622, 5622, 5622, 5622, 5622, 5622, 5622, 5622, 5622, 5622, 5622, 5622, 5622, 5622, 5622, 5622, 5622, 5622, 5622, 5622, 5622, 5622, 5622, 5622, 5622, 5622, 5622, 5622, 5622, 5622, 5622, 5622, 5622, 5622, 5622, 5622, 5622, 5622, 5622, 5622, 5622, 5622, 5622, 5622, 5622, 5622, 5622, 5622, 5622, 5622, 5622, 5622, 5622, 5622, 5622, 5622, 5622, 5622, 5622, 5622, 5622, 5622, 5622, 5622, 5622, 5622, 5622, 5622, 5622, 5622, 5622, 5622, 5622, 5622, 5622, 5622, 5622, 5622, 5622, 5622, 5622, 5622, 5622, 5622, 5622, 5622, 5622, 5622, 5622, 5622, 5622, 5622, 5622, 5622, 5622, 5622, 5622, 5622, 5622, 5622, 5622, 5622, 5622, 5622, 5622, 5622, 5622, 5622, 5622, 5622, 5622, 5622, 5622, 5622, 5622, 5622, 5622, 5622, 5622, 5622, 5622, 5622, 5622, 5622, 5622, 5622, 5622, 5622, 5622, 5622, 5622, 5622, 5622, 5622, 5622, 5622, 5622, 5622, 5622, 5622, 5622, 5622, 5622, 5622, 5622, 5622, 5622, 5622, 5622, 5622, 5622, 5622, 5622, 5622, 5622, 5622, 5622, 5622, 5622, 5622, 5622, 5622, 5622, 5622, 5622, 5622, 5622, 5622, 5622, 5622, 5622, 5622, 5622, 5622, 5622, 5622, 5622, 5622, 5622, 5622, 5622, 5622, 5622, 5622, 5622, 5622, 5622, 5622, 5622, 5622, 5622, 5622, 5622, 5622, 5622, 5622, 5622, 5622, 5622, 5622, 5622, 5622, 5622, 5622, 5622, 5622, 5622, 5622, 5622, 5622, 5622, 5622, 5622, 5622, 5622, 5622, 5622, 5622, 5622, 5622, 5622, 5622, 5622, 5622, 5622, 5622, 5622, 5622, 5622, 5622, 5622, 5622, 5622, 5622, 5622, 5622, 5622, 5622, 5622, 5622, 5622, 5622, 5622, 5622, 5622, 5622, 5622, 5622, 5622, 5622, 5622, 5622, 5622, 5622, 5622, 5622, 5622, 5622, 5622, 5622, 5622, 5622, 5622, 5622, 5622, 5622, 5622, 5622, 5622, 5622, 5622, 5622, 5622, 5622, 5622, 5622, 5622, 5622, 5622, 5622, 5622, 5622, 5622, 5622, 5622, 5622, 5622, 5622, 5622, 5622, 5622, 5622, 5622, 5622, 5622, 5622, 5622, 5622, 5622, 5622, 5622, 5622, 5622, 5622, 5622, 5622, 5622, 5622, 5622, 5622, 5622, 5622, 5622, 5622, 5622, 5622, 5622, 5622, 5622, 5622, 5622, 5622, 5622, 5622, 5622, 5622, 5622, 5622, 5622, 5622, 5622, 5622, 5622, 5622, 5622, 5622, 5622, 5622, 5622, 5622, 5622, 5622, 5622, 5622, 5622, 5622, 5622, 5622, 5622, 5622, 5622, 5622, 5622, 5622, 5622, 5622, 5622, 5622, 5622, 5622, 5622, 5622, 5622, 5622, 5622, 5622, 5622, 5622, 5622, 5622, 5622, 5622, 5622, 5622, 5622, 5622, 5622, 5622, 5622, 5622, 5622, 5622, 5622, 5622, 5622, 5622, 5622, 5622, 5622, 5622, 5622, 5622, 5622, 5622, 5622, 5622, 5622, 5622, 5622, 5622, 5622, 5622, 5622, 5622, 5622, 5622, 5622, 5622, 5622, 5622, 5622, 5622, 5622, 5622, 5622, 5622, 5622, 5622, 5622, 5622, 5622, 5622, 5622, 5622, 5622, 5622, 5622, 5622, 5622, 5622, 5622, 5622, 5622, 5622, 5622, 5622, 5622, 5622, 5622, 5622, 5622, 5622, 5622, 5622, 5622, 5622, 5622, 5622, 5622, 5622, 5622, 5622, 5622, 5622, 5622, 5622, 5622, 5622, 5622, 5622, 5622, 5622, 5622, 5622, 5622, 5622, 5622, 5622, 5622, 5622, 5622, 5622, 5622, 5622, 5622, 5622, 5622, 5622, 5622, 5622, 5622, 5622, 5622, 5622, 5622, 5622, 5622, 5622, 5622, 5622, 5622, 5622, 5622, 5622, 5622, 5622, 5622, 5622, 5622, 5622, 5622, 5622, 5622, 5622, 5622, 5622, 5622, 5622, 5622, 5622, 5622, 5622, 5622, 5622, 5622, 5622, 5622, 5622, 5622, 5622, 5622, 5622, 5622, 5622, 5622, 5622, 5622, 5622, 5622, 5622, 5622, 5622, 5622, 5622, 5622, 5622, 5622, 5622, 5622, 5622, 5622, 5622, 5622, 5622, 5622, 5622, 5622, 5622, 5622, 5622, 5622, 5622, 5622, 5622, 5622, 5622, 5622, 5622, 5622, 5622, 5622, 5622, 5622, 5622, 5622, 5622, 5622, 5622, 5622, 5622, 5622, 5622, 5622, 5622, 5622, 5622, 5622, 5622, 5622, 5622, 5622, 5622, 5622, 5622, 5622, 5622, 5622, 5622, 5622, 5622, 5622, 5622, 5622, 5622, 5622, 5622, 5622, 5622, 5622, 5622, 5622, 5622, 5622, 5622, 5622, 5622, 5622, 5622, 5622, 5622, 5622, 5622, 5622, 5622, 5622, 5622, 5622, 5622, 5622, 5622, 5622, 5622, 5622, 5622, 5622, 5622, 5622, 5622, 5622, 5622, 5622, 5622, 5622, 5622, 5622, 5622, 5622, 5622, 5622, 5622, 5622, 5622, 5622, 5622, 5622, 5622, 5622, 5622, 5622, 5622, 5622, 5622, 5622, 5622, 5622, 5622, 5622, 5622, 5622, 5622, 5622, 5622, 5622, 5622, 5622, 5622, 5622, 5622, 5622, 5622, 5622, 5622, 5622, 5622, 5622, 5622, 5622, 5622, 5622, 5622, 5622, 5622, 5622, 5622, 5622, 5622, 5622, 5622, 5622, 5622, 5622, 5622, 5622, 5622, 5622, 5622, 5622, 5622, 5622, 5622, 5622, 5622, 5622, 5622, 5622, 5622, 5622, 5622, 5622, 5622, 5622, 5622, 5622, 5622, 5622, 5622, 5622, 5622, 5622, 5622, 5622, 5622, 5622, 5622, 5622, 5622, 5622, 5622, 5622, 5622, 5622, 5622, 5622, 5622, 5622, 5622, 5622, 5622, 5622, 5622, 5622, 5622, 5622, 5622, 5622, 5622, 5622, 5622, 5622, 5622, 5622, 5622, 5622, 5622, 5622, 5622, 5622, 5622, 5622, 5622, 5622, 5622, 5622, 5622, 5622, 5622, 5622, 5622, 5622, 5622, 5622, 5622, 5622, 5622, 5622, 5622, 5622, 5622, 5622, 5622, 5622, 5622, 5622, 5622, 5622, 5622, 5622, 5622, 5622, 5622, 5622, 5622, 5622, 5622, 5622, 5622, 5622, 5622, 5622, 5622, 5622, 5622, 5622, 5622, 5622, 5622, 5622, 5622, 5622, 5622, 5622, 5622, 5622, 5622, 5622, 5622, 5622, 5622, 5622, 5622, 5622, 5622, 5622, 5622, 5622, 5622, 5622, 5622, 5622, 5622, 5622, 5622, 5622, 5622, 5622, 5622, 5622, 5622, 5622, 5622, 5622, 5622, 5622, 5622, 5622, 5622, 5622, 5622, 5622, 5622, 5622, 5622, 5622, 5622, 5622, 5622, 5622, 5622, 5622, 5622, 5622, 5622, 5622, 5622, 5622, 5622, 5622, 5622, 5622, 5622, 5622, 5622, 5622, 5622, 5622, 5622, 5622, 5622, 5622, 5622, 5622, 5622, 5622, 5622, 5622, 5622, 5622, 5622, 5622, 5622, 5622, 5622, 5622, 5622, 5622, 5622, 5622, 5622, 5622, 5622, 5622, 5622, 5622, 5622, 5622, 5622, 5622, 5622, 5622, 5622, 5622, 5622, 5622, 5622, 5622, 5622, 5622, 5622, 5622, 5622, 5622, 5622, 5622, 5622, 5622, 5622, 5622, 5622, 5622, 5622, 5622, 5622, 5622, 5622, 5622, 5622, 5622, 5622, 5622, 5622, 5622, 5622, 5622, 5622, 5622, 5622, 5622, 5622, 5622, 5622, 5622, 5622, 5622, 5622, 5622, 5622, 5622, 5622, 5622, 5622, 5622, 5622, 5622, 5622, 5622, 5622, 5622, 5622, 5622, 5622, 5622, 5622, 5622, 5622, 5622, 5622, 5622, 5622, 5622, 5622, 5622, 5622, 5622, 5622, 5622, 5622, 5622, 5622, 5622, 5622, 5622, 5622, 5622, 5622, 5622, 5622, 5622, 5622, 5622, 5622, 5622, 5622, 5622, 5622, 5622, 5622, 5622, 5622, 5622, 5622, 5622, 5622, 5622, 5622, 5622, 5622, 5622, 5622, 5622, 5622, 5622, 5622, 5622, 5622, 5622, 5622, 5622, 5622, 5622, 5622, 5622, 5622, 5622, 5622, 5622, 5622, 5622, 5622, 5622, 5622, 5622, 5622, 5622, 5622, 5622, 5622, 5622, 5622, 5622, 5622, 5622, 5622, 5622, 5622, 5622, 5622, 5622, 5622, 5622, 5622, 5622, 5622, 5622, 5622, 5622, 5622, 5622, 5622, 5622, 5622, 5622, 5622, 5622, 5622, 5622, 5622, 5622, 5622, 5622, 5622, 5622, 5622, 5622, 5622, 5622, 5622, 5622, 5622, 5622, 5622, 5622, 5622, 5622, 5622, 5622, 5622, 5622, 5622, 5622, 5622, 5622, 5622, 5622, 5622, 5622, 5622, 5622, 5622, 5622, 5622, 5622, 5622, 5622, 5622, 5622, 5622, 5622, 5622, 5622, 5622, 5622, 5622, 5622, 5622, 5622, 5622, 5622, 5622, 5622, 5622, 5622, 5622, 5622, 5622, 5622, 5622, 5622, 5622, 5622, 5622, 5622, 5622, 5622, 5622, 5622, 5622, 5622, 5622, 5622, 5622, 5622, 5622, 5622, 5622, 5622, 5622, 5622, 5622, 5622, 5622, 5622, 5622, 5622, 5622, 5622, 5622, 5622, 5622, 5622, 5622, 5622, 5622, 5622, 5622, 5622, 5622, 5622, 5622, 5622, 5622, 5622, 5622, 5622, 5622, 5622, 5622, 5622, 5622, 5622, 5622, 5622, 5622, 5622, 5622, 5622, 5622, 5622, 5622, 5622, 5622, 5622, 5622, 5622, 5622, 5622, 5622, 5622, 5622, 5622, 5622, 5622, 5622, 5622, 5622, 5622, 5622, 5622, 5622, 5622, 5622, 5622, 5622, 5622, 5622, 5622, 5622, 5622, 5622, 5622, 5622, 5622, 5622, 5622, 5622, 5622, 5622, 5622, 5622, 5622, 5622, 5622, 5622, 5622, 5622, 5622, 5622, 5622, 5622, 5622, 5622, 5622, 5622, 5622, 5622, 5622, 5622, 5622, 5622, 5622, 5622, 5622, 5622, 5622, 5622, 5622, 5622, 5622, 5622, 5622, 5622, 5622, 5622, 5622, 5622, 5622, 5622, 5622, 5622, 5622, 5622, 5622, 5622, 5622, 5622, 5622, 5622, 5622, 5622, 5622, 5622, 5622, 5622, 5622, 5622, 5622, 5622, 5622, 5622, 5622, 5622, 5622, 5622, 5622, 5622, 5622, 5622, 5622, 5622, 5622, 5622, 5622, 5622, 5622, 5622, 5622, 5622, 5622, 5622, 5622, 5622, 5622, 5622, 5622, 5622, 5622, 5622, 5622, 5622, 5622, 5622, 5622, 5622, 5622, 5622, 5622, 5622, 5622, 5622, 5622, 5622, 5622, 5622, 5622, 5622, 5622, 5622, 5622, 5622, 5622, 5622, 5622, 5622, 5622, 5622, 5622, 5622, 5622, 5622, 5622, 5622, 5622, 5622, 5622, 5622, 5622, 5622, 5622, 5622, 5622, 5622, 5622, 5622, 5622, 5622, 5622, 5622, 5622, 5622, 5622, 5622, 5622, 5622, 5622, 5622, 5622, 5622, 5622, 5622, 5622, 5622, 5622, 5622, 5622, 5622, 5622, 5622, 5622, 5622, 5622, 5622, 5622, 5622, 5622, 5622, 5622, 5622, 5622, 5622, 5622, 5622, 5622, 5622, 5622, 5622, 5622, 5622, 5622, 5622, 5622, 5622, 5622, 5622, 5622, 5622, 5622, 5622, 5622, 5622, 5622, 5622, 5622, 5622, 5622, 5622, 5622, 5622, 5622, 5622, 5622, 5622, 5622, 5622, 5622, 5622, 5622, 5622, 5622, 5622, 5622, 5622, 5622, 5622, 5622, 5622, 5622, 5622, 5622, 5622, 5622, 5622, 5622, 5622, 5622, 5622, 5622, 5622, 5622, 5622, 5622, 5622, 5622, 5622, 5622, 5622, 5622, 5622, 5622, 5622, 5622, 5622, 5622, 5622, 5622, 5622, 5622, 5622, 5622, 5622, 5622, 5622, 5622, 5622, 5622, 5622, 5622, 5622, 5622, 5622, 5622, 5622, 5622, 5622, 5622, 5622, 5622, 5622, 5622, 5622, 5622, 5622, 5622, 5622, 5622, 5622, 5622, 5622, 5622, 5622, 5622, 5622, 5622, 5622, 5622, 5622, 5622, 5622, 5622, 5622, 5622, 5622, 5622, 5622, 5622, 5622, 5622, 5622, 5622, 5622, 5622, 5622, 5622, 5622, 5622, 5622, 5622, 5622, 5622, 5622, 5622, 5622, 5622, 5622, 5622, 5622, 5622, 5622, 5622, 5622, 5622, 5622, 5622, 5622, 5622, 5622, 5622, 5622, 5622, 5622, 5622, 5622, 5622, 5622, 5622, 5622, 5622, 5622, 5622, 5622, 5622, 5622, 5622, 5622, 5622, 5622, 5622, 5622, 5622, 5622, 5622, 5622, 5622, 5622, 5622, 5622, 5622, 5622, 5622, 5622, 5622, 5622, 5622, 5622, 5622, 5622, 5622, 5622, 5622, 5622, 5622, 5622, 5622, 5622, 5622, 5622, 5622, 5622, 5622, 5622, 5622, 5622, 5622, 5622, 5622, 5622, 5622, 5622, 5622, 5622, 5622, 5622, 5622, 5622, 5622, 5622, 5622, 5622, 5622, 5622, 5622, 5622, 5622, 5622, 5622, 5622, 5622, 5622, 5622, 5622, 5622, 5622, 5622, 5622, 5622, 5622, 5622, 5622, 5622, 5622, 5622, 5622, 5622, 5622, 5622, 5622, 5622, 5622, 5622, 5622, 5622, 5622, 5622, 5622, 5622, 5622, 5622, 5622, 5622, 5622, 5622, 5622, 5622, 5622, 5622, 5622, 5622, 5622, 5622, 5622, 5622, 5622, 5622, 5622, 5622, 5622, 5622, 5622, 5622, 5622, 5622, 5622, 5622, 5622, 5622, 5622, 5622, 5622, 5622, 5622, 5622, 5622, 5622, 5622, 5622, 5622, 5622, 5622, 5622, 5622, 5622, 5622, 5622, 5622, 5622, 5622, 5622, 5622, 5622, 5622, 5622, 5622, 5622, 5622, 5622, 5622, 5622, 5622, 5622, 5622, 5622, 5622, 5622, 5622, 5622, 5622, 5622, 5622, 5622, 5622, 5620, 
Fitness promedio a lo largo del tiempo: 
21401, 18345, 15510, 13160, 11136, 8786, 7302, 7562, 6800, 7507, 7665, 7550, 6510, 7646, 6815, 6434, 7009, 6994, 6559, 8029, 8405, 6932, 7005, 6292, 6549, 5936, 7124, 6472, 7571, 6555, 6652, 6711, 6425, 6216, 6548, 6417, 6269, 6304, 6575, 6277, 6021, 6193, 6621, 6124, 7301, 6502, 6312, 7250, 6399, 6231, 6780, 5913, 6739, 6635, 6928, 5761, 6298, 6528, 6534, 6143, 6214, 6500, 7261, 6348, 6084, 5843, 6096, 5743, 6109, 5716, 5696, 5938, 5861, 6360, 5678, 6159, 5729, 6179, 6349, 6198, 6101, 6564, 6037, 6126, 5900, 6458, 5702, 5989, 6468, 5829, 6344, 5702, 6144, 5713, 6513, 5804, 6193, 6019, 6506, 5813, 5775, 6481, 6143, 6416, 6027, 5939, 6364, 6809, 6780, 6632, 5913, 6183, 6253, 6135, 6209, 5704, 6186, 6412, 6397, 5882, 6129, 6039, 5693, 6134, 6097, 6836, 5997, 6345, 6675, 5980, 6342, 6199, 5927, 6497, 6419, 5874, 6180, 5908, 6441, 6635, 6780, 6133, 5754, 5870, 5931, 6923, 6737, 5866, 5854, 5760, 6336, 5828, 5707, 5752, 5846, 6108, 5797, 6016, 6087, 6383, 6615, 7099, 6018, 5912, 6182, 6074, 5951, 6122, 6113, 6578, 6121, 5662, 6023, 6020, 6174, 5910, 6607, 6378, 5671, 5879, 5788, 5673, 5793, 6225, 5999, 6193, 5944, 6661, 5668, 5761, 6410, 6275, 5679, 6336, 6186, 6285, 6182, 6772, 5975, 6285, 6775, 5721, 6024, 5830, 5980, 5854, 5854, 6212, 6285, 5855, 5936, 6486, 6055, 6546, 6046, 6858, 5680, 6230, 6523, 6190, 5668, 5737, 5853, 5752, 5819, 5838, 5836, 5648, 5939, 5693, 6026, 5833, 5660, 6374, 5686, 5980, 5856, 5949, 5851, 5709, 6626, 5694, 6135, 5916, 5790, 6323, 5831, 6107, 6226, 6178, 5711, 5914, 6190, 6655, 6114, 5675, 6397, 6275, 6588, 6371, 6379, 6380, 6044, 5795, 6275, 6300, 5702, 5679, 5664, 5787, 5702, 6064, 6082, 6609, 6357, 6440, 6057, 5643, 5675, 5645, 5967, 5919, 5690, 6692, 6114, 5824, 5733, 5652, 6056, 5792, 6182, 5968, 6157, 5929, 6269, 6590, 6526, 5855, 5793, 5743, 5687, 5648, 6285, 6159, 5672, 5794, 6280, 6176, 6006, 5894, 5671, 6708, 6379, 6030, 6236, 5847, 6241, 6230, 6284, 5678, 5858, 5679, 6394, 5671, 6738, 5964, 6060, 6000, 6013, 6115, 6438, 5647, 5721, 5961, 6125, 5673, 5687, 5904, 5832, 6222, 6444, 5896, 5961, 6274, 6535, 6536, 5667, 6732, 5849, 6121, 5688, 6310, 5670, 6057, 6382, 5675, 5894, 5953, 6065, 5848, 6463, 6128, 6132, 5968, 5739, 5657, 5785, 5978, 5908, 5650, 6934, 5679, 6629, 6974, 6047, 6378, 5694, 5703, 6423, 6100, 6224, 6287, 6188, 6278, 5895, 6436, 6112, 6094, 6482, 5998, 5901, 5784, 6053, 5854, 6059, 5917, 6506, 6069, 5855, 6462, 5652, 6690, 6402, 6273, 5666, 5740, 5669, 6024, 5861, 5668, 6750, 5880, 6730, 6209, 6014, 5683, 5953, 6021, 5983, 6807, 6777, 5652, 6118, 5983, 6019, 7247, 6172, 6311, 5747, 6014, 5842, 5749, 6447, 6570, 6923, 5792, 5693, 5797, 6177, 6183, 6003, 5674, 5891, 5687, 6078, 5832, 6123, 6172, 6168, 6132, 6378, 6198, 6930, 5792, 6115, 7098, 5776, 5729, 5899, 6282, 6759, 5664, 5732, 5869, 6194, 6126, 6232, 5735, 5793, 6281, 6191, 5853, 5962, 5680, 5893, 6402, 5653, 5969, 5676, 5888, 6298, 6236, 5851, 5900, 5674, 5893, 5897, 6006, 5695, 6108, 5683, 6173, 5676, 6218, 5855, 6970, 5792, 6400, 6005, 5955, 5910, 5731, 5909, 6109, 6598, 5656, 5680, 5951, 5833, 6393, 6803, 6119, 7086, 5957, 5672, 6335, 6407, 5855, 6241, 5702, 6282, 6261, 5864, 6121, 5763, 5690, 5685, 6180, 5685, 5920, 5965, 5796, 5653, 6550, 5797, 5788, 6803, 5685, 6067, 6620, 6172, 6095, 6225, 5883, 6411, 5750, 6322, 5825, 6325, 6160, 5682, 6504, 6004, 6174, 5679, 6072, 7042, 5997, 5660, 5670, 5781, 5951, 5867, 6278, 6814, 5980, 5909, 5674, 6052, 5667, 5736, 6154, 5674, 6095, 5681, 6054, 6605, 6007, 6226, 6775, 5660, 5795, 6554, 6103, 5793, 5738, 7039, 5673, 5909, 6496, 5885, 5642, 5862, 5682, 6327, 6332, 5907, 5954, 5882, 6237, 6073, 6353, 5676, 5906, 6918, 6001, 5697, 6241, 6503, 5816, 5668, 5845, 5895, 6833, 5961, 5693, 5676, 5890, 6495, 5680, 5661, 6275, 6009, 5655, 6113, 6762, 6633, 6206, 5694, 5897, 6481, 6726, 5696, 5977, 5892, 6369, 5666, 6599, 6127, 6126, 5650, 5663, 6330, 5664, 5668, 5688, 6340, 6709, 6624, 5858, 5680, 6280, 5682, 5809, 6330, 6061, 6377, 5843, 6148, 5900, 6764, 6161, 6391, 5887, 5846, 5789, 5898, 6106, 5784, 5648, 7229, 5782, 6106, 5798, 5960, 6027, 5989, 5958, 6921, 6282, 5790, 6547, 5654, 6040, 5800, 5670, 5910, 6106, 5967, 6667, 6383, 5917, 5733, 5652, 6001, 5697, 5648, 6275, 5749, 6011, 5754, 6905, 5954, 5738, 5657, 6657, 6385, 5653, 6068, 5941, 6595, 5846, 6116, 5858, 5801, 5693, 6056, 6268, 5680, 5652, 5785, 6198, 6319, 5665, 6041, 6451, 6488, 5915, 5940, 6274, 5679, 5685, 6470, 7159, 6058, 7267, 5800, 5660, 6270, 6160, 5697, 5962, 5750, 5676, 5938, 5911, 5723, 6065, 6776, 6759, 6173, 5955, 5923, 5664, 5687, 5753, 5958, 5967, 7208, 5666, 5752, 6668, 6644, 6479, 5685, 6445, 6644, 6180, 6340, 5992, 6511, 6334, 6841, 6292, 5688, 5834, 6395, 6239, 6346, 6048, 6107, 5729, 6335, 5673, 5956, 5658, 6383, 6067, 6075, 6182, 6703, 6113, 6011, 6284, 5660, 7186, 6625, 6271, 5704, 5684, 5806, 6170, 5736, 5922, 6187, 6091, 5787, 6043, 7252, 5665, 6543, 5900, 5911, 5656, 5648, 5660, 6037, 6059, 5946, 5883, 6516, 5677, 5667, 6014, 6545, 6064, 6860, 5684, 6611, 5674, 6322, 5690, 5793, 6293, 6961, 6707, 6144, 6009, 5948, 5674, 6557, 5997, 7029, 5656, 5685, 6664, 5750, 6433, 6007, 6424, 6338, 5674, 6011, 5738, 5715, 5655, 6668, 5791, 5932, 6102, 5807, 5699, 6504, 6156, 5961, 6771, 6297, 6231, 5776, 6174, 6469, 6185, 5670, 6283, 6009, 5950, 5670, 6252, 5992, 5972, 6370, 5886, 6224, 5957, 6175, 6009, 6168, 6058, 6876, 6830, 6080, 6045, 6530, 5669, 6529, 5942, 6053, 5957, 6023, 5858, 6004, 5666, 5834, 5751, 5958, 6509, 6348, 5901, 6021, 5883, 5666, 5944, 5847, 7223, 5660, 6612, 6211, 6448, 7036, 5663, 5998, 6221, 6534, 5716, 6487, 5669, 5690, 7152, 6172, 6050, 5669, 5956, 6169, 5651, 6223, 6117, 5799, 5960, 6285, 5828, 5958, 5837, 6087, 6719, 5971, 6593, 6108, 6633, 6067, 5677, 7422, 6003, 5657, 5998, 6184, 6606, 6049, 6348, 6141, 6637, 6172, 5795, 6658, 6172, 5974, 5681, 5691, 5805, 5794, 6429, 6110, 5648, 6430, 5859, 6554, 5850, 5653, 5737, 5727, 6224, 5802, 6236, 5700, 5669, 6360, 5844, 6416, 5754, 5676, 6345, 6065, 6339, 5800, 6784, 6231, 6227, 5665, 5671, 6056, 5648, 5968, 6743, 6320, 5769, 6257, 6955, 6123, 6063, 5961, 5841, 6600, 6716, 6527, 6102, 6727, 6931, 6225, 6475, 5683, 5800, 5996, 5850, 5654, 6270, 5955, 6142, 6699, 5741, 5669, 5667, 6339, 5911, 5955, 5671, 6221, 5679, 6280, 6710, 5730, 6985, 5893, 5877, 6182, 5679, 6240, 6007, 6117, 5671, 6493, 6216, 5675, 6433, 5955, 5661, 6110, 6235, 7021, 5659, 5879, 5696, 5675, 6335, 5963, 6886, 5911, 5668, 5908, 5669, 5741, 6519, 6072, 5943, 5735, 6516, 6114, 5899, 5677, 5752, 6276, 5674, 6356, 6172, 6728, 5659, 6098, 5661, 6107, 5848, 7036, 5687, 6276, 5950, 6006, 5913, 5665, 6015, 5907, 5660, 5687, 6672, 5691, 5970, 6999, 6619, 6208, 5914, 6525, 6039, 5673, 6126, 5665, 5940, 6931, 5850, 5749, 5846, 6708, 5793, 6501, 6379, 5964, 6849, 5755, 6173, 6275, 5962, 6346, 5836, 6565, 6654, 6374, 5852, 5670, 6013, 5672, 5956, 6014, 5695, 6546, 6128, 6242, 5659, 5789, 6304, 5965, 5995, 6575, 6716, 6450, 5797, 6763, 6077, 6452, 5952, 6074, 5695, 6337, 6011, 5668, 6167, 6335, 6065, 6183, 6139, 6071, 5778, 6315, 5868, 6779, 6294, 5666, 6439, 6558, 6773, 5909, 5673, 6528, 6027, 6132, 6433, 6557, 6345, 6180, 6259, 5934, 6250, 6305, 6300, 6363, 6175, 6076, 6782, 6248, 6831, 7224, 6292, 6011, 5638, 6214, 5974, 6494, 5665, 5944, 6866, 6528, 6007, 6536, 5949, 6297, 6577, 6509, 6770, 6681, 5684, 5733, 6194, 6541, 6060, 5898, 6265, 6289, 5899, 6899, 5702, 5915, 5641, 6272, 6006, 5652, 6633, 5804, 5721, 6345, 5961, 5963, 6723, 5660, 5962, 6230, 6853, 6551, 5914, 5775, 5949, 5688, 5673, 6338, 5659, 6220, 6662, 6173, 6541, 6534, 6282, 6293, 6361, 5677, 6119, 7307, 5674, 5689, 5866, 6988, 6062, 6559, 6936, 6228, 6394, 6277, 5946, 6604, 6174, 6614, 6129, 5843, 6631, 5669, 6462, 6754, 7028, 5670, 6028, 6536, 5944, 6116, 5960, 5732, 5694, 6007, 6164, 6178, 5671, 5662, 5683, 5838, 5699, 5761, 6483, 6862, 6010, 5887, 6164, 5682, 6603, 6051, 6130, 5695, 6065, 6005, 5791, 5942, 5945, 5666, 6173, 5663, 5655, 6255, 6359, 5934, 6189, 6337, 6064, 5908, 5973, 6386, 6227, 6460, 6293, 6453, 6343, 6490, 5743, 6330, 6251, 5677, 5670, 6296, 5951, 6007, 5792, 6103, 5668, 6167, 6764, 5821, 5856, 5851, 6714, 5898, 5687, 6912, 5671, 6091, 5913, 6048, 6383, 5852, 5676, 5917, 5682, 6178, 6454, 5841, 6334, 6378, 6995, 7161, 5738, 6440, 6229, 6287, 5861, 6271, 6436, 6515, 6214, 6061, 6591, 6375, 5785, 5843, 5683, 5950, 5800, 6162, 6147, 5674, 6279, 6397, 5795, 6452, 6728, 6219, 5667, 6526, 5995, 6018, 6209, 5947, 5802, 6219, 6448, 5902, 6226, 6508, 5943, 5684, 5775, 5664, 6693, 6064, 6168, 6551, 5674, 5671, 6003, 6602, 5670, 6011, 6535, 6369, 5915, 5855, 6492, 5789, 6179, 5680, 5661, 6022, 6461, 5679, 5688, 6056, 5940, 5815, 6291, 6061, 5651, 5847, 6313, 5975, 6524, 6209, 6714, 6268, 5682, 6776, 6160, 5974, 6204, 5679, 6009, 6341, 5660, 6495, 6007, 6208, 6125, 6177, 5707, 6018, 6661, 6170, 5673, 5672, 5954, 6064, 6700, 6263, 6206, 5949, 6650, 5886, 5893, 6161, 6159, 6979, 6257, 6001, 6871, 6116, 6448, 5738, 6123, 6112, 6002, 6137, 5890, 6183, 5896, 5687, 6158, 6008, 6581, 5784, 7164, 5659, 6293, 6383, 6007, 5691, 6223, 6606, 6546, 5852, 5658, 6654, 5660, 5660, 6430, 6512, 6136, 5675, 5840, 5776, 6015, 6167, 7234, 6587, 5838, 5779, 6762, 5987, 5954, 6666, 6067, 6485, 6121, 5657, 6277, 5953, 6572, 6169, 5890, 5648, 5681, 6310, 6593, 6238, 6168, 6220, 5948, 6147, 5893, 6013, 5995, 5679, 5848, 6671, 6334, 5793, 5664, 5662, 5847, 6497, 6227, 6123, 5732, 6010, 5691, 5995, 6108, 6218, 6053, 6112, 6050, 6268, 6152, 5759, 6383, 6078, 5894, 6164, 5862, 5937, 5959, 6038, 5688, 6127, 5909, 5838, 6185, 6270, 6077, 6074, 6179, 5847, 5994, 6055, 5681, 5788, 6435, 6464, 5975, 6499, 5757, 6114, 6112, 6332, 6605, 5762, 6492, 5734, 5660, 5682, 5892, 6477, 6012, 5685, 6331, 6975, 6163, 5648, 6542, 5968, 5673, 6451, 6185, 5679, 6337, 6541, 6501, 6330, 6433, 6271, 5735, 6501, 5780, 6535, 5648, 6061, 5690, 6454, 5897, 5681, 6222, 6272, 6727, 5871, 5775, 5677, 5806, 5693, 5682, 5687, 5858, 5999, 5751, 5670, 6943, 6498, 6164, 5648, 6233, 6013, 6417, 6060, 5900, 5678, 5647, 6392, 6165, 6098, 7045, 5922, 6512, 6030, 6171, 6034, 6832, 6798, 6344, 6498, 6715, 6524, 6315, 5916, 6405, 5751, 6580, 6538, 6224, 5645, 5670, 5958, 6884, 6066, 6228, 6284, 5688, 5660, 5785, 5964, 6317, 5797, 5787, 6162, 5724, 6313, 5848, 5842, 5885, 6372, 5669, 6227, 6039, 5748, 6192, 6862, 6465, 6291, 5669, 6323, 6048, 5751, 6271, 6111, 6550, 5651, 5654, 5888, 6382, 5960, 6141, 6385, 5890, 6360, 5888, 6214, 5665, 5660, 5803, 5673, 5838, 6430, 5901, 5698, 5672, 5673, 6745, 6016, 6016, 5667, 5726, 5680, 6217, 5792, 7307, 6239, 6171, 6129, 5941, 5895, 6239, 5917, 5667, 6290, 6843, 5652, 6161, 5672, 5654, 6872, 7903, 6195, 6202, 6221, 6399, 5644, 6775, 5655, 6434, 6480, 5944, 5852, 5687, 6394, 5808, 5673, 5660, 6230, 5729, 5949, 6279, 6192, 5775, 5968, 5668, 6650, 5783, 6203, 6003, 6980, 6510, 6998, 6110, 6012, 6115, 5822, 6538, 5836, 6866, 5799, 5677, 6376, 5666, 5781, 7250, 5982, 6640, 5998, 6826, 5797, 6437, 6075, 6500, 6837, 5895, 5999, 5845, 5671, 5996, 5698, 7299, 5825, 7018, 6217, 5781, 6309, 5909, 5896, 5846, 6245, 6255, 6047, 5803, 5913, 6018, 6185, 5671, 6162, 5964, 6051, 6056, 6496, 6819, 5669, 6155, 6878, 6012, 5686, 6006, 5647, 7063, 6058, 5668, 6175, 5771, 7015, 6302, 5804, 5671, 5798, 6541, 5659, 5669, 5661, 5853, 6123, 5795, 6378, 5674, 5690, 6267, 6436, 6919, 6114, 6015, 5694, 5941, 6596, 6674, 6286, 5879, 6005, 6000, 5840, 6441, 5844, 6932, 6015, 6181, 5965, 6013, 6920, 5777, 6729, 6716, 5669, 5857, 6156, 6499, 5787, 5790, 5650, 6710, 5701, 5960, 5672, 5906, 6170, 6119, 6025, 5684, 6554, 5721, 5668, 5919, 5902, 5942, 5794, 5891, 5690, 6375, 5888, 5790, 6022, 6023, 5745, 6224, 6061, 6187, 6610, 6226, 6507, 6099, 6649, 5997, 5791, 6067, 5892, 5685, 5951, 5677, 6819, 6294, 6976, 6226, 5677, 6143, 5682, 5936, 6076, 5966, 6330, 5689, 5707, 5795, 5857, 5696, 6263, 6003, 5799, 6008, 5881, 5823, 5744, 6285, 5654, 5957, 5738, 6011, 6226, 5693, 5854, 6443, 6808, 5674, 6274, 5665, 5782, 6561, 6340, 6449, 6097, 5950, 6014, 5670, 5660, 5976, 5898, 6175, 6067, 6624, 6117, 6049, 5678, 6004, 5790, 6693, 5781, 6236, 6436, 7169, 6563, 6491, 6514, 5895, 6526, 6871, 6560, 6561, 6506, 6183, 6595, 6914, 5674, 5841, 5646, 5955, 6277, 5673, 5677, 5651, 6219, 5892, 6621, 6062, 6498, 6602, 5703, 6049, 6378, 5937, 5888, 5676, 6011, 5905, 5718, 6563, 5940, 6363, 6431, 5745, 6321, 6336, 5900, 6430, 5668, 5674, 6070, 6607, 6484, 5667, 6232, 6434, 5647, 5673, 6397, 6274, 5675, 5791, 5941, 6513, 6455, 6940, 6493, 6286, 6223, 6287, 5680, 5916, 6060, 6478, 5896, 5729, 5689, 6109, 5689, 6498, 5679, 6075, 5658, 5884, 5684, 5670, 5742, 5655, 5841, 5853, 6144, 5677, 5951, 6702, 6006, 6481, 6189, 5655, 6138, 5952, 6316, 6011, 5691, 6567, 5752, 5746, 5858, 6279, 6219, 5988, 5663, 5941, 5959, 6059, 5794, 5782, 6095, 5963, 5740, 5959, 5679, 5643, 5667, 6233, 5920, 6074, 5691, 6004, 5894, 6125, 6332, 5680, 6091, 5981, 5741, 5861, 5790, 6591, 6477, 6100, 5657, 5792, 5937, 6015, 6602, 6425, 5654, 5837, 5656, 6211, 6282, 6334, 5693, 5843, 6359, 6218, 5814, 6756, 6490, 5659, 6450, 5668, 5683, 6112, 6065, 5686, 5966, 5958, 6758, 5788, 6440, 6264, 5892, 6051, 6170, 6065, 5684, 6113, 7084, 6283, 5980, 5669, 5838, 5694, 6166, 5644, 5664, 7156, 5959, 5841, 6758, 6281, 6344, 5909, 6115, 5673, 6078, 6250, 6431, 6106, 6208, 5685, 6283, 6042, 5906, 5996, 6050, 6542, 5994, 5648, 5658, 6168, 6320, 5654, 6266, 5860, 6587, 5897, 5793, 5652, 6985, 7083, 6279, 6332, 5687, 5790, 5650, 6006, 5959, 6333, 5881, 6104, 5655, 6055, 5649, 6537, 5955, 5756, 6064, 6916, 5958, 7090, 5864, 6172, 6338, 5685, 6143, 5786, 5679, 6459, 5653, 6276, 6456, 5796, 5658, 6562, 6544, 5805, 6154, 5915, 6382, 5663, 5641, 5700, 6224, 6677, 6431, 6006, 6487, 5952, 5677, 6061, 6684, 6028, 6564, 5902, 5787, 5950, 6374, 6522, 6008, 5808, 6285, 5686, 6560, 7003, 5663, 6264, 5989, 5856, 6133, 5702, 6007, 6397, 6631, 5648, 6272, 6070, 5734, 6546, 5682, 5913, 5959, 6259, 5675, 6006, 5784, 6440, 6787, 5933, 6299, 6230, 6234, 5679, 5891, 5692, 6102, 7190, 5903, 6628, 5664, 6233, 6274, 5824, 6058, 6065, 5826, 6285, 5812, 5996, 5909, 5675, 6181, 5730, 6068, 5667, 5738, 6875, 6075, 6482, 6399, 5672, 6050, 6633, 6130, 6323, 5830, 6572, 6826, 6124, 6158, 6004, 5697, 5846, 6700, 6130, 6691, 6538, 6404, 5704, 6376, 5948, 6071, 6612, 5896, 5684, 6117, 6549, 5674, 5749, 5905, 5681, 6318, 5678, 5837, 6012, 5974, 5952, 5671, 6219, 6495, 6209, 5664, 6874, 6912, 6105, 5725, 5674, 6980, 6503, 6379, 5661, 5648, 5669, 6742, 5654, 6120, 5662, 5684, 6827, 6189, 5778, 5683, 6149, 6068, 5658, 5802, 6119, 6434, 6530, 5682, 5785, 5957, 6000, 5851, 6381, 5652, 6063, 5735, 6230, 6236, 5999, 6440, 6185, 6257, 5760, 6543, 5946, 5691, 6938, 5912, 5899, 6011, 5922, 5912, 5685, 5908, 5650, 5656, 6058, 5861, 5840, 6494, 5803, 6656, 5963, 5687, 6205, 6179, 5903, 5842, 6345, 5664, 5679, 5972, 5884, 6106, 6237, 5704, 6663, 6118, 6536, 6444, 7188, 6058, 6722, 6125, 5684, 5902, 5662, 6343, 6681, 6460, 6073, 6244, 5784, 5927, 6052, 5777, 6497, 6631, 7083, 6115, 6490, 5737, 6502, 5846, 5727, 6180, 6022, 6160, 5664, 5916, 6829, 6062, 5652, 6175, 6285, 6280, 5707, 5791, 5687, 7180, 5749, 5674, 7190, 5688, 6157, 5667, 6558, 5686, 6276, 6191, 5663, 5964, 6278, 5682, 6067, 6250, 5656, 5736, 5793, 5675, 6286, 6293, 7083, 5687, 6691, 6112, 5809, 6716, 5849, 6128, 5890, 5647, 6104, 6103, 6599, 5903, 5800, 5956, 6114, 5919, 6908, 6582, 5681, 7090, 6600, 5675, 5893, 7038, 6456, 6288, 5903, 5997, 5787, 7173, 5787, 6665, 6845, 6082, 6973, 6104, 6163, 5665, 6068, 6004, 6848, 6056, 6161, 6056, 5892, 6339, 5686, 6329, 6566, 5836, 5778, 6480, 6294, 6101, 5835, 6017, 6647, 6544, 5665, 6061, 5739, 5907, 6228, 5748, 6011, 6605, 5792, 6191, 6813, 6323, 5743, 6317, 6175, 6312, 5674, 5966, 6125, 6799, 5673, 6019, 6261, 5879, 5674, 6462, 6589, 5664, 5739, 5910, 6502, 5969, 6020, 5804, 6173, 6173, 5684, 6182, 5849, 6799, 6272, 6352, 6433, 5879, 5666, 6053, 5695, 5695, 5667, 7054, 5676, 5959, 5683, 5674, 6167, 6336, 5999, 6358, 6694, 5739, 5944, 5889, 5884, 5667, 5669, 5957, 5740, 5954, 6475, 5651, 6550, 5994, 5970, 5664, 5651, 6388, 6729, 6748, 5676, 6278, 5730, 5732, 7408, 5869, 5865, 6341, 6175, 5683, 5695, 6871, 6022, 5962, 6021, 6061, 6077, 5852, 5647, 6339, 5938, 6483, 5709, 5744, 5950, 6545, 6045, 6370, 5806, 6366, 6386, 5678, 6271, 6099, 5680, 6019, 5951, 6343, 6595, 5806, 5895, 5746, 5686, 5948, 6568, 5899, 6676, 6063, 6667, 5729, 6434, 6223, 5901, 5676, 5695, 5680, 6270, 5843, 5988, 5954, 5661, 5683, 6021, 5869, 5646, 6597, 6301, 5655, 6114, 5840, 6267, 5990, 6279, 6591, 7201, 5985, 5783, 6258, 5764, 5741, 6008, 6293, 6267, 5860, 6062, 5819, 5724, 6320, 5685, 5665, 5684, 5965, 5656, 6309, 6509, 6458, 5692, 6258, 6155, 5655, 5848, 6015, 5680, 6063, 5793, 6016, 6282, 6230, 6605, 5649, 5918, 6254, 5696, 6115, 5666, 5962, 5683, 6666, 5803, 5998, 5849, 5727, 6003, 6069, 6123, 5779, 5673, 5725, 6896, 6815, 6361, 6074, 5666, 6119, 6265, 5961, 5945, 6548, 5903, 6670, 6242, 5985, 6837, 5666, 6593, 6476, 6261, 5897, 5778, 5679, 6819, 6126, 6220, 5838, 6780, 5654, 6455, 6223, 5892, 6170, 6066, 6599, 6486, 6117, 6234, 5793, 6148, 6388, 6165, 5864, 5834, 6866, 6051, 6066, 5927, 5683, 5680, 6171, 5969, 7009, 6486, 6116, 5781, 6031, 6574, 6325, 5659, 5900, 6487, 5665, 6139, 5953, 6123, 5677, 5988, 5928, 5692, 5791, 5671, 5657, 5800, 6484, 6197, 6333, 5680, 6279, 6138, 5832, 6007, 5670, 5840, 6051, 5655, 5946, 6451, 5671, 5964, 6007, 6602, 5937, 5834, 5731, 5661, 5677, 6583, 6143, 6215, 5689, 6260, 5695, 6117, 5882, 5731, 5987, 6533, 5667, 6219, 6004, 5682, 5849, 6202, 6012, 6057, 6232, 6206, 6048, 6726, 6350, 6006, 5726, 5738, 5666, 5664, 6231, 6082, 6290, 5877, 6477, 5862, 6167, 6840, 6266, 5644, 6708, 5667, 5669, 6399, 6030, 6012, 6217, 6378, 6931, 6173, 6339, 5960, 5667, 6829, 5674, 5684, 6067, 5995, 5674, 6007, 5862, 6546, 6053, 5698, 6001, 5677, 5655, 5962, 6011, 6167, 5736, 6269, 6329, 6495, 5664, 6486, 5795, 6477, 6870, 6761, 5674, 7451, 5664, 6931, 5688, 5955, 5855, 5651, 5913, 6105, 5997, 6266, 6060, 6322, 6084, 5956, 5830, 6140, 6665, 6282, 5651, 5646, 6563, 5720, 5794, 6334, 6015, 5778, 5736, 5878, 5773, 6812, 5895, 5792, 6875, 6390, 5698, 6114, 6654, 5948, 6269, 6172, 5684, 6320, 5844, 5757, 6672, 6730, 6149, 5973, 5799, 6188, 6427, 5743, 5678, 5659, 5650, 5915, 6440, 6102, 6645, 6339, 5906, 5769, 5669, 6118, 6721, 6124, 5851, 6273, 6587, 5839, 6121, 5720, 6195, 6110, 5738, 6219, 5916, 6278, 5679, 5642, 6049, 6606, 6366, 5850, 6722, 5835, 6053, 6328, 5646, 5797, 5679, 5746, 5671, 5675, 5880, 5691, 6611, 6869, 6168, 6121, 6377, 5657, 5805, 6722, 5913, 5656, 5974, 5733, 6068, 6113, 6016, 5850, 6059, 5895, 6330, 6003, 5823, 5913, 6426, 6501, 5677, 6634, 5733, 5852, 5893, 6206, 6322, 5964, 5649, 6171, 6111, 6735, 5663, 6270, 5953, 6064, 6447, 5965, 6270, 5684, 5753, 6207, 5697, 5918, 6019, 6257, 5671, 6461, 6166, 5745, 5685, 6636, 6828, 5960, 5934, 5946, 5741, 5800, 5851, 5661, 5900, 5935, 6111, 5748, 6552, 5696, 6279, 6215, 6442, 5691, 6090, 5758, 6713, 5678, 5680, 6392, 5666, 5701, 5792, 5670, 6442, 5656, 6000, 5904, 5675, 6606, 6005, 6063, 5686, 5659, 5944, 5667, 5695, 6023, 6540, 5946, 6552, 6212, 5697, 6338, 6086, 6168, 6456, 5840, 6216, 6228, 6178, 5744, 6437, 5653, 6683, 5667, 5749, 6212, 5775, 6544, 5676, 6070, 6106, 5887, 6173, 6402, 6381, 5649, 5687, 6569, 6730, 6429, 6157, 5992, 5805, 5939, 6056, 5821, 5921, 5854, 6148, 6539, 6277, 5688, 6168, 7457, 5892, 5905, 6264, 5779, 6577, 6272, 6885, 5914, 5909, 5798, 6582, 5678, 6112, 5754, 6489, 5996, 6007, 6127, 6055, 6181, 5725, 5673, 6010, 5919, 6306, 5948, 6042, 6379, 5875, 5951, 6100, 5657, 6499, 6621, 6173, 6246, 6162, 6097, 6025, 6233, 5888, 6456, 5675, 5753, 5657, 5692, 5786, 5669, 5685, 5664, 6367, 6333, 5680, 5677, 6206, 7222, 6536, 5667, 6311, 6010, 6318, 5682, 6217, 5964, 5951, 5822, 5667, 5859, 5667, 5667, 6814, 5894, 5898, 6015, 6168, 6112, 6438, 6329, 6173, 5734, 5724, 6112, 5663, 5742, 5895, 6052, 6345, 5955, 7113, 6674, 6431, 5974, 5964, 5901, 6271, 6597, 6269, 6020, 6155, 6114, 5684, 5954, 5668, 5650, 6881, 5993, 5660, 6106, 6109, 5943, 5783, 6592, 5679, 6508, 5658, 5847, 6119, 6735, 5899, 5686, 6332, 6871, 5691, 5953, 6108, 6446, 5695, 6251, 6502, 6125, 5659, 5668, 6111, 6009, 6232, 5672, 6550, 7097, 6263, 5662, 5651, 6532, 6360, 6158, 6880, 5975, 6175, 5667, 5743, 5718, 6029, 5801, 6281, 6241, 6013, 5695, 6025, 5666, 6328, 5678, 5902, 5780, 5919, 6702, 6544, 6670, 5691, 6372, 5774, 6220, 6382, 5899, 6383, 5739, 6019, 6557, 5669, 6450, 5671, 6483, 5948, 5899, 6106, 5685, 5867, 6124, 6027, 6225, 6390, 6242, 5847, 6446, 5662, 5826, 6242, 6978, 5660, 6136, 5737, 6210, 5955, 6112, 6991, 6285, 5797, 5839, 6462, 5905, 5683, 5645, 6204, 6010, 5749, 5675, 5964, 5688, 6219, 5649, 6574, 6118, 5931, 5653, 5794, 5665, 5664, 6354, 5688, 6389, 6242, 5701, 7560, 5710, 6056, 5654, 6170, 5738, 6059, 6171, 5748, 6073, 7173, 6132, 6004, 5851, 5788, 6109, 6186, 6486, 6063, 6077, 5802, 6247, 6324, 6156, 6160, 5683, 6697, 6560, 5799, 6151, 5746, 6249, 6125, 6011, 6894, 6112, 6158, 5672, 5850, 5738, 5691, 6718, 5656, 5902, 6051, 5690, 5659, 5665, 5910, 6178, 5895, 5892, 5658, 6238, 6613, 5943, 6172, 6618, 5896, 5907, 6659, 6388, 6065, 5660, 5910, 5840, 5790, 5715, 6609, 6118, 5855, 5673, 6378, 5943, 5652, 5660, 7028, 6070, 6384, 6703, 6432, 5649, 6113, 5935, 5728, 6922, 5658, 5831, 6708, 6544, 6174, 5895, 6633, 6261, 5672, 6169, 5855, 5997, 5719, 6498, 5739, 5860, 6644, 5671, 6822, 5850, 5677, 5704, 6313, 6215, 6015, 6171, 5777, 5664, 5888, 5789, 6335, 5666, 5675, 5955, 5674, 5721, 6081, 6015, 6287, 5841, 5853, 6117, 6241, 6238, 6923, 6003, 5992, 6003, 6697, 5670, 5856, 6014, 5698, 5953, 6005, 5834, 5790, 6405, 5741, 5881, 5699, 5787, 5684, 6295, 6062, 5671, 6071, 5669, 5693, 5947, 5672, 5996, 6185, 5948, 5915, 5789, 6547, 6452, 5675, 5816, 5656, 6545, 5663, 5787, 6212, 5949, 6322, 6222, 5983, 6600, 6060, 6388, 5666, 5944, 7029, 5791, 5668, 5898, 5671, 6496, 5893, 5843, 6215, 5675, 5677, 6482, 6422, 5651, 5897, 6261, 6096, 6676, 5993, 5690, 6222, 5679, 6011, 5675, 6490, 6480, 6210, 5667, 5660, 6184, 6508, 6188, 6003, 6116, 6345, 5971, 6485, 6541, 6433, 6215, 5674, 5912, 6598, 6064, 6222, 5953, 5749, 6258, 5654, 7195, 5935, 6233, 5915, 5865, 6567, 5686, 6393, 6017, 6281, 5754, 5679, 6527, 6070, 6214, 6458, 5689, 6331, 5734, 5903, 6326, 6079, 6071, 6438, 6618, 6374, 6476, 5654, 6126, 7102, 5851, 6543, 6344, 6167, 6134, 5656, 6121, 6398, 5843, 5860, 6553, 5995, 5664, 6006, 6562, 6021, 6017, 6015, 6024, 6199, 5656, 6067, 5931, 6133, 6403, 6299, 5954, 5667, 5654, 5660, 5941, 6226, 6169, 5671, 5858, 5695, 6936, 6183, 5849, 6507, 5963, 6056, 5966, 6164, 5677, 5836, 6562, 5839, 5799, 6417, 6263, 6460, 5796, 5690, 5766, 5888, 5877, 6478, 6266, 5909, 5725, 6184, 5664, 5680, 6325, 6034, 6548, 6011, 5994, 5746, 5991, 6160, 5964, 6022, 6496, 5654, 5887, 5647, 5904, 6080, 5658, 6104, 5695, 5785, 6337, 6717, 6097, 5667, 6437, 6025, 6058, 6045, 5684, 5678, 5669, 5836, 5667, 6257, 6062, 5730, 6505, 6327, 5964, 6004, 5898, 6002, 5792, 5903, 5904, 5803, 5683, 5952, 6156, 5730, 5842, 5746, 6507, 5857, 5946, 6156, 6353, 6650, 6054, 6801, 5670, 5936, 5642, 5673, 5777, 6202, 6275, 6021, 6016, 6780, 5686, 6242, 6385, 5665, 
Mejor solucion obtenida: 21, 22, 23, 35, 0, 4, 15, 17, 16, 19, 18, 20, 14, 13, 12, 33, 34, 31, 32, 8, 11, 9, 10, 5, 7, 6, 30, 29, 28, 27, 3, 2, 1, 36, 37, 39, 38, 41, 40, 42, 26, 25, 24, || Fitness: 5620;