Archivo Usado: p43.atsp
Tamaño de la Poblacion: 100
Reemplazo por Generacion: 5
Tamaño de los Torneos: 7
Cantidad de ciudades: 43
Probabilidad de cruce: 80000
Probabilidad mutacion simple: 18000
Probabilidad mutacion compleja: 10000
Cruces minimos de la mutacion compleja: 4
Iteraciones ejecutadas: 10000
Largo del cruce PMX: 6
Operador de Cruce: 0
Metodo seleccion de Padres: 0
Operador de Mutacion: 0
Metodo seleccion de Supervivientes: 1
Cantidad de threads a usar: 16
31, 32, 8, 11, 10, 9, 5, 7, 6, 29, 30, 27, 28, 2, 1, 3, 36, 37, 38, 39, 40, 42, 41, 26, 25, 24, 21, 23, 22, 35, 0, 4, 15, 19, 20, 18, 17, 16, 13, 14, 33, 34, 12, 
31, 32, 8, 11, 9, 10, 5, 7, 6, 29, 30, 27, 28, 2, 1, 3, 36, 37, 38, 39, 40, 42, 41, 26, 25, 24, 21, 23, 22, 35, 0, 4, 15, 19, 20, 18, 17, 16, 13, 14, 33, 34, 12, 
29, 30, 27, 28, 2, 1, 3, 36, 37, 38, 39, 40, 42, 41, 26, 25, 24, 21, 23, 22, 35, 0, 4, 15, 19, 20, 18, 17, 16, 13, 14, 33, 34, 12, 11, 8, 32, 31, 9, 10, 5, 7, 6, 
31, 32, 10, 11, 9, 8, 5, 7, 6, 29, 30, 27, 28, 2, 1, 3, 36, 37, 38, 39, 40, 42, 41, 26, 25, 24, 21, 23, 22, 35, 0, 4, 15, 19, 20, 18, 17, 16, 13, 14, 33, 34, 12, 
31, 32, 10, 11, 9, 8, 5, 7, 6, 29, 30, 27, 28, 2, 1, 3, 36, 37, 38, 39, 40, 42, 41, 26, 25, 24, 21, 23, 22, 35, 0, 4, 15, 19, 20, 18, 16, 17, 13, 14, 33, 34, 12, 
12, 33, 34, 31, 32, 10, 11, 9, 8, 5, 7, 6, 29, 30, 27, 28, 2, 1, 3, 36, 37, 38, 39, 40, 42, 41, 26, 25, 24, 21, 23, 22, 35, 0, 4, 15, 19, 20, 18, 17, 16, 13, 14, 
27, 28, 2, 1, 3, 36, 37, 38, 39, 40, 42, 41, 26, 25, 24, 21, 23, 22, 35, 0, 4, 15, 19, 20, 18, 17, 16, 13, 14, 33, 34, 12, 11, 8, 32, 31, 9, 10, 5, 7, 6, 29, 30, 
9, 10, 5, 7, 6, 29, 30, 27, 28, 2, 1, 3, 36, 37, 38, 39, 40, 42, 41, 26, 25, 24, 21, 23, 22, 35, 0, 4, 15, 19, 20, 18, 17, 16, 13, 14, 33, 34, 12, 11, 8, 32, 31, 
19, 20, 18, 17, 16, 13, 14, 33, 34, 12, 11, 8, 32, 31, 9, 10, 5, 7, 6, 29, 30, 27, 28, 2, 1, 3, 36, 37, 38, 39, 40, 42, 41, 26, 25, 24, 21, 23, 22, 35, 0, 4, 15, 
25, 24, 21, 23, 22, 35, 0, 4, 15, 19, 20, 18, 17, 16, 13, 14, 33, 34, 12, 11, 8, 32, 31, 9, 10, 5, 7, 6, 29, 30, 27, 28, 2, 1, 3, 36, 37, 38, 39, 40, 42, 41, 26, 
30, 27, 28, 2, 1, 3, 36, 37, 38, 39, 40, 42, 41, 26, 25, 24, 21, 23, 22, 35, 0, 4, 15, 19, 20, 18, 17, 16, 13, 14, 33, 34, 12, 11, 8, 32, 31, 9, 10, 7, 5, 6, 29, 
34, 12, 11, 8, 32, 31, 9, 10, 5, 7, 6, 29, 30, 27, 28, 2, 1, 3, 36, 37, 38, 39, 40, 42, 41, 26, 25, 24, 21, 23, 22, 35, 0, 4, 15, 19, 20, 18, 17, 16, 13, 14, 33, 
3, 36, 37, 38, 39, 40, 42, 41, 26, 25, 24, 21, 23, 22, 35, 0, 4, 15, 19, 20, 18, 17, 16, 13, 14, 33, 34, 12, 11, 8, 32, 31, 9, 10, 6, 7, 5, 29, 30, 27, 28, 2, 1, 
34, 12, 11, 8, 32, 31, 9, 10, 5, 7, 6, 29, 30, 27, 28, 2, 1, 3, 36, 37, 38, 39, 40, 42, 41, 26, 25, 24, 21, 23, 22, 35, 0, 4, 15, 19, 20, 18, 17, 16, 13, 14, 33, 
14, 33, 34, 12, 11, 8, 32, 31, 9, 10, 6, 7, 5, 29, 30, 27, 28, 2, 1, 3, 36, 37, 39, 38, 40, 42, 41, 26, 25, 24, 21, 23, 22, 35, 0, 4, 15, 19, 20, 18, 16, 17, 13, 
33, 34, 12, 11, 8, 32, 31, 9, 10, 5, 7, 6, 29, 30, 27, 28, 2, 1, 3, 36, 37, 38, 39, 40, 42, 41, 26, 25, 24, 21, 23, 22, 35, 0, 4, 17, 19, 20, 18, 15, 16, 13, 14, 
39, 40, 42, 41, 26, 25, 24, 21, 23, 22, 35, 0, 4, 15, 19, 20, 18, 17, 16, 13, 14, 33, 34, 12, 11, 8, 32, 31, 9, 10, 5, 7, 6, 29, 30, 27, 28, 2, 1, 3, 36, 37, 38, 
3, 36, 37, 38, 39, 40, 42, 41, 26, 25, 24, 21, 23, 22, 35, 0, 4, 15, 19, 20, 18, 17, 16, 13, 14, 33, 34, 12, 11, 8, 32, 31, 9, 10, 5, 7, 6, 29, 30, 27, 28, 2, 1, 
22, 35, 0, 4, 15, 19, 20, 18, 17, 16, 13, 14, 33, 34, 12, 11, 8, 32, 31, 9, 10, 5, 7, 6, 29, 30, 27, 28, 2, 1, 3, 36, 37, 38, 39, 40, 42, 41, 26, 25, 24, 21, 23, 
2, 1, 3, 36, 37, 38, 39, 40, 42, 41, 26, 25, 24, 21, 23, 22, 35, 0, 4, 15, 19, 20, 18, 17, 16, 13, 14, 33, 34, 12, 11, 8, 32, 31, 9, 10, 5, 7, 6, 29, 30, 27, 28, 
35, 0, 4, 15, 19, 20, 18, 17, 16, 13, 14, 33, 34, 12, 11, 8, 32, 31, 9, 10, 5, 7, 6, 29, 30, 27, 28, 2, 1, 3, 36, 37, 38, 39, 40, 42, 41, 26, 25, 24, 21, 23, 22, 
21, 23, 22, 35, 0, 4, 15, 19, 20, 18, 16, 17, 13, 14, 33, 34, 12, 11, 8, 32, 31, 9, 10, 5, 7, 6, 29, 30, 27, 28, 2, 1, 3, 36, 37, 38, 39, 40, 42, 41, 26, 25, 24, 
7, 6, 29, 30, 27, 28, 2, 1, 3, 36, 37, 38, 39, 40, 42, 41, 26, 25, 24, 21, 23, 22, 35, 0, 4, 15, 19, 20, 18, 17, 16, 13, 14, 33, 34, 12, 11, 8, 32, 31, 9, 10, 5, 
27, 28, 2, 1, 3, 36, 37, 38, 39, 40, 42, 41, 26, 25, 24, 21, 23, 22, 35, 0, 4, 15, 19, 20, 18, 17, 16, 13, 14, 33, 34, 12, 11, 8, 32, 31, 9, 10, 5, 7, 6, 29, 30, 
21, 23, 22, 35, 0, 4, 15, 19, 20, 18, 17, 16, 13, 14, 33, 34, 12, 11, 8, 32, 31, 9, 10, 5, 7, 6, 29, 30, 27, 28, 2, 1, 3, 36, 37, 38, 39, 40, 42, 41, 26, 25, 24, 
31, 11, 10, 32, 9, 8, 5, 7, 6, 29, 30, 27, 28, 2, 1, 3, 36, 37, 38, 39, 41, 42, 40, 26, 25, 24, 21, 23, 22, 35, 0, 4, 15, 19, 20, 18, 16, 17, 13, 14, 33, 34, 12, 
1, 2, 28, 3, 36, 37, 38, 39, 40, 42, 41, 26, 25, 24, 21, 23, 22, 35, 0, 4, 15, 19, 20, 18, 17, 16, 13, 14, 33, 34, 12, 11, 8, 32, 31, 9, 10, 6, 7, 5, 29, 30, 27, 
18, 20, 19, 15, 4, 0, 35, 22, 23, 21, 24, 25, 26, 40, 42, 41, 39, 38, 37, 36, 3, 1, 2, 28, 27, 30, 29, 6, 7, 5, 8, 9, 11, 10, 32, 31, 34, 33, 12, 14, 13, 17, 16, 
14, 13, 16, 17, 18, 20, 19, 15, 4, 0, 35, 22, 23, 21, 24, 25, 26, 41, 42, 40, 39, 38, 37, 36, 3, 1, 2, 28, 27, 30, 29, 6, 7, 5, 9, 10, 11, 8, 32, 31, 33, 34, 12, 
19, 15, 4, 0, 35, 22, 23, 21, 25, 24, 26, 41, 42, 40, 39, 38, 37, 36, 3, 1, 2, 28, 27, 30, 29, 6, 7, 5, 10, 9, 31, 32, 8, 11, 12, 34, 33, 14, 13, 16, 17, 18, 20, 
14, 13, 16, 17, 18, 20, 19, 15, 4, 0, 35, 22, 23, 21, 24, 25, 26, 41, 42, 40, 39, 38, 37, 36, 3, 1, 2, 28, 27, 30, 29, 5, 7, 6, 10, 9, 31, 32, 8, 11, 12, 34, 33, 
30, 27, 28, 2, 1, 3, 36, 37, 38, 39, 40, 42, 41, 26, 25, 24, 21, 23, 22, 35, 0, 4, 15, 19, 20, 18, 16, 17, 13, 14, 33, 34, 12, 31, 9, 10, 5, 7, 6, 29, 11, 32, 8, 
30, 29, 6, 7, 5, 10, 9, 31, 32, 8, 11, 12, 34, 33, 14, 13, 16, 17, 18, 20, 19, 15, 4, 0, 35, 22, 23, 21, 24, 25, 26, 41, 42, 40, 39, 38, 37, 36, 3, 1, 2, 28, 27, 
0, 35, 22, 23, 21, 24, 25, 26, 41, 42, 40, 39, 38, 37, 36, 3, 1, 2, 28, 27, 30, 29, 6, 7, 5, 10, 9, 31, 32, 8, 11, 12, 34, 33, 14, 13, 16, 17, 18, 20, 19, 15, 4, 
37, 36, 3, 1, 2, 28, 27, 30, 29, 6, 7, 5, 10, 9, 31, 32, 8, 11, 12, 34, 33, 14, 13, 16, 17, 18, 20, 19, 15, 4, 0, 35, 23, 22, 21, 24, 25, 26, 41, 42, 40, 39, 38, 
20, 19, 15, 4, 0, 35, 22, 23, 21, 24, 25, 26, 41, 42, 40, 39, 38, 37, 36, 3, 1, 2, 28, 27, 30, 29, 5, 7, 6, 10, 9, 31, 32, 8, 11, 12, 34, 33, 14, 13, 16, 17, 18, 
16, 17, 18, 20, 19, 15, 4, 0, 35, 22, 23, 21, 24, 25, 26, 41, 42, 40, 39, 38, 37, 36, 3, 1, 2, 28, 27, 30, 29, 6, 7, 5, 10, 9, 31, 32, 8, 11, 12, 34, 33, 14, 13, 
33, 14, 13, 16, 17, 18, 20, 19, 15, 4, 0, 35, 22, 23, 21, 24, 25, 26, 41, 42, 40, 39, 38, 37, 36, 3, 1, 2, 28, 27, 30, 29, 6, 7, 5, 8, 32, 31, 9, 10, 11, 12, 34, 
1, 2, 28, 27, 30, 29, 6, 7, 5, 10, 9, 31, 32, 8, 11, 12, 34, 33, 14, 13, 16, 17, 18, 20, 19, 15, 4, 0, 35, 22, 23, 21, 24, 25, 26, 41, 42, 40, 39, 38, 37, 36, 3, 
18, 20, 19, 15, 4, 0, 35, 22, 23, 21, 24, 25, 26, 41, 42, 40, 39, 38, 37, 36, 3, 1, 2, 28, 27, 30, 29, 6, 7, 5, 10, 9, 31, 32, 8, 11, 12, 34, 33, 14, 13, 16, 17, 
15, 4, 0, 35, 22, 23, 21, 24, 25, 26, 41, 42, 40, 39, 38, 37, 36, 3, 1, 2, 28, 27, 30, 29, 6, 7, 5, 10, 9, 31, 32, 8, 11, 12, 34, 33, 14, 13, 17, 16, 18, 20, 19, 
19, 15, 4, 0, 35, 22, 23, 21, 24, 25, 26, 40, 42, 41, 39, 38, 37, 36, 3, 1, 2, 28, 27, 30, 29, 5, 7, 6, 10, 9, 31, 32, 8, 11, 12, 34, 33, 14, 13, 17, 16, 18, 20, 
32, 8, 11, 12, 34, 33, 14, 13, 16, 17, 18, 20, 19, 15, 4, 0, 35, 22, 23, 21, 24, 25, 26, 41, 42, 40, 39, 38, 37, 36, 3, 1, 2, 28, 27, 30, 29, 6, 7, 5, 10, 9, 31, 
19, 15, 4, 0, 35, 22, 23, 21, 24, 25, 26, 41, 42, 40, 39, 38, 37, 36, 3, 1, 2, 28, 27, 30, 29, 6, 7, 5, 10, 9, 31, 32, 8, 11, 12, 34, 33, 14, 13, 16, 17, 18, 20, 
24, 25, 26, 41, 42, 40, 39, 38, 37, 36, 3, 1, 2, 28, 27, 30, 29, 6, 7, 5, 10, 9, 31, 32, 8, 11, 12, 34, 33, 14, 13, 16, 17, 18, 20, 19, 15, 4, 0, 35, 22, 23, 21, 
0, 35, 22, 23, 21, 24, 25, 26, 41, 42, 40, 39, 38, 37, 36, 3, 1, 2, 28, 27, 30, 29, 6, 7, 5, 10, 9, 31, 32, 8, 11, 12, 34, 33, 14, 13, 16, 17, 18, 20, 19, 15, 4, 
31, 32, 10, 11, 9, 8, 5, 13, 6, 29, 30, 27, 28, 2, 1, 3, 36, 37, 38, 39, 41, 42, 40, 26, 25, 24, 21, 23, 22, 35, 0, 4, 15, 19, 20, 18, 16, 17, 7, 14, 33, 34, 12, 
1, 2, 28, 27, 30, 29, 10, 7, 5, 6, 9, 31, 32, 8, 11, 12, 34, 33, 14, 13, 16, 17, 18, 20, 19, 15, 4, 0, 35, 22, 23, 21, 24, 25, 26, 41, 42, 40, 39, 38, 37, 36, 3, 
31, 32, 10, 11, 9, 8, 5, 7, 28, 29, 30, 27, 6, 2, 1, 3, 36, 37, 38, 39, 40, 42, 41, 26, 25, 24, 21, 23, 22, 35, 0, 4, 15, 19, 20, 18, 17, 16, 13, 14, 33, 34, 12, 
4, 0, 35, 22, 23, 21, 24, 25, 26, 41, 42, 40, 39, 38, 37, 36, 3, 1, 2, 28, 27, 30, 29, 6, 7, 5, 10, 9, 31, 32, 8, 34, 33, 14, 13, 17, 16, 18, 20, 19, 15, 12, 11, 
15, 4, 0, 35, 22, 23, 21, 24, 25, 26, 41, 42, 40, 39, 38, 37, 36, 3, 1, 2, 28, 27, 30, 29, 6, 7, 5, 8, 9, 11, 10, 32, 31, 16, 17, 13, 14, 33, 34, 12, 19, 20, 18, 
18, 20, 19, 15, 4, 0, 35, 22, 23, 21, 24, 25, 26, 41, 42, 40, 39, 38, 37, 36, 3, 1, 2, 28, 27, 30, 29, 6, 7, 5, 12, 34, 33, 14, 13, 17, 16, 10, 9, 11, 31, 8, 32, 
1, 3, 36, 37, 38, 39, 40, 42, 41, 26, 25, 24, 21, 23, 22, 35, 0, 4, 15, 19, 20, 18, 17, 16, 13, 14, 33, 27, 12, 11, 8, 32, 31, 9, 10, 5, 7, 6, 29, 30, 34, 28, 2, 
17, 18, 20, 19, 15, 4, 0, 35, 22, 23, 21, 24, 25, 26, 41, 42, 40, 39, 38, 37, 36, 3, 1, 2, 7, 27, 30, 29, 6, 28, 5, 8, 9, 11, 10, 32, 31, 34, 33, 12, 14, 13, 16, 
31, 32, 8, 11, 9, 10, 5, 7, 6, 29, 30, 27, 28, 2, 1, 3, 36, 13, 38, 39, 40, 42, 41, 26, 25, 24, 21, 23, 22, 35, 0, 4, 15, 19, 20, 18, 17, 16, 37, 14, 33, 34, 12, 
42, 40, 39, 38, 37, 36, 3, 1, 2, 28, 27, 30, 29, 15, 7, 5, 10, 9, 31, 32, 8, 11, 12, 34, 33, 14, 13, 16, 17, 18, 20, 19, 6, 4, 0, 35, 22, 23, 21, 24, 25, 26, 41, 
17, 18, 20, 19, 15, 4, 0, 35, 22, 23, 21, 24, 25, 26, 41, 42, 40, 39, 38, 10, 36, 3, 1, 2, 28, 27, 30, 29, 6, 7, 5, 37, 9, 31, 32, 8, 11, 12, 34, 33, 14, 13, 16, 
1, 12, 34, 33, 14, 13, 16, 17, 18, 20, 19, 15, 4, 0, 35, 22, 23, 21, 24, 25, 26, 41, 42, 40, 39, 38, 37, 36, 3, 11, 2, 28, 27, 30, 29, 6, 7, 5, 10, 9, 31, 32, 8, 
1, 9, 10, 6, 7, 5, 29, 30, 27, 28, 2, 31, 3, 36, 37, 38, 39, 40, 42, 41, 26, 25, 24, 21, 23, 22, 35, 0, 4, 15, 19, 20, 18, 17, 16, 13, 14, 33, 34, 12, 11, 8, 32, 
18, 20, 19, 15, 4, 0, 35, 22, 23, 21, 24, 25, 26, 41, 42, 40, 39, 38, 37, 36, 3, 1, 2, 28, 27, 30, 29, 6, 5, 7, 10, 9, 31, 32, 8, 34, 33, 14, 13, 17, 16, 12, 11, 
7, 5, 10, 31, 11, 8, 32, 9, 17, 18, 20, 19, 15, 4, 0, 35, 22, 23, 21, 24, 25, 26, 41, 42, 40, 39, 38, 37, 36, 3, 1, 2, 28, 27, 30, 29, 6, 13, 16, 33, 14, 34, 12, 
34, 33, 14, 13, 16, 17, 18, 20, 19, 31, 4, 0, 35, 22, 23, 21, 24, 25, 26, 41, 42, 40, 39, 38, 37, 36, 3, 1, 2, 28, 27, 30, 29, 6, 7, 5, 8, 9, 10, 11, 15, 12, 32, 
37, 38, 39, 40, 42, 41, 26, 25, 24, 21, 23, 22, 35, 0, 4, 15, 19, 20, 18, 16, 17, 13, 14, 33, 7, 12, 31, 9, 10, 5, 8, 32, 36, 3, 1, 2, 28, 27, 30, 29, 6, 34, 11, 
9, 8, 5, 7, 6, 29, 30, 27, 28, 13, 1, 3, 36, 37, 38, 39, 40, 42, 41, 26, 25, 24, 21, 23, 22, 35, 0, 4, 15, 19, 20, 18, 17, 16, 2, 14, 33, 34, 31, 32, 10, 11, 12, 
19, 15, 4, 0, 35, 22, 23, 21, 24, 25, 26, 41, 42, 40, 39, 38, 37, 36, 3, 1, 2, 28, 27, 30, 29, 6, 7, 5, 10, 9, 11, 32, 31, 12, 34, 33, 14, 13, 16, 17, 18, 20, 8, 
34, 12, 11, 8, 32, 31, 9, 10, 6, 7, 5, 29, 30, 27, 28, 2, 0, 3, 36, 37, 39, 38, 40, 42, 41, 26, 25, 24, 21, 23, 22, 35, 1, 4, 15, 19, 20, 18, 17, 16, 13, 14, 33, 
31, 32, 8, 11, 10, 9, 5, 7, 6, 29, 30, 35, 28, 2, 1, 3, 36, 37, 38, 39, 40, 42, 41, 26, 25, 24, 21, 23, 22, 27, 0, 4, 15, 19, 20, 18, 17, 16, 13, 14, 33, 34, 12, 
31, 32, 8, 11, 9, 10, 5, 7, 6, 29, 30, 27, 28, 2, 1, 3, 36, 21, 38, 39, 40, 42, 41, 26, 25, 24, 37, 23, 22, 35, 0, 4, 15, 19, 20, 18, 17, 16, 13, 14, 33, 34, 12, 
29, 30, 27, 28, 2, 1, 3, 36, 37, 38, 39, 40, 42, 41, 26, 25, 24, 21, 23, 22, 35, 0, 4, 15, 19, 20, 9, 17, 16, 13, 14, 33, 34, 12, 11, 8, 32, 31, 18, 10, 5, 7, 6, 
31, 11, 8, 26, 9, 10, 5, 7, 6, 29, 30, 27, 28, 2, 1, 3, 36, 37, 38, 39, 40, 42, 41, 32, 25, 24, 21, 23, 22, 35, 0, 4, 15, 19, 20, 18, 17, 16, 13, 14, 33, 34, 12, 
37, 36, 3, 1, 2, 28, 27, 30, 29, 6, 7, 5, 8, 9, 11, 10, 32, 31, 26, 41, 42, 40, 39, 38, 17, 18, 20, 19, 15, 4, 0, 35, 22, 23, 21, 24, 25, 13, 16, 12, 34, 33, 14, 
4, 0, 35, 22, 23, 21, 24, 25, 26, 41, 42, 40, 39, 38, 37, 36, 3, 1, 2, 28, 27, 30, 29, 6, 7, 5, 10, 9, 18, 32, 8, 11, 12, 34, 33, 14, 13, 16, 17, 31, 20, 19, 15, 
35, 22, 23, 21, 24, 25, 26, 41, 42, 40, 39, 38, 37, 36, 3, 1, 2, 28, 27, 30, 29, 6, 7, 10, 9, 31, 32, 8, 11, 12, 34, 33, 14, 13, 16, 17, 18, 20, 19, 15, 4, 0, 5, 
35, 0, 4, 15, 19, 20, 18, 17, 16, 13, 14, 33, 34, 12, 31, 9, 10, 5, 7, 6, 29, 30, 27, 28, 2, 1, 3, 36, 37, 38, 39, 40, 42, 41, 26, 25, 24, 21, 23, 22, 32, 8, 11, 
11, 12, 34, 33, 14, 13, 16, 17, 18, 20, 19, 15, 10, 0, 35, 22, 23, 21, 24, 25, 26, 41, 42, 40, 39, 38, 37, 36, 3, 1, 2, 28, 27, 30, 29, 6, 7, 5, 4, 9, 31, 32, 8, 
31, 32, 8, 11, 12, 34, 33, 14, 13, 16, 17, 18, 20, 19, 3, 4, 0, 35, 22, 23, 21, 24, 25, 26, 41, 42, 40, 39, 38, 37, 36, 15, 1, 2, 28, 27, 30, 29, 6, 7, 5, 10, 9, 
24, 3, 23, 22, 35, 0, 4, 15, 19, 20, 18, 17, 16, 13, 14, 33, 34, 31, 32, 10, 11, 9, 8, 5, 7, 6, 29, 30, 27, 28, 2, 1, 21, 36, 37, 38, 39, 40, 42, 41, 26, 25, 12, 
4, 0, 35, 22, 23, 21, 14, 25, 26, 41, 42, 40, 39, 38, 37, 36, 3, 1, 2, 28, 27, 30, 29, 6, 7, 5, 10, 9, 31, 32, 8, 11, 12, 34, 33, 24, 13, 16, 17, 18, 20, 19, 15, 
29, 30, 27, 28, 2, 1, 3, 36, 37, 38, 39, 40, 42, 41, 26, 25, 13, 21, 23, 22, 35, 0, 4, 15, 19, 20, 18, 17, 16, 24, 14, 33, 34, 12, 11, 8, 32, 31, 9, 10, 5, 7, 6, 
39, 38, 37, 36, 3, 1, 2, 28, 27, 0, 29, 6, 7, 5, 10, 9, 31, 32, 8, 11, 12, 34, 33, 14, 13, 17, 16, 18, 20, 19, 15, 4, 30, 35, 22, 23, 21, 24, 25, 26, 41, 42, 40, 
16, 17, 18, 20, 19, 15, 4, 25, 35, 22, 23, 21, 24, 0, 26, 41, 42, 40, 38, 39, 37, 36, 3, 1, 2, 28, 27, 30, 29, 6, 7, 5, 10, 9, 31, 32, 8, 11, 12, 34, 33, 14, 13, 
0, 11, 12, 34, 33, 14, 13, 16, 17, 18, 20, 19, 15, 4, 8, 35, 22, 23, 21, 24, 25, 26, 41, 42, 40, 39, 38, 37, 36, 3, 1, 2, 28, 27, 30, 29, 6, 7, 5, 10, 9, 31, 32, 
17, 16, 13, 14, 33, 34, 12, 31, 25, 26, 41, 42, 40, 39, 38, 37, 36, 3, 1, 2, 28, 27, 30, 29, 6, 7, 5, 8, 9, 11, 10, 32, 22, 23, 21, 24, 15, 4, 0, 35, 19, 20, 18, 
33, 14, 13, 16, 17, 18, 20, 19, 15, 4, 0, 35, 22, 7, 21, 24, 25, 26, 41, 42, 40, 39, 38, 37, 36, 3, 1, 2, 28, 27, 30, 29, 6, 23, 5, 10, 9, 31, 32, 8, 11, 12, 34, 
33, 34, 12, 23, 8, 32, 31, 9, 10, 5, 7, 6, 29, 30, 27, 28, 2, 1, 3, 36, 37, 38, 39, 40, 42, 41, 26, 25, 24, 21, 11, 22, 35, 0, 4, 15, 19, 20, 18, 17, 16, 13, 14, 
42, 40, 39, 38, 37, 36, 3, 1, 2, 28, 27, 30, 29, 6, 5, 7, 10, 9, 31, 32, 8, 11, 12, 34, 33, 14, 13, 16, 17, 18, 20, 19, 24, 4, 0, 35, 22, 23, 21, 15, 25, 26, 41, 
42, 40, 39, 38, 37, 36, 3, 1, 2, 28, 27, 30, 29, 6, 5, 7, 10, 9, 31, 32, 8, 11, 12, 34, 33, 14, 23, 16, 17, 18, 20, 19, 15, 4, 0, 35, 22, 13, 21, 24, 25, 26, 41, 
26, 41, 42, 40, 39, 38, 37, 36, 3, 1, 2, 28, 27, 30, 29, 6, 7, 5, 12, 34, 33, 14, 13, 17, 16, 35, 20, 19, 15, 4, 0, 18, 22, 23, 21, 24, 25, 9, 11, 10, 32, 31, 8, 
26, 25, 24, 21, 23, 22, 35, 0, 4, 15, 19, 20, 18, 16, 17, 13, 14, 33, 34, 12, 31, 9, 10, 5, 8, 32, 42, 41, 29, 6, 7, 11, 30, 27, 28, 2, 1, 3, 36, 37, 39, 38, 40, 
26, 11, 42, 40, 39, 38, 37, 36, 3, 1, 2, 28, 27, 30, 29, 6, 7, 5, 10, 9, 31, 32, 8, 41, 12, 34, 33, 14, 13, 16, 17, 18, 20, 19, 15, 4, 0, 35, 22, 23, 21, 24, 25, 
2, 1, 3, 36, 37, 38, 39, 40, 42, 34, 12, 11, 8, 32, 31, 9, 10, 7, 5, 6, 29, 30, 27, 28, 15, 19, 20, 18, 17, 16, 13, 14, 33, 24, 21, 23, 22, 35, 0, 4, 41, 26, 25, 
4, 0, 35, 22, 23, 21, 24, 25, 26, 37, 30, 40, 39, 38, 41, 36, 3, 1, 2, 28, 27, 42, 29, 6, 7, 5, 10, 9, 31, 32, 8, 11, 12, 34, 33, 14, 13, 16, 17, 18, 20, 19, 15, 
31, 32, 8, 11, 10, 9, 5, 7, 6, 29, 30, 27, 28, 2, 1, 3, 36, 37, 17, 39, 40, 42, 41, 26, 25, 24, 21, 23, 22, 35, 0, 4, 15, 19, 20, 18, 38, 16, 13, 14, 33, 34, 12, 
39, 28, 2, 1, 11, 36, 37, 27, 38, 40, 42, 41, 26, 25, 24, 21, 23, 22, 35, 0, 4, 15, 19, 20, 31, 17, 16, 13, 14, 33, 34, 12, 3, 8, 32, 18, 9, 10, 5, 7, 6, 29, 30, 
40, 42, 41, 26, 25, 24, 21, 4, 22, 35, 0, 23, 15, 19, 20, 18, 17, 16, 13, 14, 33, 34, 12, 31, 9, 10, 5, 7, 6, 29, 30, 27, 28, 2, 1, 3, 36, 37, 38, 39, 8, 32, 11, 
31, 32, 8, 11, 10, 9, 5, 7, 6, 29, 30, 27, 28, 2, 1, 26, 36, 37, 38, 3, 40, 42, 41, 39, 25, 24, 21, 23, 22, 35, 13, 4, 15, 19, 20, 18, 17, 16, 0, 14, 33, 34, 12, 
39, 27, 30, 29, 6, 7, 5, 10, 9, 31, 32, 8, 11, 12, 34, 33, 14, 13, 16, 17, 18, 20, 19, 15, 4, 0, 35, 22, 23, 21, 24, 25, 26, 41, 42, 40, 28, 38, 37, 36, 3, 1, 2, 
1, 2, 28, 27, 30, 29, 6, 7, 5, 10, 9, 31, 32, 8, 40, 12, 34, 33, 14, 13, 16, 17, 18, 20, 19, 15, 4, 0, 35, 22, 23, 21, 24, 25, 26, 41, 42, 11, 39, 38, 37, 36, 3, 
11, 12, 34, 33, 14, 13, 42, 17, 18, 20, 19, 15, 4, 0, 35, 22, 23, 21, 24, 25, 26, 41, 16, 40, 39, 38, 37, 36, 3, 1, 2, 28, 27, 30, 29, 6, 7, 5, 10, 9, 31, 32, 8, 
31, 32, 8, 39, 12, 34, 33, 14, 13, 16, 17, 18, 20, 19, 15, 4, 0, 35, 22, 23, 21, 24, 25, 26, 41, 42, 40, 11, 38, 37, 36, 3, 1, 2, 28, 27, 30, 29, 6, 7, 5, 10, 9, 
Tiempo de ejecucion (total): 29.696
Best fitness a lo largo del tiempo: 
16983, 11848, 6424, 6410, 6264, 6195, 6164, 6140, 6055, 6027, 5987, 5965, 5965, 5936, 5927, 5917, 5876, 5848, 5848, 5842, 5834, 5828, 5812, 5802, 5800, 5784, 5773, 5752, 5746, 5746, 5746, 5746, 5746, 5746, 5740, 5736, 5732, 5728, 5716, 5716, 5716, 5712, 5708, 5692, 5692, 5692, 5692, 5680, 5680, 5680, 5674, 5674, 5674, 5674, 5674, 5674, 5674, 5672, 5672, 5672, 5672, 5670, 5668, 5668, 5668, 5668, 5666, 5666, 5666, 5666, 5666, 5666, 5666, 5664, 5664, 5664, 5664, 5644, 5644, 5644, 5644, 5644, 5644, 5644, 5644, 5644, 5644, 5644, 5644, 5644, 5644, 5644, 5644, 5644, 5644, 5644, 5644, 5644, 5644, 5644, 5644, 5644, 5644, 5644, 5644, 5644, 5644, 5644, 5644, 5644, 5644, 5644, 5644, 5644, 5644, 5644, 5644, 5644, 5644, 5644, 5644, 5644, 5644, 5644, 5644, 5642, 5642, 5642, 5642, 5642, 5642, 5642, 5642, 5642, 5642, 5642, 5642, 5642, 5642, 5642, 5642, 5642, 5642, 5642, 5642, 5642, 5642, 5642, 5642, 5642, 5642, 5642, 5642, 5642, 5642, 5642, 5642, 5642, 5642, 5642, 5642, 5642, 5642, 5642, 5642, 5642, 5642, 5642, 5642, 5642, 5642, 5642, 5642, 5642, 5642, 5642, 5642, 5642, 5642, 5642, 5642, 5642, 5642, 5642, 5642, 5642, 5642, 5642, 5642, 5642, 5642, 5642, 5642, 5642, 5642, 5642, 5642, 5642, 5642, 5642, 5642, 5642, 5642, 5642, 5642, 5642, 5642, 5642, 5642, 5642, 5642, 5642, 5642, 5642, 5642, 5642, 5642, 5642, 5642, 5642, 5642, 5642, 5642, 5642, 5642, 5642, 5642, 5642, 5642, 5642, 5642, 5642, 5642, 5642, 5642, 5642, 5642, 5642, 5642, 5642, 5642, 5642, 5642, 5642, 5642, 5642, 5642, 5642, 5642, 5642, 5642, 5642, 5642, 5642, 5642, 5642, 5642, 5642, 5642, 5642, 5642, 5642, 5642, 5642, 5642, 5642, 5642, 5642, 5642, 5642, 5642, 5642, 5642, 5642, 5642, 5642, 5642, 5642, 5642, 5642, 5642, 5642, 5642, 5642, 5642, 5642, 5642, 5642, 5642, 5642, 5642, 5642, 5642, 5642, 5642, 5642, 5642, 5642, 5642, 5642, 5642, 5642, 5642, 5642, 5642, 5642, 5642, 5642, 5642, 5642, 5642, 5642, 5642, 5642, 5642, 5642, 5642, 5642, 5642, 5642, 5642, 5642, 5642, 5642, 5642, 5642, 5642, 5642, 5642, 5642, 5642, 5642, 5642, 5642, 5642, 5642, 5642, 5642, 5642, 5642, 5642, 5642, 5642, 5642, 5642, 5642, 5642, 5642, 5642, 5642, 5642, 5642, 5642, 5642, 5642, 5642, 5642, 5642, 5642, 5642, 5642, 5642, 5642, 5642, 5642, 5642, 5642, 5642, 5642, 5642, 5642, 5642, 5642, 5642, 5642, 5642, 5642, 5642, 5642, 5642, 5642, 5642, 5642, 5642, 5642, 5642, 5642, 5642, 5642, 5642, 5642, 5642, 5642, 5642, 5642, 5642, 5642, 5642, 5642, 5642, 5642, 5642, 5642, 5642, 5642, 5642, 5642, 5642, 5642, 5642, 5642, 5642, 5642, 5642, 5642, 5642, 5642, 5642, 5642, 5642, 5642, 5642, 5642, 5642, 5642, 5642, 5642, 5642, 5642, 5642, 5642, 5642, 5642, 5642, 5642, 5642, 5642, 5642, 5642, 5642, 5642, 5642, 5642, 5642, 5642, 5642, 5642, 5642, 5642, 5642, 5642, 5642, 5642, 5642, 5642, 5642, 5642, 5642, 5642, 5642, 5642, 5642, 5642, 5642, 5642, 5642, 5642, 5642, 5642, 5642, 5642, 5642, 5642, 5642, 5642, 5642, 5642, 5642, 5642, 5642, 5642, 5642, 5642, 5642, 5642, 5642, 5642, 5642, 5642, 5642, 5642, 5642, 5642, 5642, 5642, 5642, 5642, 5642, 5642, 5642, 5642, 5642, 5642, 5642, 5642, 5642, 5642, 5642, 5642, 5642, 5642, 5642, 5642, 5642, 5642, 5642, 5642, 5642, 5642, 5642, 5642, 5642, 5642, 5642, 5642, 5642, 5642, 5642, 5642, 5642, 5642, 5642, 5642, 5642, 5642, 5642, 5642, 5642, 5642, 5642, 5642, 5642, 5642, 5642, 5642, 5642, 5642, 5642, 5642, 5642, 5642, 5642, 5642, 5642, 5642, 5642, 5642, 5642, 5642, 5642, 5642, 5642, 5642, 5642, 5642, 5642, 5642, 5642, 5642, 5642, 5642, 5642, 5642, 5642, 5642, 5642, 5642, 5642, 5642, 5642, 5642, 5642, 5642, 5642, 5642, 5642, 5642, 5642, 5642, 5642, 5642, 5642, 5642, 5642, 5642, 5642, 5642, 5642, 5642, 5642, 5642, 5642, 5642, 5642, 5642, 5642, 5642, 5642, 5642, 5642, 5642, 5642, 5642, 5642, 5642, 5642, 5642, 5642, 5642, 5642, 5642, 5642, 5642, 5642, 5642, 5642, 5642, 5642, 5642, 5642, 5642, 5642, 5642, 5642, 5642, 5642, 5642, 5642, 5642, 5642, 5642, 5642, 5642, 5642, 5642, 5642, 5642, 5642, 5642, 5642, 5642, 5642, 5642, 5642, 5642, 5642, 5642, 5642, 5642, 5642, 5642, 5642, 5642, 5642, 5642, 5642, 5642, 5642, 5642, 5642, 5642, 5642, 5642, 5642, 5642, 5642, 5642, 5642, 5642, 5642, 5642, 5642, 5642, 5642, 5642, 5642, 5642, 5642, 5642, 5642, 5642, 5642, 5642, 5642, 5642, 5642, 5642, 5642, 5642, 5642, 5642, 5642, 5642, 5642, 5642, 5642, 5642, 5642, 5642, 5642, 5642, 5642, 5642, 5642, 5642, 5642, 5642, 5642, 5642, 5642, 5642, 5642, 5642, 5642, 5642, 5642, 5642, 5642, 5642, 5642, 5642, 5642, 5642, 5642, 5642, 5642, 5642, 5642, 5642, 5642, 5642, 5642, 5642, 5642, 5642, 5642, 5642, 5642, 5642, 5642, 5642, 5642, 5642, 5642, 5642, 5642, 5642, 5642, 5642, 5642, 5642, 5642, 5642, 5642, 5642, 5642, 5642, 5642, 5642, 5642, 5642, 5642, 5642, 5642, 5642, 5642, 5642, 5642, 5642, 5642, 5642, 5642, 5642, 5642, 5642, 5642, 5642, 5642, 5642, 5642, 5642, 5642, 5642, 5642, 5642, 5642, 5642, 5642, 5642, 5642, 5642, 5642, 5642, 5642, 5642, 5642, 5642, 5642, 5642, 5642, 5642, 5642, 5642, 5642, 5642, 5642, 5642, 5642, 5642, 5642, 5642, 5642, 5642, 5642, 5642, 5642, 5642, 5642, 5642, 5642, 5642, 5642, 5642, 5642, 5642, 5642, 5642, 5642, 5642, 5642, 5642, 5642, 5642, 5642, 5642, 5642, 5642, 5642, 5642, 5642, 5642, 5642, 5642, 5642, 5642, 5642, 5642, 5642, 5642, 5642, 5642, 5642, 5642, 5642, 5642, 5642, 5642, 5642, 5642, 5642, 5642, 5642, 5642, 5642, 5642, 5642, 5642, 5642, 5642, 5642, 5642, 5642, 5642, 5642, 5642, 5642, 5642, 5642, 5642, 5642, 5642, 5642, 5642, 5642, 5642, 5642, 5642, 5642, 5642, 5642, 5642, 5642, 5642, 5642, 5642, 5642, 5642, 5642, 5642, 5642, 5642, 5642, 5642, 5642, 5642, 5642, 5642, 5642, 5642, 5642, 5642, 5642, 5642, 5642, 5642, 5642, 5642, 5642, 5642, 5642, 5642, 5642, 5642, 5642, 5642, 5642, 5642, 5642, 5642, 5642, 5642, 5642, 5642, 5642, 5642, 5642, 5642, 5642, 5642, 5642, 5642, 5642, 5642, 5642, 5642, 5642, 5642, 5642, 5642, 5642, 5642, 5642, 5642, 5642, 5642, 5642, 5642, 5642, 5642, 5642, 5642, 5642, 5642, 5642, 5642, 5642, 5640, 5640, 5640, 5640, 5640, 5640, 5640, 5638, 5638, 5638, 5638, 5638, 5638, 5638, 5638, 5638, 5638, 5638, 5638, 5638, 5638, 5638, 5638, 5638, 5638, 5638, 5638, 5638, 5638, 5638, 5638, 5638, 5638, 5638, 5638, 5638, 5638, 5638, 5638, 5638, 5638, 5638, 5638, 5638, 5638, 5638, 5638, 5638, 5638, 5638, 5638, 5638, 5638, 5638, 5638, 5638, 5638, 5638, 5638, 5638, 5638, 5638, 5638, 5638, 5638, 5638, 5638, 5638, 5638, 5638, 5638, 5638, 5638, 5638, 5638, 5638, 5638, 5638, 5638, 5638, 5638, 5638, 5638, 5638, 5638, 5638, 5638, 5638, 5638, 5638, 5638, 5638, 5638, 5638, 5638, 5638, 5638, 5638, 5638, 5638, 5638, 5638, 5638, 5638, 5638, 5638, 5638, 5638, 5638, 5638, 5638, 5638, 5638, 5638, 5638, 5638, 5638, 5638, 5638, 5638, 5638, 5638, 5638, 5638, 5638, 5638, 5638, 5638, 5638, 5638, 5638, 5638, 5638, 5638, 5638, 5638, 5638, 5638, 5638, 5638, 5638, 5638, 5638, 5638, 5638, 5638, 5638, 5638, 5638, 5638, 5638, 5638, 5638, 5638, 5638, 5638, 5638, 5638, 5638, 5638, 5638, 5638, 5638, 5638, 5638, 5638, 5638, 5638, 5638, 5638, 5638, 5638, 5638, 5638, 5638, 5638, 5638, 5638, 5638, 5638, 5638, 5638, 5638, 5638, 5638, 5638, 5638, 5638, 5638, 5638, 5638, 5638, 5638, 5638, 5638, 5638, 5638, 5638, 5638, 5638, 5638, 5638, 5638, 5638, 5638, 5638, 5638, 5638, 5638, 5638, 5638, 5638, 5638, 5638, 5638, 5638, 5638, 5638, 5638, 5638, 5638, 5638, 5638, 5638, 5638, 5638, 5638, 5638, 5638, 5638, 5638, 5638, 5638, 5638, 5638, 5638, 5638, 5638, 5638, 5638, 5638, 5638, 5638, 5638, 5638, 5638, 5638, 5638, 5638, 5638, 5638, 5638, 5638, 5638, 5638, 5638, 5638, 5638, 5638, 5638, 5638, 5638, 5638, 5638, 5638, 5638, 5638, 5638, 5638, 5638, 5638, 5638, 5638, 5638, 5638, 5638, 5638, 5638, 5638, 5638, 5638, 5638, 5638, 5638, 5638, 5638, 5638, 5638, 5638, 5638, 5638, 5638, 5638, 5638, 5638, 5638, 5638, 5638, 5638, 5638, 5638, 5638, 5638, 5638, 5638, 5638, 5638, 5638, 5638, 5638, 5638, 5638, 5638, 5638, 5638, 5638, 5638, 5638, 5638, 5638, 5638, 5638, 5638, 5638, 5638, 5638, 5638, 5638, 5638, 5638, 5638, 5638, 5638, 5638, 5638, 5638, 5638, 5638, 5638, 5638, 5638, 5638, 5638, 5638, 5638, 5638, 5638, 5638, 5638, 5638, 5638, 5638, 5638, 5638, 5638, 5638, 5638, 5638, 5638, 5638, 5638, 5638, 5638, 5638, 5638, 5638, 5638, 5638, 5638, 5638, 5638, 5638, 5638, 5638, 5638, 5638, 5638, 5638, 5638, 5638, 5638, 5638, 5638, 5638, 5638, 5638, 5638, 5638, 5638, 5638, 5638, 5638, 5638, 5638, 5638, 5638, 5638, 5638, 5638, 5638, 5638, 5638, 5638, 5638, 5638, 5638, 5638, 5638, 5638, 5638, 5638, 5638, 5638, 5638, 5638, 5638, 5638, 5638, 5638, 5638, 5638, 5638, 5638, 5638, 5638, 5638, 5638, 5638, 5638, 5638, 5638, 5638, 5638, 5638, 5638, 5638, 5638, 5638, 5638, 5638, 5638, 5638, 5638, 5638, 5638, 5638, 5638, 5638, 5638, 5638, 5638, 5638, 5638, 5638, 5638, 5638, 5638, 5638, 5638, 5638, 5638, 5638, 5638, 5638, 5638, 5638, 5638, 5638, 5638, 5638, 5638, 5638, 5638, 5638, 5638, 5638, 5638, 5638, 5638, 5638, 5638, 5638, 5638, 5638, 5638, 5638, 5638, 5638, 5638, 5638, 5638, 5638, 5638, 5638, 5638, 5638, 5638, 5638, 5638, 5638, 5638, 5638, 5638, 5638, 5638, 5638, 5638, 5638, 5638, 5638, 5638, 5638, 5638, 5638, 5638, 5638, 5638, 5638, 5638, 5638, 5638, 5638, 5638, 5638, 5638, 5638, 5638, 5638, 5638, 5638, 5638, 5638, 5638, 5638, 5638, 5638, 5638, 5638, 5638, 5638, 5638, 5638, 5638, 5638, 5638, 5638, 5638, 5638, 5638, 5638, 5638, 5638, 5638, 5638, 5638, 5638, 5638, 5638, 5638, 5638, 5638, 5638, 5638, 5638, 5638, 5638, 5638, 5638, 5638, 5638, 5638, 5638, 5638, 5638, 5638, 5638, 5638, 5638, 5638, 5638, 5638, 5638, 5638, 5638, 5638, 5638, 5638, 5638, 5638, 5638, 5638, 5638, 5638, 5638, 5638, 5638, 5638, 5638, 5638, 5638, 5638, 5638, 5638, 5638, 5638, 5638, 5638, 5638, 5638, 5638, 5638, 5638, 5638, 5638, 5638, 5638, 5638, 5638, 5638, 5638, 5638, 5638, 5638, 5638, 5638, 5638, 5638, 5638, 5638, 5638, 5638, 5638, 5638, 5638, 5638, 5638, 5638, 5638, 5638, 5638, 5638, 5638, 5638, 5638, 5638, 5638, 5638, 5638, 5638, 5638, 5638, 5638, 5638, 5638, 5638, 5638, 5638, 5638, 5638, 5638, 5638, 5638, 5638, 5638, 5638, 5638, 5638, 5638, 5638, 5638, 5638, 5638, 5638, 5638, 5638, 5638, 5638, 5638, 5638, 5638, 5638, 5638, 5638, 5638, 5638, 5638, 5638, 5638, 5638, 5638, 5638, 5638, 5638, 5638, 5638, 5638, 5638, 5638, 5638, 5638, 5638, 5638, 5638, 5638, 5638, 5638, 5638, 5638, 5638, 5638, 5638, 5638, 5638, 5638, 5638, 5638, 5638, 5638, 5638, 5638, 5638, 5638, 5638, 5638, 5638, 5638, 5638, 5638, 5638, 5638, 5638, 5638, 5638, 5638, 5638, 5638, 5638, 5638, 5638, 5638, 5638, 5638, 5638, 5638, 5638, 5638, 5638, 5638, 5638, 5638, 5638, 5638, 5638, 5638, 5638, 5638, 5638, 5638, 5638, 5638, 5638, 5638, 5638, 5638, 5638, 5638, 5638, 5638, 5638, 5638, 5638, 5638, 5638, 5638, 5638, 5638, 5638, 5638, 5638, 5638, 5638, 5638, 5638, 5638, 5638, 5638, 5638, 5638, 5638, 5638, 5638, 5638, 5638, 5638, 5638, 5638, 5638, 5638, 5638, 5638, 5638, 5638, 5638, 5638, 5638, 5638, 5638, 5638, 5638, 5638, 5638, 5638, 5638, 5638, 5638, 5638, 5638, 5638, 5638, 5638, 5638, 5638, 5638, 5638, 5638, 5638, 5638, 5638, 5638, 5638, 5638, 5638, 5638, 5638, 5638, 5638, 5638, 5638, 5638, 5638, 5638, 5638, 5638, 5638, 5638, 5638, 5638, 5638, 5638, 5638, 5638, 5638, 5638, 5638, 5638, 5638, 5638, 5638, 5638, 5638, 5638, 5638, 5638, 5638, 5638, 5638, 5638, 5638, 5638, 5638, 5638, 5638, 5638, 5638, 5638, 5638, 5638, 5638, 5638, 5638, 5638, 5638, 5638, 5638, 5638, 5638, 5638, 5638, 5638, 5638, 5638, 5638, 5638, 5638, 5638, 5638, 5638, 5638, 5638, 5638, 5638, 5638, 5638, 5638, 5638, 5638, 5638, 5638, 5638, 5638, 5638, 5638, 5638, 5638, 5638, 5638, 5638, 5638, 5638, 5638, 5638, 5638, 5638, 5638, 5638, 5638, 5638, 5638, 5638, 5638, 5638, 5638, 5638, 5638, 5638, 5638, 5638, 5638, 5638, 5638, 5638, 5638, 5638, 5638, 5638, 5638, 5638, 5638, 5638, 5638, 5638, 5638, 5638, 5638, 5638, 5638, 5638, 5638, 5638, 5638, 5638, 5638, 5638, 5638, 5638, 5638, 5638, 5638, 5638, 5638, 5638, 5638, 5638, 5638, 5638, 5638, 5638, 5638, 5638, 5638, 5638, 5638, 5638, 5638, 5638, 5638, 5638, 5638, 5638, 5638, 5638, 5638, 5638, 5638, 5638, 5638, 5638, 5638, 5638, 5638, 5638, 5638, 5638, 5638, 5638, 5638, 5638, 5638, 5638, 5638, 5638, 5638, 5638, 5638, 5638, 5638, 5638, 5638, 5638, 5638, 5638, 5638, 5638, 5638, 5638, 5638, 5638, 5638, 5638, 5638, 5638, 5638, 5638, 5638, 5638, 5638, 5638, 5638, 5638, 5638, 5638, 5638, 5638, 5638, 5638, 5638, 5638, 5638, 5638, 5638, 5638, 5638, 5638, 5638, 5638, 5638, 5638, 5638, 5638, 5638, 5638, 5638, 5638, 5638, 5638, 5638, 5638, 5638, 5638, 5638, 5638, 5638, 5638, 5638, 5638, 5638, 5638, 5638, 5638, 5638, 5638, 5638, 5638, 5638, 5638, 5638, 5638, 5638, 5638, 5638, 5638, 5638, 5638, 5638, 5638, 5638, 5638, 5638, 5638, 5638, 5638, 5638, 5638, 5638, 5638, 5638, 5638, 5638, 5638, 5638, 5638, 5638, 5638, 5638, 5638, 5638, 5638, 5638, 5638, 5638, 5638, 5638, 5638, 5638, 5638, 5638, 5638, 5638, 5638, 5638, 5638, 5638, 5638, 5638, 5638, 5638, 5638, 5638, 5638, 5638, 5638, 5638, 5638, 5638, 5638, 5638, 5638, 5638, 5638, 5638, 5638, 5638, 5638, 5638, 5638, 5638, 5638, 5638, 5638, 5638, 5638, 5638, 5638, 5638, 5638, 5638, 5638, 5638, 5638, 5638, 5638, 5638, 5638, 5638, 5638, 5638, 5638, 5638, 5638, 5638, 5638, 5638, 5638, 5638, 5638, 5638, 5638, 5638, 5638, 5638, 5638, 5638, 5638, 5638, 5638, 5638, 5638, 5638, 5638, 5638, 5638, 5638, 5638, 5638, 5638, 5638, 5638, 5638, 5638, 5638, 5638, 5638, 5638, 5638, 5638, 5638, 5638, 5638, 5638, 5638, 5638, 5638, 5638, 5638, 5638, 5638, 5638, 5638, 5638, 5638, 5638, 5638, 5638, 5638, 5638, 5638, 5638, 5638, 5638, 5638, 5638, 5638, 5638, 5638, 5638, 5638, 5638, 5638, 5638, 5638, 5638, 5638, 5638, 5638, 5638, 5638, 5638, 5638, 5638, 5638, 5638, 5638, 5638, 5638, 5638, 5638, 5638, 5638, 5638, 5638, 5638, 5638, 5638, 5638, 5638, 5638, 5638, 5638, 5638, 5638, 5638, 5638, 5638, 5638, 5638, 5638, 5638, 5638, 5638, 5638, 5638, 5638, 5638, 5638, 5638, 5638, 5638, 5638, 5638, 5638, 5638, 5638, 5638, 5638, 5638, 5638, 5638, 5638, 5638, 5638, 5638, 5638, 5638, 5638, 5638, 5638, 5638, 5638, 5638, 5638, 5638, 5638, 5638, 5638, 5638, 5638, 5638, 5638, 5638, 5638, 5638, 5638, 5638, 5638, 5638, 5638, 5638, 5638, 5638, 5638, 5638, 5638, 5638, 5638, 5638, 5638, 5638, 5638, 5638, 5638, 5638, 5638, 5638, 5638, 5638, 5638, 5638, 5638, 5638, 5638, 5638, 5638, 5638, 5638, 5638, 5638, 5638, 5638, 5638, 5638, 5638, 5638, 5638, 5638, 5638, 5638, 5638, 5638, 5638, 5638, 5638, 5638, 5638, 5638, 5638, 5638, 5638, 5638, 5638, 5638, 5638, 5638, 5638, 5638, 5638, 5638, 5638, 5638, 5638, 5638, 5638, 5638, 5638, 5638, 5638, 5638, 5638, 5638, 5638, 5638, 5638, 5638, 5638, 5638, 5638, 5638, 5638, 5638, 5638, 5638, 5638, 5638, 5638, 5638, 5638, 5638, 5638, 5638, 5638, 5638, 5638, 5638, 5638, 5638, 5638, 5638, 5638, 5638, 5638, 5638, 5638, 5638, 5638, 5638, 5638, 5638, 5638, 5638, 5638, 5638, 5638, 5638, 5638, 5638, 5638, 5638, 5638, 5638, 5638, 5638, 5638, 5638, 5638, 5638, 5636, 5636, 5636, 5636, 5636, 5636, 5636, 5636, 5636, 5636, 5636, 5636, 5636, 5636, 5636, 5636, 5636, 5636, 5636, 5636, 5636, 5636, 5636, 5636, 5636, 5636, 5636, 5636, 5636, 5636, 5636, 5636, 5636, 5636, 5636, 5636, 5636, 5636, 5636, 5636, 5636, 5636, 5636, 5636, 5636, 5636, 5636, 5636, 5636, 5636, 5636, 5636, 5636, 5636, 5636, 5636, 5636, 5636, 5636, 5636, 5636, 5636, 5636, 5636, 5636, 5636, 5636, 5636, 5636, 5636, 5636, 5636, 5636, 5636, 5636, 5636, 5636, 5636, 5636, 5636, 5636, 5636, 5636, 5636, 5636, 5636, 5636, 5636, 5636, 5636, 5636, 5636, 5636, 5636, 5636, 5636, 5636, 5636, 5636, 5636, 5636, 5636, 5636, 5636, 5636, 5636, 5636, 5636, 5636, 5636, 5636, 5636, 5636, 5636, 5636, 5636, 5636, 5636, 5636, 5636, 5636, 5636, 5636, 5636, 5636, 5636, 5636, 5636, 5636, 5636, 5636, 5636, 5636, 5636, 5636, 5636, 5636, 5636, 5636, 5636, 5636, 5636, 5636, 5636, 5636, 5636, 5636, 5636, 5636, 5636, 5636, 5636, 5636, 5636, 5636, 5636, 5636, 5636, 5636, 5636, 5636, 5636, 5636, 5636, 5636, 5636, 5636, 5636, 5636, 5636, 5636, 5636, 5636, 5636, 5636, 5636, 5636, 5636, 5636, 5636, 5636, 5636, 5636, 5636, 5636, 5636, 5636, 5636, 5636, 5636, 5636, 5636, 5636, 5636, 5636, 5636, 5636, 5636, 5636, 5636, 5636, 5636, 5636, 5636, 5636, 5636, 5636, 5636, 5636, 5636, 5636, 5636, 5636, 5636, 5636, 5636, 5636, 5636, 5636, 5636, 5636, 5636, 5636, 5636, 5636, 5636, 5636, 5636, 5636, 5636, 5636, 5636, 5636, 5636, 5636, 5636, 5636, 5636, 5636, 5636, 5636, 5636, 5636, 5636, 5636, 5636, 5636, 5636, 5636, 5636, 5636, 5636, 5636, 5636, 5636, 5636, 5636, 5636, 5636, 5636, 5636, 5636, 5636, 5636, 5636, 5636, 5636, 5636, 5636, 5636, 5636, 5636, 5636, 5636, 5636, 5636, 5636, 5636, 5636, 5636, 5636, 5636, 5636, 5636, 5636, 5636, 5636, 5636, 5636, 5636, 5636, 5636, 5636, 5636, 5636, 5636, 5636, 5636, 5636, 5636, 5636, 5636, 5636, 5636, 5636, 5636, 5636, 5636, 5636, 5636, 5636, 5636, 5636, 5636, 5636, 5636, 5636, 5636, 5636, 5636, 5636, 5636, 5636, 5636, 5636, 5636, 5636, 5636, 5636, 5636, 5636, 5636, 5636, 5636, 5636, 5636, 5636, 5636, 5636, 5636, 5636, 5636, 5636, 5636, 5636, 5636, 5636, 5636, 5636, 5636, 5636, 5636, 5636, 5636, 5636, 5636, 5636, 5636, 5636, 5636, 5636, 5636, 5636, 5636, 5636, 5636, 5636, 5636, 5636, 5636, 5636, 5636, 5636, 5636, 5636, 5636, 5636, 5636, 5636, 5636, 5636, 5636, 5636, 5636, 5636, 5636, 5636, 5636, 5636, 5636, 5636, 5636, 5636, 5636, 5636, 5636, 5636, 5636, 5636, 5636, 5636, 5636, 5636, 5636, 5636, 5636, 5636, 5636, 5636, 5636, 5636, 5636, 5636, 5636, 5636, 5636, 5636, 5636, 5636, 5636, 5636, 5636, 5636, 5636, 5636, 5636, 5636, 5636, 5636, 5636, 5636, 5636, 5636, 5636, 5636, 5636, 5636, 5636, 5636, 5636, 5636, 5636, 5636, 5636, 5636, 5636, 5636, 5636, 5636, 5636, 5636, 5636, 5636, 5636, 5636, 5636, 5636, 5636, 5636, 5636, 5636, 5636, 5636, 5636, 5636, 5636, 5636, 5636, 5636, 5636, 5636, 5636, 5636, 5636, 5636, 5636, 5636, 5636, 5636, 5636, 5636, 5636, 5636, 5636, 5636, 5636, 5636, 5636, 5636, 5636, 5636, 5636, 5636, 5636, 5636, 5636, 5636, 5636, 5636, 5636, 5636, 5636, 5636, 5636, 5636, 5636, 5636, 5636, 5636, 5636, 5636, 5636, 5636, 5636, 5636, 5636, 5636, 5636, 5636, 5636, 5636, 5636, 5636, 5636, 5636, 5636, 5636, 5636, 5636, 5636, 5636, 5636, 5636, 5636, 5636, 5636, 5636, 5636, 5636, 5636, 5636, 5636, 5636, 5636, 5636, 5636, 5636, 5636, 5636, 5636, 5636, 5636, 5636, 5636, 5636, 5636, 5636, 5636, 5636, 5636, 5636, 5636, 5636, 5636, 5636, 5636, 5636, 5636, 5636, 5636, 5636, 5636, 5636, 5636, 5636, 5636, 5636, 5636, 5636, 5636, 5636, 5636, 5636, 5636, 5636, 5636, 5636, 5636, 5636, 5636, 5636, 5636, 5636, 5636, 5636, 5636, 5636, 5636, 5636, 5636, 5636, 5636, 5636, 5636, 5636, 5636, 5636, 5636, 5636, 5636, 5636, 5636, 5636, 5636, 5636, 5636, 5636, 5636, 5636, 5636, 5636, 5636, 5636, 5636, 5636, 5636, 5636, 5636, 5636, 5636, 5636, 5636, 5636, 5636, 5636, 5636, 5636, 5636, 5636, 5636, 5636, 5636, 5636, 5636, 5636, 5636, 5636, 5636, 5636, 5636, 5636, 5636, 5636, 5636, 5636, 5636, 5636, 5636, 5636, 5636, 5636, 5636, 5636, 5636, 5636, 5636, 5636, 5636, 5636, 5636, 5636, 5636, 5636, 5636, 5636, 5636, 5636, 5636, 5636, 5636, 5636, 5636, 5636, 5636, 5636, 5636, 5636, 5636, 5636, 5636, 5636, 5636, 5636, 5636, 5636, 5636, 5636, 5636, 5636, 5636, 5636, 5636, 5636, 5636, 5636, 5636, 5636, 5636, 5636, 5636, 5636, 5636, 5636, 5636, 5636, 5636, 5636, 5636, 5636, 5636, 5636, 5636, 5636, 5636, 5636, 5636, 5636, 5636, 5636, 5636, 5636, 5636, 5636, 5636, 5636, 5636, 5636, 5636, 5636, 5636, 5636, 5636, 5636, 5636, 5636, 5636, 5636, 5636, 5636, 5636, 5636, 5636, 5636, 5636, 5636, 5636, 5636, 5636, 5636, 5636, 5636, 5636, 5636, 5636, 5636, 5636, 5636, 5636, 5636, 5636, 5636, 5636, 5636, 5636, 5636, 5636, 5636, 5634, 5634, 5634, 5634, 5634, 5634, 5634, 5634, 5634, 5634, 5634, 5634, 5634, 5634, 5634, 5634, 5634, 5634, 5634, 5634, 5634, 5634, 5634, 5634, 5634, 5634, 5634, 5634, 5634, 5634, 5634, 5634, 5634, 5634, 5634, 5634, 5634, 5634, 5634, 5634, 5634, 5634, 5634, 5634, 5634, 5634, 5634, 5634, 5634, 5634, 5634, 5634, 5634, 5634, 5634, 5634, 5634, 5634, 5634, 5634, 5634, 5634, 5634, 5634, 5634, 5634, 5634, 5634, 5634, 5634, 5634, 5634, 5634, 5634, 5634, 5634, 5634, 5634, 5634, 5634, 5634, 5634, 5634, 5634, 5634, 5634, 5634, 5634, 5634, 5634, 5634, 5634, 5634, 5634, 5634, 5634, 5634, 5634, 5634, 5634, 5634, 5634, 5634, 5634, 5634, 5634, 5634, 5634, 5634, 5634, 5634, 5634, 5634, 5634, 5634, 5634, 5634, 5634, 5634, 5634, 5634, 5634, 5634, 5634, 5634, 5634, 5634, 5634, 5634, 5634, 5634, 5634, 5634, 5634, 5634, 5634, 5634, 5634, 5634, 5634, 5634, 5634, 5634, 5634, 5634, 5634, 5634, 5634, 5634, 5634, 5634, 5634, 5634, 5634, 5634, 5634, 5634, 5634, 5634, 5634, 5634, 5634, 5634, 5634, 5634, 5634, 5634, 5634, 5634, 5634, 5634, 5634, 5634, 5634, 5634, 5634, 5634, 5634, 5634, 5634, 5634, 5634, 5634, 5634, 5634, 5634, 5634, 5634, 5634, 5634, 5634, 5634, 5634, 5634, 5634, 5634, 5634, 5634, 5634, 5634, 5634, 5634, 5634, 5634, 5634, 5634, 5634, 5634, 5634, 5634, 5634, 5634, 5634, 5634, 5634, 5634, 5634, 5634, 5634, 5634, 5634, 5634, 5634, 5634, 5634, 5634, 5634, 5634, 5634, 5634, 5634, 5634, 5634, 5634, 5634, 5634, 5634, 5634, 5634, 5634, 5634, 5631, 5631, 5625, 5625, 5625, 5625, 5625, 5625, 5625, 5625, 5625, 5625, 5625, 5625, 5625, 5625, 5625, 5625, 5625, 5625, 5625, 5625, 5625, 5625, 5625, 5625, 5625, 5625, 5625, 5625, 5625, 5625, 5625, 5625, 5625, 5625, 5625, 5625, 5625, 5625, 5625, 5625, 5625, 5625, 5625, 5625, 5625, 5625, 5625, 5625, 5625, 5625, 5625, 5625, 5625, 5625, 5625, 5625, 5625, 5625, 5625, 5625, 5625, 5625, 5625, 5625, 5625, 5625, 5625, 5625, 5625, 5625, 5625, 5625, 5625, 5625, 5625, 5625, 5625, 5625, 5625, 5625, 5625, 5625, 5625, 5625, 5625, 5625, 5625, 5625, 5625, 5625, 5625, 5625, 5625, 5625, 5625, 5625, 5625, 5625, 5625, 5625, 5625, 5625, 5625, 5625, 5625, 5625, 5625, 5625, 5625, 5625, 5625, 5625, 5625, 5625, 5625, 5625, 5625, 5625, 5625, 5625, 5625, 5625, 5625, 5625, 5625, 5625, 5625, 5625, 5625, 5625, 5625, 5625, 5625, 5625, 5625, 5625, 5625, 5625, 5625, 5625, 5625, 5625, 5625, 5625, 5625, 5625, 5625, 5625, 5625, 5625, 5625, 5625, 5625, 5625, 5625, 5625, 5625, 5625, 5625, 5625, 5625, 5625, 5625, 5625, 5625, 5625, 5625, 5625, 5625, 5625, 5625, 5625, 5625, 5625, 5625, 5625, 5625, 5625, 5625, 5625, 5625, 5625, 5625, 5625, 5625, 5625, 5625, 5625, 5625, 5625, 5625, 5625, 5625, 5625, 5625, 5625, 5625, 5625, 5625, 5625, 5625, 5625, 5625, 5625, 5625, 5625, 5625, 5625, 5625, 5625, 5625, 5625, 5625, 5625, 5625, 5625, 5625, 5625, 5625, 5625, 5625, 5625, 5625, 5625, 5625, 5625, 5625, 5625, 5625, 5625, 5625, 5625, 5625, 5625, 5625, 5625, 5625, 5625, 5625, 5625, 5625, 5625, 5625, 5625, 5625, 5625, 5625, 5625, 5625, 5625, 5625, 5625, 5625, 5625, 5625, 5625, 5625, 5625, 5625, 5625, 5625, 5625, 5625, 5625, 5625, 5625, 5625, 5625, 5625, 5625, 5625, 5625, 5625, 5625, 5625, 5625, 5625, 5625, 5625, 5625, 5625, 5625, 5625, 5625, 5625, 5625, 5625, 5625, 5625, 5625, 5625, 5625, 5625, 5625, 5625, 5625, 5625, 5625, 5625, 5625, 5625, 5625, 5625, 5625, 5625, 5625, 5625, 5625, 5625, 5625, 5625, 5625, 5625, 5625, 5625, 5625, 5625, 5625, 5625, 5625, 5625, 5625, 5625, 5625, 5625, 5625, 5625, 5625, 5625, 5625, 5625, 5625, 5625, 5625, 5625, 5625, 5625, 5625, 5625, 5625, 5625, 5625, 5625, 5625, 5625, 5625, 5625, 5625, 5625, 5625, 5625, 5625, 5625, 5625, 5625, 5625, 5625, 5625, 5625, 5625, 5625, 5625, 5625, 5625, 5625, 5625, 5625, 5625, 5625, 5625, 5625, 5625, 5625, 5625, 5625, 5625, 5625, 5625, 5625, 5625, 5625, 5625, 5625, 5625, 5625, 5625, 5625, 5625, 5625, 5625, 5625, 5625, 5625, 5625, 5625, 5625, 5625, 5625, 5625, 5625, 5625, 5625, 5625, 5625, 5625, 5625, 5625, 5625, 5625, 5625, 5625, 5625, 5625, 5625, 5625, 5625, 5625, 5625, 5625, 5625, 5625, 5625, 5625, 5625, 5625, 5625, 5625, 5625, 5625, 5625, 5625, 5625, 5625, 5625, 5625, 5625, 5625, 5625, 5625, 5625, 5625, 5625, 5625, 5625, 5625, 5625, 5625, 5625, 5625, 5625, 5625, 5625, 5625, 5625, 5625, 5625, 5625, 5625, 5625, 5625, 5625, 5625, 5625, 5625, 5625, 5625, 5625, 5625, 5625, 5625, 5625, 5625, 5625, 5625, 5625, 5625, 5625, 5625, 5625, 5625, 5625, 5625, 5625, 5625, 5625, 5625, 5625, 5625, 5625, 5625, 5625, 5625, 5625, 5625, 5625, 5625, 5625, 5625, 5625, 5625, 5625, 5625, 5625, 5625, 5625, 5625, 5625, 5625, 5625, 5625, 5625, 5625, 5625, 5625, 5625, 5625, 5625, 5625, 5625, 5625, 5625, 5625, 5625, 5625, 5625, 5625, 5625, 5625, 5625, 5625, 5625, 5625, 5625, 5625, 5625, 5625, 5625, 5625, 5625, 5625, 5625, 5625, 5625, 5625, 5625, 5625, 5625, 5625, 5625, 5625, 5625, 5625, 5625, 5625, 5625, 5625, 5625, 5625, 5625, 5625, 5625, 5625, 5625, 5625, 5625, 5625, 5625, 5625, 5625, 5625, 5625, 5625, 5625, 5625, 5625, 5625, 5625, 5625, 5625, 5625, 5625, 5625, 5625, 5625, 5625, 5625, 5625, 5625, 5625, 5625, 5625, 5625, 5625, 5625, 5625, 5625, 5625, 5625, 5625, 5625, 5625, 5625, 5625, 5625, 5625, 5625, 5625, 5625, 5625, 5625, 5625, 5625, 5625, 5625, 5625, 5625, 5625, 5625, 5625, 5625, 5625, 5625, 5625, 5625, 5625, 5625, 5625, 5625, 5625, 5625, 5625, 5625, 5625, 5625, 5625, 5625, 5625, 5625, 5625, 5625, 5625, 5625, 5625, 5625, 5625, 5625, 5625, 5625, 5625, 5625, 5625, 5625, 5625, 5625, 5625, 5625, 5625, 5625, 5625, 5625, 5625, 5625, 5625, 5625, 5625, 5625, 5625, 5625, 5625, 5625, 5625, 5625, 5625, 5625, 5625, 5625, 5625, 5625, 5625, 5625, 5625, 5625, 5625, 5625, 5625, 5625, 5625, 5625, 5625, 5625, 5625, 5625, 5625, 5625, 5625, 5625, 5625, 5625, 5625, 5625, 5625, 5625, 5625, 5625, 5625, 5625, 5625, 5625, 5625, 5625, 5625, 5625, 5625, 5625, 5625, 5625, 5625, 5625, 5625, 5625, 5625, 5625, 5625, 5625, 5625, 5625, 5625, 5625, 5625, 5625, 5625, 5625, 5625, 5625, 5625, 5625, 5625, 5625, 5625, 5625, 5625, 5625, 5625, 5625, 5625, 5625, 5625, 5625, 5625, 5625, 5625, 5625, 5625, 5625, 5625, 5625, 5625, 5625, 5625, 5625, 5625, 5625, 5625, 5625, 5625, 5625, 5625, 5625, 5625, 5625, 5625, 5625, 5625, 5625, 5625, 5625, 5625, 5625, 5625, 5625, 5625, 5625, 5625, 5625, 5625, 5625, 5625, 5625, 5625, 5625, 5625, 5625, 5625, 5625, 5625, 5625, 5625, 5625, 5625, 5625, 5625, 5625, 5625, 5625, 5625, 5625, 5625, 5625, 5625, 5625, 5625, 5625, 5625, 5625, 5625, 5625, 5625, 5625, 5625, 5625, 5625, 5625, 5625, 5625, 5625, 5625, 5625, 5625, 5625, 5625, 5625, 5625, 5625, 5625, 5625, 5625, 5625, 5625, 5625, 5625, 5625, 5625, 5625, 5625, 5625, 5625, 5625, 5625, 5625, 5625, 5625, 5625, 5625, 5625, 5625, 5625, 5625, 5625, 5625, 5625, 5625, 5625, 5625, 5625, 5625, 5625, 5625, 5625, 5625, 5625, 5625, 5625, 5625, 5625, 5625, 5625, 5625, 5625, 5625, 5625, 5625, 5625, 5625, 5625, 5625, 5625, 5625, 5625, 5625, 5625, 5625, 5625, 5625, 5625, 5625, 5625, 5625, 5625, 5625, 5625, 5625, 5625, 5625, 5625, 5625, 5625, 5625, 5625, 5625, 5625, 5625, 5625, 5625, 5625, 5625, 5625, 5625, 5625, 5625, 5625, 5625, 5625, 5625, 5625, 5625, 5625, 5625, 5625, 5625, 5625, 5625, 5625, 5625, 5625, 5625, 5625, 5625, 5625, 5625, 5625, 5625, 5625, 5625, 5625, 5625, 5625, 5625, 5625, 5625, 5625, 5625, 5625, 5625, 5625, 5625, 5625, 5625, 5625, 5625, 5625, 5625, 5625, 5625, 5625, 5625, 5625, 5625, 5625, 5625, 5625, 5625, 5625, 5625, 5625, 5625, 5625, 5625, 5625, 5625, 5625, 5625, 5625, 5625, 5625, 5625, 5625, 5625, 5625, 5625, 5625, 5625, 5625, 5625, 5625, 5625, 5625, 5625, 5625, 5625, 5625, 5625, 5625, 5625, 5625, 5625, 5625, 5625, 5625, 5625, 5625, 5625, 5625, 5625, 5625, 5625, 5625, 5625, 5625, 5625, 5625, 5625, 5625, 5625, 5625, 5625, 5625, 5625, 5625, 5625, 5625, 5625, 5625, 5625, 5625, 5625, 5625, 5625, 5625, 5625, 5625, 5625, 5625, 5625, 5625, 5625, 5625, 5625, 5625, 5625, 5625, 5625, 5625, 5625, 5625, 5625, 5625, 5625, 5625, 5625, 5625, 5625, 5625, 5625, 5625, 5625, 5625, 5625, 5625, 5625, 5625, 5625, 5625, 5625, 5625, 5625, 5625, 5625, 5625, 5625, 5625, 5625, 5625, 5625, 5625, 5625, 5625, 5625, 5625, 5625, 5625, 5625, 5625, 5625, 5625, 5625, 5625, 5625, 5625, 5625, 5625, 5625, 5625, 5625, 5625, 5625, 5625, 5625, 5625, 5625, 5625, 5625, 5625, 5625, 5625, 5625, 5625, 5625, 5625, 5625, 5625, 5625, 5625, 5625, 5625, 5625, 5625, 5625, 5625, 5625, 5625, 5625, 5625, 5625, 5625, 5625, 5625, 5625, 5625, 5625, 5625, 5625, 5625, 5625, 5625, 5625, 5625, 5625, 5625, 5625, 5625, 5625, 5625, 5625, 5625, 5625, 5625, 5625, 5625, 5625, 5625, 5625, 5625, 5625, 5625, 5625, 5625, 5625, 5625, 5625, 5625, 5625, 5625, 5625, 5625, 5625, 5625, 5625, 5625, 5625, 5625, 5625, 5625, 5625, 5625, 5625, 5625, 5625, 5625, 5625, 5625, 5625, 5625, 5625, 5625, 5625, 5625, 5625, 5625, 5625, 5625, 5625, 5625, 5625, 5625, 5625, 5625, 5625, 5625, 5625, 5625, 5625, 5625, 5625, 5625, 5625, 5625, 5625, 5625, 5625, 5625, 5625, 5625, 5625, 5625, 5625, 5625, 5625, 5625, 5625, 5625, 5625, 5625, 5625, 5625, 5625, 5625, 5625, 5625, 5625, 5625, 5625, 5625, 5625, 5625, 5625, 5625, 5625, 5625, 5625, 5625, 5625, 5625, 5625, 5625, 5625, 5625, 5625, 5625, 5625, 5625, 5625, 5625, 5625, 5625, 5625, 5625, 5625, 5625, 5625, 5625, 5625, 5625, 5625, 5625, 5625, 5625, 5625, 5625, 5625, 5625, 5625, 5625, 5625, 5625, 5625, 5625, 5625, 5625, 5625, 5625, 5625, 5625, 5625, 5625, 5625, 5625, 5625, 5625, 5625, 5625, 5625, 5625, 5625, 5625, 5625, 5625, 5625, 5625, 5625, 5625, 5625, 5625, 5625, 5625, 5625, 5625, 5625, 5625, 5625, 5625, 5625, 5625, 5625, 5625, 5625, 5625, 5625, 5625, 5625, 5625, 5625, 5625, 5625, 5625, 5625, 5625, 5625, 5625, 5625, 5625, 5625, 5625, 5625, 5625, 5625, 5625, 5625, 5625, 5625, 5625, 5625, 5625, 5625, 5625, 5625, 5625, 5625, 5625, 5625, 5625, 5625, 5625, 5625, 5625, 5625, 5625, 5625, 5625, 5625, 5625, 5625, 5625, 5625, 5625, 5625, 5625, 5625, 5625, 5625, 5625, 5625, 5625, 5625, 5625, 5625, 5625, 5625, 5625, 5625, 5625, 5625, 5625, 5625, 5625, 5625, 5625, 5625, 5625, 5625, 5625, 5625, 5625, 5625, 5625, 5625, 5625, 5625, 5625, 5625, 5625, 5625, 5625, 5625, 5625, 5625, 5625, 5625, 5625, 5625, 5625, 5625, 5625, 5625, 5625, 5625, 5625, 5625, 5625, 5625, 5625, 5625, 5625, 5625, 5625, 5625, 5625, 5625, 5625, 5625, 5625, 5625, 5625, 5625, 5625, 5625, 5625, 5625, 5625, 5625, 5625, 5625, 5625, 5625, 5625, 5625, 5625, 5625, 5625, 5625, 5625, 5625, 5625, 5625, 5625, 5625, 5625, 5625, 5625, 5625, 5625, 5625, 5625, 5625, 5625, 5625, 5625, 5625, 5625, 5625, 5625, 5625, 5625, 5624, 5624, 5624, 5624, 5624, 5624, 5624, 5624, 5624, 5624, 5624, 5624, 5624, 5624, 5624, 5624, 5624, 5624, 5624, 5624, 5624, 5624, 5624, 5624, 5624, 5624, 5624, 5624, 5624, 5624, 5624, 5624, 5624, 5624, 5624, 5624, 5624, 5624, 5624, 5624, 5624, 5624, 5624, 5624, 5624, 5624, 5624, 5624, 5624, 5624, 5624, 5624, 5624, 5624, 5624, 5624, 5624, 5624, 5624, 5624, 5624, 5624, 5624, 5624, 5624, 5624, 5624, 5624, 5624, 5624, 5624, 5624, 5624, 5624, 5624, 5624, 5624, 5624, 5624, 5624, 5624, 5624, 5624, 5624, 5624, 5624, 5624, 5624, 5624, 5624, 5624, 5624, 5624, 5624, 5624, 5624, 5624, 5624, 5624, 5624, 5624, 5624, 5624, 5624, 5624, 5624, 5624, 5624, 5624, 5624, 5624, 5624, 5624, 5624, 5624, 5624, 5624, 5624, 5624, 5624, 5624, 5624, 5624, 5624, 5624, 5624, 5624, 5624, 5624, 5624, 5624, 5624, 5624, 5624, 5624, 5624, 5624, 5624, 5624, 5624, 5624, 5624, 5624, 5624, 5624, 5624, 5624, 5624, 5624, 5624, 5624, 5624, 5624, 5624, 5624, 5624, 5624, 5624, 5624, 5624, 5624, 5624, 5624, 5624, 5624, 5624, 5624, 5624, 5624, 5624, 5624, 5624, 5624, 5624, 5624, 5624, 5624, 5624, 5624, 5624, 5624, 5624, 5624, 5624, 5624, 5624, 5624, 5624, 5624, 5624, 5624, 5624, 5624, 5624, 5624, 5624, 5624, 5624, 5624, 5624, 5624, 5624, 5624, 5624, 5624, 5624, 5624, 5624, 5624, 5624, 5624, 5624, 5624, 5624, 5624, 5624, 5624, 5624, 5624, 5624, 5624, 5624, 5624, 5624, 5624, 5624, 5624, 5624, 5624, 5624, 5624, 5624, 5624, 5624, 5624, 5624, 5624, 5624, 5624, 5624, 5624, 5624, 5624, 5624, 5624, 5624, 5624, 5624, 5624, 5624, 5624, 5624, 5624, 5624, 5624, 5624, 5624, 5624, 5624, 5624, 5624, 5624, 5624, 5624, 5624, 5624, 5624, 5624, 5624, 5624, 5624, 5624, 5624, 5624, 5624, 5624, 5624, 5624, 5624, 5624, 5624, 5624, 5624, 5624, 5624, 5624, 5624, 5624, 5624, 5624, 5624, 5624, 5624, 5624, 5624, 5624, 5624, 5624, 5624, 5624, 5624, 5624, 5624, 5624, 5624, 5624, 5624, 5624, 5624, 5624, 5624, 5624, 5624, 5624, 5624, 5624, 5624, 5624, 5624, 5624, 5624, 5624, 5624, 5624, 5624, 5624, 5624, 5624, 5624, 5624, 5624, 5624, 5624, 5624, 5624, 5624, 5624, 5624, 5624, 5624, 5624, 5624, 5624, 5624, 5624, 5624, 5624, 5624, 5624, 5624, 5624, 5624, 5624, 5624, 5624, 5624, 5624, 5624, 5624, 5624, 5624, 5624, 5624, 5624, 5624, 5624, 5624, 5624, 5624, 5624, 5624, 5624, 5624, 5624, 5624, 5624, 5624, 5624, 5624, 5624, 5624, 5624, 5624, 5624, 5624, 5624, 5624, 5624, 5624, 5624, 5622, 5622, 5622, 5622, 5622, 5622, 5622, 5622, 5622, 5622, 5622, 5622, 5622, 5622, 5622, 5622, 5622, 5622, 5622, 5622, 5622, 5622, 5622, 5622, 5622, 5622, 5622, 5622, 5622, 5622, 5622, 5622, 5622, 5622, 5622, 5622, 5622, 5622, 5622, 5622, 5622, 5622, 5622, 5622, 5622, 5622, 5622, 5622, 5622, 5622, 5622, 5622, 5622, 5622, 5622, 5622, 5622, 5622, 5622, 5622, 5622, 5622, 5622, 5622, 5622, 5622, 5622, 5622, 5622, 5622, 5622, 5622, 5622, 5622, 5622, 5622, 5622, 5622, 5622, 5622, 5622, 5622, 5622, 5622, 5622, 5622, 5622, 5622, 5622, 5622, 5622, 5622, 5622, 5622, 5622, 5622, 5622, 5622, 5622, 5622, 5622, 5622, 5622, 5622, 5622, 5622, 5622, 5622, 5622, 5622, 5622, 5622, 5622, 5622, 5622, 5622, 5622, 5622, 5622, 5622, 5622, 5622, 5620, 
Fitness promedio a lo largo del tiempo: 
19675, 16675, 13097, 10879, 7592, 7274, 7254, 7418, 6679, 7284, 6856, 6625, 6478, 6342, 6721, 6603, 6477, 6206, 6111, 6105, 7132, 6917, 6580, 6302, 6410, 6719, 6894, 6297, 6563, 7091, 6039, 6836, 6731, 6057, 6068, 5799, 6565, 6231, 5823, 6595, 5848, 5992, 6359, 6378, 7009, 6094, 6259, 6208, 5751, 6494, 6283, 6390, 6105, 6335, 5719, 6650, 6117, 6167, 6499, 6306, 5826, 5712, 5716, 5713, 6418, 6256, 6116, 5710, 6682, 5987, 5704, 6224, 5716, 6043, 5705, 5713, 6104, 5712, 6196, 5678, 5677, 6428, 5691, 6135, 5955, 6281, 5679, 6513, 5928, 5693, 5692, 5874, 5797, 5973, 5683, 6289, 5975, 5760, 6395, 5687, 5681, 5743, 6183, 6127, 5678, 5745, 5674, 6004, 5670, 5920, 6198, 6227, 5948, 6042, 6187, 6037, 6188, 5953, 6043, 6126, 5708, 6069, 6516, 6053, 6280, 5828, 6189, 5679, 6024, 5694, 5840, 5689, 5696, 6759, 5673, 5906, 5911, 5677, 6663, 6514, 5674, 6115, 5678, 6293, 6026, 6675, 5674, 5663, 5690, 5666, 6036, 6191, 5805, 5698, 5676, 5749, 5677, 6015, 5843, 6064, 6173, 5689, 5665, 5983, 5669, 5807, 5865, 6071, 5677, 5691, 6133, 6561, 6169, 6020, 6710, 5682, 5739, 6765, 5694, 5674, 5683, 5669, 5964, 5694, 6020, 5720, 5825, 6082, 5677, 5671, 5865, 5668, 6500, 6179, 5910, 5973, 5681, 5851, 5677, 5691, 5699, 5885, 5681, 5911, 5684, 5696, 5810, 5944, 6229, 6027, 6146, 5761, 6126, 6446, 5677, 5807, 5966, 5873, 5933, 5667, 6014, 5688, 5683, 5670, 6546, 6277, 5887, 5677, 5683, 5790, 6025, 6013, 6134, 5674, 6236, 5667, 6193, 6129, 6280, 6166, 5761, 5652, 5844, 5671, 6445, 5955, 5899, 5739, 6239, 5801, 5661, 6344, 6364, 5674, 5953, 5820, 6081, 5915, 5672, 5764, 6134, 5758, 6216, 5694, 6283, 6073, 5844, 5681, 5698, 5666, 5750, 6392, 5678, 6183, 6662, 5673, 5979, 6142, 5732, 5678, 5971, 5820, 6376, 5869, 5665, 5859, 6454, 5967, 6290, 5689, 5786, 5862, 6371, 5854, 6170, 6088, 6035, 6396, 5685, 6111, 5749, 5949, 6064, 6278, 5853, 5675, 5689, 6079, 5801, 5809, 5959, 6147, 5685, 5853, 5672, 5673, 5968, 6340, 5669, 5914, 6388, 5681, 5700, 5962, 6132, 5784, 5848, 6239, 6398, 6079, 5806, 5675, 6280, 5671, 5907, 5802, 6019, 6280, 6392, 6532, 5770, 5852, 5668, 5703, 5665, 5858, 6181, 5681, 5663, 5742, 5663, 6237, 6712, 5664, 5671, 5902, 6016, 5691, 5675, 6035, 5813, 6556, 5856, 5675, 5681, 6106, 5950, 6289, 5867, 5679, 5803, 5841, 6126, 6294, 6224, 5699, 5688, 5858, 5699, 5748, 5805, 5686, 5751, 5981, 6080, 5804, 6129, 6187, 5712, 5769, 5755, 5681, 6023, 5920, 6350, 5678, 5746, 6176, 5682, 5677, 5789, 5815, 6293, 5958, 5729, 5672, 6136, 5698, 5668, 5703, 5689, 5663, 6393, 5964, 6394, 6020, 5694, 5687, 5757, 5681, 6248, 6390, 5674, 6297, 5719, 5698, 6283, 5685, 6328, 6129, 6277, 5841, 5861, 5675, 5674, 5679, 6180, 6243, 5684, 5861, 5706, 6141, 5927, 5682, 5858, 5921, 6076, 6018, 5682, 6079, 5692, 6288, 5955, 5809, 5898, 5753, 5671, 5704, 5699, 5664, 5691, 6059, 5687, 5906, 6196, 5805, 6116, 6072, 5678, 5857, 5966, 6591, 5688, 6121, 5916, 6312, 6074, 5875, 5683, 5970, 6502, 6336, 5744, 6129, 5926, 5903, 6244, 5674, 5685, 5670, 6883, 5683, 5977, 5964, 5685, 5899, 6254, 5692, 5695, 6118, 5745, 5686, 5793, 5738, 5864, 5756, 6123, 6283, 6233, 5684, 6109, 5685, 5680, 5694, 5670, 5961, 6246, 5668, 5814, 5900, 6235, 6027, 6294, 5690, 6217, 5672, 6117, 5687, 5852, 5858, 6291, 5672, 5679, 5914, 5794, 6022, 5963, 5694, 5698, 5675, 6713, 5675, 5683, 5683, 5752, 5677, 5953, 6240, 5972, 5671, 6227, 6088, 6077, 6124, 6373, 5670, 5667, 5751, 5705, 6008, 5684, 5682, 6307, 5668, 5675, 6125, 6069, 5756, 5668, 6006, 5691, 5681, 5818, 6340, 5666, 6174, 6181, 6459, 5678, 5676, 6370, 5692, 5685, 6071, 5700, 5790, 5861, 5703, 6086, 5690, 6183, 5773, 5680, 5674, 5746, 5954, 5913, 5693, 6393, 5700, 5918, 5919, 6072, 6222, 5868, 5858, 6234, 5752, 5852, 5966, 5683, 5906, 5971, 6011, 5868, 6015, 5703, 6017, 5675, 6345, 5956, 6265, 6225, 5829, 5667, 5669, 5738, 6015, 5667, 6490, 5691, 6082, 5680, 5699, 5887, 5966, 5801, 5683, 5809, 5907, 5676, 6085, 6202, 6229, 5678, 6032, 5897, 5923, 5685, 6292, 5668, 5916, 5681, 6024, 5677, 6132, 6227, 6504, 6018, 5670, 5810, 5813, 5682, 5710, 5681, 5667, 5678, 5692, 5673, 6074, 5679, 5713, 5848, 5757, 5787, 5688, 5671, 5669, 5679, 5681, 6337, 5708, 6134, 5908, 5809, 6554, 5689, 6013, 5698, 6584, 5725, 5691, 5912, 5964, 5905, 5914, 5685, 5690, 5765, 6228, 5667, 5670, 6715, 6135, 5678, 5724, 6287, 5795, 5958, 6560, 5674, 6671, 5679, 5857, 5965, 6175, 6113, 5685, 6019, 6123, 6145, 5687, 5970, 5689, 6212, 5658, 5839, 6323, 5688, 6068, 5681, 5850, 6392, 5669, 5679, 5686, 6027, 6080, 5698, 6503, 5676, 5742, 5948, 5798, 5678, 5681, 5677, 5667, 6109, 5655, 6341, 6561, 5679, 5692, 5672, 5694, 6013, 5675, 5698, 5969, 5862, 5671, 6412, 5698, 5959, 6077, 6279, 6304, 6221, 6187, 6619, 5667, 6344, 5673, 6089, 5786, 6448, 5695, 5701, 6552, 6390, 5769, 6566, 5719, 5745, 6025, 5858, 5685, 5851, 6132, 5665, 5671, 5768, 5668, 5677, 6126, 5812, 5669, 5668, 5923, 5675, 6245, 5670, 5899, 6554, 5967, 6008, 6138, 5748, 5957, 5986, 5670, 5665, 5678, 5816, 5696, 6144, 6064, 5690, 6224, 5687, 6509, 5982, 5871, 5788, 6346, 5785, 5752, 6132, 5690, 5691, 6403, 6028, 5964, 6344, 5915, 6108, 5709, 6388, 5759, 5965, 6070, 5805, 5977, 5699, 5685, 5923, 5672, 6233, 6413, 5691, 6402, 5851, 7362, 5691, 5966, 6134, 5927, 6095, 5835, 6073, 5852, 5677, 6502, 5760, 6444, 6120, 6079, 5760, 6073, 5686, 6495, 6333, 5698, 6036, 5848, 6111, 5683, 5887, 6016, 5680, 5707, 5924, 5681, 5694, 5761, 5676, 6439, 5874, 5851, 5904, 6128, 5738, 6226, 5681, 5668, 5765, 6191, 5907, 5926, 6610, 6023, 6177, 6363, 5688, 6079, 5936, 5680, 6142, 5702, 5923, 5896, 5965, 5684, 5913, 5685, 6086, 5870, 5691, 6350, 5704, 6516, 6146, 6720, 6183, 5730, 5682, 5664, 5967, 6128, 5793, 5959, 5904, 5968, 6325, 6013, 5735, 5805, 5966, 6151, 5684, 5674, 5695, 5674, 6811, 6192, 5934, 6490, 5923, 5687, 5697, 5877, 5695, 5684, 5676, 6013, 6444, 5706, 6771, 5687, 5982, 5696, 5875, 5971, 5742, 5690, 6238, 6066, 6096, 5707, 5988, 5696, 6023, 6137, 6022, 5681, 6392, 6035, 5800, 5667, 5719, 6009, 5704, 6061, 5741, 5686, 6226, 5677, 6402, 6957, 5854, 6287, 5855, 5914, 6125, 6313, 5797, 6082, 5731, 6341, 5890, 6065, 6780, 5658, 6293, 5733, 5684, 6074, 6613, 5810, 5673, 5740, 5673, 5808, 5893, 5807, 5684, 5821, 5958, 5983, 5739, 5665, 5896, 5757, 6115, 5844, 5666, 5663, 5674, 5705, 6100, 5666, 5835, 6122, 5674, 6056, 5660, 5669, 5859, 5921, 6058, 6030, 6156, 5807, 5657, 5667, 5656, 6490, 6100, 6623, 6171, 5735, 6710, 6224, 5686, 5656, 5923, 5945, 5675, 6221, 5663, 5683, 6195, 6113, 5857, 5662, 5909, 6024, 5902, 6158, 6169, 5674, 5669, 5661, 6073, 5664, 6112, 6228, 5694, 5655, 6006, 5800, 5659, 6789, 5657, 6178, 5685, 5976, 5666, 5835, 6213, 6074, 6332, 6150, 6702, 5678, 5661, 6074, 5938, 6170, 6174, 6013, 6070, 5996, 5780, 5789, 5666, 6293, 5659, 5756, 5953, 6183, 5887, 5848, 5668, 5780, 5951, 5672, 5657, 6200, 5656, 5669, 6069, 5967, 5914, 5665, 5836, 6123, 5657, 5652, 6115, 5681, 6070, 5752, 5842, 5952, 5670, 6171, 5662, 5792, 5999, 5657, 5837, 6140, 5680, 5676, 5672, 6084, 5792, 5670, 5891, 5866, 6227, 6126, 5695, 5860, 5854, 6479, 5666, 6013, 5656, 5891, 5960, 5781, 5837, 5690, 6287, 6118, 5993, 6222, 5676, 6126, 5678, 5775, 6013, 5671, 5939, 5674, 6485, 6006, 5909, 6446, 5734, 5665, 5663, 5700, 6657, 5798, 5682, 5815, 5953, 5790, 5675, 5789, 5689, 5946, 6329, 5970, 6383, 5656, 6073, 5657, 6068, 5681, 5668, 6067, 5908, 6053, 5656, 6058, 5862, 5681, 5669, 6692, 5668, 5661, 5670, 5684, 5687, 5955, 5694, 6338, 5897, 6114, 5852, 6435, 5676, 6393, 6038, 5682, 5741, 5853, 5691, 5787, 5744, 5958, 6067, 5916, 5677, 5938, 5973, 5671, 5847, 5708, 5669, 5660, 6324, 5757, 5910, 5689, 6123, 5669, 5686, 6161, 5667, 6068, 5798, 6112, 5683, 5662, 6082, 5876, 5654, 5949, 5656, 6277, 6276, 6009, 5690, 5656, 5800, 5674, 6130, 5851, 6080, 5686, 6271, 5657, 5850, 5688, 5689, 5662, 5953, 5789, 6275, 5671, 5692, 5747, 5662, 5656, 6010, 5816, 5655, 5665, 5657, 5986, 6060, 6401, 5677, 6238, 6179, 6282, 5655, 5670, 5845, 6018, 6498, 6389, 6129, 5662, 5684, 6083, 5807, 5849, 5680, 6444, 5668, 5677, 5681, 6019, 5683, 6079, 5729, 5674, 5754, 6113, 6292, 5664, 6333, 5658, 5684, 5956, 6005, 6227, 6441, 5776, 5902, 5661, 5847, 5670, 6166, 6344, 5860, 5855, 5658, 5671, 5653, 5660, 6449, 5673, 5661, 6858, 5703, 5660, 5663, 5671, 5686, 5691, 5677, 5692, 5666, 5965, 5852, 5656, 6226, 5985, 6667, 5681, 6558, 5848, 5735, 5917, 6342, 6072, 5732, 5673, 5857, 5910, 5692, 5698, 5790, 6175, 6567, 6444, 6272, 6108, 5907, 5683, 5663, 5953, 6609, 5670, 5986, 5680, 5790, 5733, 6019, 5912, 5840, 5807, 5709, 5739, 5725, 5686, 5717, 5953, 6058, 6000, 6113, 5658, 5912, 5660, 6110, 6018, 5665, 5661, 6197, 5857, 5666, 5898, 5666, 6385, 5743, 6063, 6000, 6008, 5689, 5672, 6305, 5968, 5667, 5898, 5663, 6018, 5665, 6746, 5942, 5962, 5695, 5767, 5657, 5830, 5962, 5732, 5676, 6063, 5692, 6020, 5668, 6062, 6531, 6016, 5692, 5808, 5659, 6012, 5672, 6003, 5665, 5814, 5664, 6282, 5748, 6115, 5668, 5660, 5659, 5665, 5667, 5768, 5693, 6163, 6565, 5798, 5804, 6364, 5817, 5673, 6329, 6489, 5678, 5854, 6292, 6140, 5672, 5678, 6338, 5679, 5687, 5965, 6174, 6024, 5734, 6723, 5727, 5868, 5957, 5676, 5662, 6006, 5660, 5908, 5852, 5960, 5661, 6175, 5688, 5853, 5662, 5902, 6070, 5673, 5738, 6383, 6077, 6480, 5744, 5778, 5677, 6442, 6341, 5667, 6180, 5652, 5961, 6003, 5664, 6176, 6393, 6057, 5732, 5853, 6117, 6136, 6504, 5798, 5700, 6448, 5673, 5866, 6228, 6397, 5735, 5699, 5741, 5856, 5680, 5966, 5803, 5886, 6067, 6654, 6119, 5960, 5667, 5677, 6172, 6127, 5660, 5654, 6097, 5681, 6010, 5655, 5672, 5871, 5784, 6030, 5686, 5663, 5867, 6077, 6012, 5744, 5985, 5687, 5686, 5681, 5796, 6338, 6038, 5959, 5673, 5688, 6331, 5852, 5747, 6327, 6288, 5666, 6135, 5670, 5663, 6107, 5675, 6030, 5657, 6500, 5948, 6639, 6556, 5680, 6020, 5682, 5854, 5957, 6066, 5688, 5671, 5663, 6176, 5845, 6606, 6102, 5751, 5790, 6352, 5759, 5885, 5667, 5837, 5675, 5662, 5677, 5738, 5701, 6160, 5798, 5687, 6608, 6069, 5950, 5895, 5908, 6092, 5673, 6379, 5963, 6170, 5679, 6160, 5700, 5669, 5947, 6059, 6180, 5737, 6101, 6703, 6300, 5668, 6286, 6500, 5683, 6167, 6186, 6060, 5970, 5666, 5663, 5793, 5670, 6033, 5656, 5939, 6005, 5898, 5663, 5718, 5901, 5747, 6072, 5679, 6667, 6077, 6178, 5693, 5802, 5779, 6317, 6063, 5666, 5743, 5696, 5679, 5963, 5907, 5964, 5666, 5822, 5947, 5863, 5945, 6342, 5995, 6490, 5680, 6135, 6277, 5744, 6412, 6181, 5680, 6005, 5660, 6063, 5663, 5671, 5917, 6328, 5802, 5677, 5675, 5844, 5668, 5653, 5699, 5667, 6336, 6280, 5665, 5957, 5670, 5694, 5661, 5945, 5652, 5763, 6166, 6656, 6442, 5683, 5897, 6037, 5672, 6444, 5663, 6029, 6056, 6108, 6001, 6278, 5677, 6059, 5909, 5910, 5678, 5658, 6117, 5964, 6360, 5685, 5664, 5671, 5742, 5665, 5665, 6069, 5662, 5684, 5756, 5672, 5667, 5669, 6442, 5670, 5886, 5657, 5997, 5836, 5663, 5684, 5652, 6215, 5800, 6439, 5664, 5667, 5680, 5685, 5961, 5675, 5968, 6327, 5662, 6195, 6328, 6013, 5658, 5665, 5676, 5679, 5913, 5671, 6010, 6126, 5900, 5671, 5901, 6222, 5659, 5742, 5672, 5664, 5664, 5950, 5673, 5683, 5957, 5870, 6560, 6298, 6114, 5727, 5687, 6645, 5683, 5652, 5799, 5648, 5903, 5674, 5669, 5948, 5654, 5727, 5812, 6654, 6330, 5691, 6178, 5699, 5653, 5997, 5670, 5673, 5800, 5897, 6231, 5684, 5654, 5669, 5657, 5684, 5903, 5842, 5679, 5669, 5736, 5663, 5748, 5683, 5916, 6065, 6547, 6060, 5687, 5663, 5693, 5731, 6080, 5673, 5733, 5821, 5661, 5660, 5655, 5898, 5942, 5897, 5903, 5679, 5845, 6341, 5670, 5681, 5652, 5666, 6064, 6056, 6224, 5667, 5669, 5724, 6054, 5843, 5686, 5731, 5903, 5671, 5666, 5738, 5948, 5660, 5654, 5675, 5749, 6324, 5671, 6118, 5668, 5670, 5684, 5806, 6284, 6013, 5661, 5690, 5727, 6489, 5663, 5853, 6020, 5663, 5685, 5909, 6053, 5669, 6003, 6110, 5680, 5974, 5678, 6192, 5687, 5786, 5862, 5663, 6149, 6050, 6014, 5801, 5898, 5862, 5671, 5669, 6112, 5678, 5693, 5673, 5748, 6056, 5712, 5843, 5679, 5681, 5807, 5653, 5667, 5683, 6290, 5664, 6448, 5736, 6174, 5686, 5684, 5657, 5705, 5674, 5752, 5661, 5954, 6231, 5732, 6013, 5666, 6435, 5664, 6444, 6288, 5972, 5957, 5910, 5660, 6510, 5664, 5949, 6284, 5656, 5669, 6068, 6109, 6201, 5844, 6310, 5780, 5998, 6323, 6125, 5915, 6114, 5669, 6071, 5661, 5736, 6123, 6076, 5663, 6334, 5655, 6170, 5659, 5679, 5789, 5682, 6234, 6013, 5749, 5721, 5703, 5667, 5662, 6165, 5957, 5663, 5898, 5690, 5949, 5682, 5792, 5661, 6115, 5694, 5678, 5697, 6067, 5689, 5796, 5844, 5669, 6283, 6064, 5668, 6021, 5675, 5689, 5842, 5666, 5952, 5902, 5915, 5688, 5664, 5689, 5689, 5777, 5832, 5954, 5659, 5659, 5847, 6038, 5692, 5681, 5669, 5670, 5841, 6404, 6079, 6662, 5667, 5663, 5660, 5698, 5669, 5692, 6569, 6270, 6405, 5898, 6343, 5657, 5659, 5655, 5855, 6323, 5855, 5697, 5669, 5653, 5721, 5674, 5684, 5688, 5682, 6180, 6006, 6555, 5678, 5833, 5730, 6410, 5730, 6129, 5658, 5656, 5744, 5654, 6294, 5945, 5851, 5958, 5900, 6059, 5952, 6132, 6724, 5976, 5795, 5901, 5830, 6548, 6437, 6067, 5676, 5654, 5674, 5674, 5668, 5655, 5969, 6695, 5663, 6336, 6008, 5900, 5657, 6481, 5798, 6214, 5793, 5672, 6172, 6279, 5903, 5994, 5666, 5661, 5902, 5682, 5940, 5665, 5673, 5796, 6325, 5664, 5688, 5895, 5792, 5683, 5734, 5670, 5980, 5669, 6178, 6059, 5685, 5921, 5801, 5791, 5832, 6381, 6275, 5789, 5660, 6294, 6036, 5668, 6391, 5688, 5667, 5836, 6439, 5905, 5672, 5712, 5682, 6564, 6282, 5930, 5674, 6056, 5901, 5952, 6114, 5989, 5677, 5675, 5677, 5673, 5953, 5669, 6007, 5666, 5664, 5910, 5671, 5913, 5683, 5678, 6601, 6013, 5676, 5655, 5657, 6054, 6104, 6055, 6013, 5897, 6437, 6162, 6180, 5668, 6412, 5899, 6124, 5671, 6011, 5856, 6116, 6186, 6070, 5669, 5698, 5673, 5662, 5660, 5978, 5660, 6338, 5665, 5800, 5687, 5668, 5675, 5674, 6218, 5661, 5676, 5897, 5694, 5660, 5652, 5678, 5676, 6539, 6019, 5816, 6023, 6335, 6225, 5902, 5850, 6118, 5955, 5858, 5904, 5676, 5663, 5744, 5662, 5688, 5697, 5972, 5663, 6041, 6064, 6290, 6019, 5663, 5846, 6334, 5660, 5850, 5948, 5649, 5658, 5726, 5700, 5665, 5663, 5733, 6184, 5904, 5785, 5671, 6442, 5802, 6226, 5730, 5899, 5660, 6328, 6076, 6064, 5652, 6075, 6197, 5961, 5664, 5966, 6170, 5672, 6033, 5957, 5957, 5676, 5654, 6010, 5881, 5661, 6380, 5667, 5790, 5659, 6116, 6697, 6387, 6441, 5656, 5669, 5676, 5875, 5739, 6009, 5800, 5946, 5950, 6240, 5661, 5839, 5910, 5681, 5716, 6282, 5661, 5686, 5688, 5670, 5689, 5684, 6304, 5748, 5659, 5832, 6064, 5800, 5675, 5681, 5659, 5743, 5671, 5658, 6287, 5674, 6004, 5657, 6233, 5666, 6167, 6173, 6163, 6437, 5856, 5660, 5973, 5667, 5701, 6070, 5664, 5669, 5844, 6436, 5837, 6387, 6007, 5739, 6223, 6266, 6054, 5692, 5673, 5902, 5683, 6286, 5668, 5656, 5948, 6297, 5677, 6103, 6055, 5675, 5785, 5801, 6187, 6502, 6151, 6336, 5677, 6286, 6663, 6076, 5669, 6491, 6054, 6042, 6265, 6028, 5853, 6508, 5668, 6011, 6301, 5671, 6378, 6543, 5898, 6079, 5660, 5802, 5673, 5676, 6554, 5663, 6829, 6176, 5722, 5890, 5708, 5744, 5684, 5739, 5655, 5669, 5683, 6806, 5658, 6174, 6238, 5664, 5788, 5677, 5835, 5657, 5903, 6002, 6445, 5665, 6113, 5670, 6134, 6055, 5657, 5911, 6016, 6392, 5836, 6303, 5802, 5667, 6222, 5858, 5668, 6077, 5740, 5899, 5788, 6117, 5778, 5897, 6168, 6007, 5686, 5794, 5749, 5848, 5674, 6017, 5668, 5678, 5899, 5840, 6327, 5665, 6113, 5676, 6767, 6329, 6173, 5846, 6008, 5948, 5659, 5664, 5854, 6082, 5952, 5783, 5682, 6219, 6016, 5895, 5856, 6113, 6443, 6068, 5684, 5854, 5663, 5789, 5663, 5676, 5678, 5730, 6015, 5693, 5954, 5676, 6234, 5675, 6062, 6102, 5839, 6229, 6222, 5994, 6471, 5671, 5678, 5713, 5736, 6182, 5704, 6129, 6185, 6031, 5679, 5672, 6283, 5664, 6015, 5738, 5665, 5760, 6330, 5854, 5846, 6056, 6433, 6232, 6000, 5680, 5661, 6435, 6390, 6117, 6139, 5906, 5686, 5661, 6097, 5724, 6066, 5954, 6499, 6053, 5691, 5670, 5677, 5998, 5885, 5663, 5666, 5662, 5685, 5680, 5850, 5853, 6211, 5725, 5785, 5659, 5662, 5708, 5660, 5672, 5847, 5665, 5686, 5665, 5844, 6070, 5813, 6123, 5664, 5664, 5661, 5902, 6025, 5670, 6004, 5667, 6156, 5731, 5661, 5666, 6387, 5674, 5666, 5978, 6177, 6392, 5674, 5679, 6117, 5831, 6342, 6295, 6014, 6131, 6008, 5850, 5663, 5739, 5653, 5664, 5686, 5755, 5804, 5810, 6177, 5661, 5906, 5669, 5662, 5935, 5849, 5680, 6001, 5659, 6107, 6429, 5658, 6330, 5943, 5669, 5661, 6080, 6013, 5660, 6104, 5677, 6263, 5693, 5664, 6299, 5660, 6224, 5659, 5672, 5871, 5840, 5690, 6533, 5963, 5956, 5662, 6077, 5845, 6101, 5671, 6171, 5669, 6340, 5959, 6400, 5844, 5964, 5973, 5682, 6019, 5656, 5739, 5669, 5662, 5906, 5675, 5664, 5661, 5659, 6695, 5677, 6286, 5685, 6067, 6764, 5960, 6115, 6060, 5660, 7227, 5891, 5664, 5856, 5658, 5754, 5674, 5677, 6048, 5912, 5676, 6271, 6167, 5896, 5899, 5665, 5954, 5913, 5692, 5848, 5673, 5653, 6178, 6121, 5671, 6170, 5665, 5742, 5991, 5655, 6119, 5854, 5675, 6645, 5951, 5975, 5683, 6280, 5983, 5670, 5727, 5902, 5683, 6027, 5905, 5670, 5660, 5809, 6231, 5852, 5906, 5662, 5736, 6221, 5656, 5666, 6003, 6001, 5732, 5662, 5686, 5895, 5749, 5703, 5672, 5881, 6111, 5663, 5669, 5660, 5670, 5738, 5660, 5852, 5661, 6056, 6262, 6577, 5793, 6019, 6163, 5795, 5675, 5657, 6295, 5678, 5661, 5664, 5675, 5803, 6130, 5658, 6048, 5677, 6226, 6488, 5920, 5657, 5669, 5665, 5680, 5807, 5961, 5889, 5736, 5986, 5785, 6507, 6008, 5659, 5658, 5673, 6395, 5665, 5695, 6019, 5654, 6599, 6068, 5788, 6003, 5666, 5899, 6070, 5662, 5785, 5673, 5673, 5825, 5653, 6216, 5911, 5658, 5906, 6164, 5656, 6707, 5661, 5725, 6189, 5805, 5786, 5771, 5840, 6062, 6011, 5674, 5830, 5961, 5662, 5702, 5663, 5661, 5797, 5905, 5659, 5657, 5780, 6177, 5967, 5726, 5665, 5955, 5665, 5695, 5680, 5656, 5903, 5692, 6332, 5951, 6124, 5955, 6762, 6380, 5666, 5679, 5659, 6352, 5675, 6121, 5661, 6116, 5742, 5946, 5664, 5699, 6063, 5745, 6224, 5845, 5905, 6564, 5664, 6077, 6277, 6617, 6485, 5675, 5656, 5664, 5748, 5666, 5655, 5903, 6115, 5676, 5661, 5804, 5861, 5669, 5665, 5654, 5671, 6277, 6506, 5659, 6544, 5663, 5895, 6062, 5943, 5663, 5668, 5987, 5674, 6231, 5779, 5911, 5793, 5950, 6257, 5839, 6116, 6014, 5842, 6223, 5660, 5821, 5694, 5676, 5803, 5759, 5650, 6065, 5668, 5885, 5684, 5667, 6119, 6006, 5672, 5957, 5961, 6393, 5744, 5914, 5657, 5658, 5973, 6068, 6008, 5655, 5664, 6001, 5953, 5743, 5946, 5949, 5938, 5669, 5662, 5954, 5661, 5908, 6072, 5782, 5892, 5784, 6170, 6164, 5759, 6182, 6052, 6550, 5906, 5650, 6012, 6073, 6173, 5890, 6278, 5678, 6009, 5727, 5914, 6065, 5665, 5950, 5686, 5748, 6075, 5651, 5836, 6018, 5792, 5662, 5665, 5663, 5673, 5852, 6332, 5674, 5674, 5656, 5687, 5670, 5677, 5675, 5996, 6205, 5666, 6174, 5658, 5670, 5659, 6072, 5897, 5853, 5697, 6062, 5780, 6438, 6124, 6049, 5666, 5667, 5831, 5663, 5664, 5650, 5657, 5856, 5740, 5786, 5673, 5753, 5689, 5671, 6269, 6325, 5668, 5742, 5659, 6175, 5794, 6291, 5690, 5674, 5664, 5657, 5946, 5683, 5664, 5694, 5963, 6291, 5705, 5659, 5671, 5669, 5695, 6104, 5666, 5797, 5681, 5786, 5733, 5666, 5783, 5910, 5673, 6173, 5852, 5656, 5672, 6057, 6279, 5661, 5673, 5748, 6536, 5662, 5958, 6317, 5749, 5956, 6331, 5678, 5677, 5664, 6085, 5682, 5914, 5895, 5665, 5664, 5893, 5671, 6815, 5684, 5699, 5810, 5916, 6083, 6704, 6108, 6491, 5963, 5913, 5672, 5903, 5703, 5777, 6051, 5663, 5908, 5674, 5790, 5752, 5913, 6152, 5678, 6121, 5895, 6127, 6174, 5951, 5665, 5671, 5665, 6379, 6705, 5664, 5911, 5898, 5667, 6615, 5963, 6013, 5673, 5850, 6222, 5791, 6269, 5960, 6251, 6008, 6352, 6159, 6173, 6223, 5973, 5993, 5677, 5916, 5657, 5842, 6214, 5788, 5673, 5667, 6004, 5669, 5671, 5850, 6015, 5788, 5656, 5667, 5665, 6392, 5676, 5669, 5662, 6338, 5968, 5967, 5894, 5696, 5692, 5660, 6005, 6068, 5677, 6239, 6385, 5684, 6020, 6067, 5740, 5658, 5663, 6108, 5675, 5683, 5665, 5689, 5937, 5769, 6077, 5735, 5684, 5661, 6173, 5792, 5903, 5672, 5698, 5676, 6124, 6013, 5671, 5787, 5670, 6000, 5999, 6019, 5656, 5682, 5897, 5657, 5806, 5887, 6162, 5902, 5961, 6005, 6010, 5755, 6125, 5957, 5660, 6014, 5673, 5660, 5849, 5853, 5675, 6326, 6076, 6220, 5695, 5850, 5957, 6170, 6438, 5685, 5654, 5677, 5914, 5680, 6168, 5662, 5950, 5673, 6436, 6014, 6066, 6059, 5671, 5661, 5695, 6224, 5654, 5657, 6230, 5726, 5680, 6127, 5920, 5679, 5666, 6053, 5660, 5720, 5652, 6018, 5796, 5673, 6079, 5897, 5785, 5678, 5659, 5845, 6482, 6218, 5903, 5690, 5837, 5663, 5674, 6134, 5673, 5669, 6390, 5673, 5654, 5845, 5661, 6053, 6333, 5954, 5962, 5784, 5957, 5666, 6212, 5649, 5840, 5665, 6161, 5660, 5801, 5670, 6485, 6178, 5666, 6051, 6331, 6019, 5961, 5654, 5743, 5918, 5671, 5664, 5684, 5663, 5740, 5684, 5676, 6103, 5793, 5893, 5663, 5872, 6163, 6161, 5680, 5651, 6655, 6106, 6161, 6334, 5944, 5905, 6170, 5943, 6071, 5659, 5673, 6064, 5664, 5793, 6291, 6065, 5652, 5906, 5663, 5944, 5749, 6146, 6186, 6014, 5881, 5669, 6080, 5659, 5852, 5655, 5890, 6012, 5792, 5678, 5989, 6006, 5653, 5903, 5750, 5728, 5750, 5885, 5659, 5690, 6003, 6050, 5738, 5790, 5651, 5669, 5658, 5997, 5656, 5904, 5674, 5665, 5668, 5980, 5663, 6275, 5841, 5662, 5656, 5685, 5834, 5903, 6011, 5831, 5668, 5664, 6431, 5899, 5648, 6114, 5757, 5889, 6261, 5665, 5666, 5662, 5667, 5672, 6264, 6051, 6168, 6169, 5961, 5657, 5684, 5652, 5659, 6226, 5702, 6117, 5660, 5678, 6434, 6420, 6492, 5676, 5971, 5673, 5689, 5707, 5954, 5681, 5659, 5657, 5986, 5724, 5676, 6269, 5905, 5654, 6156, 6063, 5984, 5667, 5837, 6271, 5654, 5786, 5650, 6211, 5654, 6101, 5653, 6101, 5924, 5774, 5657, 5659, 6375, 6151, 6219, 6285, 5655, 5991, 5668, 6430, 5897, 6046, 5937, 6345, 5730, 5923, 5645, 5831, 5878, 6172, 5677, 5944, 6637, 6134, 5879, 5739, 5654, 6338, 6745, 5837, 5678, 5710, 5730, 6159, 6217, 5671, 5723, 6256, 6216, 5784, 5680, 6097, 5659, 5646, 6375, 6177, 5664, 5977, 5948, 5696, 6260, 5851, 6431, 6139, 6066, 5760, 5650, 5733, 6415, 5660, 5794, 5660, 5792, 5649, 5644, 5674, 5658, 6577, 5792, 5897, 6010, 5661, 5734, 5986, 5685, 5951, 6316, 6770, 5727, 5778, 6103, 5660, 5682, 5942, 5939, 5678, 5650, 5783, 6553, 5881, 6276, 5672, 5841, 6200, 6154, 6205, 5792, 5663, 6478, 5852, 6461, 5651, 5652, 5892, 5791, 5944, 5725, 6154, 5648, 5736, 5722, 6143, 5675, 5997, 5799, 5988, 6494, 6208, 5665, 5889, 5661, 6112, 5658, 5903, 5999, 5783, 5655, 6170, 5645, 5884, 5657, 5994, 5675, 5651, 5657, 6264, 5948, 5648, 5646, 6087, 6317, 6240, 6380, 5637, 5662, 5674, 5946, 5998, 5658, 5789, 5853, 5644, 6146, 6132, 6333, 6260, 5727, 5659, 6212, 5967, 6267, 5913, 6040, 5737, 5855, 6262, 6315, 5840, 5858, 6178, 5889, 5936, 6046, 5665, 6320, 6041, 6038, 6219, 5745, 6283, 6169, 5847, 6217, 5668, 5652, 5654, 6153, 5853, 6029, 5834, 6093, 6632, 5869, 5835, 5730, 6001, 6371, 5667, 6162, 6321, 5939, 5672, 6523, 5665, 5835, 5650, 6050, 5675, 6152, 5663, 5964, 6118, 6535, 5869, 5644, 6061, 5896, 5643, 5979, 6107, 6014, 6002, 5887, 6102, 6115, 6183, 6703, 6200, 5843, 6158, 6248, 6471, 6067, 5676, 5653, 5885, 5731, 6758, 5663, 5899, 5781, 6370, 5803, 5656, 5773, 5691, 6024, 5674, 5648, 6054, 5647, 6746, 5657, 5652, 6125, 5940, 5942, 5836, 5665, 5664, 6272, 5671, 5652, 5668, 6154, 5824, 5655, 6082, 6119, 5995, 6167, 5665, 5842, 5898, 5769, 5665, 5650, 5658, 5824, 5651, 6038, 5648, 5735, 5684, 5792, 5765, 6495, 5660, 5729, 6576, 6054, 5638, 6156, 6243, 5716, 5959, 5644, 5659, 5826, 6277, 5960, 5642, 5821, 5825, 6221, 5660, 5988, 5661, 5653, 5941, 5663, 5646, 5660, 6172, 5775, 5668, 5843, 5994, 5651, 6166, 5672, 6315, 5934, 5823, 5990, 5751, 5843, 6172, 5891, 5658, 5950, 5671, 6162, 5649, 6691, 6490, 5930, 5888, 5654, 5667, 5655, 5652, 5650, 5813, 6420, 6093, 5728, 5659, 5666, 5724, 5664, 5992, 6350, 5828, 6721, 6326, 6331, 5661, 5661, 5679, 6053, 5657, 5828, 6262, 5650, 5955, 5734, 5833, 5649, 6148, 6324, 6276, 6256, 5658, 6061, 5676, 6053, 5784, 5656, 6004, 5953, 6114, 6503, 5861, 5844, 5949, 6206, 6315, 5727, 5837, 5892, 5647, 5649, 5658, 6369, 5649, 5994, 5888, 6003, 5891, 6168, 6374, 6064, 6238, 5843, 5898, 5828, 6100, 5884, 6044, 6585, 6162, 5653, 6213, 5657, 6205, 5880, 6097, 6044, 6544, 5664, 5940, 6475, 5646, 5657, 6434, 6424, 5656, 5780, 6262, 6092, 5635, 6011, 5656, 6033, 5783, 5885, 5657, 6152, 6280, 5994, 6071, 5987, 5644, 5650, 5653, 6263, 6316, 5881, 6263, 5895, 6256, 5664, 5665, 6073, 5652, 5729, 5695, 5885, 6744, 5669, 6477, 6034, 5729, 5652, 5992, 6221, 6068, 6111, 5660, 6319, 5831, 5883, 6032, 5665, 5733, 5888, 5928, 5822, 5821, 5670, 6009, 5672, 6269, 5652, 5946, 5793, 6227, 5648, 6443, 5657, 5898, 6251, 6000, 5986, 6036, 5674, 5661, 5822, 5950, 6901, 5726, 5953, 5713, 5881, 5718, 5655, 6541, 6102, 5664, 6089, 5833, 6314, 5652, 5858, 6113, 6158, 5986, 5891, 6225, 5654, 6057, 5688, 5664, 5673, 5842, 5716, 5839, 5846, 5681, 5924, 6002, 5727, 5671, 5670, 5686, 5654, 6271, 5653, 6028, 5658, 6131, 6002, 5788, 5948, 5780, 5734, 5812, 5654, 5658, 5776, 6274, 7061, 5848, 5642, 5671, 5941, 6164, 5658, 5905, 5666, 6089, 5655, 5769, 5834, 6746, 5653, 5784, 5669, 5672, 5657, 5643, 6054, 5948, 5665, 6496, 5648, 5894, 6039, 6319, 5822, 5657, 6374, 5723, 5655, 5684, 5835, 6252, 6016, 6047, 5736, 5658, 6479, 5676, 5660, 5934, 5658, 5652, 5937, 6110, 5642, 5729, 6173, 6104, 6275, 5644, 5855, 5842, 6465, 6269, 5650, 5900, 6423, 6073, 5949, 5795, 5677, 5891, 5667, 5826, 5723, 6052, 5952, 5644, 6147, 6370, 6224, 5679, 6067, 6172, 6050, 5893, 5824, 5665, 5666, 5796, 5654, 5719, 5680, 5668, 5921, 5823, 5664, 5655, 6477, 5727, 6233, 5793, 5805, 5654, 5651, 5651, 6482, 5678, 6099, 5685, 6157, 5662, 5660, 5837, 5738, 6059, 6495, 5660, 6105, 5693, 5658, 6097, 5642, 5832, 6013, 6366, 5651, 6276, 5838, 6903, 5666, 5907, 5786, 5940, 5941, 5667, 5670, 5770, 5654, 5996, 6606, 6031, 5729, 6700, 6325, 6529, 5656, 5650, 5651, 5871, 6306, 5670, 5648, 5679, 5652, 6613, 5677, 5665, 5667, 5664, 5673, 5996, 6211, 5821, 5673, 5679, 6002, 6148, 5883, 5822, 6921, 6213, 6263, 6004, 5637, 5843, 6015, 5653, 5904, 6270, 6062, 5652, 6275, 5957, 6049, 6111, 6499, 5653, 6322, 5842, 5905, 6168, 5647, 5840, 6514, 5943, 6547, 5830, 6044, 6109, 6348, 5660, 5651, 5665, 6538, 6309, 6210, 5676, 5650, 5645, 6160, 7120, 6063, 5655, 5662, 5992, 5777, 5735, 5641, 5665, 5969, 6537, 5973, 5658, 5646, 5891, 5883, 5731, 6153, 5898, 5663, 6003, 6050, 6381, 6160, 5932, 6153, 6091, 6167, 5834, 5664, 5667, 6011, 6088, 5777, 5736, 6103, 5671, 5646, 5678, 6215, 5967, 6423, 5952, 5947, 5829, 6161, 5886, 5669, 6650, 6223, 6280, 5644, 5669, 5654, 5645, 5640, 5659, 6143, 5937, 6366, 5652, 5667, 5785, 6051, 6003, 7012, 5699, 6218, 6754, 6483, 5882, 5674, 6493, 5656, 5830, 5994, 5680, 6693, 6158, 5645, 6325, 6044, 5647, 6032, 5639, 5651, 6044, 6320, 5883, 5943, 6115, 5652, 5940, 6039, 5837, 5982, 6130, 6119, 5959, 6237, 5891, 5662, 5648, 5672, 6216, 5658, 6639, 5916, 6536, 5650, 5825, 5939, 5879, 6209, 6167, 6485, 5785, 6066, 5660, 5653, 6011, 5835, 5645, 6147, 5788, 6032, 6155, 6251, 5834, 5642, 6057, 5989, 5664, 5936, 5650, 5979, 5938, 5658, 6211, 5646, 5991, 5657, 6265, 6659, 5935, 6637, 6151, 5640, 5651, 5882, 6125, 5943, 6601, 5878, 5773, 6639, 5666, 6009, 5683, 6000, 5662, 5763, 6041, 6318, 6011, 6358, 5648, 6067, 6276, 6699, 5835, 5657, 6277, 6329, 6482, 6049, 5657, 5840, 5940, 6154, 5652, 6003, 5837, 5649, 6325, 5933, 6967, 6272, 5670, 5948, 6370, 5645, 6268, 6125, 5931, 5654, 5886, 6009, 6095, 5685, 5884, 5939, 5689, 5788, 6219, 5852, 5742, 6540, 6100, 5662, 5655, 6097, 6963, 6847, 6384, 5789, 6114, 5934, 5880, 6211, 5841, 5692, 6031, 5664, 5950, 5940, 5647, 5680, 5840, 5896, 5812, 6415, 5849, 5656, 5652, 5837, 5792, 5658, 5950, 6588, 6262, 5670, 5851, 5947, 6281, 6319, 5639, 5661, 6160, 5652, 5660, 5647, 6588, 5767, 5650, 6275, 5670, 5777, 5664, 6435, 6007, 5657, 6211, 5644, 5813, 5885, 5686, 5932, 5812, 5651, 5649, 5658, 6051, 6596, 5893, 6433, 5665, 5831, 5665, 5999, 6550, 6549, 5983, 6182, 5662, 5641, 6076, 5652, 6315, 5996, 5775, 5650, 6110, 5658, 5669, 5650, 5671, 5656, 5695, 6549, 6114, 6080, 5648, 5660, 5687, 5955, 6162, 5641, 5941, 6151, 5712, 6264, 5657, 6058, 6567, 6054, 5646, 5663, 6482, 6058, 5659, 5726, 6068, 6361, 6103, 5640, 5660, 5851, 5681, 5662, 5682, 6135, 5897, 5670, 5883, 5670, 6214, 6336, 5650, 5664, 5820, 5653, 5671, 5661, 5878, 5649, 5657, 5658, 5661, 5654, 5882, 6222, 5642, 6738, 6474, 5989, 5671, 5981, 6101, 6111, 5988, 6466, 6422, 6046, 6150, 5665, 5646, 5667, 6539, 6127, 6068, 6013, 5794, 5645, 5737, 6099, 5641, 6372, 5656, 5897, 6470, 5781, 5652, 6169, 5888, 6151, 6824, 6152, 6002, 5675, 6326, 5688, 6228, 5654, 5648, 5661, 5829, 6751, 6312, 6113, 6153, 6101, 5696, 5773, 5684, 5770, 5800, 5641, 5646, 6248, 5881, 5822, 5660, 5701, 6482, 5882, 6162, 5998, 6066, 5978, 5836, 6327, 5679, 5897, 5663, 5654, 5893, 6202, 5649, 6283, 5651, 5895, 5881, 6257, 5676, 6178, 5644, 5658, 5667, 5672, 5648, 5646, 5905, 5651, 5832, 5998, 5651, 6053, 5742, 5767, 6046, 6051, 5652, 6848, 5899, 5920, 6900, 5847, 5937, 5650, 5669, 5653, 5663, 5936, 6219, 5664, 6216, 5955, 6156, 5943, 5837, 6105, 5677, 5682, 6642, 5923, 6027, 6005, 5643, 5660, 5677, 5679, 5939, 5887, 5794, 5726, 6526, 6045, 5830, 6285, 5668, 5886, 6263, 5737, 6067, 6164, 6050, 5722, 5664, 5650, 5948, 5909, 6006, 5679, 5659, 6046, 6175, 6277, 5685, 6143, 5659, 5738, 6694, 5679, 6418, 5877, 5990, 5899, 6036, 5738, 6000, 5776, 5763, 6582, 5672, 6109, 6750, 5668, 6114, 5831, 6537, 5662, 6165, 5740, 5846, 5777, 5641, 5656, 5665, 6119, 5654, 6278, 6066, 5667, 5657, 6064, 5889, 5927, 6209, 5888, 5674, 5888, 5832, 5674, 5819, 5662, 5667, 5645, 6106, 5817, 5701, 6696, 5659, 6113, 6319, 5943, 6105, 5664, 6213, 6426, 5657, 6175, 5659, 5831, 5891, 5659, 6290, 5760, 5796, 5986, 5678, 5856, 5655, 6055, 6036, 5935, 6008, 5660, 5939, 5647, 6207, 5738, 6090, 6272, 5652, 5676, 5644, 5643, 5891, 5658, 5712, 5893, 5952, 6442, 6164, 5651, 5669, 6063, 6421, 5666, 6212, 5777, 5670, 6001, 5801, 5721, 5663, 6098, 5643, 6174, 6055, 6368, 5780, 6057, 6343, 5677, 5669, 5781, 5998, 6226, 7083, 5807, 5770, 5653, 5725, 6418, 5940, 5647, 5664, 5946, 5986, 6065, 5672, 5684, 5931, 5657, 6254, 6173, 5737, 6013, 5746, 5739, 6104, 5641, 5671, 5947, 5661, 5657, 6796, 5671, 6171, 5643, 6033, 5852, 6216, 5883, 5727, 5730, 6118, 6161, 5945, 5892, 5645, 6563, 5777, 6317, 5668, 6428, 5991, 5683, 6342, 6008, 5674, 5719, 5892, 5674, 6081, 5965, 6216, 6057, 6323, 6060, 5893, 5639, 5660, 5917, 5916, 5771, 5784, 5667, 6641, 6110, 5800, 6663, 6605, 6168, 5678, 6209, 6164, 5659, 5656, 5890, 6357, 6320, 6199, 6117, 6335, 5663, 6054, 6163, 5650, 6114, 5656, 5667, 5658, 5642, 5656, 6055, 6912, 6260, 5740, 5768, 5671, 6118, 5685, 5946, 5994, 5643, 5800, 5668, 6091, 5665, 5644, 5675, 6516, 5666, 7021, 6313, 6040, 5658, 6210, 6376, 5656, 6145, 5774, 6060, 5653, 5657, 5883, 5651, 5991, 5951, 6149, 6541, 5882, 5894, 5656, 5709, 5652, 5731, 5667, 5883, 5655, 5651, 6417, 5657, 5645, 5781, 6474, 6031, 5679, 5656, 6101, 6416, 5640, 6278, 5653, 5650, 5928, 5718, 5991, 5642, 6055, 5897, 5722, 6432, 5994, 5738, 6064, 5667, 5932, 5659, 6001, 5673, 6377, 5646, 5663, 5653, 5931, 5845, 5663, 6093, 6119, 6003, 5679, 5656, 5926, 6012, 5644, 5940, 5836, 5849, 5670, 6401, 5932, 5662, 5991, 5662, 5649, 5669, 5749, 6112, 5996, 6880, 6363, 5826, 5663, 6033, 5895, 5649, 5674, 6216, 5839, 6058, 5723, 5819, 5655, 5842, 5715, 5710, 5647, 6169, 6008, 6099, 5882, 6155, 6046, 5794, 5951, 5989, 5932, 6893, 6209, 5658, 6123, 5831, 6009, 6056, 5664, 6165, 6062, 5823, 5676, 6115, 5642, 6364, 5787, 5915, 6143, 5653, 6487, 6009, 5795, 5723, 5639, 6194, 5667, 5671, 6651, 6209, 5983, 5997, 6058, 5646, 5879, 5905, 6156, 6149, 5684, 5656, 5662, 6044, 6388, 5710, 5649, 5654, 5931, 5924, 6143, 5660, 5661, 5661, 6053, 5919, 5797, 6005, 5889, 5666, 5829, 5994, 5943, 6444, 5891, 5887, 5735, 6062, 5769, 6191, 6453, 5894, 6383, 5937, 5723, 5645, 6111, 5652, 5654, 6050, 5652, 5664, 6117, 5850, 5640, 5646, 5649, 5642, 5967, 5645, 5653, 6198, 5666, 5646, 6058, 5888, 5656, 6154, 5646, 5657, 5927, 6107, 5903, 5668, 6416, 5646, 6285, 5734, 5663, 5990, 6464, 5667, 5656, 6053, 5956, 5843, 5655, 5666, 5656, 5980, 6882, 5666, 5648, 6366, 6121, 5671, 6002, 5785, 5675, 5649, 6262, 5648, 5654, 5677, 5689, 5840, 5655, 5646, 5674, 5654, 5668, 5662, 5647, 5654, 5943, 5925, 5993, 5661, 5885, 5644, 6217, 5670, 5646, 5673, 6002, 5892, 5650, 5663, 5658, 6429, 6364, 5678, 6317, 5928, 5678, 5643, 5650, 6053, 5759, 6086, 6013, 5785, 6750, 5998, 5939, 5893, 6635, 6174, 6017, 5722, 5769, 5672, 5879, 6001, 5640, 6167, 6001, 5659, 5640, 6262, 5645, 6005, 5670, 6218, 6543, 5974, 6265, 5646, 5655, 5642, 5668, 5888, 6479, 5793, 5663, 6263, 5678, 5782, 5727, 6117, 6151, 6649, 5932, 5886, 6755, 6419, 5860, 5667, 5821, 5648, 5957, 5649, 5665, 5954, 5647, 5668, 5954, 5906, 5999, 5988, 5733, 5654, 5661, 5652, 6303, 6534, 5674, 6108, 6056, 6393, 6228, 6280, 6078, 6325, 5666, 6261, 6114, 5686, 5788, 5922, 6989, 6055, 6014, 6059, 6079, 5751, 6115, 5988, 5857, 6528, 6397, 5880, 5658, 5881, 6377, 6112, 5992, 5664, 5836, 5984, 5855, 6440, 5973, 6022, 5964, 6340, 5960, 5664, 7176, 6116, 6433, 5663, 5905, 5955, 6008, 5779, 5661, 5740, 5668, 5660, 5656, 6003, 5698, 6017, 5684, 5661, 5680, 5943, 5671, 5997, 5665, 5678, 5731, 5843, 5666, 5724, 5651, 5659, 5939, 5725, 5670, 5687, 5856, 5726, 5733, 5668, 5656, 5683, 6128, 5691, 6201, 5727, 5845, 5652, 5655, 5661, 5669, 5789, 5669, 6062, 5673, 6048, 5731, 6101, 6380, 5662, 6010, 5796, 5884, 6224, 5830, 5650, 5671, 5932, 6106, 6030, 5903, 6231, 5669, 5654, 5660, 5653, 6053, 6538, 
Mejor solucion obtenida: 12, 33, 34, 31, 32, 10, 11, 9, 8, 5, 7, 6, 29, 30, 27, 28, 2, 1, 3, 36, 37, 38, 39, 40, 42, 41, 26, 25, 24, 21, 23, 22, 35, 0, 4, 15, 19, 20, 18, 17, 16, 13, 14, || Fitness: 5620;